hmax        =    300
wind_bottom =      2
wind_top    =     10
critlon     =      0
tbeg, h     =   0.00
tend, h     =  24.00
c_ionex     =      0
c_vert      =      1
time, gamma, az, latp, lonp, tec, tec_filtered
  6.3667   10.52959  313.48358   42.3539  130.6685   40.88100    0.00000
  6.3750   10.70993  313.51718   42.3045  130.7678   40.34100   -0.00330
  6.3833   10.89042  313.55011   42.2555  130.8656   39.89700   -0.00238
  6.3917   11.07107  313.58240   42.2068  130.9619   39.44300    0.01498
  6.4000   11.25187  313.61398   42.1586  131.0569   38.94100    0.02879
  6.4083   11.43283  313.64490   42.1108  131.1505   38.40000    0.01773
  6.4167   11.61394  313.67514   42.0634  131.2426   37.79900   -0.01724
  6.4250   11.79520  313.70471   42.0163  131.3335   37.21800   -0.06992
  6.4333   11.97662  313.73358   41.9697  131.4230   36.66900   -0.12453
  6.4417   12.15819  313.76175   41.9234  131.5112   36.19800   -0.17745
  6.4500   12.33990  313.78925   41.8775  131.5981   35.78800   -0.19566
  6.4583   12.52177  313.81604   41.8320  131.6837   35.40000   -0.20693
  6.4667   12.70378  313.84213   41.7869  131.7681   35.05100   -0.21124
  6.4750   12.88594  313.86752   41.7421  131.8512   34.75700   -0.20538
  6.4833   13.06825  313.89218   41.6978  131.9332   34.50700   -0.19543
  6.4917   13.25070  313.91614   41.6538  132.0139   34.25000   -0.17840
  6.5000   13.43330  313.93939   41.6102  132.0935   34.07400   -0.15382
  6.5083   13.61604  313.96191   41.5669  132.1719   33.94500   -0.11701
  6.5167   13.79892  313.98373   41.5241  132.2492   33.84800   -0.07620
  6.5250   13.98195  314.00479   41.4815  132.3253   33.76200   -0.03670
  6.5333   14.16511  314.02515   41.4394  132.4004   33.67400   -0.00941
  6.5417   14.34841  314.04474   41.3976  132.4743   33.52200    0.01125
  6.5500   14.53185  314.06360   41.3562  132.5472   33.41900    0.02453
  6.5583   14.71543  314.08173   41.3151  132.6191   33.30300    0.03413
  6.5667   14.89914  314.09909   41.2744  132.6899   33.14400    0.02900
  6.5750   15.08298  314.11572   41.2340  132.7597   32.93800    0.01398
  6.5833   15.26696  314.13159   41.1940  132.8285   32.74200    0.00667
  6.5917   15.45107  314.14667   41.1544  132.8963   32.61600    0.01745
  6.6000   15.63532  314.16101   41.1150  132.9632   32.49300    0.04569
  6.6083   15.81969  314.17456   41.0760  133.0291   32.34800    0.08440
  6.6167   16.00418  314.18735   41.0374  133.0940   32.20300    0.13403
  6.6250   16.18881  314.19937   40.9990  133.1581   32.06100    0.19740
  6.6333   16.37356  314.21060   40.9611  133.2212   31.91800    0.26989
  6.6417   16.55844  314.22101   40.9234  133.2834   31.74300    0.34126
  6.6500   16.74343  314.23065   40.8860  133.3448   31.49900    0.39722
  6.6583   16.92855  314.23950   40.8490  133.4053   31.16400    0.41552
  6.6667   17.11379  314.24753   40.8123  133.4649   30.65500    0.38640
  6.6750   17.29914  314.25476   40.7759  133.5237   30.02600    0.30638
  6.6833   17.48462  314.26120   40.7398  133.5817   29.30100    0.19210
  6.6917   17.67021  314.26678   40.7040  133.6389   28.55000    0.05899
  6.7000   17.85591  314.27158   40.6685  133.6952   27.82500   -0.08427
  6.7083   18.04172  314.27551   40.6334  133.7508   27.10200   -0.23471
  6.7167   18.22764  314.27863   40.5985  133.8056   26.39900   -0.38679
  6.7250   18.41368  314.28091   40.5639  133.8597   25.77100   -0.52570
  6.7333   18.59982  314.28235   40.5296  133.9130   25.24300   -0.63236
  6.7417   18.78606  314.28296   40.4956  133.9656   24.84900   -0.69801
  6.7500   18.97241  314.28268   40.4619  134.0174   24.56800   -0.71541
  6.7583   19.15887  314.28156   40.4284  134.0685   24.41400   -0.66982
  6.7667   19.34542  314.27957   40.3953  134.1190   24.47800   -0.54356
  6.7750   19.53207  314.27670   40.3624  134.1687   24.76100   -0.32637
  6.7833   19.71882  314.27298   40.3298  134.2178   25.22700   -0.04124
  6.7917   19.90566  314.26837   40.2974  134.2661   25.74300    0.26643
  6.8000   20.09259  314.26285   40.2654  134.3139   26.16300    0.54086
  6.8083   20.27962  314.25647   40.2335  134.3610   26.39200    0.73338
  6.8167   20.46674  314.24918   40.2020  134.4074   26.35200    0.81848
  6.8250   20.65394  314.24097   40.1707  134.4532   26.05700    0.78867
  6.8333   20.84123  314.23187   40.1397  134.4985   25.53500    0.65759
  6.8417   21.02860  314.22186   40.1089  134.5431   24.85000    0.45698
  6.8500   21.21605  314.21091   40.0783  134.5871   24.12500    0.22049
  6.8583   21.40358  314.19904   40.0480  134.6305   23.38500   -0.01817
  6.8667   21.59119  314.18625   40.0180  134.6733   22.67700   -0.24016
  6.8750   21.77887  314.17249   39.9881  134.7156   22.02400   -0.41931
  6.8833   21.96663  314.15781   39.9586  134.7572   21.50300   -0.54001
  6.8917   22.15445  314.14218   39.9292  134.7984   21.10400   -0.59035
  6.9000   22.34234  314.12555   39.9001  134.8390   20.84000   -0.56944
  6.9083   22.53030  314.10800   39.8712  134.8791   20.72900   -0.47468
  6.9167   22.71832  314.08945   39.8425  134.9186   20.78000   -0.32396
  6.9250   22.90640  314.06995   39.8141  134.9576   20.87900   -0.13716
  6.9333   23.09454  314.04944   39.7859  134.9961   21.02500    0.05267
  6.9417   23.28274  314.02795   39.7579  135.0341   21.13800    0.22196
  6.9500   23.47099  314.00546   39.7301  135.0716   21.15700    0.34006
  6.9583   23.65929  313.98196   39.7025  135.1087   21.03700    0.39150
  6.9667   23.84764  313.95743   39.6751  135.1452   20.78800    0.37319
  6.9750   24.03603  313.93188   39.6480  135.1812   20.41900    0.30131
  6.9833   24.22447  313.90533   39.6210  135.2168   20.00000    0.19749
  6.9917   24.41294  313.87775   39.5942  135.2520   19.57100    0.09106
  7.0000   24.60146  313.84912   39.5677  135.2867   19.18400   -0.00589
  7.0083   24.79000  313.81943   39.5413  135.3209   18.80200   -0.08457
  7.0167   24.97858  313.78870   39.5152  135.3547   18.45000   -0.14420
  7.0250   25.16719  313.75690   39.4892  135.3880   18.14400   -0.17936
  7.0333   25.35582  313.72403   39.4634  135.4210   17.88700   -0.19362
  7.0417   25.54448  313.69006   39.4378  135.4535   17.66000   -0.20060
  7.0500   25.73316  313.65503   39.4124  135.4856   17.42100   -0.20139
  7.0583   25.92185  313.61890   39.3871  135.5173   17.24300   -0.19759
  7.0667   26.11055  313.58167   39.3621  135.5486   17.09200   -0.18636
  7.0750   26.29927  313.54333   39.3372  135.5795   16.94300   -0.17787
  7.0833   26.48799  313.50385   39.3125  135.6100   16.78200   -0.16802
  7.0917   26.67672  313.46326   39.2880  135.6401   16.65800   -0.14522
  7.1000   26.86545  313.42154   39.2636  135.6698   16.58700   -0.09049
  7.1083   27.05417  313.37869   39.2394  135.6992   16.60100   -0.00209
  7.1167   27.24289  313.33466   39.2154  135.7282   16.65000    0.10827
  7.1250   27.43160  313.28949   39.1915  135.7568   16.67900    0.21787
  7.1333   27.62029  313.24316   39.1679  135.7851   16.66600    0.30048
  7.1417   27.80897  313.19565   39.1443  135.8130   16.54500    0.34566
  7.1500   27.99762  313.14694   39.1209  135.8406   16.35400    0.34227
  7.1583   28.18625  313.09705   39.0977  135.8678   16.06800    0.29587
  7.1667   28.37486  313.04596   39.0746  135.8947   15.72000    0.20541
  7.1750   28.56343  312.99365   39.0517  135.9212   15.31000    0.08676
  7.1833   28.75196  312.94012   39.0290  135.9475   14.89900   -0.04681
  7.1917   28.94046  312.88535   39.0064  135.9734   14.49500   -0.17358
  7.2000   29.12891  312.82935   38.9839  135.9990   14.13600   -0.27790
  7.2083   29.31731  312.77213   38.9616  136.0243   13.84800   -0.34938
  7.2167   29.50566  312.71362   38.9394  136.0492   13.61100   -0.38148
  7.2250   29.69395  312.65384   38.9173  136.0739   13.44900   -0.37105
  7.2333   29.88218  312.59280   38.8954  136.0982   13.37400   -0.31449
  7.2417   30.07035  312.53046   38.8737  136.1223   13.37400   -0.21419
  7.2500   30.25845  312.46683   38.8520  136.1460   13.44300   -0.08787
  7.2583   30.44647  312.40192   38.8306  136.1695   13.51300    0.04787
  7.2667   30.63442  312.33566   38.8092  136.1927   13.57800    0.16702
  7.2750   30.82228  312.26810   38.7880  136.2156   13.58000    0.25530
  7.2833   31.01006  312.19919   38.7668  136.2382   13.51100    0.29562
  7.2917   31.19774  312.12891   38.7459  136.2605   13.34700    0.28821
  7.3000   31.38532  312.05731   38.7250  136.2826   13.12000    0.24228
  7.3083   31.57281  311.98434   38.7043  136.3044   12.86500    0.17023
  7.3167   31.76018  311.90997   38.6837  136.3260   12.57300    0.09062
  7.3250   31.94745  311.83423   38.6632  136.3472   12.30300    0.01163
  7.3333   32.13459  311.75711   38.6428  136.3683   12.03700   -0.05316
  7.3417   32.32162  311.67856   38.6226  136.3890   11.79600   -0.10308
  7.3500   32.50851  311.59860   38.6025  136.4096   11.57600   -0.13193
  7.3583   32.69528  311.51721   38.5824  136.4298   11.39200   -0.14289
  7.3667   32.88190  311.43436   38.5625  136.4499   11.22300   -0.13526
  7.3750   33.06838  311.35007   38.5428  136.4697   11.09000   -0.11882
  7.3833   33.25471  311.26431   38.5231  136.4892   10.95400   -0.09254
  7.3917   33.44089  311.17709   38.5035  136.5085   10.84300   -0.06651
  7.4000   33.62691  311.08838   38.4840  136.5276   10.71800   -0.03494
  7.4083   33.81275  310.99817   38.4647  136.5465   10.61700   -0.00280
  7.4167   33.99843  310.90643   38.4454  136.5651   10.51500    0.02794
  7.4250   34.18393  310.81320   38.4263  136.5835   10.38800    0.05028
  7.4333   34.36924  310.71841   38.4072  136.6017   10.24900    0.07265
  7.4417   34.55437  310.62210   38.3883  136.6197   10.14600    0.09813
  7.4500   34.73929  310.52423   38.3694  136.6374   10.02900    0.12094
  7.4583   34.92401  310.42477   38.3507  136.6550    9.86900    0.12834
  7.4667   35.10853  310.32376   38.3320  136.6723    9.68300    0.11311
  7.4750   35.29282  310.22113   38.3135  136.6894    9.44900    0.08357
  7.4833   35.47690  310.11691   38.2950  136.7064    9.21500    0.04755
  7.4917   35.66074  310.01105   38.2766  136.7231    8.99400    0.01797
  7.5000   35.84435  309.90359   38.2583  136.7396    8.78800   -0.00858
  7.5083   36.02772  309.79449   38.2402  136.7559    8.56700   -0.03610
  7.5167   36.21083  309.68372   38.2221  136.7721    8.34300   -0.06542
  7.5250   36.39369  309.57129   38.2040  136.7880    8.13200   -0.08831
  7.5333   36.57628  309.45718   38.1861  136.8038    7.94500   -0.10516
  7.5417   36.75860  309.34137   38.1683  136.8193    7.75400   -0.11102
  7.5500   36.94065  309.22385   38.1505  136.8347    7.60100   -0.11010
  7.5583   37.12240  309.10461   38.1329  136.8499    7.45800   -0.10096
  7.5667   37.30386  308.98364   38.1153  136.8649    7.32100   -0.08881
  7.5750   37.48502  308.86093   38.0978  136.8797    7.20000   -0.07399
  7.5833   37.66587  308.73648   38.0803  136.8944    7.08400   -0.05819
  7.5917   37.84641  308.61023   38.0630  136.9089    6.96600   -0.03789
  7.6000   38.02661  308.48221   38.0457  136.9232    6.88000   -0.01772
  7.6083   38.20649  308.35239   38.0285  136.9374    6.78000   -0.00072
  7.6167   38.38602  308.22076   38.0114  136.9513    6.66300    0.00426
  7.6250   38.56520  308.08731   37.9944  136.9651    6.53600    0.00686
  7.6333   38.74402  307.95203   37.9774  136.9788    6.43500    0.00680
  7.6417   38.92247  307.81488   37.9605  136.9923    6.31300    0.00801
  7.6500   39.10055  307.67587   37.9437  137.0056    6.19700    0.00052
  7.6583   39.27825  307.53497   37.9270  137.0188    6.06100   -0.00554
  7.6667   39.45555  307.39221   37.9103  137.0318    5.94900   -0.01304
  7.6750   39.63245  307.24750   37.8937  137.0446    5.83000   -0.01265
  7.6833   39.80893  307.10089   37.8771  137.0573    5.73100   -0.00961
  7.6917   39.98500  306.95236   37.8607  137.0699    5.63100   -0.00824
  7.7000   40.16063  306.80188   37.8443  137.0823    5.50500   -0.01191
  7.7083   40.33583  306.64941   37.8279  137.0945    5.38700   -0.01862
  7.7167   40.51057  306.49500   37.8116  137.1066    5.27800   -0.02164
  7.7250   40.68485  306.33859   37.7954  137.1186    5.17300   -0.02441
  7.7333   40.85867  306.18018   37.7793  137.1304    5.06000   -0.02439
  7.7417   41.03201  306.01974   37.7632  137.1421    4.96900   -0.02213
  7.7500   41.20485  305.85727   37.7472  137.1536    4.87900   -0.01889
  7.7583   41.37720  305.69278   37.7312  137.1650    4.77600   -0.01958
  7.7667   41.54904  305.52621   37.7153  137.1763    4.67100   -0.02004
  7.7750   41.72036  305.35757   37.6995  137.1874    4.58400   -0.01834
  7.7833   41.89114  305.18686   37.6837  137.1983    4.49200   -0.01294
  7.7917   42.06138  305.01404   37.6679  137.2092    4.40600   -0.00720
  7.8000   42.23107  304.83911   37.6523  137.2199    4.32400   -0.00373
  7.8083   42.40020  304.66205   37.6367  137.2305    4.22600   -0.00063
  7.8167   42.56875  304.48285   37.6211  137.2410    4.14200    0.00234
  7.8250   42.73672  304.30151   37.6056  137.2513    4.06200    0.00630
  7.8333   42.90409  304.11798   37.5901  137.2616    3.96900    0.00639
  7.8417   43.07084  303.93228   37.5747  137.2716    3.86900    0.00452
  7.8500   43.23698  303.74438   37.5594  137.2816    3.78200   -0.00047
  7.8583   43.40248  303.55429   37.5441  137.2914    3.67800   -0.00422
  7.8667   43.56734  303.36200   37.5288  137.3012    3.58600   -0.00874
  7.8750   43.73155  303.16745   37.5136  137.3108    3.49900   -0.00875
  7.8833   43.89508  302.97064   37.4985  137.3202    3.41800   -0.00934
  7.8917   44.05793  302.77161   37.4834  137.3296    3.32800   -0.01145
  7.9000   44.22009  302.57028   37.4683  137.3389    3.23900   -0.01839
  7.9083   44.38154  302.36670   37.4533  137.3480    3.14200   -0.02684
  7.9167   44.54227  302.16080   37.4384  137.3570    3.05000   -0.03573
  7.9250   44.70227  301.95258   37.4234  137.3660    2.96400   -0.04161
  7.9333   44.86152  301.74207   37.4086  137.3747    2.88500   -0.04301
  7.9417   45.02002  301.52924   37.3937  137.3835    2.81800   -0.03959
  7.9500   45.17774  301.31403   37.3790  137.3920    2.75800   -0.03133
  7.9583   45.33468  301.09650   37.3642  137.4005    2.70500   -0.02482
  7.9667   45.49081  300.87659   37.3495  137.4089    2.63600   -0.01993
  7.9750   45.64614  300.65430   37.3349  137.4171    2.57400   -0.01708
  7.9833   45.80064  300.42966   37.3202  137.4253    2.51700   -0.01380
  7.9917   45.95430  300.20258   37.3057  137.4334    2.45500   -0.01292
  8.0000   46.10710  299.97311   37.2911  137.4413    2.39000   -0.01167
  8.0083   46.25904  299.74124   37.2766  137.4492    2.34200   -0.00988
  8.0167   46.41009  299.50696   37.2622  137.4569    2.29000   -0.00920
  8.0250   46.56025  299.27020   37.2477  137.4646    2.22800   -0.00988
  8.0333   46.70949  299.03104   37.2334  137.4722    2.18100   -0.01164
  8.0417   46.85781  298.78940   37.2190  137.4796    2.13000   -0.01723
  8.0500   47.00518  298.54532   37.2047  137.4870    2.05800   -0.02579
  8.0583   47.15160  298.29877   37.1904  137.4942    2.00400   -0.03514
  8.0667   47.29704  298.04977   37.1762  137.5014    1.95400   -0.03871
  8.0750   47.44150  297.79825   37.1620  137.5085    1.90800   -0.03848
  8.0833   47.58495  297.54428   37.1478  137.5155    1.87200   -0.03268
  8.0917   47.72739  297.28781   37.1337  137.5224    1.84600   -0.02256
  8.1000   47.86880  297.02884   37.1196  137.5291    1.81800   -0.01098
  8.1083   48.00915  296.76736   37.1055  137.5359    1.78800    0.00175
  8.1167   48.14844  296.50339   37.0915  137.5425    1.76600    0.01367
  8.1250   48.28665  296.23688   37.0774  137.5490    1.73400    0.02254
  8.1333   48.42376  295.96790   37.0635  137.5555    1.69200    0.02729
  8.1417   48.55976  295.69638   37.0495  137.5618    1.65400    0.02919
  8.1500   48.69463  295.42233   37.0356  137.5681    1.61200    0.02951
  8.1583   48.82836  295.14578   37.0217  137.5743    1.56500    0.02763
  8.1667   48.96092  294.86670   37.0078  137.5804    1.52000    0.02334
  8.1750   49.09231  294.58508   36.9940  137.5864    1.47000    0.01567
  8.1833   49.22250  294.30096   36.9802  137.5923    1.41100    0.00414
  8.1917   49.35148  294.01434   36.9664  137.5982    1.35300   -0.00920
  8.2000   49.47923  293.72516   36.9527  137.6039    1.29800   -0.02271
  8.2083   49.60574  293.43347   36.9389  137.6096    1.24100   -0.03849
  8.2167   49.73099  293.13928   36.9252  137.6152    1.17800   -0.05020
  8.2250   49.85495  292.84256   36.9116  137.6208    1.14300   -0.05659
  8.2333   49.97763  292.54333   36.8979  137.6262    1.11200   -0.05776
  8.2417   50.09899  292.24164   36.8843  137.6316    1.07500   -0.05601
  8.2500   50.21902  291.93741   36.8707  137.6369    1.05800   -0.05245
  8.2583   50.33771  291.63071   36.8571  137.6421    1.04000   -0.04488
  8.2667   50.45504  291.32153   36.8435  137.6472    1.02400   -0.03726
  8.2750   50.57098  291.00986   36.8300  137.6523    1.01200   -0.02829
  8.2833   50.68553  290.69574   36.8165  137.6572    1.00300   -0.01820
  8.2917   50.79866  290.37915   36.8030  137.6622    0.99400   -0.00864
  8.3000   50.91037  290.06012   36.7895  137.6670    0.98200    0.00482
  8.3083   51.02062  289.73865   36.7761  137.6718    0.98800    0.01940
  8.3167   51.12941  289.41476   36.7626  137.6764    0.98200    0.03689
  8.3250   51.23672  289.08844   36.7492  137.6810    0.97900    0.04943
  8.3333   51.34253  288.75977   36.7358  137.6856    0.96400    0.05764
  8.3417   51.44682  288.42868   36.7224  137.6901    0.93900    0.05846
  8.3500   51.54958  288.09525   36.7091  137.6945    0.90500    0.05419
  8.3583   51.65079  287.75946   36.6957  137.6988    0.86800    0.04555
  8.3667   51.75043  287.42136   36.6824  137.7030    0.82400    0.03216
  8.3750   51.84849  287.08093   36.6691  137.7072    0.77000    0.01602
  8.3833   51.94495  286.73822   36.6558  137.7113    0.72100   -0.00033
  8.3917   52.03979  286.39325   36.6426  137.7154    0.67500   -0.01342
  8.4000   52.13300  286.04602   36.6293  137.7193    0.63300   -0.02420
  8.4083   52.22456  285.69659   36.6161  137.7233    0.59300   -0.03440
  8.4167   52.31445  285.34494   36.6028  137.7271    0.55100   -0.04264
  8.4250   52.40266  284.99109   36.5896  137.7309    0.51900   -0.04896
  8.4333   52.48917  284.63513   36.5764  137.7346    0.49000   -0.05308
  8.4417   52.57397  284.27701   36.5632  137.7382    0.46100   -0.05480
  8.4500   52.65704  283.91684   36.5501  137.7418    0.44300   -0.05557
  8.4583   52.73836  283.55457   36.5369  137.7453    0.42400   -0.05154
  8.4667   52.81792  283.19025   36.5238  137.7487    0.42000   -0.04294
  8.4750   52.89571  282.82397   36.5106  137.7521    0.42700   -0.03093
  8.4833   52.97170  282.45569   36.4975  137.7554    0.42800   -0.01952
  8.4917   53.04589  282.08545   36.4844  137.7587    0.42900   -0.00997
  8.5000   53.11826  281.71332   36.4713  137.7618    0.43500   -0.00427
  8.5083   53.18879  281.33932   36.4582  137.7650    0.42700   -0.00046
  8.5167   53.25747  280.96350   36.4451  137.7680    0.42500   -0.00121
  8.5250   53.32429  280.58585   36.4320  137.7710    0.41800   -0.00140
  8.5333   53.38923  280.20645   36.4189  137.7739    0.41500   -0.00092
  8.5417   53.45228  279.82532   36.4059  137.7768    0.41800    0.00306
  8.5500   53.51342  279.44250   36.3928  137.7796    0.42500    0.00705
  8.5583   53.57265  279.05807   36.3798  137.7823    0.42200    0.01212
  8.5667   53.62995  278.67200   36.3667  137.7850    0.42800    0.01149
  8.5750   53.68530  278.28439   36.3537  137.7876    0.41300    0.01013
  8.5833   53.73870  277.89526   36.3407  137.7902    0.40600    0.00580
  8.5917   53.79014  277.50467   36.3277  137.7927    0.40000    0.00392
  8.6000   53.83960  277.11264   36.3146  137.7951    0.39300    0.00204
  8.6083   53.88707  276.71921   36.3016  137.7975    0.38600    0.00087
  8.6167   53.93254  276.32446   36.2886  137.7998    0.38300   -0.00052
  8.6250   53.97600  275.92841   36.2756  137.8020    0.37500   -0.00116
  8.6333   54.01744  275.53113   36.2626  137.8042    0.37000   -0.00080
  8.6417   54.05684  275.13266   36.2496  137.8063    0.36900    0.00002
  8.6500   54.09422  274.73303   36.2366  137.8084    0.36100    0.00047
  8.6583   54.12954  274.33231   36.2236  137.8104    0.35300   -0.00087
  8.6667   54.16280  273.93057   36.2106  137.8124    0.34400   -0.00064
  8.6750   54.19401  273.52780   36.1976  137.8142    0.34000    0.00115
  8.6833   54.22313  273.12411   36.1846  137.8161    0.33600    0.00703
  8.6917   54.25018  272.71951   36.1716  137.8178    0.34000    0.01140
  8.7000   54.27515  272.31409   36.1586  137.8195    0.32900    0.01720
  8.7083   54.29801  271.90790   36.1456  137.8212    0.32900    0.01860
  8.7167   54.31878  271.50095   36.1326  137.8228    0.31600    0.02113
  8.7250   54.33745  271.09335   36.1196  137.8243    0.30800    0.01769
  8.7333   54.35400  270.68509   36.1066  137.8258    0.28500    0.01433
  8.7417   54.36844  270.27628   36.0936  137.8272    0.27100    0.00694
  8.7500   54.38076  269.86697   36.0806  137.8286    0.24800    0.00203
  8.7583   54.39096  269.45718   36.0675  137.8299    0.23400   -0.00392
  8.7667   54.39903  269.04700   36.0545  137.8311    0.21700   -0.00786
  8.7750   54.40497  268.63644   36.0415  137.8323    0.20200   -0.01056
  8.7833   54.40877  268.22562   36.0284  137.8334    0.19400   -0.01282
  8.7917   54.41045  267.81454   36.0154  137.8345    0.18000   -0.01470
  8.8000   54.40998  267.40326   36.0023  137.8355    0.16800   -0.01900
  8.8083   54.40738  266.99185   35.9892  137.8365    0.15200   -0.02322
  8.8167   54.40265  266.58038   35.9761  137.8374    0.13900   -0.02553
  8.8250   54.39577  266.16888   35.9631  137.8382    0.13400   -0.02410
  8.8333   54.38676  265.75742   35.9500  137.8390    0.13200   -0.01791
  8.8417   54.37561  265.34604   35.9368  137.8397    0.13600   -0.00814
  8.8500   54.36233  264.93481   35.9237  137.8404    0.14400    0.00396
  8.8583   54.34691  264.52377   35.9106  137.8410    0.15000    0.01670
  8.8667   54.32936  264.11298   35.8974  137.8416    0.15600    0.02591
  8.8750   54.30968  263.70248   35.8843  137.8420    0.15100    0.03120
  8.8833   54.28788  263.29236   35.8711  137.8425    0.14300    0.02960
  8.8917   54.26395  262.88263   35.8579  137.8429    0.12500    0.02455
  8.9000   54.23791  262.47336   35.8447  137.8432    0.10900    0.01654
  8.9083   54.20975  262.06458   35.8315  137.8435    0.09200    0.00680
  8.9167   54.17948  261.65637   35.8182  137.8437    0.07000   -0.00269
  8.9250   54.14711  261.24878   35.8050  137.8439    0.05700   -0.01318
  8.9333   54.11265  260.84186   35.7917  137.8440    0.03800   -0.02165
  8.9417   54.07609  260.43564   35.7784  137.8440    0.02400   -0.02900
  8.9500   54.03744  260.03018   35.7651  137.8440    0.01500   -0.03384
  8.9583   53.99672  259.62549   35.7517  137.8440    0.00600   -0.03693
  8.9667   53.95392  259.22168   35.7384  137.8438    0.00000   -0.03825
  8.9750   53.90907  258.81879   35.7250  137.8437    0.00100   -0.03699
  8.9833   53.86216  258.41681   35.7116  137.8435    0.00500   -0.03012
  8.9917   53.81320  258.01584   35.6982  137.8432    0.02300   -0.02024
  9.0000   53.76221  257.61588   35.6847  137.8428    0.03800   -0.01008
  9.0083   53.70919  257.21701   35.6712  137.8425    0.04600   -0.00331
  9.0167   53.65415  256.81924   35.6577  137.8420    0.05500   -0.00078
  9.0250   53.59711  256.42264   35.6442  137.8415    0.05800    0.00195
  9.0333   53.53806  256.02722   35.6307  137.8410    0.07000    0.00419
  9.0417   53.47704  255.63306   35.6171  137.8404    0.08000    0.00914
  9.0500   53.41404  255.24014   35.6035  137.8397    0.09500    0.01069
  9.0583   53.34907  254.84857   35.5899  137.8390    0.09700    0.00963
  9.0667   53.28215  254.45833   35.5762  137.8382    0.09900    0.00373
  9.0750   53.21330  254.06947   35.5625  137.8374    0.09700   -0.00138
  9.0833   53.14252  253.68205   35.5488  137.8366    0.10100   -0.00482
  9.0917   53.06982  253.29607   35.5350  137.8356    0.10800   -0.00555
  9.1000   52.99522  252.91156   35.5212  137.8347    0.11500   -0.00548
  9.1083   52.91874  252.52858   35.5074  137.8336    0.12100   -0.00478
  9.1167   52.84038  252.14716   35.4935  137.8326    0.12900   -0.00492
  9.1250   52.76016  251.76729   35.4796  137.8314    0.13100   -0.00027
  9.1333   52.67810  251.38902   35.4657  137.8302    0.15200    0.00423
  9.1417   52.59420  251.01241   35.4517  137.8290    0.15700    0.01150
  9.1500   52.50849  250.63744   35.4377  137.8277    0.16700    0.01509
  9.1583   52.42097  250.26416   35.4237  137.8264    0.17300    0.01871
  9.1667   52.33167  249.89258   35.4096  137.8250    0.17700    0.02131
  9.1750   52.24059  249.52274   35.3955  137.8235    0.18200    0.02088
  9.1833   52.14776  249.15465   35.3813  137.8220    0.17600    0.01929
  9.1917   52.05319  248.78833   35.3671  137.8205    0.17500    0.01536
  9.2000   51.95689  248.42381   35.3529  137.8189    0.17100    0.01142
  9.2083   51.85888  248.06111   35.3386  137.8172    0.16400    0.00560
  9.2167   51.75917  247.70024   35.3243  137.8155    0.15400   -0.00011
  9.2250   51.65779  247.34122   35.3099  137.8138    0.14800   -0.00591
  9.2333   51.55475  246.98407   35.2955  137.8120    0.13800   -0.00906
  9.2417   51.45006  246.62880   35.2810  137.8101    0.13600   -0.01087
  9.2500   51.34374  246.27544   35.2665  137.8082    0.13300   -0.00750
  9.2583   51.23581  245.92397   35.2520  137.8063    0.14100   -0.00363
  9.2667   51.12628  245.57443   35.2374  137.8043    0.14200    0.00170
  9.2750   51.01518  245.22684   35.2227  137.8022    0.14800    0.00122
  9.2833   50.90251  244.88120   35.2080  137.8001    0.14000   -0.00227
  9.2917   50.78830  244.53749   35.1932  137.7980    0.13500   -0.00971
  9.3000   50.67256  244.19577   35.1784  137.7958    0.13100   -0.01711
  9.3083   50.55531  243.85600   35.1636  137.7935    0.12600   -0.02482
  9.3167   50.43657  243.51825   35.1487  137.7912    0.12200   -0.03445
  9.3250   50.31634  243.18246   35.1337  137.7889    0.11300   -0.04302
  9.3333   50.19466  242.84869   35.1187  137.7865    0.11600   -0.04404
  9.3417   50.07154  242.51691   35.1036  137.7841    0.14500   -0.03507
  9.3500   49.94699  242.18713   35.0885  137.7816    0.17800   -0.01809
  9.3583   49.82104  241.85936   35.0733  137.7790    0.21400   -0.00409
  9.3667   49.69369  241.53362   35.0580  137.7764    0.23400    0.00476
  9.3750   49.56497  241.20987   35.0427  137.7738    0.25000    0.00238
  9.3833   49.43489  240.88815   35.0273  137.7711    0.24700   -0.00550
  9.3917   49.30348  240.56844   35.0119  137.7684    0.25100   -0.01263
  9.4000   49.17074  240.25075   34.9964  137.7656    0.27600   -0.01192
  9.4083   49.03670  239.93507   34.9809  137.7628    0.31000   -0.00650
  9.4167   48.90137  239.62143   34.9653  137.7599    0.33900   -0.00325
  9.4250   48.76477  239.30978   34.9496  137.7570    0.36000   -0.00645
  9.4333   48.62691  239.00017   34.9338  137.7540    0.37100   -0.01498
  9.4417   48.48782  238.69255   34.9180  137.7510    0.37900   -0.02382
  9.4500   48.34751  238.38693   34.9021  137.7479    0.40000   -0.02945
  9.4583   48.20600  238.08333   34.8862  137.7448    0.42600   -0.02908
  9.4667   48.06330  237.78172   34.8702  137.7417    0.46200   -0.02432
  9.4750   47.91943  237.48210   34.8541  137.7384    0.50500   -0.01808
  9.4833   47.77442  237.18448   34.8379  137.7352    0.54100   -0.01098
  9.4917   47.62826  236.88882   34.8217  137.7319    0.58200   -0.00759
  9.5000   47.48099  236.59515   34.8054  137.7285    0.61000   -0.00531
  9.5083   47.33261  236.30347   34.7890  137.7252    0.64100   -0.00523
  9.5167   47.18315  236.01372   34.7725  137.7217    0.67400   -0.00017
  9.5250   47.03262  235.72594   34.7560  137.7182    0.72400    0.00623
  9.5333   46.88103  235.44009   34.7394  137.7147    0.76300    0.01249
  9.5417   46.72841  235.15619   34.7227  137.7111    0.79800    0.01477
  9.5500   46.57476  234.87421   34.7059  137.7075    0.83400    0.01519
  9.5583   46.42011  234.59416   34.6891  137.7039    0.86700    0.01253
  9.5667   46.26447  234.31602   34.6721  137.7001    0.89100    0.00582
  9.5750   46.10786  234.03976   34.6551  137.6964    0.91100   -0.00256
  9.5833   45.95029  233.76543   34.6380  137.6926    0.93800   -0.01088
  9.5917   45.79177  233.49295   34.6208  137.6887    0.96400   -0.01713
  9.6000   45.63233  233.22235   34.6036  137.6848    0.99600   -0.02318
  9.6083   45.47198  232.95360   34.5862  137.6809    1.02700   -0.02643
  9.6167   45.31073  232.68671   34.5688  137.6769    1.06600   -0.02659
  9.6250   45.14860  232.42165   34.5512  137.6729    1.11100   -0.02267
  9.6333   44.98560  232.15842   34.5336  137.6688    1.15800   -0.01635
  9.6417   44.82175  231.89697   34.5159  137.6647    1.20500   -0.01314
  9.6500   44.65707  231.63736   34.4981  137.6605    1.23500   -0.01052
  9.6583   44.49156  231.37952   34.4802  137.6563    1.27900   -0.00498
  9.6667   44.32524  231.12346   34.4622  137.6520    1.34000    0.00734
  9.6750   44.15814  230.86916   34.4441  137.6477    1.40100    0.02165
  9.6833   43.99025  230.61662   34.4259  137.6434    1.45500    0.03108
  9.6917   43.82160  230.36580   34.4076  137.6390    1.49700    0.03491
  9.7000   43.65220  230.11671   34.3892  137.6345    1.53500    0.03061
  9.7083   43.48206  229.86934   34.3707  137.6300    1.55400    0.02009
  9.7167   43.31120  229.62366   34.3521  137.6255    1.56700    0.00464
  9.7250   43.13962  229.37965   34.3334  137.6209    1.58100   -0.00588
  9.7333   42.96736  229.13734   34.3146  137.6163    1.61900   -0.00562
  9.7417   42.79441  228.89667   34.2957  137.6116    1.67600    0.00018
  9.7500   42.62079  228.65764   34.2766  137.6069    1.71100    0.00346
  9.7583   42.44652  228.42024   34.2575  137.6022    1.73400    0.00553
  9.7667   42.27161  228.18446   34.2383  137.5974    1.78100    0.00739
  9.7750   42.09606  227.95029   34.2189  137.5925    1.81200    0.00682
  9.7833   41.91990  227.71768   34.1994  137.5876    1.82400    0.00206
  9.7917   41.74313  227.48666   34.1799  137.5827    1.85500   -0.00271
  9.8000   41.56578  227.25719   34.1602  137.5777    1.88900   -0.00298
  9.8083   41.38784  227.02927   34.1403  137.5727    1.92400   -0.00335
  9.8167   41.20934  226.80289   34.1204  137.5676    1.95800   -0.00704
  9.8250   41.03029  226.57800   34.1003  137.5625    1.98000   -0.01383
  9.8333   40.85069  226.35463   34.0801  137.5573    2.00400   -0.02088
  9.8417   40.67056  226.13274   34.0598  137.5521    2.04000   -0.02530
  9.8500   40.48991  225.91232   34.0394  137.5468    2.07700   -0.02505
  9.8583   40.30876  225.69336   34.0188  137.5415    2.12400   -0.02204
  9.8667   40.12711  225.47585   33.9981  137.5362    2.17500   -0.02106
  9.8750   39.94498  225.25977   33.9773  137.5308    2.20700   -0.02378
  9.8833   39.76237  225.04510   33.9563  137.5254    2.24300   -0.02500
  9.8917   39.57931  224.83183   33.9353  137.5199    2.30500   -0.02202
  9.9000   39.39579  224.61995   33.9140  137.5143    2.36000   -0.01430
  9.9083   39.21184  224.40944   33.8927  137.5088    2.42100   -0.00759
  9.9167   39.02746  224.20029   33.8712  137.5032    2.48200   -0.00153
  9.9250   38.84266  223.99248   33.8495  137.4975    2.53700   -0.00141
  9.9333   38.65746  223.78600   33.8277  137.4918    2.57300   -0.00236
  9.9417   38.47186  223.58083   33.8058  137.4860    2.62800   -0.00260
  9.9500   38.28587  223.37697   33.7837  137.4802    2.68400    0.00391
  9.9583   38.09951  223.17439   33.7615  137.4744    2.75000    0.01157
  9.9667   37.91279  222.97310   33.7391  137.4685    2.81300    0.01902
  9.9750   37.72571  222.77306   33.7165  137.4625    2.87000    0.02229
  9.9833   37.53829  222.57426   33.6939  137.4565    2.91500    0.02167
  9.9917   37.35053  222.37669   33.6710  137.4505    2.95500    0.02024
 10.0000   37.16244  222.18034   33.6480  137.4444    3.00400    0.01741
 10.0083   36.97405  221.98520   33.6248  137.4383    3.04000    0.00867
 10.0167   36.78534  221.79124   33.6015  137.4321    3.05300   -0.00119
 10.0250   36.59634  221.59846   33.5780  137.4259    3.09700   -0.00562
 10.0333   36.40706  221.40685   33.5544  137.4197    3.15900    0.00056
 10.0417   36.21749  221.21638   33.5305  137.4133    3.22100    0.00605
 10.0500   36.02766  221.02705   33.5065  137.4070    3.26000    0.00198
 10.0583   35.83757  220.83885   33.4824  137.4006    3.27200   -0.00795
 10.0667   35.64723  220.65176   33.4580  137.3941    3.30000   -0.01362
 10.0750   35.45665  220.46576   33.4335  137.3876    3.35500   -0.01162
 10.0833   35.26584  220.28084   33.4088  137.3811    3.40300   -0.00382
 10.0917   35.07480  220.09700   33.3839  137.3745    3.46100    0.00239
 10.1000   34.88354  219.91422   33.3588  137.3679    3.51100    0.01043
 10.1083   34.69208  219.73245   33.3336  137.3612    3.56800    0.01881
 10.1167   34.50043  219.55174   33.3081  137.3545    3.62600    0.02397
 10.1250   34.30858  219.37206   33.2825  137.3477    3.65900    0.01695
 10.1333   34.11655  219.19337   33.2567  137.3409    3.65800    0.00096
 10.1417   33.92434  219.01567   33.2306  137.3340    3.67600   -0.01241
 10.1500   33.73197  218.83896   33.2044  137.3271    3.72600   -0.01464
 10.1583   33.53945  218.66321   33.1780  137.3201    3.78400   -0.00911
 10.1667   33.34677  218.48843   33.1513  137.3131    3.84200   -0.00820
 10.1750   33.15395  218.31458   33.1245  137.3060    3.86900   -0.01786
 10.1833   32.96100  218.14166   33.0974  137.2990    3.87500   -0.02924
 10.1917   32.76792  217.96968   33.0702  137.2918    3.92500   -0.03007
 10.2000   32.57472  217.79858   33.0427  137.2846    4.00600   -0.02082
 10.2083   32.38140  217.62840   33.0150  137.2773    4.06200   -0.01098
 10.2167   32.18799  217.45911   32.9870  137.2700    4.11800   -0.00716
 10.2250   31.99447  217.29066   32.9589  137.2627    4.17400   -0.00218
 10.2333   31.80087  217.12309   32.9305  137.2553    4.24200   -0.00091
 10.2417   31.60718  216.95639   32.9019  137.2479    4.28100   -0.00097
 10.2500   31.41342  216.79050   32.8731  137.2404    4.33000    0.00166
 10.2583   31.21959  216.62544   32.8440  137.2328    4.41300    0.00601
 10.2667   31.02569  216.46121   32.8147  137.2253    4.46500    0.01086
 10.2750   30.83174  216.29778   32.7851  137.2176    4.52000    0.00432
 10.2833   30.63774  216.13515   32.7553  137.2100    4.54400   -0.00010
 10.2917   30.44370  215.97328   32.7253  137.2022    4.60600   -0.00297
 10.3000   30.24962  215.81219   32.6950  137.1945    4.66900   -0.00025
 10.3083   30.05551  215.65187   32.6644  137.1866    4.72400   -0.00120
 10.3167   29.86138  215.49229   32.6336  137.1788    4.76700   -0.00220
 10.3250   29.66724  215.33345   32.6025  137.1709    4.83100   -0.00299
 10.3333   29.47308  215.17535   32.5712  137.1629    4.88800   -0.00343
 10.3417   29.27892  215.01796   32.5396  137.1549    4.93200   -0.00734
 10.3500   29.08476  214.86128   32.5077  137.1468    4.97600   -0.01057
 10.3583   28.89061  214.70529   32.4755  137.1387    5.03400   -0.00926
 10.3667   28.69648  214.55000   32.4431  137.1306    5.10200   -0.00348
 10.3750   28.50236  214.39539   32.4104  137.1224    5.16900    0.00314
 10.3833   28.30827  214.24142   32.3773  137.1141    5.23000    0.00894
 10.3917   28.11421  214.08813   32.3440  137.1058    5.29100    0.01479
 10.4000   27.92019  213.93549   32.3104  137.0975    5.35600    0.01840
 10.4083   27.72621  213.78348   32.2765  137.0891    5.40300    0.01928
 10.4167   27.53228  213.63210   32.2423  137.0807    5.44700    0.02150
 10.4250   27.33841  213.48134   32.2078  137.0722    5.51700    0.02097
 10.4333   27.14459  213.33119   32.1730  137.0636    5.54600    0.01634
 10.4417   26.95084  213.18163   32.1379  137.0551    5.56400    0.01096
 10.4500   26.75716  213.03267   32.1024  137.0464    5.62800    0.00588
 10.4583   26.56355  212.88429   32.0667  137.0378    5.65900    0.00303
 10.4667   26.37003  212.73648   32.0306  137.0290    5.69100   -0.00265
 10.4750   26.17659  212.58923   31.9941  137.0203    5.74000   -0.00558
 10.4833   25.98325  212.44254   31.9574  137.0114    5.78700   -0.00853
 10.4917   25.79000  212.29639   31.9202  137.0026    5.82100   -0.01443
 10.5000   25.59685  212.15077   31.8828  136.9937    5.85500   -0.02383
 10.5083   25.40381  212.00569   31.8450  136.9847    5.88300   -0.03374
 10.5167   25.21088  211.86111   31.8068  136.9757    5.91800   -0.03753
 10.5250   25.01806  211.71706   31.7683  136.9667    5.99600   -0.03227
 10.5333   24.82537  211.57350   31.7294  136.9576    6.08700   -0.02516
 10.5417   24.63280  211.43044   31.6901  136.9485    6.14100   -0.01953
 10.5500   24.44036  211.28786   31.6505  136.9393    6.21400   -0.01885
 10.5583   24.24806  211.14575   31.6105  136.9301    6.27900   -0.01444
 10.5667   24.05589  211.00412   31.5701  136.9208    6.35800   -0.01264
 10.5750   23.86387  210.86295   31.5293  136.9115    6.41700   -0.01184
 10.5833   23.67200  210.72221   31.4882  136.9022    6.47800   -0.00635
 10.5917   23.48029  210.58192   31.4466  136.8928    6.58800    0.00486
 10.6000   23.28872  210.44208   31.4046  136.8833    6.68700    0.01753
 10.6083   23.09733  210.30266   31.3622  136.8739    6.76000    0.02653
 10.6167   22.90609  210.16367   31.3194  136.8643    6.84600    0.02594
 10.6250   22.71503  210.02507   31.2762  136.8548    6.88100    0.02414
 10.6333   22.52415  209.88689   31.2326  136.8452    6.94300    0.02045
 10.6417   22.33344  209.74908   31.1885  136.8355    7.01600    0.01577
 10.6500   22.14291  209.61169   31.1440  136.8259    7.04400    0.01006
 10.6583   21.95257  209.47467   31.0990  136.8161    7.09800    0.00086
 10.6667   21.76243  209.33801   31.0536  136.8064    7.14800   -0.00128
 10.6750   21.57247  209.20175   31.0077  136.7966    7.21900   -0.00160
 10.6833   21.38272  209.06583   30.9614  136.7867    7.28100   -0.00272
 10.6917   21.19317  208.93027   30.9146  136.7769    7.31900   -0.00662
 10.7000   21.00383  208.79503   30.8674  136.7670    7.36600   -0.00933
 10.7083   20.81470  208.66016   30.8196  136.7570    7.43500   -0.00859
 10.7167   20.62578  208.52559   30.7714  136.7470    7.49600   -0.00304
 10.7250   20.43708  208.39136   30.7227  136.7370    7.57400   -0.00095
 10.7333   20.24860  208.25745   30.6735  136.7270    7.61700    0.00379
 10.7417   20.06035  208.12384   30.6238  136.7169    7.69400    0.00671
 10.7500   19.87233  207.99054   30.5735  136.7068    7.76100    0.01122
 10.7583   19.68454  207.85754   30.5228  136.6966    7.81600    0.00911
 10.7667   19.49699  207.72482   30.4715  136.6865    7.84700    0.00665
 10.7750   19.30967  207.59239   30.4197  136.6763    7.91300    0.00804
 10.7833   19.12261  207.46024   30.3674  136.6660    7.99800    0.00922
 10.7917   18.93578  207.32835   30.3145  136.6558    8.03400    0.00431
 10.8000   18.74921  207.19673   30.2611  136.6455    8.06000   -0.00608
 10.8083   18.56290  207.06535   30.2071  136.6352    8.10300   -0.01474
 10.8167   18.37684  206.93425   30.1526  136.6249    8.14900   -0.01778
 10.8250   18.19104  206.80338   30.0975  136.6145    8.21100   -0.01455
 10.8333   18.00551  206.67274   30.0418  136.6041    8.29800   -0.01501
 10.8417   17.82024  206.54234   29.9855  136.5938    8.31300   -0.01015
 10.8500   17.63524  206.41219   29.9287  136.5833    8.41200   -0.00336
 10.8583   17.45052  206.28223   29.8712  136.5729    8.51200    0.01126
 10.8667   17.26608  206.15250   29.8132  136.5625    8.58800    0.01816
 10.8750   17.08191  206.02296   29.7545  136.5520    8.63600    0.01346
 10.8833   16.89803  205.89365   29.6952  136.5416    8.66100    0.00780
 10.8917   16.71444  205.76451   29.6353  136.5311    8.74200   -0.00229
 10.9000   16.53113  205.63557   29.5747  136.5206    8.77000   -0.00789
 10.9083   16.34812  205.50682   29.5135  136.5101    8.84000   -0.02426
 10.9167   16.16540  205.37823   29.4517  136.4996    8.84900   -0.03957
 10.9250   15.98298  205.24985   29.3892  136.4891    8.89800   -0.05619
 10.9333   15.80087  205.12161   29.3260  136.4786    8.96800   -0.05837
 10.9417   15.61905  204.99355   29.2621  136.4681    9.09800   -0.05867
 10.9500   15.43755  204.86562   29.1976  136.4576    9.16900   -0.05260
 10.9583   15.25635  204.73785   29.1324  136.4471    9.29900   -0.04676
 10.9667   15.07547  204.61024   29.0665  136.4366    9.44000   -0.03907
 10.9750   14.89491  204.48277   28.9999  136.4262    9.53700   -0.03083
 10.9833   14.71466  204.35542   28.9326  136.4157    9.68200   -0.02559
 10.9917   14.53474  204.22823   28.8646  136.4052    9.80900   -0.01361
 11.0000   14.35514  204.10114   28.7959  136.3948    9.97100   -0.00526
 11.0083   14.17586  203.97418   28.7264  136.3844   10.09300    0.00767
 11.0167   13.99692  203.84734   28.6562  136.3740   10.25900    0.01783
 11.0250   13.81831  203.72060   28.5852  136.3636   10.39400    0.02945
 11.0333   13.64004  203.59396   28.5135  136.3533   10.52800    0.03461
 11.0417   13.46210  203.46742   28.4410  136.3430   10.64200    0.03746
 11.0500   13.28450  203.34099   28.3677  136.3327   10.76000    0.03559
 11.0583   13.10725  203.21465   28.2937  136.3225   10.85600    0.03653
 11.0667   12.93034  203.08836   28.2189  136.3123   10.99000    0.03491
 11.0750   12.75378  202.96219   28.1433  136.3021   11.08600    0.02076
 11.0833   12.57758  202.83607   28.0669  136.2920   11.07500    0.00038
 11.0917   12.40172  202.71004   27.9897  136.2820   11.15700   -0.02357
 11.1000   12.22622  202.58408   27.9117  136.2720   11.22200   -0.03255
 11.1083   12.05108  202.45816   27.8328  136.2620   11.33800   -0.03581
 11.1167   11.87630  202.33231   27.7532  136.2521   11.47200   -0.03352
 11.1250   11.70189  202.20651   27.6727  136.2423   11.58900   -0.03143
 11.1333   11.52784  202.08075   27.5913  136.2326   11.70900   -0.03475
 11.1417   11.35415  201.95505   27.5091  136.2229   11.80100   -0.03656
 11.1500   11.18084  201.82938   27.4261  136.2133   11.93900   -0.03791
 11.1583   11.00790  201.70374   27.3422  136.2038   12.07500   -0.03554
 11.1667   10.83534  201.57812   27.2574  136.1943   12.22400   -0.03142
 11.1750   10.66316  201.45255   27.1718  136.1850   12.39500   -0.02541
 11.1833   10.49135  201.32700   27.0853  136.1757   12.56600   -0.01610
 11.1917   10.31993  201.20145   26.9979  136.1666   12.74900   -0.01204
 11.2000   10.14889  201.07591   26.9096  136.1575   12.88000   -0.00940
 11.2083    9.97824  200.95039   26.8204  136.1486   13.03800   -0.01480
 11.2167    9.80798  200.82489   26.7303  136.1398   13.14900   -0.00881
 11.2250    9.63810  200.69937   26.6392  136.1311   13.38700    0.00239
 11.2333    9.46863  200.57385   26.5473  136.1225   13.59600    0.02748
 11.2417    9.29955  200.44833   26.4545  136.1140   13.84300    0.03036
 11.2500    9.13086  200.32278   26.3607  136.1057   13.89000    0.03006
 11.2583    8.96258  200.19724   26.2660  136.0975   14.08000    0.01423
 11.2667    8.79470  200.07166   26.1704  136.0895   14.19500    0.00483
 11.2750    8.62722  199.94608   26.0738  136.0816   14.30800   -0.01802
 11.2833    8.46015  199.82043   25.9763  136.0739   14.43000   -0.05103
 11.2917    8.29349  199.69479   25.8779  136.0663   14.54600   -0.05882
 11.3000    8.12724  199.56911   25.7785  136.0590   14.75600   -0.06694
 11.3083    7.96141  199.44337   25.6781  136.0518   14.85900   -0.05765
 11.3167    7.79599  199.31760   25.5768  136.0447   15.12300   -0.05515
 11.3250    7.63098  199.19177   25.4746  136.0379   15.30400   -0.05094
 11.3333    7.46640  199.06592   25.3713  136.0312   15.49400   -0.05576
 11.3417    7.30224  198.94000   25.2671  136.0248   15.77600   -0.07085
 11.3500    7.13850  198.81403   25.1620  136.0185   15.99400   -0.02665
 11.3583    6.97518  198.68797   25.0559  136.0125   17.02700    0.00000

 16.3000   10.28814   99.95099   33.8673  151.6344    7.72200    0.00000
 16.3083   10.39495   99.75975   33.9133  151.5838    7.70300   -0.00114
 16.3167   10.50142   99.56819   33.9588  151.5336    7.70900   -0.00394
 16.3250   10.60756   99.37633   34.0039  151.4837    7.72000   -0.00159
 16.3333   10.71336   99.18415   34.0486  151.4342    7.75500    0.00051
 16.3417   10.81881   98.99166   34.0929  151.3851    7.74100    0.01144
 16.3500   10.92392   98.79885   34.1368  151.3364    7.78300    0.01889
 16.3583   11.02866   98.60573   34.1803  151.2881    7.75000    0.03005
 16.3667   11.13305   98.41229   34.2233  151.2401    7.75900    0.03302
 16.3750   11.23707   98.21853   34.2660  151.1925    7.71800    0.03286
 16.3833   11.34071   98.02446   34.3082  151.1453    7.64400    0.02251
 16.3917   11.44397   97.83006   34.3501  151.0984    7.59200    0.01094
 16.4000   11.54685   97.63533   34.3916  151.0519    7.53900    0.01042
 16.4083   11.64934   97.44029   34.4327  151.0058    7.55600    0.00997
 16.4167   11.75143   97.24492   34.4735  150.9601    7.49400    0.00785
 16.4250   11.85312   97.04923   34.5139  150.9147    7.41700    0.00421
 16.4333   11.95440   96.85321   34.5539  150.8697    7.41300    0.00505
 16.4417   12.05526   96.65686   34.5936  150.8251    7.38500   -0.00036
 16.4500   12.15571   96.46019   34.6329  150.7809    7.25400   -0.00880
 16.4583   12.25573   96.26318   34.6719  150.7370    7.22100   -0.01520
 16.4667   12.35531   96.06585   34.7105  150.6934    7.21400   -0.01044
 16.4750   12.45446   95.86819   34.7488  150.6502    7.18100   -0.00609
 16.4833   12.55317   95.67019   34.7868  150.6074    7.15400   -0.01200
 16.4917   12.65142   95.47187   34.8244  150.5650    7.06300   -0.01828
 16.5000   12.74923   95.27321   34.8617  150.5228    7.02700   -0.01797
 16.5083   12.84657   95.07423   34.8988  150.4811    7.05800   -0.01596
 16.5167   12.94344   94.87491   34.9355  150.4397    6.98500   -0.00598
 16.5250   13.03984   94.67525   34.9718  150.3986    7.01700   -0.01155
 16.5333   13.13576   94.47527   35.0079  150.3579    6.92000   -0.00521
 16.5417   13.23120   94.27495   35.0437  150.3176    6.94700   -0.00370
 16.5500   13.32615   94.07429   35.0792  150.2776    6.94000    0.00849
 16.5583   13.42060   93.87330   35.1144  150.2379    6.92400    0.01294
 16.5667   13.51454   93.67198   35.1494  150.1986    6.88200    0.01331
 16.5750   13.60799   93.47033   35.1840  150.1596    6.84000    0.01867
 16.5833   13.70091   93.26834   35.2184  150.1210    6.86500    0.02329
 16.5917   13.79332   93.06602   35.2525  150.0827    6.81600    0.02887
 16.6000   13.88520   92.86336   35.2863  150.0447    6.78100    0.02126
 16.6083   13.97655   92.66037   35.3199  150.0071    6.69700    0.01670
 16.6167   14.06737   92.45704   35.3532  149.9698    6.67300    0.00994
 16.6250   14.15764   92.25339   35.3863  149.9328    6.61900    0.00144
 16.6333   14.24736   92.04940   35.4191  149.8962    6.51700   -0.00618
 16.6417   14.33653   91.84508   35.4517  149.8598    6.49700   -0.01534
 16.6500   14.42514   91.64042   35.4840  149.8239    6.43100   -0.01893
 16.6583   14.51318   91.43544   35.5161  149.7882    6.38000   -0.01973
 16.6667   14.60065   91.23013   35.5480  149.7529    6.38300   -0.01747
 16.6750   14.68754   91.02448   35.5796  149.7178    6.34400   -0.01355
 16.6833   14.77385   90.81851   35.6110  149.6831    6.30900   -0.01865
 16.6917   14.85957   90.61221   35.6422  149.6487    6.25200   -0.01681
 16.7000   14.94469   90.40558   35.6731  149.6147    6.27400   -0.02762
 16.7083   15.02922   90.19863   35.7039  149.5809    6.14800   -0.02638
 16.7167   15.11313   89.99135   35.7344  149.5475    6.19400   -0.02765
 16.7250   15.19644   89.78375   35.7648  149.5143    6.20700   -0.01866
 16.7333   15.27912   89.57582   35.7949  149.4815    6.17400   -0.01988
 16.7417   15.36119   89.36758   35.8248  149.4490    6.15400   -0.01904
 16.7500   15.44262   89.15901   35.8545  149.4167    6.19500   -0.01752
 16.7583   15.52342   88.95012   35.8841  149.3848    6.17500   -0.01281
 16.7667   15.60358   88.74092   35.9134  149.3532    6.18700   -0.01589
 16.7750   15.68309   88.53140   35.9426  149.3219    6.18100   -0.02130
 16.7833   15.76195   88.32157   35.9716  149.2909    6.15500   -0.02736
 16.7917   15.84016   88.11142   36.0004  149.2601    6.17800   -0.02994
 16.8000   15.91770   87.90097   36.0290  149.2297    6.20600   -0.02771
 16.8083   15.99457   87.69020   36.0574  149.1996    6.22500   -0.02030
 16.8167   16.07077   87.47913   36.0857  149.1697    6.29000   -0.01324
 16.8250   16.14628   87.26775   36.1138  149.1401    6.32200   -0.01387
 16.8333   16.22112   87.05607   36.1418  149.1109    6.28600   -0.01263
 16.8417   16.29526   86.84409   36.1695  149.0819    6.36300   -0.00577
 16.8500   16.36871   86.63181   36.1972  149.0532    6.43400    0.00564
 16.8583   16.44145   86.41923   36.2246  149.0247    6.43700    0.01432
 16.8667   16.51349   86.20636   36.2520  148.9966    6.50200    0.01423
 16.8750   16.58482   85.99320   36.2792  148.9687    6.51600    0.01482
 16.8833   16.65543   85.77975   36.3062  148.9411    6.53100    0.01286
 16.8917   16.72532   85.56601   36.3331  148.9138    6.58300    0.01172
 16.9000   16.79448   85.35199   36.3598  148.8868    6.60600    0.00525
 16.9083   16.86290   85.13769   36.3864  148.8600    6.57900   -0.01297
 16.9167   16.93059   84.92311   36.4129  148.8335    6.54500   -0.02999
 16.9250   16.99753   84.70825   36.4393  148.8073    6.57900   -0.03272
 16.9333   17.06373   84.49312   36.4655  148.7813    6.66200   -0.02760
 16.9417   17.12917   84.27772   36.4916  148.7556    6.69100   -0.02128
 16.9500   17.19385   84.06206   36.5176  148.7302    6.73700   -0.01601
 16.9583   17.25777   83.84613   36.5434  148.7050    6.81600   -0.00620
 16.9667   17.32091   83.62994   36.5692  148.6801    6.87700   -0.00007
 16.9750   17.38329   83.41350   36.5948  148.6555    6.90100   -0.00811
 16.9833   17.44488   83.19680   36.6203  148.6311    6.88500   -0.01750
 16.9917   17.50569   82.97986   36.6457  148.6069    6.95100   -0.02587
 17.0000   17.56572   82.76267   36.6710  148.5831    7.00500   -0.02471
 17.0083   17.62494   82.54523   36.6962  148.5594    7.07900   -0.01815
 17.0167   17.68337   82.32756   36.7213  148.5361    7.20000   -0.01931
 17.0250   17.74100   82.10965   36.7463  148.5130    7.20800   -0.02884
 17.0333   17.79782   81.89151   36.7712  148.4901    7.23400   -0.05133
 17.0417   17.85382   81.67315   36.7960  148.4675    7.27400   -0.06096
 17.0500   17.90901   81.45456   36.8207  148.4451    7.38600   -0.06176
 17.0583   17.96338   81.23576   36.8454  148.4230    7.48500   -0.05376
 17.0667   18.01692   81.01674   36.8699  148.4012    7.59900   -0.03779
 17.0750   18.06962   80.79750   36.8944  148.3795    7.77400   -0.02592
 17.0833   18.12150   80.57807   36.9187  148.3582    7.85000   -0.01113
 17.0917   18.17253   80.35843   36.9430  148.3370    7.98500   -0.00274
 17.1000   18.22272   80.13860   36.9672  148.3161    8.11000    0.01374
 17.1083   18.27206   79.91857   36.9914  148.2955    8.24300    0.02877
 17.1167   18.32055   79.69836   37.0155  148.2750    8.37200    0.04335
 17.1250   18.36818   79.47796   37.0395  148.2549    8.50300    0.05098
 17.1333   18.41494   79.25739   37.0634  148.2349    8.58500    0.05001
 17.1417   18.46085   79.03664   37.0873  148.2152    8.64700    0.03681
 17.1500   18.50588   78.81573   37.1111  148.1957    8.69200    0.02888
 17.1583   18.55004   78.59465   37.1348  148.1765    8.81500    0.01577
 17.1667   18.59332   78.37342   37.1585  148.1575    8.84900   -0.00178
 17.1750   18.63572   78.15203   37.1822  148.1387    8.86400   -0.01630
 17.1833   18.67724   77.93049   37.2057  148.1201    9.00800   -0.02280
 17.1917   18.71787   77.70882   37.2293  148.1018    9.09300   -0.02723
 17.2000   18.75760   77.48700   37.2527  148.0837    9.11700   -0.04529
 17.2083   18.79644   77.26506   37.2762  148.0659    9.16000   -0.06477
 17.2167   18.83437   77.04299   37.2996  148.0482    9.23200   -0.05638
 17.2250   18.87141   76.82080   37.3229  148.0308    9.45400   -0.03215
 17.2333   18.90753   76.59849   37.3462  148.0136    9.61400    0.00247
 17.2417   18.94275   76.37608   37.3695  147.9967    9.75700    0.02143
 17.2500   18.97705   76.15356   37.3927  147.9799    9.86300    0.02896
 17.2583   19.01043   75.93095   37.4159  147.9634    9.93700    0.03157
 17.2667   19.04290   75.70825   37.4390  147.9471   10.04100    0.03507
 17.2750   19.07443   75.48546   37.4622  147.9311   10.14300    0.04210
 17.2833   19.10505   75.26259   37.4853  147.9152   10.22900    0.04860
 17.2917   19.13473   75.03965   37.5083  147.8996   10.32100    0.06146
 17.3000   19.16347   74.81665   37.5314  147.8842   10.46200    0.07442
 17.3083   19.19129   74.59358   37.5544  147.8690   10.53400    0.07549
 17.3167   19.21816   74.37046   37.5774  147.8540   10.52400    0.06311
 17.3250   19.24409   74.14729   37.6004  147.8392   10.55000    0.04927
 17.3333   19.26907   73.92408   37.6234  147.8247   10.59400    0.04425
 17.3417   19.29311   73.70083   37.6463  147.8103   10.63100    0.03275
 17.3500   19.31620   73.47756   37.6693  147.7962   10.60000    0.01719
 17.3583   19.33833   73.25427   37.6922  147.7823   10.60700    0.00087
 17.3667   19.35951   73.03096   37.7151  147.7686   10.62800   -0.00724
 17.3750   19.37974   72.80764   37.7380  147.7552   10.64000   -0.00916
 17.3833   19.39900   72.58432   37.7609  147.7419   10.66800   -0.00418
 17.3917   19.41730   72.36100   37.7839  147.7289   10.71500    0.00658
 17.4000   19.43463   72.13770   37.8068  147.7160   10.75300    0.01137
 17.4083   19.45100   71.91442   37.8297  147.7034   10.73700    0.01392
 17.4167   19.46640   71.69116   37.8526  147.6910   10.76500    0.01825
 17.4250   19.48083   71.46793   37.8755  147.6788   10.80700    0.03151
 17.4333   19.49429   71.24475   37.8984  147.6668   10.84500    0.04228
 17.4417   19.50677   71.02161   37.9214  147.6550   10.85200    0.04293
 17.4500   19.51827   70.79852   37.9443  147.6434   10.82100    0.02853
 17.4583   19.52880   70.57550   37.9673  147.6321   10.75000    0.01322
 17.4667   19.53834   70.35254   37.9902  147.6209   10.74500    0.00573
 17.4750   19.54691   70.12966   38.0132  147.6100   10.76000    0.01395
 17.4833   19.55449   69.90686   38.0362  147.5992   10.78600    0.01775
 17.4917   19.56109   69.68415   38.0593  147.5887   10.73800    0.01691
 17.5000   19.56670   69.46154   38.0823  147.5784   10.71000    0.01155
 17.5083   19.57132   69.23903   38.1054  147.5683   10.69400    0.01263
 17.5167   19.57496   69.01664   38.1285  147.5584   10.67800    0.01476
 17.5250   19.57760   68.79436   38.1516  147.5487   10.64600    0.01830
 17.5333   19.57926   68.57221   38.1748  147.5392   10.63100    0.02487
 17.5417   19.57992   68.35019   38.1980  147.5299   10.63100    0.02967
 17.5500   19.57959   68.12831   38.2212  147.5208   10.58100    0.03121
 17.5583   19.57827   67.90659   38.2445  147.5120   10.53400    0.02386
 17.5667   19.57595   67.68501   38.2678  147.5033   10.46100    0.01921
 17.5750   19.57264   67.46360   38.2912  147.4949   10.42000    0.01691
 17.5833   19.56833   67.24237   38.3145  147.4866   10.38100    0.01982
 17.5917   19.56302   67.02131   38.3380  147.4786   10.33500    0.02402
 17.6000   19.55672   66.80043   38.3615  147.4708   10.29400    0.02517
 17.6083   19.54942   66.57976   38.3850  147.4632   10.22900    0.02200
 17.6167   19.54113   66.35928   38.4086  147.4557   10.14900    0.01500
 17.6250   19.53183   66.13901   38.4322  147.4486   10.07600    0.00535
 17.6333   19.52154   65.91895   38.4559  147.4416    9.98600    0.00403
 17.6417   19.51025   65.69912   38.4796  147.4348    9.95800    0.00367
 17.6500   19.49796   65.47952   38.5034  147.4282    9.88900    0.00096
 17.6583   19.48467   65.26016   38.5273  147.4219    9.78100   -0.00936
 17.6667   19.47039   65.04105   38.5512  147.4157    9.69700   -0.01423
 17.6750   19.45511   64.82219   38.5752  147.4098    9.66100   -0.00827
 17.6833   19.43883   64.60359   38.5993  147.4041    9.62100    0.00040
 17.6917   19.42155   64.38526   38.6234  147.3985    9.55200    0.00838
 17.7000   19.40327   64.16721   38.6476  147.3932    9.50800    0.01039
 17.7083   19.38400   63.94944   38.6719  147.3881    9.42800    0.01118
 17.7167   19.36373   63.73196   38.6962  147.3832    9.35400    0.00855
 17.7250   19.34247   63.51478   38.7206  147.3786    9.28800    0.00967
 17.7333   19.32021   63.29791   38.7451  147.3741    9.23300    0.00724
 17.7417   19.29695   63.08135   38.7697  147.3699    9.13300    0.00624
 17.7500   19.27271   62.86511   38.7944  147.3659    9.07600   -0.00014
 17.7583   19.24747   62.64921   38.8191  147.3620    8.98100   -0.00143
 17.7667   19.22124   62.43363   38.8440  147.3584    8.90900   -0.00495
 17.7750   19.19402   62.21841   38.8689  147.3551    8.82900   -0.00026
 17.7833   19.16581   62.00353   38.8939  147.3519    8.78400    0.00784
 17.7917   19.13661   61.78901   38.9191  147.3490    8.73200    0.01883
 17.8000   19.10642   61.57486   38.9443  147.3463    8.66800    0.02442
 17.8083   19.07525   61.36108   38.9696  147.3438    8.58100    0.02684
 17.8167   19.04309   61.14767   38.9950  147.3415    8.49900    0.02411
 17.8250   19.00995   60.93466   39.0205  147.3394    8.39000    0.02278
 17.8333   18.97583   60.72204   39.0462  147.3376    8.30200    0.02042
 17.8417   18.94073   60.50983   39.0719  147.3360    8.20100    0.02126
 17.8500   18.90465   60.29802   39.0978  147.3346    8.10200    0.02410
 17.8583   18.86760   60.08663   39.1237  147.3334    8.01600    0.03186
 17.8667   18.82956   59.87566   39.1498  147.3325    7.93700    0.03949
 17.8750   18.79056   59.66512   39.1760  147.3318    7.82500    0.04499
 17.8833   18.75058   59.45502   39.2023  147.3313    7.71000    0.04634
 17.8917   18.70964   59.24536   39.2288  147.3310    7.59000    0.04258
 17.9000   18.66773   59.03615   39.2553  147.3310    7.43000    0.03747
 17.9083   18.62485   58.82740   39.2820  147.3312    7.29500    0.02537
 17.9167   18.58101   58.61912   39.3088  147.3317    7.11300    0.01802
 17.9250   18.53620   58.41131   39.3358  147.3324    6.97200    0.00998
 17.9333   18.49044   58.20397   39.3629  147.3333    6.82000    0.00869
 17.9417   18.44373   57.99712   39.3901  147.3344    6.67700    0.01255
 17.9500   18.39605   57.79076   39.4175  147.3358    6.56400    0.01454
 17.9583   18.34743   57.58490   39.4450  147.3375    6.39000    0.01722
 17.9667   18.29786   57.37954   39.4727  147.3394    6.24700    0.01598
 17.9750   18.24734   57.17470   39.5005  147.3415    6.10200    0.01320
 17.9833   18.19587   56.97037   39.5285  147.3438    5.91400    0.00503
 17.9917   18.14347   56.76656   39.5566  147.3465    5.72800   -0.01063
 18.0000   18.09012   56.56328   39.5849  147.3493    5.53000   -0.01849
 18.0083   18.03584   56.36054   39.6134  147.3524    5.40000   -0.01790
 18.0167   17.98063   56.15835   39.6420  147.3558    5.27600   -0.01338
 18.0250   17.92448   55.95670   39.6708  147.3595    5.10600   -0.01109
 18.0333   17.86741   55.75560   39.6997  147.3633    4.95600   -0.00215
 18.0417   17.80941   55.55507   39.7288  147.3675    4.87600    0.00367
 18.0500   17.75049   55.35510   39.7581  147.3719    4.67900    0.00610
 18.0583   17.69066   55.15570   39.7876  147.3765    4.50400    0.00197
 18.0667   17.62990   54.95689   39.8173  147.3815    4.37600    0.00245
 18.0750   17.56824   54.75865   39.8471  147.3866    4.21500    0.00995
 18.0833   17.50566   54.56101   39.8771  147.3921    4.09300    0.01285
 18.0917   17.44218   54.36396   39.9074  147.3978    3.93200    0.01693
 18.1000   17.37780   54.16751   39.9378  147.4038    3.77600    0.01510
 18.1083   17.31251   53.97167   39.9684  147.4101    3.60700    0.01091
 18.1167   17.24633   53.77643   39.9992  147.4167    3.42800    0.00470
 18.1250   17.17926   53.58182   40.0303  147.4235    3.25700    0.00424
 18.1333   17.11130   53.38783   40.0615  147.4306    3.13100    0.00218
 18.1417   17.04245   53.19446   40.0929  147.4380    2.94200    0.00187
 18.1500   16.97272   53.00173   40.1246  147.4457    2.78800   -0.00730
 18.1583   16.90211   52.80964   40.1565  147.4537    2.59900   -0.01329
 18.1667   16.83063   52.61819   40.1886  147.4620    2.43200   -0.02119
 18.1750   16.75827   52.42738   40.2209  147.4706    2.26600   -0.02667
 18.1833   16.68505   52.23723   40.2535  147.4794    2.10000   -0.02801
 18.1917   16.61096   52.04774   40.2863  147.4886    1.97400   -0.02339
 18.2000   16.53602   51.85891   40.3193  147.4981    1.86400   -0.02174
 18.2083   16.46021   51.67074   40.3526  147.5079    1.69100   -0.02294
 18.2167   16.38355   51.48325   40.3861  147.5180    1.55700   -0.02690
 18.2250   16.30605   51.29643   40.4198  147.5284    1.44300   -0.03323
 18.2333   16.22770   51.11029   40.4539  147.5391    1.27000   -0.04436
 18.2417   16.14851   50.92484   40.4881  147.5502    1.12400   -0.05382
 18.2500   16.06848   50.74007   40.5227  147.5615    1.04200   -0.05742
 18.2583   15.98761   50.55600   40.5575  147.5732    0.93200   -0.05655
 18.2667   15.90592   50.37263   40.5926  147.5853    0.83500   -0.05654
 18.2750   15.82340   50.18995   40.6279  147.5976    0.76100   -0.05181
 18.2833   15.74006   50.00799   40.6635  147.6103    0.69700   -0.04694
 18.2917   15.65591   49.82673   40.6994  147.6234    0.61200   -0.03661
 18.3000   15.57094   49.64618   40.7356  147.6368    0.59200   -0.02271
 18.3083   15.48516   49.46636   40.7721  147.6505    0.56900   -0.00349
 18.3167   15.39858   49.28725   40.8089  147.6646    0.54100    0.00491
 18.3250   15.31120   49.10887   40.8460  147.6791    0.45800    0.00721
 18.3333   15.22302   48.93121   40.8834  147.6939    0.41000    0.00050
 18.3417   15.13405   48.75429   40.9211  147.7091    0.33100   -0.00419
 18.3500   15.04429   48.57810   40.9591  147.7246    0.27700   -0.01423
 18.3583   14.95374   48.40265   40.9975  147.7405    0.20000   -0.02522
 18.3667   14.86242   48.22794   41.0361  147.7568    0.12600   -0.03539
 18.3750   14.77032   48.05397   41.0751  147.7735    0.09200   -0.04545
 18.3833   14.67745   47.88076   41.1144  147.7906    0.03100   -0.05105
 18.3917   14.58382   47.70829   41.1541  147.8081    0.00500   -0.05084
 18.4000   14.48942   47.53658   41.1941  147.8260    0.02900   -0.04284
 18.4083   14.39426   47.36562   41.2345  147.8442    0.04200   -0.03625
 18.4167   14.29835   47.19542   41.2752  147.8629    0.01900   -0.03720
 18.4250   14.20169   47.02599   41.3163  147.8820    0.00000   -0.04169
 18.4333   14.10429   46.85732   41.3578  147.9016    0.00000   -0.04171
 18.4417   14.00615   46.68942   41.3996  147.9215    0.02900   -0.03969
 18.4500   13.90727   46.52229   41.4418  147.9419    0.04200   -0.02864
 18.4583   13.80766   46.35593   41.4844  147.9627    0.12700   -0.01912
 18.4667   13.70732   46.19034   41.5274  147.9839    0.15500   -0.00517
 18.4750   13.60626   46.02554   41.5708  148.0056    0.21100    0.00025
 18.4833   13.50448   45.86151   41.6145  148.0278    0.23200    0.00559
 18.4917   13.40199   45.69827   41.6587  148.0504    0.25900    0.01101
 18.5000   13.29879   45.53581   41.7033  148.0734    0.31500    0.01608
 18.5083   13.19488   45.37413   41.7484  148.0970    0.33700    0.02050
 18.5167   13.09028   45.21324   41.7938  148.1210    0.36500    0.02320
 18.5250   12.98497   45.05315   41.8397  148.1455    0.41000    0.02070
 18.5333   12.87898   44.89384   41.8860  148.1705    0.39200    0.01586
 18.5417   12.77230   44.73533   41.9328  148.1960    0.40100    0.00793
 18.5500   12.66494   44.57762   41.9800  148.2220    0.42200    0.00071
 18.5583   12.55690   44.42070   42.0277  148.2486    0.40900   -0.00873
 18.5667   12.44819   44.26458   42.0758  148.2756    0.40000   -0.01840
 18.5750   12.33880   44.10926   42.1245  148.3032    0.42000   -0.02332
 18.5833   12.22876   43.95475   42.1736  148.3313    0.44800   -0.02424
 18.5917   12.11805   43.80103   42.2232  148.3599    0.47400   -0.02661
 18.6000   12.00669   43.64812   42.2733  148.3891    0.48400   -0.02622
 18.6083   11.89468   43.49602   42.3238  148.4188    0.53800   -0.02150
 18.6167   11.78202   43.34473   42.3749  148.4491    0.60600   -0.01417
 18.6250   11.66872   43.19424   42.4266  148.4800    0.64400   -0.00790
 18.6333   11.55479   43.04456   42.4787  148.5115    0.69600   -0.00693
 18.6417   11.44022   42.89569   42.5314  148.5435    0.72400   -0.00509
 18.6500   11.32502   42.74764   42.5846  148.5762    0.77600   -0.00340
 18.6583   11.20920   42.60040   42.6383  148.6095    0.83300   -0.00169
 18.6667   11.09276   42.45397   42.6927  148.6434    0.86600    0.00024
 18.6750   10.97571   42.30835   42.7475  148.6779    0.92100    0.00261
 18.6833   10.85805   42.16355   42.8030  148.7130    0.98500    0.00547
 18.6917   10.73978   42.01957   42.8590  148.7488    1.02500    0.00656
 18.7000   10.62091   41.87640   42.9156  148.7853    1.06600    0.00725
 18.7083   10.50144   41.73405   42.9728  148.8224    1.12200    0.00505
 18.7167   10.38138   41.59252   43.0306  148.8602    1.13300    0.00499
 18.7250   10.26073   41.45180   43.0891  148.8986    1.18900    0.00450
 18.7333   10.13950   41.31191   43.1481  148.9378    1.23800    0.00657
 18.7417   10.01769   41.17283   43.2078  148.9777    1.26300    0.00534
 18.7500    9.89530   41.03457   43.2681  149.0183    1.28000    0.00954
 18.7583    9.77235   40.89713   43.3291  149.0596    1.36400    0.01615
 18.7667    9.64883   40.76052   43.3907  149.1017    1.40100    0.02539
 18.7750    9.52475   40.62472   43.4529  149.1445    1.43500    0.02643
 18.7833    9.40011   40.48974   43.5159  149.1881    1.43900    0.02928
 18.7917    9.27492   40.35559   43.5795  149.2324    1.48400    0.02989
 18.8000    9.14918   40.22225   43.6438  149.2776    1.48700    0.03378
 18.8083    9.02290   40.08974   43.7089  149.3235    1.50800    0.02882
 18.8167    8.89608   39.95804   43.7746  149.3702    1.45900    0.02335
 18.8250    8.76872   39.82717   43.8410  149.4178    1.44000    0.01343
 18.8333    8.64083   39.69711   43.9082  149.4662    1.40700    0.01305
 18.8417    8.51242   39.56788   43.9761  149.5155    1.42700    0.02147
 18.8500    8.38348   39.43947   44.0448  149.5656    1.47100    0.02926
 18.8583    8.25403   39.31187   44.1142  149.6166    1.41500    0.03654
 18.8667    8.12406   39.18510   44.1844  149.6685    1.40500    0.03891
 18.8750    7.99358   39.05915   44.2553  149.7213    1.37200    0.04287
 18.8833    7.86260   38.93401   44.3271  149.7750    1.29800    0.04486
 18.8917    7.73112   38.80969   44.3996  149.8296    1.24900    0.04378
 18.9000    7.59914   38.68619   44.4729  149.8852    1.17700    0.03939
 18.9083    7.46666   38.56351   44.5471  149.9418    1.13600    0.03317
 18.9167    7.33370   38.44165   44.6220  149.9993    1.04600    0.03315
 18.9250    7.20026   38.32060   44.6978  150.0578    0.98500    0.03841
 18.9333    7.06633   38.20037   44.7745  150.1174    0.95400    0.02279
 18.9417    6.93193   38.08095   44.8519  150.1779    0.63400    0.00023
 18.9500    6.79706   37.96235   44.9303  150.2396    0.45800   -0.01671
 18.9583    6.66172   37.84456   45.0095  150.3022    0.38100   -0.00355
 18.9667    6.52591   37.72759   45.0896  150.3660    0.30600    0.00000

