hmax        =    300
wind_bottom =      2
wind_top    =     10
critlon     =      0
tbeg, h     =   0.00
tend, h     =  24.00
c_ionex     =      0
c_vert      =      1
time, gamma, az, latp, lonp, tec, tec_filtered
  0.0000   37.74419  307.95642   38.0401  136.8701    3.44200    0.00000
  0.0083   37.91991  308.09351   38.0351  136.8952    3.36800    0.00124
  0.0167   38.09591  308.23044   38.0301  136.9202    3.29200    0.00255
  0.0250   38.27220  308.36725   38.0251  136.9451    3.20100    0.00362
  0.0333   38.44878  308.50391   38.0200  136.9698    3.11900    0.00324
  0.0417   38.62565  308.64044   38.0148  136.9944    3.02600    0.00732
  0.0500   38.80281  308.77682   38.0097  137.0187    2.95200    0.00534
  0.0583   38.98026  308.91306   38.0045  137.0430    2.84700    0.00199
  0.0667   39.15800  309.04916   37.9993  137.0671    2.75100   -0.00510
  0.0750   39.33604  309.18512   37.9940  137.0910    2.66500   -0.01102
  0.0833   39.51436  309.32095   37.9887  137.1149    2.57400   -0.01365
  0.0917   39.69298  309.45663   37.9833  137.1385    2.49300   -0.01572
  0.1000   39.87190  309.59216   37.9780  137.1620    2.41100   -0.01674
  0.1083   40.05111  309.72754   37.9725  137.1854    2.32700   -0.01921
  0.1167   40.23062  309.86279   37.9671  137.2086    2.24200   -0.02389
  0.1250   40.41043  309.99789   37.9616  137.2317    2.15400   -0.02471
  0.1333   40.59054  310.13284   37.9561  137.2547    2.09000   -0.02506
  0.1417   40.77094  310.26767   37.9505  137.2775    2.01200   -0.02169
  0.1500   40.95165  310.40234   37.9450  137.3002    1.94600   -0.02089
  0.1583   41.13266  310.53687   37.9393  137.3227    1.87800   -0.01717
  0.1667   41.31397  310.67126   37.9337  137.3451    1.81900   -0.01572
  0.1750   41.49558  310.80551   37.9280  137.3673    1.74900   -0.01543
  0.1833   41.67749  310.93961   37.9223  137.3895    1.68200   -0.01863
  0.1917   41.85971  311.07358   37.9165  137.4115    1.61400   -0.02132
  0.2000   42.04224  311.20740   37.9107  137.4333    1.55200   -0.02406
  0.2083   42.22507  311.34109   37.9049  137.4551    1.49000   -0.02458
  0.2167   42.40821  311.47461   37.8991  137.4767    1.43600   -0.02325
  0.2250   42.59165  311.60800   37.8932  137.4981    1.38700   -0.01925
  0.2333   42.77541  311.74127   37.8873  137.5195    1.34100   -0.01689
  0.2417   42.95947  311.87436   37.8814  137.5407    1.28500   -0.01425
  0.2500   43.14385  312.00732   37.8754  137.5618    1.24000   -0.01031
  0.2583   43.32853  312.14014   37.8694  137.5827    1.20200   -0.00625
  0.2667   43.51353  312.27283   37.8633  137.6035    1.15000   -0.00473
  0.2750   43.69884  312.40536   37.8573  137.6243    1.09900   -0.00890
  0.2833   43.88446  312.53778   37.8512  137.6448    1.04200   -0.01125
  0.2917   44.07039  312.67001   37.8451  137.6653    1.00000   -0.01003
  0.3000   44.25664  312.80215   37.8389  137.6856    0.96600   -0.00534
  0.3083   44.44321  312.93411   37.8328  137.7059    0.92500   -0.00126
  0.3167   44.63009  313.06595   37.8265  137.7260    0.88300   -0.00283
  0.3250   44.81729  313.19763   37.8203  137.7459    0.82800   -0.00738
  0.3333   45.00481  313.32919   37.8141  137.7658    0.77700   -0.00712
  0.3417   45.19264  313.46060   37.8078  137.7856    0.75600   -0.00466
  0.3500   45.38080  313.59186   37.8014  137.8052    0.71200   -0.00150
  0.3583   45.56927  313.72299   37.7951  137.8247    0.66700   -0.00857
  0.3667   45.75806  313.85397   37.7887  137.8441    0.61000   -0.01434
  0.3750   45.94718  313.98483   37.7823  137.8634    0.57600   -0.02014
  0.3833   46.13662  314.11554   37.7759  137.8825    0.53500   -0.01835
  0.3917   46.32637  314.24612   37.7694  137.9016    0.51100   -0.01977
  0.4000   46.51646  314.37653   37.7630  137.9205    0.46700   -0.02159
  0.4083   46.70686  314.50684   37.7565  137.9393    0.42800   -0.02612
  0.4167   46.89759  314.63699   37.7499  137.9581    0.39700   -0.02663
  0.4250   47.08865  314.76703   37.7434  137.9767    0.37200   -0.02400
  0.4333   47.28003  314.89691   37.7368  137.9952    0.34800   -0.01666
  0.4417   47.47174  315.02664   37.7302  138.0136    0.33900   -0.01213
  0.4500   47.66377  315.15628   37.7235  138.0318    0.30900   -0.00786
  0.4583   47.85614  315.28574   37.7169  138.0500    0.29100   -0.00854
  0.4667   48.04883  315.41510   37.7102  138.0681    0.27000   -0.00911
  0.4750   48.24185  315.54431   37.7035  138.0860    0.24600   -0.01268
  0.4833   48.43520  315.67337   37.6967  138.1039    0.22100   -0.01927
  0.4917   48.62887  315.80234   37.6900  138.1216    0.19200   -0.02468
  0.5000   48.82288  315.93115   37.6832  138.1393    0.17600   -0.02978
  0.5083   49.01723  316.05981   37.6764  138.1568    0.15500   -0.02972
  0.5167   49.21190  316.18839   37.6696  138.1743    0.14800   -0.02605
  0.5250   49.40690  316.31680   37.6627  138.1916    0.14700   -0.01528
  0.5333   49.60224  316.44510   37.6558  138.2088    0.15500   -0.00263
  0.5417   49.79791  316.57324   37.6489  138.2260    0.15700    0.00883
  0.5500   49.99392  316.70129   37.6420  138.2430    0.15400    0.01237
  0.5583   50.19026  316.82919   37.6351  138.2599    0.13400    0.01076
  0.5667   50.38693  316.95700   37.6281  138.2768    0.11900    0.00504
  0.5750   50.58394  317.08466   37.6211  138.2935    0.10300    0.00067
  0.5833   50.78129  317.21219   37.6141  138.3102    0.09000   -0.00343
  0.5917   50.97897  317.33960   37.6070  138.3267    0.07800   -0.00657
  0.6000   51.17699  317.46689   37.6000  138.3432    0.06700   -0.00771
  0.6083   51.37535  317.59406   37.5929  138.3595    0.06300   -0.00666
  0.6167   51.57404  317.72110   37.5858  138.3758    0.05900   -0.00463
  0.6250   51.77307  317.84805   37.5787  138.3920    0.05100   -0.00350
  0.6333   51.97244  317.97485   37.5715  138.4080    0.04400   -0.00349
  0.6417   52.17216  318.10156   37.5644  138.4240    0.03800   -0.00660
  0.6500   52.37221  318.22812   37.5572  138.4399    0.02100   -0.01212
  0.6583   52.57260  318.35461   37.5499  138.4557    0.00800   -0.01690
  0.6667   52.77333  318.48096   37.5427  138.4714    0.00800   -0.01982
  0.6750   52.97440  318.60721   37.5355  138.4870    0.00300   -0.01994
  0.6833   53.17581  318.73334   37.5282  138.5025    0.00600   -0.02202
  0.6917   53.37756  318.85938   37.5209  138.5179    0.00400   -0.02520
  0.7000   53.57966  318.98529   37.5136  138.5333    0.00000   -0.02513
  0.7083   53.78210  319.11108   37.5062  138.5485    0.02000   -0.02433
  0.7167   53.98488  319.23679   37.4989  138.5637    0.02500   -0.02764
  0.7250   54.18800  319.36240   37.4915  138.5788    0.01000   -0.03403
  0.7333   54.39147  319.48792   37.4841  138.5938    0.02300   -0.03817
  0.7417   54.59528  319.61334   37.4767  138.6086    0.04200   -0.03364
  0.7500   54.79943  319.73865   37.4692  138.6235    0.06500   -0.02610
  0.7583   55.00393  319.86386   37.4618  138.6382    0.09500   -0.02004
  0.7667   55.20878  319.98898   37.4543  138.6528    0.11400   -0.01445
  0.7750   55.41396  320.11401   37.4468  138.6674    0.14000   -0.00831
  0.7833   55.61950  320.23895   37.4393  138.6819    0.17600   -0.00746
  0.7917   55.82537  320.36383   37.4318  138.6963    0.17800   -0.00995
  0.8000   56.03159  320.48859   37.4242  138.7106    0.19300   -0.01432
  0.8083   56.23816  320.61328   37.4166  138.7248    0.22400   -0.01215
  0.8167   56.44508  320.73792   37.4090  138.7390    0.25200   -0.00390
  0.8250   56.65234  320.86243   37.4014  138.7530    0.29000    0.00618
  0.8333   56.85994  320.98691   37.3938  138.7670    0.32500    0.01751
  0.8417   57.06789  321.11127   37.3861  138.7809    0.35300    0.02589
  0.8500   57.27619  321.23560   37.3785  138.7947    0.37700    0.03193
  0.8583   57.48484  321.35986   37.3708  138.8085    0.40100    0.03097
  0.8667   57.69383  321.48404   37.3631  138.8221    0.40300    0.02657
  0.8750   57.90317  321.60818   37.3554  138.8357    0.41500    0.02255
  0.8833   58.11285  321.73224   37.3476  138.8492    0.44200    0.02252
  0.8917   58.32289  321.85626   37.3399  138.8627    0.45900    0.01997
  0.9000   58.53327  321.98022   37.3321  138.8760    0.46200    0.00716
  0.9083   58.74399  322.10413   37.3243  138.8893    0.45200   -0.01082
  0.9167   58.95507  322.22803   37.3165  138.9025    0.45100   -0.02521
  0.9250   59.16649  322.35184   37.3086  138.9156    0.46700   -0.03408
  0.9333   59.37826  322.47565   37.3008  138.9286    0.47700   -0.03512
  0.9417   59.59037  322.59940   37.2929  138.9416    0.50400   -0.03339
  0.9500   59.80283  322.72314   37.2850  138.9545    0.53100   -0.02690
  0.9583   60.01564  322.84686   37.2771  138.9674    0.56000   -0.02538
  0.9667   60.22880  322.97055   37.2692  138.9801    0.57300   -0.02487
  0.9750   60.44231  323.09421   37.2613  138.9928    0.60000   -0.02612
  0.9833   60.65616  323.21786   37.2533  139.0054    0.62800   -0.02192
  0.9917   60.87035  323.34155   37.2453  139.0179    0.66800   -0.01707
  1.0000   61.08490  323.46521   37.2373  139.0304    0.70800   -0.01654
  1.0083   61.29979  323.58884   37.2293  139.0428    0.73100   -0.02067
  1.0167   61.51503  323.71252   37.2213  139.0551    0.76200   -0.03007
  1.0250   61.73061  323.83621   37.2133  139.0674    0.78700   -0.03674
  1.0333   61.94654  323.95990   37.2052  139.0795    0.82100   -0.04129
  1.0417   62.16282  324.08365   37.1971  139.0916    0.86100   -0.03981
  1.0500   62.37944  324.20740   37.1890  139.1037    0.90900   -0.03338
  1.0583   62.59641  324.33121   37.1809  139.1156    0.96300   -0.01883
  1.0667   62.81373  324.45505   37.1728  139.1276    1.03200    0.00398
  1.0750   63.03139  324.57895   37.1646  139.1394    1.10700    0.02519
  1.0833   63.24939  324.70291   37.1565  139.1512    1.15200    0.03669
  1.0917   63.46774  324.82693   37.1483  139.1629    1.18500    0.03418
  1.1000   63.68643  324.95105   37.1401  139.1745    1.21100    0.02971
  1.1083   63.90547  325.07523   37.1319  139.1861    1.24900    0.03124
  1.1167   64.12485  325.19952   37.1237  139.1976    1.30200    0.03419
  1.1250   64.34457  325.32388   37.1154  139.2090    1.33200    0.04222
  1.1333   64.56464  325.44839   37.1072  139.2204    1.38400    0.04291
  1.1417   64.78505  325.57297   37.0989  139.2317    1.40700    0.04077
  1.1500   65.00580  325.69772   37.0906  139.2429    1.42000    0.02687
  1.1583   65.22690  325.82260   37.0823  139.2541    1.42700    0.01252
  1.1667   65.44833  325.94760   37.0739  139.2652    1.44400    0.00280
  1.1750   65.67011  326.07281   37.0656  139.2763    1.46800    0.00100
  1.1833   65.89222  326.19815   37.0572  139.2873    1.49600    0.00777
  1.1917   66.11468  326.32370   37.0489  139.2982    1.53600    0.01393
  1.2000   66.33747  326.44943   37.0405  139.3091    1.55400    0.01646
  1.2083   66.56061  326.57538   37.0321  139.3199    1.56700    0.00854
  1.2167   66.78408  326.70154   37.0236  139.3306    1.56800   -0.00037
  1.2250   67.00789  326.82794   37.0152  139.3413    1.57900    0.00716
  1.2333   67.23204  326.95459   37.0067  139.3519    1.64200    0.02315
  1.2417   67.45652  327.08151   36.9983  139.3625    1.66800    0.03123
  1.2500   67.68134  327.20874   36.9898  139.3730    1.65100    0.02099
  1.2583   67.90649  327.33624   36.9813  139.3834    1.65200    0.00892
  1.2667   68.13198  327.46408   36.9727  139.3938    1.67100    0.00930
  1.2750   68.35780  327.59222   36.9642  139.4041    1.69300    0.01580
  1.2833   68.58395  327.72076   36.9556  139.4144    1.71300    0.01570
  1.2917   68.81044  327.84967   36.9471  139.4246    1.71000    0.01301
  1.3000   69.03725  327.97894   36.9385  139.4348    1.72400    0.00849
  1.3083   69.26440  328.10867   36.9299  139.4449    1.73900   -0.00370
  1.3167   69.49187  328.23883   36.9213  139.4549    1.71100   -0.01817
  1.3250   69.71968  328.36948   36.9126  139.4649    1.71600   -0.03223
  1.3333   69.94781  328.50061   36.9040  139.4748    1.73100   -0.02951
  1.3417   70.17626  328.63226   36.8953  139.4847    1.75700   -0.01876
  1.3500   70.40505  328.76447   36.8866  139.4945    1.78800   -0.00698
  1.3583   70.63415  328.89725   36.8779  139.5042    1.80500   -0.00087
  1.3667   70.86358  329.03064   36.8692  139.5139    1.81200   -0.00033
  1.3750   71.09333  329.16470   36.8605  139.5236    1.82600    0.00022
  1.3833   71.32340  329.29944   36.8517  139.5332    1.84500    0.00793
  1.3917   71.55380  329.43488   36.8430  139.5427    1.87600    0.01490
  1.4000   71.78451  329.57111   36.8342  139.5522    1.89100    0.01417
  1.4083   72.01553  329.70813   36.8254  139.5617    1.89000    0.00414
  1.4167   72.24688  329.84598   36.8166  139.5710    1.89700   -0.00854
  1.4250   72.47853  329.98474   36.8078  139.5804    1.90500   -0.01905
  1.4333   72.71050  330.12445   36.7989  139.5897    1.91000   -0.02177
  1.4417   72.94278  330.26514   36.7901  139.5989    1.93900   -0.02068
  1.4500   73.17537  330.40689   36.7812  139.6081    1.95700   -0.01448
  1.4583   73.40827  330.54974   36.7723  139.6172    1.97800   -0.01406
  1.4667   73.64148  330.69376   36.7634  139.6263    1.99200   -0.01102
  1.4750   73.87499  330.83905   36.7545  139.6353    2.02300   -0.00749
  1.4833   74.10880  330.98563   36.7455  139.6443    2.05100    0.00010
  1.4917   74.34291  331.13361   36.7366  139.6532    2.08200    0.00019
  1.5000   74.57732  331.28305   36.7276  139.6621    2.09300   -0.00536
  1.5083   74.81203  331.43405   36.7186  139.6709    2.10600   -0.02059
  1.5167   75.04704  331.58670   36.7096  139.6797    2.10900   -0.03875
  1.5250   75.28233  331.74109   36.7006  139.6884    2.11200   -0.05058
  1.5333   75.51792  331.89734   36.6915  139.6971    2.14500   -0.04344
  1.5417   75.75379  332.05557   36.6825  139.7058    2.20700   -0.01826
  1.5500   75.98995  332.21591   36.6734  139.7144    2.26800    0.01051
  1.5583   76.22639  332.37845   36.6643  139.7229    2.31500    0.02440
  1.5667   76.46311  332.54337   36.6552  139.7314    2.33500    0.02339
  1.5750   76.70011  332.71078   36.6461  139.7399    2.35300    0.01366
  1.5833   76.93738  332.88092   36.6370  139.7483    2.37600    0.00144
  1.5917   77.17492  333.05392   36.6278  139.7567    2.39200   -0.01121
  1.6000   77.41273  333.22998   36.6187  139.7650    2.41400   -0.02723
  1.6083   77.65080  333.40933   36.6095  139.7733    2.43400   -0.04012
  1.6167   77.88913  333.59216   36.6003  139.7815    2.46600   -0.04579
  1.6250   78.12771  333.77878   36.5911  139.7897    2.51200   -0.04214
  1.6333   78.36654  333.96939   36.5819  139.7979    2.55800   -0.02859
  1.6417   78.60562  334.16437   36.5726  139.8060    2.61600   -0.01647
  1.6500   78.84494  334.36398   36.5634  139.8140    2.65700   -0.01176
  1.6583   79.08450  334.56863   36.5541  139.8221    2.68200   -0.00818
  1.6667   79.32428  334.77866   36.5448  139.8301    2.73900   -0.00388
  1.6750   79.56429  334.99457   36.5355  139.8380    2.78400    0.00983
  1.6833   79.80451  335.21683   36.5262  139.8459    2.83900    0.02429
  1.6917   80.04494  335.44595   36.5168  139.8538    2.89800    0.03102
  1.7000   80.28557  335.68253   36.5075  139.8617    2.91700    0.03061
  1.7083   80.52639  335.92725   36.4981  139.8695    2.94700    0.02479
  1.7167   80.76740  336.18082   36.4887  139.8772    2.98700    0.02913
  1.7250   81.00858  336.44415   36.4793  139.8850    3.03400    0.03405
  1.7333   81.24992  336.71808   36.4699  139.8927    3.06400    0.03621
  1.7417   81.49141  337.00375   36.4605  139.9003    3.09500    0.03321
  1.7500   81.73303  337.30231   36.4511  139.9080    3.12600    0.02827
  1.7583   81.97477  337.61514   36.4416  139.9156    3.15000    0.01346
  1.7667   82.21661  337.94379   36.4322  139.9232    3.14900   -0.00932
  1.7750   82.45853  338.29007   36.4227  139.9307    3.15400   -0.02912
  1.7833   82.70052  338.65607   36.4132  139.9383    3.18600   -0.03627
  1.7917   82.94254  339.04413   36.4037  139.9458    3.22400   -0.03755
  1.8000   83.18457  339.45706   36.3942  139.9533    3.25000   -0.03446
  1.8083   83.42657  339.89816   36.3847  139.9608    3.29700   -0.03142
  1.8167   83.66852  340.37131   36.3751  139.9682    3.33700   -0.02793
  1.8250   83.91036  340.88107   36.3656  139.9757    3.36600   -0.02264
  1.8333   84.15205  341.43295   36.3561  139.9832    3.42100   -0.02060
  1.8417   84.39354  342.03363   36.3465  139.9907    3.45400   -0.01890
  1.8500   84.63475  342.69119   36.3369  139.9981    3.48800   -0.02317
  1.8583   84.87560  343.41559   36.3274  140.0056    3.53300   -0.02692
  1.8667   85.11601  344.21921   36.3178  140.0132    3.57600   -0.02340
  1.8750   85.35586  345.11761   36.3082  140.0208    3.63800   -0.02141
  1.8833   85.59500  346.13068   36.2987  140.0285    3.68500   -0.01963
  1.8917   85.83328  347.28400   36.2891  140.0362    3.73400   -0.02624
  1.9000   86.07047  348.61115   36.2795  140.0441    3.77700   -0.03349
  1.9083   86.30633  350.15707   36.2699  140.0522    3.82600   -0.04218
  1.9167   86.54052  351.98276   36.2602  140.0606    3.87400   -0.04279
  1.9250   86.77261  354.17288   36.2505  140.0692    3.94500   -0.04066
  1.9333   87.00206  356.84750   36.2407  140.0783    4.00600   -0.03433
  1.9417   87.22813    0.18052   36.2307  140.0880    4.07000   -0.03083
  1.9500   87.44986    4.42817   36.2204  140.0985    4.13600   -0.01797
  1.9583   87.66593    9.97088   36.2094  140.1100    4.22800   -0.00091
  1.9667   87.87451   17.36104   36.1973  140.1228    4.30700    0.01389
  1.9750   88.07308   27.32364   36.1830  140.1368    4.36700    0.01469
  1.9833   88.25811   40.51985   36.1655  140.1505    4.41900    0.01317
  1.9917   88.42470   56.76066   36.1448  140.1609    4.49400    0.01026
  2.0000   88.56628   74.10573   36.1236  140.1643    4.55400    0.00879
  2.0083   88.67468   89.74287   36.1062  140.1613    4.61300    0.00053
  2.0167   88.74116  102.15493   36.0940  140.1560    4.67000   -0.00375
  2.0250   88.75881  111.44996   36.0856  140.1518    4.74300   -0.00296
  2.0333   88.72548  118.35000   36.0788  140.1499    4.81800   -0.00428
  2.0417   88.64478  123.54744   36.0723  140.1503    4.86800   -0.01375
  2.0500   88.52436  127.55127   36.0655  140.1526    4.91600   -0.02150
  2.0583   88.37291  130.70877   36.0582  140.1561    4.99500   -0.02262
  2.0667   88.19815  133.25385   36.0504  140.1605    5.06600   -0.01727
  2.0750   88.00610  135.34575   36.0422  140.1655    5.13500   -0.01362
  2.0833   87.80123  137.09502   36.0335  140.1708    5.21400   -0.00961
  2.0917   87.58674  138.57996   36.0245  140.1763    5.29100   -0.01083
  2.1000   87.36490  139.85732   36.0153  140.1820    5.35100   -0.01702
  2.1083   87.13737  140.96896   36.0059  140.1878    5.42000   -0.02357
  2.1167   86.90536  141.94644   35.9963  140.1936    5.50000   -0.02511
  2.1250   86.66976  142.81384   35.9865  140.1995    5.57800   -0.03349
  2.1333   86.43123  143.58992   35.9766  140.2054    5.62900   -0.04144
  2.1417   86.19029  144.28940   35.9666  140.2112    5.71200   -0.04850
  2.1500   85.94734  144.92406   35.9565  140.2171    5.79500   -0.03447
  2.1583   85.70267  145.50336   35.9464  140.2229    5.91300   -0.02067
  2.1667   85.45654  146.03505   35.9361  140.2288    5.99900   -0.00212
  2.1750   85.20914  146.52548   35.9258  140.2346    6.09900    0.00836
  2.1833   84.96063  146.97993   35.9154  140.2403    6.19500    0.01746
  2.1917   84.71114  147.40285   35.9050  140.2461    6.28200    0.01482
  2.2000   84.46079  147.79790   35.8945  140.2518    6.35300   -0.00012
  2.2083   84.20965  148.16827   35.8839  140.2576    6.41700   -0.02090
  2.2167   83.95781  148.51665   35.8733  140.2632    6.49100   -0.03177
  2.2250   83.70533  148.84535   35.8627  140.2689    6.59600   -0.02954
  2.2333   83.45227  149.15639   35.8520  140.2745    6.70400   -0.02720
  2.2417   83.19867  149.45148   35.8413  140.2801    6.78000   -0.02956
  2.2500   82.94458  149.73213   35.8305  140.2857    6.87200   -0.03770
  2.2583   82.69002  149.99969   35.8197  140.2912    6.96300   -0.03162
  2.2667   82.43504  150.25529   35.8088  140.2968    7.08300   -0.01683
  2.2750   82.17965  150.50002   35.7979  140.3022    7.20200   -0.00506
  2.2833   81.92389  150.73473   35.7870  140.3077    7.28600   -0.00287
  2.2917   81.66777  150.96024   35.7760  140.3132    7.38000   -0.00367
  2.3000   81.41132  151.17731   35.7650  140.3186    7.49300   -0.00122
  2.3083   81.15455  151.38654   35.7539  140.3240    7.58900    0.00531
  2.3167   80.89748  151.58855   35.7429  140.3294    7.69600    0.00943
  2.3250   80.64013  151.78384   35.7317  140.3347    7.80200    0.01516
  2.3333   80.38249  151.97289   35.7206  140.3400    7.90200    0.01722
  2.3417   80.12460  152.15614   35.7094  140.3453    7.99800    0.01759
  2.3500   79.86646  152.33395   35.6981  140.3506    8.09700    0.01826
  2.3583   79.60807  152.50671   35.6868  140.3559    8.19600    0.01305
  2.3667   79.34946  152.67471   35.6755  140.3611    8.27600    0.00338
  2.3750   79.09062  152.83826   35.6642  140.3663    8.36400   -0.00057
  2.3833   78.83157  152.99760   35.6528  140.3715    8.48000    0.00088
  2.3917   78.57231  153.15303   35.6414  140.3767    8.57500   -0.00003
  2.4000   78.31286  153.30472   35.6299  140.3818    8.65800   -0.01430
  2.4083   78.05321  153.45291   35.6184  140.3869    8.73900   -0.02960
  2.4167   77.79338  153.59778   35.6069  140.3920    8.83700   -0.04478
  2.4250   77.53337  153.73952   35.5953  140.3971    8.92500   -0.05308
  2.4333   77.27319  153.87827   35.5837  140.4022    9.03200   -0.04049
  2.4417   77.01284  154.01419   35.5720  140.4072    9.19700   -0.03376
  2.4500   76.75233  154.14743   35.5603  140.4122    9.27100   -0.04833
  2.4583   76.49167  154.27811   35.5486  140.4173    9.31600   -0.06675
  2.4667   76.23085  154.40636   35.5368  140.4222    9.47200   -0.05961
  2.4750   75.96988  154.53229   35.5250  140.4272    9.62900   -0.03511
  2.4833   75.70878  154.65601   35.5132  140.4322    9.73600   -0.01004
  2.4917   75.44754  154.77759   35.5013  140.4371    9.90300    0.00131
  2.5000   75.18616  154.89716   35.4893  140.4420   10.02100    0.01179
  2.5083   74.92466  155.01477   35.4774  140.4469   10.12600    0.01001
  2.5167   74.66304  155.13052   35.4654  140.4518   10.25300    0.00964
  2.5250   74.40129  155.24451   35.4533  140.4566   10.37300    0.00368
  2.5333   74.13943  155.35675   35.4412  140.4615   10.45900   -0.00117
  2.5417   73.87746  155.46735   35.4291  140.4663   10.59300    0.00621
  2.5500   73.61537  155.57635   35.4169  140.4711   10.75500    0.03715
  2.5583   73.35319  155.68385   35.4047  140.4759   10.91300    0.06293
  2.5667   73.09090  155.78986   35.3924  140.4807   11.02500    0.05494
  2.5750   72.82852  155.89444   35.3801  140.4855   11.07800    0.03259
  2.5833   72.56604  155.99765   35.3677  140.4902   11.19200    0.00208
  2.5917   72.30348  156.09953   35.3553  140.4950   11.27800   -0.00769
  2.6000   72.04082  156.20013   35.3429  140.4997   11.39300   -0.01610
  2.6083   71.77809  156.29948   35.3304  140.5044   11.50700   -0.01251
  2.6167   71.51527  156.39763   35.3179  140.5091   11.63000   -0.00940
  2.6250   71.25238  156.49461   35.3053  140.5138   11.74400   -0.01206
  2.6333   70.98942  156.59047   35.2927  140.5185   11.83700   -0.02056
  2.6417   70.72639  156.68523   35.2800  140.5231   11.93400   -0.00941
  2.6500   70.46329  156.77892   35.2673  140.5278   12.10300    0.01867
  2.6583   70.20013  156.87157   35.2545  140.5324   12.24800    0.03845
  2.6667   69.93691  156.96320   35.2417  140.5370   12.31800    0.03077
  2.6750   69.67363  157.05385   35.2288  140.5416   12.40100    0.01478
  2.6833   69.41030  157.14355   35.2159  140.5462   12.52000    0.01294
  2.6917   69.14692  157.23233   35.2030  140.5508   12.63900    0.01916
  2.7000   68.88349  157.32019   35.1899  140.5554   12.75000    0.01843
  2.7083   68.62002  157.40717   35.1769  140.5600   12.84800    0.01158
  2.7167   68.35651  157.49327   35.1638  140.5646   12.95000   -0.00036
  2.7250   68.09295  157.57854   35.1506  140.5691   13.04800   -0.01454
  2.7333   67.82937  157.66298   35.1374  140.5737   13.13900   -0.03667
  2.7417   67.56575  157.74661   35.1241  140.5782   13.21100   -0.05426
  2.7500   67.30211  157.82945   35.1108  140.5827   13.32000   -0.05682
  2.7583   67.03843  157.91153   35.0974  140.5872   13.46300   -0.04005
  2.7667   66.77474  157.99284   35.0840  140.5917   13.60400   -0.02378
  2.7750   66.51103  158.07341   35.0705  140.5963   13.71600   -0.01533
  2.7833   66.24730  158.15326   35.0569  140.6007   13.83500   -0.00552
  2.7917   65.98355  158.23239   35.0433  140.6052   13.98400   -0.00147
  2.8000   65.71979  158.31084   35.0296  140.6097   14.08400   -0.00074
  2.8083   65.45603  158.38858   35.0159  140.6142   14.20000   -0.01283
  2.8167   65.19226  158.46565   35.0021  140.6187   14.31400   -0.03075
  2.8250   64.92849  158.54205   34.9883  140.6231   14.40300   -0.03539
  2.8333   64.66472  158.61781   34.9744  140.6276   14.56900   -0.03337
  2.8417   64.40095  158.69295   34.9605  140.6320   14.71000   -0.02995
  2.8500   64.13719  158.76744   34.9464  140.6365   14.80800   -0.03852
  2.8583   63.87344  158.84131   34.9324  140.6409   14.94100   -0.04252
  2.8667   63.60970  158.91458   34.9182  140.6454   15.10400   -0.03464
  2.8750   63.34598  158.98724   34.9040  140.6498   15.24500   -0.02470
  2.8833   63.08227  159.05931   34.8898  140.6543   15.38700   -0.02240
  2.8917   62.81858  159.13080   34.8754  140.6587   15.52600   -0.02289
  2.9000   62.55492  159.20172   34.8610  140.6631   15.66200   -0.03036
  2.9083   62.29129  159.27206   34.8466  140.6675   15.78600   -0.03109
  2.9167   62.02768  159.34184   34.8320  140.6720   15.94800   -0.01489
  2.9250   61.76410  159.41109   34.8174  140.6764   16.13800    0.01432
  2.9333   61.50056  159.47978   34.8028  140.6808   16.30600    0.03731
  2.9417   61.23706  159.54794   34.7880  140.6852   16.45300    0.04286
  2.9500   60.97359  159.61555   34.7732  140.6897   16.58900    0.03516
  2.9583   60.71017  159.68266   34.7584  140.6941   16.71200    0.02300
  2.9667   60.44680  159.74924   34.7434  140.6985   16.84300    0.01640
  2.9750   60.18347  159.81531   34.7284  140.7029   17.00000    0.01195
  2.9833   59.92019  159.88087   34.7133  140.7074   17.13200   -0.00451
  2.9917   59.65697  159.94592   34.6981  140.7118   17.22300   -0.03192
  3.0000   59.39381  160.01048   34.6829  140.7162   17.34200   -0.04009
  3.0083   59.13070  160.07457   34.6676  140.7207   17.53800   -0.02702
  3.0167   58.86765  160.13815   34.6522  140.7251   17.70000   -0.01303
  3.0250   58.60467  160.20125   34.6367  140.7295   17.82200   -0.01382
  3.0333   58.34176  160.26389   34.6212  140.7340   17.97100   -0.01710
  3.0417   58.07892  160.32603   34.6056  140.7384   18.13200   -0.01334
  3.0500   57.81614  160.38771   34.5899  140.7429   18.28700   -0.01536
  3.0583   57.55345  160.44893   34.5741  140.7473   18.42200   -0.02686
  3.0667   57.29083  160.50969   34.5582  140.7518   18.55200   -0.04020
  3.0750   57.02829  160.56999   34.5423  140.7563   18.70400   -0.04712
  3.0833   56.76584  160.62984   34.5262  140.7607   18.86800   -0.04569
  3.0917   56.50347  160.68924   34.5101  140.7652   19.03500   -0.04202
  3.1000   56.24119  160.74820   34.4939  140.7697   19.20100   -0.03181
  3.1083   55.97900  160.80672   34.4776  140.7742   19.39300   -0.01569
  3.1167   55.71690  160.86478   34.4612  140.7787   19.58600    0.00083
  3.1250   55.45490  160.92241   34.4448  140.7832   19.75500    0.00883
  3.1333   55.19299  160.97961   34.4282  140.7877   19.91900   -0.00318
  3.1417   54.93119  161.03639   34.4116  140.7923   20.04700   -0.02181
  3.1500   54.66950  161.09273   34.3948  140.7968   20.20400   -0.03754
  3.1583   54.40790  161.14865   34.3780  140.8014   20.38900   -0.03282
  3.1667   54.14642  161.20415   34.3611  140.8059   20.59900   -0.01824
  3.1750   53.88505  161.25922   34.3440  140.8105   20.79700   -0.01063
  3.1833   53.62379  161.31387   34.3269  140.8151   20.96000   -0.01583
  3.1917   53.36265  161.36812   34.3097  140.8197   21.12400   -0.03971
  3.2000   53.10162  161.42197   34.2924  140.8243   21.25300   -0.05104
  3.2083   52.84072  161.47539   34.2750  140.8289   21.46400   -0.04434
  3.2167   52.57994  161.52840   34.2574  140.8335   21.69800   -0.01953
  3.2250   52.31929  161.58099   34.2398  140.8382   21.90100   -0.00299
  3.2333   52.05877  161.63319   34.2221  140.8428   22.08900    0.00670
  3.2417   51.79837  161.68500   34.2043  140.8475   22.30500    0.00857
  3.2500   51.53811  161.73640   34.1863  140.8522   22.48400    0.00184
  3.2583   51.27799  161.78740   34.1683  140.8569   22.64300   -0.01114
  3.2667   51.01801  161.83801   34.1501  140.8616   22.83900   -0.02411
  3.2750   50.75816  161.88821   34.1319  140.8664   23.02200   -0.02163
  3.2833   50.49846  161.93803   34.1135  140.8712   23.24500   -0.01934
  3.2917   50.23890  161.98746   34.0950  140.8759   23.44200   -0.01788
  3.3000   49.97949  162.03648   34.0764  140.8808   23.61900   -0.01866
  3.3083   49.72023  162.08514   34.0577  140.8856   23.82700   -0.01368
  3.3167   49.46113  162.13341   34.0388  140.8904   24.04500    0.00125
  3.3250   49.20217  162.18127   34.0198  140.8953   24.26400    0.01561
  3.3333   48.94338  162.22876   34.0008  140.9001   24.47700    0.02565
  3.3417   48.68474  162.27586   33.9816  140.9051   24.68300    0.02669
  3.3500   48.42627  162.32259   33.9622  140.9100   24.87000    0.01886
  3.3583   48.16796  162.36893   33.9428  140.9149   25.05000    0.00111
  3.3667   47.90982  162.41489   33.9232  140.9199   25.21900   -0.02236
  3.3750   47.65184  162.46046   33.9035  140.9249   25.38800   -0.04586
  3.3833   47.39404  162.50566   33.8836  140.9299   25.57500   -0.05051
  3.3917   47.13640  162.55049   33.8637  140.9350   25.82500   -0.03765
  3.4000   46.87895  162.59494   33.8435  140.9400   26.06800   -0.01757
  3.4083   46.62167  162.63901   33.8233  140.9451   26.28700   -0.01728
  3.4167   46.36457  162.68272   33.8029  140.9503   26.46100   -0.03113
  3.4250   46.10765  162.72604   33.7824  140.9554   26.64900   -0.04911
  3.4333   45.85091  162.76900   33.7617  140.9606   26.85100   -0.04869
  3.4417   45.59437  162.81158   33.7409  140.9658   27.09800   -0.03491
  3.4500   45.33801  162.85381   33.7200  140.9711   27.34300   -0.01084
  3.4583   45.08184  162.89565   33.6989  140.9764   27.59600    0.00447
  3.4667   44.82586  162.93712   33.6776  140.9817   27.82200    0.01116
  3.4750   44.57008  162.97823   33.6562  140.9870   28.04200    0.01818
  3.4833   44.31449  163.01897   33.6346  140.9924   28.29900    0.02249
  3.4917   44.05911  163.05934   33.6129  140.9978   28.51200    0.02031
  3.5000   43.80392  163.09933   33.5911  141.0032   28.70600    0.00371
  3.5083   43.54894  163.13898   33.5690  141.0087   28.90400   -0.02249
  3.5167   43.29416  163.17825   33.5468  141.0142   29.07800   -0.04195
  3.5250   43.03959  163.21716   33.5245  141.0198   29.30100   -0.04010
  3.5333   42.78523  163.25571   33.5020  141.0254   29.59200   -0.01587
  3.5417   42.53107  163.29388   33.4793  141.0310   29.86600    0.00741
  3.5500   42.27714  163.33171   33.4564  141.0367   30.09100    0.01462
  3.5583   42.02341  163.36916   33.4334  141.0424   30.31900    0.00806
  3.5667   41.76991  163.40625   33.4102  141.0481   30.53800   -0.00532
  3.5750   41.51662  163.44298   33.3868  141.0539   30.73900   -0.03220
  3.5833   41.26356  163.47934   33.3632  141.0598   30.91500   -0.06249
  3.5917   41.01071  163.51535   33.3395  141.0656   31.12900   -0.07725
  3.6000   40.75810  163.55099   33.3155  141.0716   31.40900   -0.07011
  3.6083   40.50570  163.58627   33.2914  141.0775   31.69200   -0.04638
  3.6167   40.25354  163.62120   33.2671  141.0836   31.98400   -0.02970
  3.6250   40.00161  163.65576   33.2426  141.0896   32.23200   -0.02217
  3.6333   39.74991  163.68996   33.2179  141.0957   32.47400   -0.01879
  3.6417   39.49845  163.72380   33.1930  141.1019   32.75100   -0.01209
  3.6500   39.24722  163.75728   33.1679  141.1081   33.02400   -0.00923
  3.6583   38.99623  163.79041   33.1426  141.1144   33.25900   -0.00369
  3.6667   38.74548  163.82317   33.1171  141.1207   33.55900   -0.00039
  3.6750   38.49497  163.85556   33.0913  141.1271   33.83500    0.00442
  3.6833   38.24470  163.88760   33.0654  141.1335   34.08900   -0.00174
  3.6917   37.99468  163.91930   33.0392  141.1400   34.34900   -0.01676
  3.7000   37.74491  163.95061   33.0129  141.1465   34.58600   -0.02999
  3.7083   37.49538  163.98158   32.9863  141.1531   34.85300   -0.04041
  3.7167   37.24611  164.01218   32.9594  141.1598   35.13400   -0.03617
  3.7250   36.99708  164.04243   32.9324  141.1665   35.45100   -0.04073
  3.7333   36.74832  164.07233   32.9051  141.1733   35.68800   -0.05406
  3.7417   36.49980  164.10185   32.8775  141.1801   35.93700   -0.06169
  3.7500   36.25155  164.13103   32.8498  141.1870   36.28600   -0.05679
  3.7583   36.00355  164.15984   32.8218  141.1940   36.58800   -0.04200
  3.7667   35.75582  164.18828   32.7935  141.2010   36.89500   -0.04616
  3.7750   35.50834  164.21637   32.7650  141.2082   37.17200   -0.04625
  3.7833   35.26114  164.24411   32.7362  141.2153   37.51400   -0.04610
  3.7917   35.01419  164.27148   32.7072  141.2226   37.84000   -0.03541
  3.8000   34.76752  164.29849   32.6779  141.2299   38.18300   -0.03134
  3.8083   34.52111  164.32515   32.6484  141.2373   38.50700   -0.03814
  3.8167   34.27497  164.35146   32.6186  141.2448   38.79800   -0.05687
  3.8250   34.02911  164.37738   32.5885  141.2523   39.10300   -0.07679
  3.8333   33.78352  164.40295   32.5581  141.2599   39.43900   -0.07752
  3.8417   33.53820  164.42818   32.5275  141.2676   39.83800   -0.06467
  3.8500   33.29316  164.45303   32.4965  141.2754   40.22300   -0.05057
  3.8583   33.04840  164.47752   32.4653  141.2832   40.58500   -0.04909
  3.8667   32.80392  164.50166   32.4338  141.2912   40.94200   -0.05784
  3.8750   32.55972  164.52544   32.4019  141.2992   41.29700   -0.06049
  3.8833   32.31581  164.54884   32.3698  141.3073   41.70700   -0.05719
  3.8917   32.07218  164.57191   32.3374  141.3155   42.11300   -0.05408
  3.9000   31.82883  164.59460   32.3046  141.3238   42.49100   -0.05680
  3.9083   31.58577  164.61693   32.2715  141.3322   42.89800   -0.06859
  3.9167   31.34300  164.63889   32.2381  141.3406   43.28600   -0.07882
  3.9250   31.10052  164.66051   32.2044  141.3492   43.69000   -0.08201
  3.9333   30.85833  164.68175   32.1704  141.3579   44.14900   -0.07600
  3.9417   30.61644  164.70262   32.1360  141.3666   44.60100   -0.06799
  3.9500   30.37484  164.72314   32.1012  141.3755   45.04100   -0.06633
  3.9583   30.13353  164.74329   32.0661  141.3844   45.49600   -0.06873
  3.9667   29.89253  164.76308   32.0307  141.3935   45.95200   -0.06424
  3.9750   29.65182  164.78252   31.9949  141.4027   46.45300   -0.06068
  3.9833   29.41141  164.80157   31.9587  141.4120   46.92400   -0.05186
  3.9917   29.17130  164.82027   31.9222  141.4213   47.43300   -0.06371
  4.0000   28.93149  164.83859   31.8852  141.4308   47.84700   -0.07545
  4.0083   28.69199  164.85657   31.8479  141.4404   48.34500   -0.08570
  4.0167   28.45280  164.87416   31.8102  141.4502   48.88300   -0.07544
  4.0250   28.21391  164.89139   31.7722  141.4600   49.42900   -0.06025
  4.0333   27.97533  164.90826   31.7337  141.4700   49.97300   -0.05293
  4.0417   27.73705  164.92476   31.6948  141.4800   50.49100   -0.04537
  4.0500   27.49909  164.94089   31.6554  141.4902   51.06100   -0.04954
  4.0583   27.26144  164.95665   31.6157  141.5006   51.56100   -0.04567
  4.0667   27.02410  164.97205   31.5755  141.5110   52.14600   -0.04746
  4.0750   26.78708  164.98708   31.5349  141.5216   52.70600   -0.04119
  4.0833   26.55037  165.00172   31.4939  141.5323   53.27600   -0.04828
  4.0917   26.31398  165.01601   31.4524  141.5432   53.80500   -0.05472
  4.1000   26.07791  165.02992   31.4104  141.5542   54.38800   -0.06175
  4.1083   25.84215  165.04347   31.3680  141.5653   54.97100   -0.05657
  4.1167   25.60672  165.05666   31.3251  141.5766   55.58900   -0.05700
  4.1250   25.37161  165.06944   31.2817  141.5880   56.16100   -0.05258
  4.1333   25.13682  165.08188   31.2379  141.5996   56.79700   -0.05149
  4.1417   24.90235  165.09393   31.1935  141.6113   57.42800   -0.04541
  4.1500   24.66821  165.10562   31.1486  141.6232   58.06100   -0.05362
  4.1583   24.43439  165.11693   31.1033  141.6352   58.64500   -0.07202
  4.1667   24.20090  165.12785   31.0574  141.6474   59.24200   -0.09390
  4.1750   23.96774  165.13841   31.0110  141.6597   59.88600   -0.10827
  4.1833   23.73491  165.14861   30.9640  141.6722   60.54800   -0.11821
  4.1917   23.50241  165.15842   30.9165  141.6849   61.20800   -0.12556
  4.2000   23.27024  165.16785   30.8684  141.6978   61.90800   -0.12886
  4.2083   23.03840  165.17690   30.8198  141.7108   62.64000   -0.12073
  4.2167   22.80690  165.18558   30.7706  141.7240   63.41600   -0.11342
  4.2250   22.57573  165.19386   30.7209  141.7374   64.15200   -0.10598
  4.2333   22.34489  165.20180   30.6705  141.7509   64.92900   -0.11202
  4.2417   22.11440  165.20932   30.6195  141.7647   65.67200   -0.12062
  4.2500   21.88424  165.21648   30.5679  141.7786   66.44800   -0.13413
  4.2583   21.65442  165.22327   30.5157  141.7927   67.24700   -0.14469
  4.2667   21.42494  165.22964   30.4629  141.8071   68.06300   -0.13815
  4.2750   21.19580  165.23566   30.4094  141.8216   69.00500   -0.12855
  4.2833   20.96700  165.24129   30.3553  141.8363   69.88000   -0.12111
  4.2917   20.73855  165.24654   30.3005  141.8513   70.73200   -0.12949
  4.3000   20.51044  165.25139   30.2450  141.8664   71.61600   -0.12802
  4.3083   20.28267  165.25587   30.1889  141.8818   72.60900   -0.11711
  4.3167   20.05525  165.25996   30.1320  141.8973   73.58300   -0.10976
  4.3250   19.82818  165.26366   30.0745  141.9131   74.51200   -0.11783
  4.3333   19.60145  165.26698   30.0162  141.9292   75.47000   -0.12419
  4.3417   19.37507  165.26990   29.9572  141.9454   76.52700   -0.13093
  4.3500   19.14905  165.27245   29.8974  141.9619   77.52100   -0.13756
  4.3583   18.92337  165.27460   29.8369  141.9786   78.54200   -0.15774
  4.3667   18.69804  165.27635   29.7757  141.9956   79.56300   -0.17678
  4.3750   18.47307  165.27773   29.7136  142.0128   80.62100   -0.18345
  4.3833   18.24845  165.27870   29.6508  142.0302   81.78500   -0.17640
  4.3917   18.02418  165.27928   29.5871  142.0480   82.95900   -0.15534
  4.4000   17.80027  165.27946   29.5227  142.0659   84.17400   -0.13280
  4.4083   17.57672  165.27927   29.4574  142.0842   85.40700   -0.11022
  4.4167   17.35352  165.27867   29.3912  142.1027   86.64400   -0.09532
  4.4250   17.13068  165.27768   29.3242  142.1214   87.86200   -0.08110
  4.4333   16.90819  165.27629   29.2564  142.1405   89.15600   -0.07501
  4.4417   16.68607  165.27451   29.1876  142.1598   90.40500   -0.07933
  4.4500   16.46431  165.27232   29.1180  142.1794   91.62900   -0.10423
  4.4583   16.24290  165.26974   29.0474  142.1993   92.85000   -0.12539
  4.4667   16.02186  165.26675   28.9759  142.2196   94.19600   -0.13855
  4.4750   15.80119  165.26337   28.9035  142.2401   95.54600   -0.15280
  4.4833   15.58087  165.25958   28.8301  142.2609   96.81900   -0.16846
  4.4917   15.36092  165.25540   28.7558  142.2820   98.21200   -0.18969
  4.5000   15.14134  165.25082   28.6805  142.3034   99.57600   -0.19254
  4.5083   14.92212  165.24582   28.6041  142.3252  101.05700   -0.18182
  4.5167   14.70327  165.24043   28.5268  142.3472  102.63000   -0.15707
  4.5250   14.48478  165.23463   28.4484  142.3697  104.18400   -0.13845
  4.5333   14.26667  165.22842   28.3690  142.3924  105.70100   -0.13867
  4.5417   14.04892  165.22180   28.2885  142.4155  107.22300   -0.14131
  4.5500   13.83155  165.21478   28.2070  142.4389  108.86000   -0.15100
  4.5583   13.61454  165.20735   28.1243  142.4627  110.42400   -0.17050
  4.5667   13.39790  165.19949   28.0406  142.4869  111.96900   -0.15968
  4.5750   13.18164  165.19125   27.9557  142.5114  113.65000   -0.14195
  4.5833   12.96575  165.18259   27.8697  142.5363  115.39900   -0.11109
  4.5917   12.75024  165.17351   27.7826  142.5615  117.13600   -0.08199
  4.6000   12.53510  165.16402   27.6942  142.5872  118.91200   -0.06179
  4.6083   12.32033  165.15411   27.6047  142.6132  120.72800   -0.04122
  4.6167   12.10594  165.14378   27.5140  142.6396  122.66400   -0.01686
  4.6250   11.89193  165.13306   27.4221  142.6664  124.64700   -0.00138
  4.6333   11.67830  165.12190   27.3289  142.6936  126.61800    0.00000

 22.4583   10.22116  281.94046   37.5227  128.0310   14.55100    0.00000
 22.4667   10.36210  282.09396   37.5426  128.1225   14.61100    0.00343
 22.4750   10.50315  282.24744   37.5621  128.2133   14.63300    0.00816
 22.4833   10.64430  282.40085   37.5812  128.3034   14.60300    0.01025
 22.4917   10.78557  282.55429   37.5999  128.3927   14.58500    0.02254
 22.5000   10.92694  282.70767   37.6183  128.4813   14.57500    0.04209
 22.5083   11.06843  282.86102   37.6363  128.5692   14.57400    0.04025
 22.5167   11.21003  283.01434   37.6539  128.6563   14.36100    0.02768
 22.5250   11.35175  283.16763   37.6711  128.7428   14.23400    0.02058
 22.5333   11.49358  283.32092   37.6881  128.8286   14.22200    0.03712
 22.5417   11.63552  283.47415   37.7046  128.9137   14.12300    0.05060
 22.5500   11.77758  283.62735   37.7208  128.9980   14.04300    0.06284
 22.5583   11.91976  283.78052   37.7367  129.0818   13.97600    0.08126
 22.5667   12.06206  283.93365   37.7523  129.1648   13.89000    0.09691
 22.5750   12.20448  284.08673   37.7675  129.2471   13.75200    0.10485
 22.5833   12.34702  284.23978   37.7824  129.3288   13.58700    0.10761
 22.5917   12.48968  284.39282   37.7970  129.4098   13.42300    0.09786
 22.6000   12.63246  284.54581   37.8113  129.4902   13.15400    0.07771
 22.6083   12.77536  284.69873   37.8252  129.5699   12.87300    0.05031
 22.6167   12.91839  284.85165   37.8389  129.6490   12.61900    0.03045
 22.6250   13.06155  285.00449   37.8523  129.7274   12.38000    0.02411
 22.6333   13.20483  285.15732   37.8654  129.8052   12.18500    0.02164
 22.6417   13.34824  285.31009   37.8782  129.8823   11.94300    0.02340
 22.6500   13.49177  285.46283   37.8907  129.9588   11.71600    0.02546
 22.6583   13.63544  285.61551   37.9029  130.0347   11.50600    0.02865
 22.6667   13.77923  285.76816   37.9149  130.1100   11.26400    0.02438
 22.6750   13.92316  285.92075   37.9266  130.1847   10.97800   -0.00457
 22.6833   14.06722  286.07330   37.9380  130.2588   10.58400   -0.04062
 22.6917   14.21141  286.22580   37.9492  130.3322   10.31500   -0.07189
 22.7000   14.35574  286.37823   37.9601  130.4051   10.10100   -0.08198
 22.7083   14.50020  286.53064   37.9708  130.4774    9.90300   -0.08700
 22.7167   14.64479  286.68298   37.9812  130.5491    9.69100   -0.09897
 22.7250   14.78953  286.83530   37.9913  130.6202    9.44000   -0.10771
 22.7333   14.93440  286.98752   38.0013  130.6908    9.28300   -0.11150
 22.7417   15.07941  287.13971   38.0109  130.7608    9.13000   -0.10340
 22.7500   15.22456  287.29184   38.0204  130.8302    8.99500   -0.08700
 22.7583   15.36985  287.44394   38.0296  130.8990    8.93400   -0.05427
 22.7667   15.51528  287.59595   38.0386  130.9673    8.94500   -0.02841
 22.7750   15.66086  287.74792   38.0474  131.0351    8.79600   -0.01659
 22.7833   15.80658  287.89981   38.0559  131.1023    8.66500   -0.02237
 22.7917   15.95244  288.05167   38.0643  131.1690    8.57200   -0.02934
 22.8000   16.09845  288.20346   38.0724  131.2351    8.44600   -0.04439
 22.8083   16.24461  288.35519   38.0803  131.3007    8.28700   -0.05299
 22.8167   16.39092  288.50684   38.0880  131.3658    8.27200   -0.05564
 22.8250   16.53737  288.65845   38.0955  131.4304    8.21500   -0.04648
 22.8333   16.68398  288.80997   38.1028  131.4944    8.16300   -0.04569
 22.8417   16.83073  288.96146   38.1099  131.5580    8.09900   -0.04617
 22.8500   16.97764  289.11285   38.1168  131.6210    8.03600   -0.04190
 22.8583   17.12470  289.26422   38.1235  131.6836    8.02400   -0.03379
 22.8667   17.27192  289.41547   38.1300  131.7456    7.99700   -0.01661
 22.8750   17.41929  289.56668   38.1364  131.8072    8.01600   -0.00418
 22.8833   17.56681  289.71783   38.1425  131.8682    7.97900    0.00223
 22.8917   17.71450  289.86890   38.1485  131.9288    7.92300    0.00310
 22.9000   17.86234  290.01990   38.1543  131.9889    7.90900    0.00564
 22.9083   18.01034  290.17084   38.1599  132.0486    7.89100    0.00848
 22.9167   18.15850  290.32169   38.1654  132.1077    7.83500    0.00655
 22.9250   18.30682  290.47247   38.1707  132.1664    7.78900    0.00649
 22.9333   18.45530  290.62320   38.1758  132.2247    7.78600    0.00768
 22.9417   18.60395  290.77383   38.1807  132.2825    7.73900    0.01328
 22.9500   18.75276  290.92438   38.1855  132.3398    7.72300    0.00811
 22.9583   18.90174  291.07489   38.1902  132.3967    7.63600    0.01395
 22.9667   19.05088  291.22528   38.1946  132.4532    7.65500    0.01075
 22.9750   19.20019  291.37564   38.1989  132.5092    7.56300    0.01742
 22.9833   19.34967  291.52588   38.2031  132.5648    7.53800    0.01540
 22.9917   19.49932  291.67606   38.2071  132.6200    7.49300    0.01770
 23.0000   19.64914  291.82617   38.2110  132.6747    7.43200    0.01771
 23.0083   19.79913  291.97617   38.2147  132.7290    7.39000    0.01979
 23.0167   19.94929  292.12610   38.2182  132.7829    7.35600    0.02526
 23.0250   20.09962  292.27597   38.2217  132.8364    7.31000    0.02513
 23.0333   20.25014  292.42575   38.2250  132.8895    7.21900    0.01254
 23.0417   20.40082  292.57544   38.2281  132.9422    7.09500   -0.00694
 23.0500   20.55168  292.72504   38.2311  132.9944    6.99500   -0.01443
 23.0583   20.70273  292.87454   38.2340  133.0463    6.98400   -0.00901
 23.0667   20.85395  293.02399   38.2367  133.0978    6.94100    0.00997
 23.0750   21.00534  293.17334   38.2393  133.1489    6.92700    0.01889
 23.0833   21.15693  293.32260   38.2418  133.1996    6.84300    0.02492
 23.0917   21.30869  293.47177   38.2442  133.2500    6.77700    0.01811
 23.1000   21.46063  293.62085   38.2464  133.2999    6.67800    0.00857
 23.1083   21.61276  293.76984   38.2485  133.3495    6.57400   -0.00014
 23.1167   21.76508  293.91873   38.2505  133.3987    6.51500   -0.00644
 23.1250   21.91758  294.06754   38.2524  133.4476    6.43700   -0.00555
 23.1333   22.07026  294.21625   38.2541  133.4960    6.38800   -0.00817
 23.1417   22.22314  294.36490   38.2557  133.5441    6.31000   -0.01580
 23.1500   22.37620  294.51343   38.2572  133.5919    6.20100   -0.02275
 23.1583   22.52946  294.66187   38.2586  133.6393    6.15500   -0.02680
 23.1667   22.68291  294.81021   38.2599  133.6864    6.09700   -0.02012
 23.1750   22.83655  294.95847   38.2611  133.7331    6.05700   -0.01767
 23.1833   22.99038  295.10660   38.2622  133.7795    5.98700   -0.01319
 23.1917   23.14440  295.25467   38.2631  133.8255    5.94600   -0.01177
 23.2000   23.29863  295.40262   38.2640  133.8712    5.89000   -0.00985
 23.2083   23.45305  295.55048   38.2647  133.9165    5.82600   -0.00857
 23.2167   23.60766  295.69824   38.2653  133.9616    5.78100   -0.00221
 23.2250   23.76248  295.84592   38.2659  134.0063    5.75600    0.00926
 23.2333   23.91749  295.99347   38.2663  134.0506    5.72500    0.01764
 23.2417   24.07271  296.14093   38.2666  134.0947    5.66200    0.02072
 23.2500   24.22813  296.28830   38.2669  134.1384    5.60700    0.01721
 23.2583   24.38375  296.43555   38.2670  134.1819    5.53300    0.01477
 23.2667   24.53957  296.58270   38.2671  134.2250    5.47600    0.01080
 23.2750   24.69560  296.72977   38.2670  134.2678    5.41000    0.00891
 23.2833   24.85184  296.87671   38.2668  134.3103    5.34700    0.00790
 23.2917   25.00828  297.02356   38.2666  134.3525    5.29200    0.00261
 23.3000   25.16493  297.17029   38.2663  134.3943    5.19700   -0.00034
 23.3083   25.32179  297.31693   38.2659  134.4359    5.14400   -0.00216
 23.3167   25.47886  297.46344   38.2653  134.4772    5.08900    0.00482
 23.3250   25.63614  297.60986   38.2647  134.5182    5.03800    0.00709
 23.3333   25.79364  297.75616   38.2641  134.5590    4.95100    0.01208
 23.3417   25.95134  297.90237   38.2633  134.5994    4.90700    0.01725
 23.3500   26.10927  298.04846   38.2624  134.6395    4.85300    0.02069
 23.3583   26.26740  298.19443   38.2615  134.6794    4.75000    0.02156
 23.3667   26.42576  298.34030   38.2605  134.7190    4.68300    0.02298
 23.3750   26.58433  298.48605   38.2594  134.7583    4.62200    0.02890
 23.3833   26.74312  298.63171   38.2582  134.7973    4.53600    0.03325
 23.3917   26.90213  298.77725   38.2569  134.8361    4.45300    0.03130
 23.4000   27.06136  298.92267   38.2556  134.8746    4.34700    0.03334
 23.4083   27.22081  299.06796   38.2541  134.9128    4.27400    0.03351
 23.4167   27.38049  299.21317   38.2526  134.9508    4.16900    0.03971
 23.4250   27.54038  299.35822   38.2511  134.9885    4.08800    0.03946
 23.4333   27.70051  299.50320   38.2494  135.0259    3.96900    0.03449
 23.4417   27.86086  299.64804   38.2477  135.0631    3.83300    0.02255
 23.4500   28.02144  299.79276   38.2459  135.1000    3.71100    0.00944
 23.4583   28.18224  299.93738   38.2440  135.1367    3.58600    0.00603
 23.4667   28.34327  300.08188   38.2421  135.1731    3.50300   -0.00492
 23.4750   28.50454  300.22626   38.2401  135.2093    3.34200   -0.01321
 23.4833   28.66603  300.37051   38.2380  135.2452    3.23900   -0.03396
 23.4917   28.82776  300.51465   38.2358  135.2809    3.09600   -0.04728
 23.5000   28.98972  300.65866   38.2336  135.3163    2.98700   -0.06370
 23.5083   29.15192  300.80255   38.2313  135.3515    2.87500   -0.06708
 23.5167   29.31435  300.94635   38.2289  135.3865    2.81100   -0.06797
 23.5250   29.47701  301.09000   38.2265  135.4212    2.72000   -0.06270
 23.5333   29.63992  301.23352   38.2240  135.4557    2.64500   -0.06021
 23.5417   29.80306  301.37695   38.2215  135.4900    2.57000   -0.04664
 23.5500   29.96644  301.52023   38.2189  135.5240    2.54000   -0.02710
 23.5583   30.13006  301.66339   38.2162  135.5579    2.50000   -0.00072
 23.5667   30.29393  301.80643   38.2134  135.5915    2.46300    0.02951
 23.5750   30.45803  301.94934   38.2106  135.6248    2.45600    0.05281
 23.5833   30.62238  302.09213   38.2078  135.6580    2.38000    0.06779
 23.5917   30.78698  302.23480   38.2048  135.6909    2.30100    0.06485
 23.6000   30.95182  302.37735   38.2019  135.7236    2.20200    0.05121
 23.6083   31.11690  302.51974   38.1988  135.7561    2.07500    0.03673
 23.6167   31.28224  302.66202   38.1957  135.7883    1.99600    0.02268
 23.6250   31.44782  302.80420   38.1925  135.8204    1.90500    0.00758
 23.6333   31.61365  302.94623   38.1893  135.8523    1.77500   -0.00785
 23.6417   31.77973  303.08813   38.1860  135.8839    1.69400   -0.02990
 23.6500   31.94607  303.22989   38.1827  135.9153    1.56500   -0.04695
 23.6583   32.11266  303.37152   38.1793  135.9465    1.45500   -0.06180
 23.6667   32.27950  303.51303   38.1759  135.9776    1.38000   -0.06085
 23.6750   32.44659  303.65442   38.1724  136.0084    1.32900   -0.04848
 23.6833   32.61394  303.79568   38.1688  136.0390    1.27900   -0.03334
 23.6917   32.78155  303.93680   38.1652  136.0695    1.22500   -0.01724
 23.7000   32.94942  304.07779   38.1616  136.0997    1.18700   -0.00319
 23.7083   33.11754  304.21863   38.1579  136.1297    1.13500    0.00554
 23.7167   33.28592  304.35938   38.1541  136.1596    1.06400    0.00562
 23.7250   33.45457  304.49997   38.1503  136.1892    0.99400    0.00012
 23.7333   33.62347  304.64041   38.1464  136.2187    0.93000   -0.01355
 23.7417   33.79264  304.78073   38.1425  136.2479    0.83300   -0.02732
 23.7500   33.96207  304.92093   38.1385  136.2770    0.77700   -0.04202
 23.7583   34.13177  305.06100   38.1345  136.3059    0.71800   -0.04832
 23.7667   34.30173  305.20090   38.1305  136.3346    0.66900   -0.05038
 23.7750   34.47196  305.34070   38.1264  136.3631    0.63800   -0.05087
 23.7833   34.64246  305.48035   38.1222  136.3915    0.58800   -0.04687
 23.7917   34.81322  305.61987   38.1180  136.4197    0.56100   -0.03814
 23.8000   34.98426  305.75925   38.1138  136.4476    0.55200   -0.02052
 23.8083   35.15556  305.89850   38.1095  136.4754    0.54700   -0.00514
 23.8167   35.32714  306.03760   38.1051  136.5031    0.51100    0.01002
 23.8250   35.49899  306.17657   38.1007  136.5305    0.50500    0.02132
 23.8333   35.67111  306.31540   38.0963  136.5578    0.48400    0.03338
 23.8417   35.84351  306.45410   38.0918  136.5849    0.45600    0.04010
 23.8500   36.01618  306.59265   38.0873  136.6119    0.42800    0.03749
 23.8583   36.18913  306.73108   38.0828  136.6387    0.36700    0.02858
 23.8667   36.36235  306.86935   38.0782  136.6653    0.31600    0.01047
 23.8750   36.53586  307.00751   38.0735  136.6917    0.25300   -0.00350
 23.8833   36.70964  307.14551   38.0688  136.7180    0.22000   -0.02147
 23.8917   36.88370  307.28336   38.0641  136.7441    0.15600   -0.03726
 23.9000   37.05804  307.42108   38.0593  136.7700    0.10800   -0.05794
 23.9083   37.23267  307.55865   38.0545  136.7958    0.05800   -0.07126
 23.9167   37.40757  307.69611   38.0496  136.8214    0.03300   -0.07884
 23.9250   37.58276  307.83340   38.0447  136.8469    0.01500   -0.07018
 23.9333   37.75824  307.97058   38.0398  136.8722    0.00000   -0.05245
 23.9417   37.93400  308.10760   38.0348  136.8974    0.02800   -0.02904
 23.9500   38.11005  308.24448   38.0298  136.9224    0.05700   -0.00676
 23.9583   38.28638  308.38123   38.0248  136.9472    0.06800    0.00449
 23.9667   38.46301  308.51782   38.0197  136.9719    0.08600    0.00262
 23.9750   38.63992  308.65427   38.0146  136.9964    0.09000    0.00391
 23.9833   38.81712  308.79059   38.0094  137.0208    0.11900    0.00119
 23.9917   38.99461  308.92676   38.0042  137.0451    0.10700    0.00000
