hmax        =    300
wind_bottom =      2
wind_top    =     10
critlon     =      0
tbeg, h     =   0.00
tend, h     =  24.00
c_ionex     =      0
c_vert      =      1
time, gamma, az, latp, lonp, tec, tec_filtered
  0.0000   45.16156  171.33638   33.6254  140.5411    0.00000    0.00000
  0.0083   44.90327  171.34645   33.6038  140.5444    0.03000   -0.00957
  0.0167   44.64520  171.35643   33.5820  140.5477    0.12800   -0.02030
  0.0250   44.38735  171.36633   33.5601  140.5511    0.27500   -0.01420
  0.0333   44.12971  171.37614   33.5381  140.5544    0.39900   -0.00148
  0.0417   43.87230  171.38585   33.5158  140.5578    0.51300    0.01057
  0.0500   43.61511  171.39546   33.4934  140.5612    0.63400    0.02708
  0.0583   43.35815  171.40498   33.4709  140.5646    0.74900    0.04228
  0.0667   43.10141  171.41438   33.4481  140.5681    0.83600    0.04128
  0.0750   42.84491  171.42368   33.4253  140.5715    0.91200    0.03019
  0.0833   42.58863  171.43288   33.4022  140.5750    1.01100    0.02260
  0.0917   42.33259  171.44194   33.3789  140.5786    1.10500    0.00291
  0.1000   42.07679  171.45088   33.3555  140.5821    1.13300   -0.02955
  0.1083   41.82123  171.45970   33.3319  140.5857    1.17400   -0.05591
  0.1167   41.56590  171.46840   33.3082  140.5893    1.28600   -0.05982
  0.1250   41.31082  171.47696   33.2842  140.5930    1.40200   -0.03952
  0.1333   41.05598  171.48538   33.2600  140.5966    1.54300   -0.00988
  0.1417   40.80139  171.49367   33.2357  140.6003    1.69500    0.02192
  0.1500   40.54704  171.50182   33.2112  140.6041    1.82500    0.04029
  0.1583   40.29295  171.50983   33.1865  140.6078    1.91600    0.03355
  0.1667   40.03911  171.51767   33.1615  140.6116    1.96800    0.01409
  0.1750   39.78552  171.52538   33.1364  140.6154    2.05100   -0.00931
  0.1833   39.53218  171.53291   33.1111  140.6193    2.13300   -0.03045
  0.1917   39.27910  171.54031   33.0856  140.6232    2.20600   -0.05214
  0.2000   39.02628  171.54755   33.0598  140.6271    2.29600   -0.06758
  0.2083   38.77373  171.55460   33.0339  140.6311    2.41400   -0.07260
  0.2167   38.52143  171.56149   33.0077  140.6351    2.53600   -0.06406
  0.2250   38.26940  171.56824   32.9813  140.6392    2.68600   -0.04949
  0.2333   38.01764  171.57478   32.9547  140.6432    2.83200   -0.03200
  0.2417   37.76614  171.58118   32.9279  140.6474    2.97500   -0.01700
  0.2500   37.51491  171.58737   32.9008  140.6515    3.12900   -0.01571
  0.2583   37.26396  171.59340   32.8736  140.6557    3.22600   -0.01771
  0.2667   37.01327  171.59924   32.8460  140.6600    3.36400   -0.02464
  0.2750   36.76286  171.60489   32.8183  140.6643    3.50500   -0.02116
  0.2833   36.51273  171.61037   32.7903  140.6686    3.66400   -0.02413
  0.2917   36.26288  171.61565   32.7620  140.6730    3.78600   -0.03616
  0.3000   36.01331  171.62073   32.7335  140.6774    3.89500   -0.04106
  0.3083   35.76402  171.62560   32.7048  140.6819    4.09300   -0.03002
  0.3167   35.51501  171.63029   32.6758  140.6864    4.29500   -0.01133
  0.3250   35.26628  171.63478   32.6465  140.6910    4.44700   -0.00907
  0.3333   35.01785  171.63905   32.6170  140.6956    4.57300   -0.02380
  0.3417   34.76970  171.64314   32.5872  140.7003    4.70400   -0.03615
  0.3500   34.52184  171.64700   32.5571  140.7050    4.87500   -0.03456
  0.3583   34.27427  171.65067   32.5268  140.7098    5.08000   -0.02644
  0.3667   34.02699  171.65411   32.4962  140.7147    5.25200   -0.02393
  0.3750   33.78001  171.65733   32.4653  140.7196    5.40900   -0.03140
  0.3833   33.53332  171.66035   32.4341  140.7245    5.58100   -0.04100
  0.3917   33.28694  171.66315   32.4026  140.7295    5.75600   -0.04284
  0.4000   33.04085  171.66573   32.3708  140.7346    5.96400   -0.04711
  0.4083   32.79506  171.66808   32.3387  140.7397    6.13500   -0.04599
  0.4167   32.54957  171.67020   32.3063  140.7449    6.35300   -0.05868
  0.4250   32.30438  171.67209   32.2736  140.7502    6.50900   -0.06339
  0.4333   32.05951  171.67375   32.2406  140.7555    6.73500   -0.06835
  0.4417   31.81493  171.67519   32.2073  140.7609    6.96300   -0.06340
  0.4500   31.57067  171.67638   32.1736  140.7663    7.18100   -0.05616
  0.4583   31.32671  171.67734   32.1396  140.7719    7.43100   -0.05198
  0.4667   31.08306  171.67805   32.1053  140.7774    7.65700   -0.03958
  0.4750   30.83973  171.67854   32.0706  140.7831    7.93300   -0.02768
  0.4833   30.59671  171.67879   32.0356  140.7888    8.19700   -0.01546
  0.4917   30.35400  171.67877   32.0003  140.7946    8.44400   -0.01338
  0.5000   30.11161  171.67851   31.9645  140.8005    8.67900   -0.01957
  0.5083   29.86954  171.67801   31.9284  140.8065    8.91200   -0.02465
  0.5167   29.62778  171.67726   31.8920  140.8125    9.17100   -0.02376
  0.5250   29.38635  171.67625   31.8552  140.8186    9.44300   -0.02369
  0.5333   29.14524  171.67499   31.8180  140.8249    9.67300   -0.02450
  0.5417   28.90445  171.67348   31.7804  140.8311    9.92800   -0.02033
  0.5500   28.66398  171.67171   31.7424  140.8375   10.23100   -0.00344
  0.5583   28.42384  171.66966   31.7040  140.8440   10.53200    0.02162
  0.5667   28.18402  171.66737   31.6652  140.8505   10.83600    0.03113
  0.5750   27.94454  171.66481   31.6260  140.8571   11.05600    0.03364
  0.5833   27.70538  171.66199   31.5864  140.8639   11.32400    0.02246
  0.5917   27.46655  171.65889   31.5464  140.8707   11.55700    0.00821
  0.6000   27.22805  171.65553   31.5059  140.8776   11.76400   -0.00819
  0.6083   26.98989  171.65190   31.4650  140.8846   12.02300   -0.02306
  0.6167   26.75206  171.64799   31.4236  140.8917   12.26800   -0.02874
  0.6250   26.51456  171.64381   31.3818  140.8989   12.53000   -0.03437
  0.6333   26.27741  171.63934   31.3395  140.9062   12.79100   -0.03090
  0.6417   26.04058  171.63461   31.2968  140.9137   13.08900   -0.02728
  0.6500   25.80410  171.62959   31.2536  140.9212   13.35200   -0.01880
  0.6583   25.56796  171.62431   31.2099  140.9288   13.64200   -0.01507
  0.6667   25.33216  171.61873   31.1658  140.9366   13.91400   -0.01244
  0.6750   25.09670  171.61285   31.1211  140.9444   14.17500   -0.00782
  0.6833   24.86158  171.60670   31.0759  140.9524   14.48300   -0.00411
  0.6917   24.62681  171.60028   31.0302  140.9605   14.75700   -0.00611
  0.7000   24.39238  171.59355   30.9840  140.9687   14.99200   -0.00765
  0.7083   24.15830  171.58653   30.9372  140.9770   15.31000   -0.00371
  0.7167   23.92457  171.57921   30.8900  140.9855   15.62700    0.00500
  0.7250   23.69119  171.57159   30.8421  140.9941   15.89700    0.00090
  0.7333   23.45815  171.56371   30.7937  141.0028   16.14000   -0.00438
  0.7417   23.22547  171.55550   30.7448  141.0116   16.44700   -0.01251
  0.7500   22.99314  171.54700   30.6953  141.0206   16.69900   -0.01761
  0.7583   22.76116  171.53819   30.6452  141.0297   16.96200   -0.02123
  0.7667   22.52953  171.52908   30.5945  141.0390   17.28100   -0.02048
  0.7750   22.29826  171.51967   30.5431  141.0484   17.56800   -0.01617
  0.7833   22.06735  171.50995   30.4912  141.0579   17.86700   -0.00686
  0.7917   21.83679  171.49992   30.4387  141.0676   18.23100   -0.00283
  0.8000   21.60659  171.48959   30.3855  141.0774   18.49200   -0.00405
  0.8083   21.37675  171.47894   30.3317  141.0874   18.75700   -0.01848
  0.8167   21.14728  171.46799   30.2772  141.0976   19.03800   -0.03057
  0.8250   20.91816  171.45671   30.2221  141.1079   19.32100   -0.04056
  0.8333   20.68940  171.44511   30.1663  141.1184   19.60900   -0.04515
  0.8417   20.46101  171.43323   30.1098  141.1290   19.93500   -0.03765
  0.8500   20.23298  171.42099   30.0526  141.1398   20.30700   -0.02032
  0.8583   20.00531  171.40845   29.9947  141.1508   20.67500   -0.00653
  0.8667   19.77801  171.39558   29.9360  141.1619   20.99800   -0.00315
  0.8750   19.55108  171.38239   29.8767  141.1732   21.32000   -0.01894
  0.8833   19.32451  171.36887   29.8166  141.1848   21.58000   -0.03788
  0.8917   19.09832  171.35503   29.7557  141.1964   21.89900   -0.05098
  0.9000   18.87249  171.34085   29.6941  141.2083   22.28500   -0.06325
  0.9083   18.64703  171.32635   29.6317  141.2204   22.57400   -0.07744
  0.9167   18.42195  171.31152   29.5685  141.2327   22.90400   -0.09683
  0.9250   18.19724  171.29636   29.5045  141.2451   23.27500   -0.10059
  0.9333   17.97290  171.28085   29.4397  141.2578   23.69000   -0.08346
  0.9417   17.74893  171.26501   29.3741  141.2707   24.18200   -0.06176
  0.9500   17.52534  171.24884   29.3076  141.2838   24.60600   -0.03764
  0.9583   17.30212  171.23233   29.2402  141.2971   25.06400   -0.03492
  0.9667   17.07928  171.21548   29.1720  141.3106   25.43600   -0.03388
  0.9750   16.85682  171.19827   29.1029  141.3243   25.88500   -0.03700
  0.9833   16.63474  171.18076   29.0329  141.3383   26.35400   -0.03951
  0.9917   16.41304  171.16286   28.9620  141.3525   26.77600   -0.04834
  1.0000   16.19171  171.14462   28.8902  141.3669   27.22000   -0.06862
  1.0083   15.97077  171.12605   28.8174  141.3816   27.64600   -0.09202
  1.0167   15.75021  171.10713   28.7437  141.3965   28.08000   -0.10460
  1.0250   15.53003  171.08784   28.6690  141.4116   28.63400   -0.11375
  1.0333   15.31023  171.06822   28.5934  141.4270   29.10800   -0.11347
  1.0417   15.09082  171.04823   28.5167  141.4427   29.63500   -0.11080
  1.0500   14.87179  171.02789   28.4390  141.4586   30.24200   -0.09440
  1.0583   14.65315  171.00720   28.3603  141.4748   30.86300   -0.06944
  1.0667   14.43490  170.98615   28.2806  141.4913   31.49900   -0.05624
  1.0750   14.21703  170.96474   28.1998  141.5080   32.05500   -0.04701
  1.0833   13.99955  170.94295   28.1179  141.5250   32.68800   -0.04327
  1.0917   13.78246  170.92081   28.0349  141.5423   33.32700   -0.04349
  1.1000   13.56576  170.89832   27.9509  141.5599   33.89700   -0.05796
  1.1083   13.34945  170.87544   27.8657  141.5778   34.45400   -0.07612
  1.1167   13.13353  170.85220   27.7794  141.5960   35.10200   -0.08183
  1.1250   12.91800  170.82858   27.6919  141.6144   35.80700   -0.07660
  1.1333   12.70287  170.80461   27.6033  141.6332   36.48700   -0.07186
  1.1417   12.48813  170.78026   27.5135  141.6523   37.15900   -0.06652
  1.1500   12.27378  170.75554   27.4225  141.6718   37.89700   -0.05914
  1.1583   12.05983  170.73044   27.3303  141.6915   38.62700   -0.05273
  1.1667   11.84628  170.70497   27.2368  141.7116   39.32400   -0.04993
  1.1750   11.63312  170.67912   27.1421  141.7320   40.06300   -0.05185
  1.1833   11.42036  170.65289   27.0462  141.7528   40.78500   -0.05033
  1.1917   11.20800  170.62628   26.9490  141.7739   41.55100   -0.05459
  1.2000   10.99603  170.59927   26.8505  141.7953   42.28400   -0.06004
  1.2083   10.78447  170.57190   26.7507  141.8171   43.03200   -0.06494
  1.2167   10.57331  170.54414   26.6496  141.8393   43.83000   -0.04992
  1.2250   10.36254  170.51599   26.5471  141.8619   44.67200   -0.03399
  1.2333   10.15218  170.48746   26.4433  141.8848   45.46300   -0.02163
  1.2417    9.94223  170.45853   26.3381  141.9081   46.27100   -0.01761
  1.2500    9.73267  170.42920   26.2316  141.9318   47.08600   -0.01636
  1.2583    9.52352  170.39949   26.1236  141.9559   47.91100   -0.01128
  1.2667    9.31478  170.36938   26.0143  141.9804   48.79100   -0.00111
  1.2750    9.10644  170.33888   25.9035  142.0052   49.68700    0.00181
  1.2833    8.89850  170.30798   25.7913  142.0305   50.51800    0.00000

 19.1750   10.51323  289.17566   38.7037  128.4391   17.33800    0.00000
 19.1833   10.65760  289.32632   38.7133  128.5347   17.25400    0.00648
 19.1917   10.80212  289.47687   38.7225  128.6294   17.00900    0.00836
 19.2000   10.94678  289.62732   38.7313  128.7233   16.75600   -0.00851
 19.2083   11.09161  289.77765   38.7399  128.8163   16.56700   -0.01627
 19.2167   11.23658  289.92789   38.7481  128.9086   16.44400   -0.01242
 19.2250   11.38171  290.07800   38.7561  129.0001   16.26700   -0.00358
 19.2333   11.52699  290.22800   38.7637  129.0908   16.11600   -0.00403
 19.2417   11.67243  290.37790   38.7711  129.1806   16.00200   -0.00927
 19.2500   11.81802  290.52768   38.7782  129.2698   15.82100   -0.02528
 19.2583   11.96378  290.67734   38.7850  129.3581   15.54400   -0.05065
 19.2667   12.10969  290.82687   38.7915  129.4457   15.33500   -0.06460
 19.2750   12.25576  290.97629   38.7978  129.5325   15.26100   -0.05645
 19.2833   12.40199  291.12561   38.8037  129.6185   15.18300   -0.02213
 19.2917   12.54839  291.27478   38.8095  129.7038   15.19500    0.01371
 19.3000   12.69494  291.42386   38.8149  129.7884   15.12400    0.03923
 19.3083   12.84166  291.57281   38.8202  129.8722   14.94600    0.03215
 19.3167   12.98855  291.72162   38.8251  129.9553   14.67500    0.01450
 19.3250   13.13560  291.87033   38.8299  130.0376   14.50400    0.01068
 19.3333   13.28282  292.01889   38.8344  130.1193   14.42700    0.04318
 19.3417   13.43021  292.16736   38.8386  130.2002   14.45100    0.07390
 19.3500   13.57776  292.31567   38.8427  130.2804   14.27500    0.09121
 19.3583   13.72549  292.46387   38.8465  130.3600   14.10200    0.07246
 19.3667   13.87339  292.61194   38.8501  130.4388   13.83600    0.04377
 19.3750   14.02145  292.75986   38.8534  130.5169   13.56800    0.01439
 19.3833   14.16970  292.90768   38.8566  130.5944   13.37400   -0.01050
 19.3917   14.31811  293.05536   38.8595  130.6711   13.13600   -0.03754
 19.4000   14.46670  293.20288   38.8623  130.7473   12.86200   -0.06456
 19.4083   14.61547  293.35028   38.8648  130.8227   12.68100   -0.07850
 19.4167   14.76441  293.49756   38.8672  130.8975   12.55300   -0.07391
 19.4250   14.91353  293.64471   38.8693  130.9716   12.41200   -0.04802
 19.4333   15.06283  293.79172   38.8713  131.0451   12.38900   -0.02821
 19.4417   15.21231  293.93857   38.8731  131.1180   12.21200   -0.01808
 19.4500   15.36197  294.08530   38.8747  131.1902   12.01200   -0.01849
 19.4583   15.51181  294.23187   38.8761  131.2618   11.92500   -0.01515
 19.4667   15.66184  294.37833   38.8774  131.3327   11.79400   -0.00369
 19.4750   15.81205  294.52463   38.8784  131.4031   11.67200   -0.00348
 19.4833   15.96244  294.67078   38.8793  131.4728   11.51700   -0.00703
 19.4917   16.11302  294.81680   38.8801  131.5420   11.38100   -0.02098
 19.5000   16.26379  294.96268   38.8807  131.6105   11.20500   -0.02617
 19.5083   16.41474  295.10840   38.8811  131.6784   11.14400   -0.02827
 19.5167   16.56589  295.25400   38.8813  131.7458   11.05200   -0.02909
 19.5250   16.71722  295.39941   38.8814  131.8126   10.91200   -0.04370
 19.5333   16.86875  295.54471   38.8814  131.8788   10.77600   -0.06719
 19.5417   17.02047  295.68985   38.8812  131.9444   10.65100   -0.09306
 19.5500   17.17238  295.83481   38.8808  132.0095   10.52000   -0.11729
 19.5583   17.32448  295.97964   38.8804  132.0740   10.41600   -0.12873
 19.5667   17.47678  296.12433   38.8797  132.1379   10.40400   -0.12529
 19.5750   17.62928  296.26886   38.8790  132.2013   10.39900   -0.09846
 19.5833   17.78197  296.41324   38.8781  132.2642   10.48400   -0.06920
 19.5917   17.93487  296.55746   38.8770  132.3265   10.50400   -0.03322
 19.6000   18.08796  296.70151   38.8759  132.3883   10.55800   -0.00435
 19.6083   18.24125  296.84543   38.8746  132.4495   10.60200    0.02660
 19.6167   18.39474  296.98917   38.8731  132.5103   10.64400    0.04490
 19.6250   18.54844  297.13275   38.8716  132.5705   10.61800    0.05508
 19.6333   18.70234  297.27618   38.8699  132.6302   10.61100    0.05397
 19.6417   18.85644  297.41943   38.8682  132.6894   10.58100    0.04900
 19.6500   19.01075  297.56256   38.8663  132.7481   10.53200    0.04331
 19.6583   19.16526  297.70547   38.8642  132.8064   10.51900    0.04181
 19.6667   19.31999  297.84827   38.8621  132.8641   10.51300    0.03775
 19.6750   19.47492  297.99088   38.8599  132.9213   10.44100    0.03794
 19.6833   19.63006  298.13330   38.8575  132.9780   10.45300    0.01873
 19.6917   19.78541  298.27560   38.8550  133.0343   10.31400    0.00193
 19.7000   19.94097  298.41769   38.8525  133.0901   10.26000   -0.02585
 19.7083   20.09675  298.55963   38.8498  133.1454   10.20200   -0.04816
 19.7167   20.25273  298.70142   38.8470  133.2003   10.10600   -0.06628
 19.7250   20.40894  298.84302   38.8442  133.2547   10.09000   -0.08241
 19.7333   20.56536  298.98444   38.8412  133.3087   10.05600   -0.08351
 19.7417   20.72199  299.12567   38.8381  133.3622   10.07000   -0.08003
 19.7500   20.87885  299.26675   38.8350  133.4153   10.08900   -0.06579
 19.7583   21.03592  299.40768   38.8317  133.4679   10.12800   -0.04385
 19.7667   21.19321  299.54840   38.8284  133.5201   10.19300   -0.01895
 19.7750   21.35072  299.68893   38.8249  133.5719   10.23700    0.00311
 19.7833   21.50846  299.82932   38.8214  133.6232   10.26100    0.01774
 19.7917   21.66641  299.96951   38.8178  133.6741   10.28500    0.03199
 19.8000   21.82460  300.10953   38.8141  133.7246   10.33400    0.04472
 19.8083   21.98300  300.24936   38.8103  133.7747   10.35800    0.05202
 19.8167   22.14163  300.38901   38.8065  133.8243   10.35400    0.05061
 19.8250   22.30049  300.52847   38.8025  133.8736   10.34800    0.03785
 19.8333   22.45958  300.66776   38.7985  133.9224   10.30000    0.02668
 19.8417   22.61889  300.80685   38.7944  133.9709   10.30300    0.01310
 19.8500   22.77844  300.94577   38.7902  134.0190   10.27600   -0.00157
 19.8583   22.93821  301.08450   38.7860  134.0667   10.21300   -0.01428
 19.8667   23.09822  301.22302   38.7816  134.1140   10.21900   -0.01972
 19.8750   23.25846  301.36139   38.7772  134.1609   10.22500   -0.00913
 19.8833   23.41894  301.49954   38.7728  134.2074   10.24500   -0.00106
 19.8917   23.57965  301.63751   38.7682  134.2535   10.21900    0.00807
 19.9000   23.74059  301.77530   38.7636  134.2993   10.21600    0.02307
 19.9083   23.90178  301.91287   38.7589  134.3447   10.25600    0.03971
 19.9167   24.06320  302.05026   38.7542  134.3898   10.21900    0.06113
 19.9250   24.22486  302.18744   38.7493  134.4345   10.22000    0.08333
 19.9333   24.38676  302.32446   38.7445  134.4788   10.23700    0.10310
 19.9417   24.54890  302.46124   38.7395  134.5228   10.15900    0.11116
 19.9500   24.71128  302.59784   38.7345  134.5664   10.06000    0.11238
 19.9583   24.87391  302.73425   38.7294  134.6097   10.00200    0.12521
 19.9667   25.03678  302.87045   38.7243  134.6527    9.95600    0.14086
 19.9750   25.19990  303.00647   38.7191  134.6953    9.84000    0.15057
 19.9833   25.36326  303.14227   38.7139  134.7375    9.71600    0.13850
 19.9917   25.52687  303.27786   38.7085  134.7795    9.51100    0.11876
 20.0000   25.69072  303.41327   38.7032  134.8211    9.32400    0.09236
 20.0083   25.85483  303.54843   38.6977  134.8624    9.13600    0.07263
 20.0167   26.01918  303.68341   38.6923  134.9033    8.94700    0.04660
 20.0250   26.18379  303.81821   38.6867  134.9440    8.70400    0.01096
 20.0333   26.34865  303.95276   38.6811  134.9843    8.45200   -0.02475
 20.0417   26.51376  304.08713   38.6755  135.0243    8.26300   -0.05129
 20.0500   26.67913  304.22128   38.6698  135.0640    8.07100   -0.06767
 20.0583   26.84475  304.35519   38.6641  135.1033    7.87500   -0.07886
 20.0667   27.01063  304.48892   38.6583  135.1424    7.71900   -0.08452
 20.0750   27.17676  304.62244   38.6524  135.1812    7.57300   -0.09077
 20.0833   27.34315  304.75574   38.6465  135.2197    7.39000   -0.09937
 20.0917   27.50980  304.88882   38.6406  135.2579    7.23700   -0.10313
 20.1000   27.67671  305.02167   38.6346  135.2957    7.13200   -0.09168
 20.1083   27.84389  305.15430   38.6286  135.3333    7.05300   -0.06971
 20.1167   28.01132  305.28674   38.6225  135.3707    6.98000   -0.05387
 20.1250   28.17902  305.41895   38.6163  135.4077    6.86100   -0.04453
 20.1333   28.34698  305.55093   38.6102  135.4444    6.76300   -0.02820
 20.1417   28.51520  305.68268   38.6040  135.4809    6.74200   -0.00279
 20.1500   28.68369  305.81421   38.5977  135.5171    6.68100    0.01654
 20.1583   28.85245  305.94553   38.5914  135.5530    6.55300    0.02356
 20.1667   29.02148  306.07663   38.5850  135.5886    6.46700    0.02297
 20.1750   29.19077  306.20749   38.5787  135.6240    6.37000    0.02849
 20.1833   29.36034  306.33813   38.5722  135.6591    6.28100    0.03341
 20.1917   29.53017  306.46854   38.5658  135.6939    6.19400    0.03640
 20.2000   29.70028  306.59869   38.5593  135.7285    6.08700    0.03703
 20.2083   29.87066  306.72864   38.5527  135.7628    5.98700    0.03254
 20.2167   30.04131  306.85837   38.5461  135.7968    5.87700    0.01622
 20.2250   30.21224  306.98785   38.5395  135.8306    5.70600   -0.00531
 20.2333   30.38344  307.11707   38.5329  135.8642    5.57500   -0.02852
 20.2417   30.55492  307.24609   38.5262  135.8975    5.45200   -0.04124
 20.2500   30.72667  307.37485   38.5194  135.9305    5.33500   -0.04613
 20.2583   30.89871  307.50339   38.5127  135.9633    5.24300   -0.04189
 20.2667   31.07102  307.63168   38.5059  135.9958    5.16200   -0.02813
 20.2750   31.24361  307.75974   38.4990  136.0282    5.09000   -0.01243
 20.2833   31.41649  307.88754   38.4922  136.0603    5.00500    0.01039
 20.2917   31.58964  308.01511   38.4852  136.0921    4.95700    0.02333
 20.3000   31.76308  308.14246   38.4783  136.1237    4.83100    0.03653
 20.3083   31.93681  308.26953   38.4713  136.1551    4.74900    0.03900
 20.3167   32.11081  308.39636   38.4643  136.1862    4.65300    0.03724
 20.3250   32.28511  308.52295   38.4573  136.2171    4.51400    0.02566
 20.3333   32.45969  308.64929   38.4502  136.2478    4.38800    0.00779
 20.3417   32.63455  308.77536   38.4431  136.2782    4.26700   -0.00576
 20.3500   32.80971  308.90121   38.4360  136.3085    4.15700   -0.01565
 20.3583   32.98515  309.02679   38.4289  136.3385    4.05500   -0.03086
 20.3667   33.16089  309.15213   38.4217  136.3683    3.91200   -0.04763
 20.3750   33.33692  309.27719   38.4145  136.3979    3.79800   -0.06181
 20.3833   33.51323  309.40201   38.4072  136.4272    3.71600   -0.06352
 20.3917   33.68984  309.52658   38.3999  136.4564    3.64000   -0.06426
 20.4000   33.86675  309.65088   38.3926  136.4853    3.53800   -0.06665
 20.4083   34.04395  309.77490   38.3853  136.5140    3.45700   -0.06138
 20.4167   34.22144  309.89868   38.3780  136.5425    3.43000   -0.04948
 20.4250   34.39924  310.02219   38.3706  136.5709    3.37200   -0.03579
 20.4333   34.57732  310.14545   38.3632  136.5990    3.31000   -0.02637
 20.4417   34.75571  310.26843   38.3557  136.6269    3.27300   -0.01699
 20.4500   34.93440  310.39114   38.3483  136.6546    3.22900   -0.00840
 20.4583   35.11338  310.51361   38.3408  136.6821    3.17500   -0.00888
 20.4667   35.29267  310.63577   38.3333  136.7094    3.10500   -0.01065
 20.4750   35.47226  310.75769   38.3257  136.7365    3.06100   -0.00852
 20.4833   35.65215  310.87933   38.3182  136.7634    3.03200   -0.00807
 20.4917   35.83234  311.00067   38.3106  136.7902    2.95900   -0.01141
 20.5000   36.01284  311.12177   38.3030  136.8167    2.89800   -0.01244
 20.5083   36.19364  311.24258   38.2953  136.8430    2.87900   -0.00621
 20.5167   36.37475  311.36310   38.2877  136.8692    2.83800    0.00968
 20.5250   36.55617  311.48334   38.2800  136.8952    2.81900    0.01642
 20.5333   36.73789  311.60330   38.2723  136.9210    2.75100    0.02336
 20.5417   36.91992  311.72299   38.2646  136.9466    2.70500    0.02585
 20.5500   37.10226  311.84238   38.2568  136.9720    2.66400    0.03164
 20.5583   37.28491  311.96149   38.2491  136.9972    2.61200    0.03193
 20.5667   37.46787  312.08032   38.2413  137.0223    2.54100    0.02638
 20.5750   37.65115  312.19885   38.2335  137.0472    2.47400    0.02115
 20.5833   37.83473  312.31708   38.2256  137.0719    2.42600    0.01478
 20.5917   38.01863  312.43503   38.2178  137.0965    2.35200    0.00218
 20.6000   38.20284  312.55270   38.2099  137.1208    2.25700   -0.01791
 20.6083   38.38737  312.67004   38.2020  137.1450    2.17500   -0.03754
 20.6167   38.57221  312.78711   38.1941  137.1691    2.10800   -0.04618
 20.6250   38.75737  312.90387   38.1862  137.1929    2.06800   -0.04783
 20.6333   38.94284  313.02032   38.1782  137.2166    2.02300   -0.04597
 20.6417   39.12864  313.13647   38.1703  137.2401    1.97400   -0.04356
 20.6500   39.31475  313.25232   38.1623  137.2635    1.94000   -0.03987
 20.6583   39.50118  313.36789   38.1543  137.2867    1.90400   -0.03609
 20.6667   39.68793  313.48312   38.1462  137.3097    1.86000   -0.03440
 20.6750   39.87500  313.59802   38.1382  137.3326    1.82200   -0.02712
 20.6833   40.06240  313.71265   38.1301  137.3553    1.81900   -0.01327
 20.6917   40.25011  313.82693   38.1221  137.3779    1.81300    0.00055
 20.7000   40.43815  313.94092   38.1140  137.4003    1.78200    0.01033
 20.7083   40.62651  314.05457   38.1058  137.4225    1.76500    0.00950
 20.7167   40.81520  314.16794   38.0977  137.4446    1.71700    0.00746
 20.7250   41.00421  314.28094   38.0896  137.4666    1.68600   -0.00283
 20.7333   41.19355  314.39365   38.0814  137.4883    1.63900   -0.00741
 20.7417   41.38321  314.50601   38.0732  137.5100    1.62000   -0.01081
 20.7500   41.57320  314.61804   38.0650  137.5315    1.59900   -0.00885
 20.7583   41.76352  314.72977   38.0568  137.5528    1.58200   -0.01250
 20.7667   41.95417  314.84113   38.0486  137.5740    1.54600   -0.02395
 20.7750   42.14514  314.95218   38.0403  137.5950    1.49800   -0.03942
 20.7833   42.33645  315.06287   38.0321  137.6159    1.47000   -0.04604
 20.7917   42.52809  315.17325   38.0238  137.6367    1.47800   -0.04610
 20.8000   42.72005  315.28326   38.0155  137.6573    1.46400   -0.04433
 20.8083   42.91235  315.39294   38.0072  137.6778    1.44900   -0.04911
 20.8167   43.10499  315.50229   37.9988  137.6981    1.43600   -0.05117
 20.8250   43.29795  315.61127   37.9905  137.7183    1.44200   -0.04705
 20.8333   43.49125  315.71991   37.9822  137.7384    1.46300   -0.03704
 20.8417   43.68488  315.82819   37.9738  137.7583    1.48400   -0.02366
 20.8500   43.87885  315.93610   37.9654  137.7781    1.51200   -0.01211
 20.8583   44.07315  316.04367   37.9570  137.7977    1.53300   -0.00387
 20.8667   44.26779  316.15088   37.9486  137.8172    1.54600   -0.00541
 20.8750   44.46277  316.25772   37.9402  137.8366    1.53300   -0.00888
 20.8833   44.65808  316.36417   37.9317  137.8558    1.53700   -0.01075
 20.8917   44.85373  316.47028   37.9233  137.8750    1.54500    0.00502
 20.9000   45.04972  316.57602   37.9148  137.8939    1.59700    0.03070
 20.9083   45.24604  316.68137   37.9063  137.9128    1.64300    0.06079
 20.9167   45.44271  316.78635   37.8978  137.9315    1.67100    0.08169
 20.9250   45.63972  316.89093   37.8893  137.9501    1.68000    0.09743
 20.9333   45.83706  316.99515   37.8808  137.9686    1.69200    0.10460
 20.9417   46.03475  317.09897   37.8723  137.9869    1.67100    0.09572
 20.9500   46.23278  317.20239   37.8637  138.0052    1.60200    0.05727
 20.9583   46.43115  317.30542   37.8552  138.0233    1.48400    0.01216
 20.9667   46.62986  317.40808   37.8466  138.0412    1.42900   -0.01556
 20.9750   46.82892  317.51031   37.8380  138.0591    1.42800    0.00697
 20.9833   47.02832  317.61215   37.8294  138.0768    1.50200    0.04653
 20.9917   47.22806  317.71359   37.8208  138.0944    1.49500    0.06295
 21.0000   47.42815  317.81461   37.8122  138.1119    1.37700    0.05402
 21.0083   47.62858  317.91522   37.8036  138.1293    1.33100    0.04047
 21.0167   47.82936  318.01541   37.7949  138.1466    1.29400    0.03049
 21.0250   48.03048  318.11517   37.7863  138.1637    1.18300    0.01581
 21.0333   48.23195  318.21451   37.7776  138.1807    1.12300    0.01159
 21.0417   48.43376  318.31342   37.7689  138.1976    1.13900    0.03405
 21.0500   48.63592  318.41190   37.7602  138.2144    1.14300    0.04469
 21.0583   48.83843  318.50995   37.7515  138.2311    1.03900    0.01662
 21.0667   49.04128  318.60757   37.7428  138.2477    0.88800   -0.03290
 21.0750   49.24449  318.70471   37.7341  138.2641    0.79500   -0.06757
 21.0833   49.44804  318.80142   37.7254  138.2805    0.74200   -0.07426
 21.0917   49.65194  318.89767   37.7166  138.2967    0.70700   -0.07199
 21.1000   49.85619  318.99347   37.7079  138.3129    0.65700   -0.03471
 21.1083   50.06078  319.08881   37.6991  138.3289    0.74300    0.00543
 21.1167   50.26573  319.18369   37.6903  138.3448    0.72700    0.03085
 21.1250   50.47103  319.27808   37.6815  138.3606    0.63200    0.02806
 21.1333   50.67667  319.37198   37.6727  138.3763    0.61100   -0.02222
 21.1417   50.88267  319.46542   37.6639  138.3919    0.41300   -0.04616
 21.1500   51.08902  319.55838   37.6551  138.4074    0.41200   -0.06124
 21.1583   51.29572  319.65082   37.6463  138.4228    0.42700   -0.03225
 21.1667   51.50276  319.74277   37.6374  138.4380    0.39900   -0.01129
 21.1750   51.71016  319.83423   37.6286  138.4532    0.37500   -0.00689
 21.1833   51.91791  319.92517   37.6197  138.4683    0.34300    0.00632
 21.1917   52.12602  320.01559   37.6108  138.4833    0.35900    0.04410
 21.2000   52.33447  320.10550   37.6019  138.4982    0.44000    0.05030
 21.2083   52.54328  320.19489   37.5931  138.5129    0.30400    0.02463
 21.2167   52.75244  320.28375   37.5841  138.5276    0.21600   -0.06721
 21.2250   52.96195  320.37204   37.5752  138.5422    0.07600   -0.14827
 21.2333   53.17181  320.45981   37.5663  138.5567    0.00000   -0.20888
 21.2417   53.38202  320.54703   37.5574  138.5710    0.01200   -0.22860
 21.2500   53.59259  320.63367   37.5484  138.5853    0.03700   -0.20109
 21.2583   53.80351  320.71976   37.5395  138.5995    0.14800   -0.15836
 21.2667   54.01478  320.80527   37.5305  138.6136    0.22900   -0.09903
 21.2750   54.22641  320.89020   37.5216  138.6276    0.32800   -0.05966
 21.2833   54.43839  320.97455   37.5126  138.6415    0.37600   -0.05251
 21.2917   54.65072  321.05832   37.5036  138.6553    0.35500   -0.05633
 21.3000   54.86340  321.14145   37.4946  138.6690    0.42900   -0.05663
 21.3083   55.07644  321.22400   37.4856  138.6827    0.51300   -0.02574
 21.3167   55.28983  321.30591   37.4766  138.6962    0.62300    0.00056
 21.3250   55.50357  321.38718   37.4675  138.7097    0.69400    0.01899
 21.3333   55.71767  321.46783   37.4585  138.7230    0.75500    0.02238
 21.3417   55.93211  321.54785   37.4494  138.7363    0.80900    0.03972
 21.3500   56.14691  321.62717   37.4404  138.7495    0.93100    0.06175
 21.3583   56.36207  321.70587   37.4313  138.7625    1.01300    0.07721
 21.3667   56.57757  321.78387   37.4222  138.7756    1.05300    0.05949
 21.3750   56.79343  321.86118   37.4132  138.7885    1.06600    0.02448
 21.3833   57.00964  321.93781   37.4041  138.8013    1.09200   -0.01626
 21.3917   57.22620  322.01373   37.3950  138.8140    1.11400   -0.05597
 21.4000   57.44311  322.08893   37.3858  138.8267    1.12700   -0.09319
 21.4083   57.66038  322.16339   37.3767  138.8393    1.15700   -0.11709
 21.4167   57.87799  322.23712   37.3676  138.8517    1.22100   -0.10199
 21.4250   58.09596  322.31009   37.3584  138.8642    1.37200   -0.04803
 21.4333   58.31428  322.38229   37.3493  138.8765    1.53700    0.01492
 21.4417   58.53295  322.45374   37.3401  138.8887    1.63100    0.04232
 21.4500   58.75196  322.52438   37.3310  138.9009    1.65500    0.04173
 21.4583   58.97133  322.59421   37.3218  138.9129    1.72500    0.03331
 21.4667   59.19105  322.66321   37.3126  138.9249    1.79800    0.02889
 21.4750   59.41112  322.73141   37.3034  138.9369    1.84300    0.01605
 21.4833   59.63153  322.79874   37.2942  138.9487    1.88900   -0.00217
 21.4917   59.85230  322.86520   37.2850  138.9604    1.94500    0.00157
 21.5000   60.07341  322.93079   37.2758  138.9721    2.06300    0.01370
 21.5083   60.29487  322.99548   37.2665  138.9837    2.13000    0.03272
 21.5167   60.51668  323.05927   37.2573  138.9952    2.19600    0.03664
 21.5250   60.73883  323.12213   37.2480  139.0067    2.24800    0.03949
 21.5333   60.96133  323.18402   37.2388  139.0180    2.30500    0.04777
 21.5417   61.18418  323.24496   37.2295  139.0293    2.38800    0.05766
 21.5500   61.40737  323.30490   37.2202  139.0405    2.44400    0.05596
 21.5583   61.63090  323.36383   37.2109  139.0517    2.45800    0.03582
 21.5667   61.85478  323.42175   37.2016  139.0627    2.47700    0.00783
 21.5750   62.07901  323.47861   37.1923  139.0737    2.50700   -0.00772
 21.5833   62.30357  323.53442   37.1830  139.0846    2.55900   -0.01409
 21.5917   62.52848  323.58911   37.1737  139.0955    2.60400   -0.01619
 21.6000   62.75373  323.64267   37.1644  139.1062    2.64300   -0.00936
 21.6083   62.97931  323.69510   37.1550  139.1169    2.72200   -0.00291
 21.6167   63.20524  323.74637   37.1457  139.1275    2.76600   -0.00181
 21.6250   63.43151  323.79645   37.1363  139.1381    2.78500   -0.00760
 21.6333   63.65811  323.84528   37.1269  139.1486    2.83800   -0.00914
 21.6417   63.88506  323.89288   37.1175  139.1590    2.89300   -0.00423
 21.6500   64.11234  323.93921   37.1082  139.1693    2.93400   -0.00206
 21.6583   64.33995  323.98419   37.0988  139.1796    2.98100    0.00153
 21.6667   64.56790  324.02786   37.0893  139.1898    3.04000    0.00619
 21.6750   64.79618  324.07013   37.0799  139.1999    3.08400    0.00506
 21.6833   65.02480  324.11099   37.0705  139.2100    3.11200    0.01983
 21.6917   65.25374  324.15039   37.0610  139.2200    3.22200    0.02513
 21.7000   65.48302  324.18832   37.0516  139.2299    3.23500    0.02561
 21.7083   65.71262  324.22473   37.0421  139.2397    3.24900    0.01128
 21.7167   65.94256  324.25955   37.0327  139.2495    3.31500   -0.00110
 21.7250   66.17282  324.29279   37.0232  139.2592    3.33700   -0.00736
 21.7333   66.40340  324.32437   37.0137  139.2689    3.37000   -0.02304
 21.7417   66.63431  324.35422   37.0042  139.2785    3.40400   -0.02934
 21.7500   66.86554  324.38235   36.9947  139.2880    3.45500   -0.02934
 21.7583   67.09710  324.40866   36.9851  139.2975    3.50700   -0.02748
 21.7667   67.32897  324.43314   36.9756  139.3069    3.54600   -0.01776
 21.7750   67.56116  324.45572   36.9661  139.3162    3.61900   -0.00394
 21.7833   67.79367  324.47632   36.9565  139.3255    3.68400    0.01608
 21.7917   68.02650  324.49490   36.9470  139.3347    3.74400    0.02822
 21.8000   68.25963  324.51138   36.9374  139.3439    3.79300    0.02716
 21.8083   68.49308  324.52573   36.9278  139.3529    3.81400    0.02245
 21.8167   68.72684  324.53787   36.9182  139.3620    3.85800    0.01968
 21.8250   68.96091  324.54770   36.9086  139.3709    3.91100    0.01892
 21.8333   69.19529  324.55515   36.8990  139.3798    3.93600    0.01594
 21.8417   69.42996  324.56015   36.8893  139.3886    3.97000    0.01625
 21.8500   69.66495  324.56265   36.8797  139.3974    4.03000    0.02698
 21.8583   69.90023  324.56250   36.8700  139.4061    4.08400    0.04382
 21.8667   70.13581  324.55966   36.8604  139.4148    4.13000    0.05241
 21.8750   70.37168  324.55399   36.8507  139.4234    4.15200    0.04905
 21.8833   70.60785  324.54541   36.8410  139.4319    4.15600    0.03792
 21.8917   70.84431  324.53384   36.8313  139.4404    4.16900    0.02981
 21.9000   71.08105  324.51913   36.8216  139.4488    4.19800    0.03069
 21.9083   71.31808  324.50116   36.8119  139.4572    4.22800    0.03523
 21.9167   71.55540  324.47980   36.8021  139.4655    4.25000    0.04044
 21.9250   71.79299  324.45496   36.7924  139.4737    4.27400    0.05070
 21.9333   72.03086  324.42645   36.7826  139.4819    4.31300    0.04805
 21.9417   72.26901  324.39417   36.7728  139.4901    4.28800    0.02593
 21.9500   72.50742  324.35791   36.7630  139.4981    4.25000   -0.00743
 21.9583   72.74610  324.31754   36.7532  139.5061    4.25700   -0.03466
 21.9667   72.98505  324.27286   36.7434  139.5141    4.25800   -0.03463
 21.9750   73.22425  324.22372   36.7336  139.5220    4.31400   -0.03494
 21.9833   73.46371  324.16989   36.7237  139.5299    4.32800   -0.03589
 21.9917   73.70342  324.11115   36.7139  139.5377    4.33300   -0.06930
 22.0000   73.94337  324.04730   36.7040  139.5454    4.29100   -0.09926
 22.0083   74.18357  323.97809   36.6941  139.5531    4.31700   -0.11664
 22.0167   74.42401  323.90326   36.6842  139.5607    4.36000   -0.09766
 22.0250   74.66467  323.82257   36.6743  139.5683    4.43200   -0.06737
 22.0333   74.90557  323.73569   36.6644  139.5759    4.49700   -0.03363
 22.0417   75.14668  323.64233   36.6544  139.5833    4.55700    0.00061
 22.0500   75.38801  323.54214   36.6444  139.5907    4.63500    0.03356
 22.0583   75.62955  323.43478   36.6344  139.5981    4.69600    0.06248
 22.0667   75.87129  323.31989   36.6245  139.6054    4.74300    0.07643
 22.0750   76.11322  323.19699   36.6144  139.6127    4.77400    0.07510
 22.0833   76.35534  323.06573   36.6044  139.6199    4.79200    0.06126
 22.0917   76.59764  322.92557   36.5943  139.6271    4.80400    0.04556
 22.1000   76.84012  322.77603   36.5843  139.6342    4.83100    0.03007
 22.1083   77.08275  322.61655   36.5742  139.6413    4.84600    0.02064
 22.1167   77.32553  322.44653   36.5641  139.6483    4.87100    0.01100
 22.1250   77.56846  322.26535   36.5539  139.6552    4.89000    0.00712
 22.1333   77.81151  322.07227   36.5438  139.6621    4.91400    0.00488
 22.1417   78.05469  321.86658   36.5336  139.6690    4.93500    0.00473
 22.1500   78.29797  321.64743   36.5234  139.6758    4.95300    0.00396
 22.1583   78.54134  321.41391   36.5132  139.6826    4.97000    0.00408
 22.1667   78.78478  321.16510   36.5030  139.6893    4.99100    0.00493
 22.1750   79.02829  320.89987   36.4927  139.6960    5.01100    0.00895
 22.1833   79.27183  320.61707   36.4824  139.7026    5.04000    0.01238
 22.1917   79.51540  320.31546   36.4721  139.7091    5.06300    0.00928
 22.2000   79.75897  319.99356   36.4617  139.7157    5.06700   -0.00145
 22.2083   80.00252  319.64990   36.4514  139.7221    5.07700   -0.01638
 22.2167   80.24602  319.28275   36.4410  139.7286    5.09100   -0.02703
 22.2250   80.48945  318.89023   36.4305  139.7349    5.11200   -0.03960
 22.2333   80.73277  318.47021   36.4200  139.7413    5.11900   -0.05256
 22.2417   80.97596  318.02045   36.4095  139.7476    5.13500   -0.06234
 22.2500   81.21897  317.53836   36.3990  139.7539    5.16900   -0.05830
 22.2583   81.46176  317.02106   36.3884  139.7601    5.22000   -0.04555
 22.2667   81.70429  316.46536   36.3778  139.7662    5.26200   -0.02735
 22.2750   81.94651  315.86771   36.3671  139.7724    5.31000   -0.00930
 22.2833   82.18836  315.22406   36.3564  139.7785    5.35900    0.00842
 22.2917   82.42978  314.52994   36.3457  139.7845    5.40100    0.02503
 22.3000   82.67069  313.78024   36.3348  139.7906    5.44800    0.03408
 22.3083   82.91101  312.96924   36.3240  139.7966    5.47600    0.04228
 22.3167   83.15065  312.09045   36.3130  139.8026    5.51600    0.05213
 22.3250   83.38950  311.13654   36.3020  139.8085    5.56700    0.05509
 22.3333   83.62744  310.09912   36.2910  139.8145    5.57300    0.04745
 22.3417   83.86433  308.96872   36.2798  139.8204    5.57900    0.02805
 22.3500   84.10001  307.73456   36.2686  139.8264    5.59200    0.01067
 22.3583   84.33430  306.38434   36.2573  139.8324    5.60100    0.00442
 22.3667   84.56696  304.90414   36.2459  139.8383    5.63600    0.00528
 22.3750   84.79776  303.27808   36.2344  139.8444    5.66600    0.01021
 22.3833   85.02638  301.48834   36.2229  139.8505    5.68200    0.00678
 22.3917   85.25247  299.51486   36.2112  139.8567    5.68900   -0.00519
 22.4000   85.47561  297.33533   36.1994  139.8631    5.69200   -0.01401
 22.4083   85.69529  294.92542   36.1875  139.8696    5.71700   -0.01428
 22.4167   85.91091  292.25900   36.1756  139.8763    5.75100   -0.00931
 22.4250   86.12175  289.30911   36.1636  139.8833    5.77100   -0.00453
 22.4333   86.32691  286.04932   36.1516  139.8907    5.79800   -0.00991
 22.4417   86.52536  282.45596   36.1396  139.8983    5.80300   -0.01441
 22.4500   86.71581  278.51141   36.1277  139.9065    5.82600   -0.02452
 22.4583   86.89673  274.20840   36.1161  139.9150    5.83600   -0.02607
 22.4667   87.06629  269.55493   36.1049  139.9241    5.86600   -0.01868
 22.4750   87.22235  264.57919   36.0941  139.9335    5.91700   -0.00613
 22.4833   87.36245  259.33304   36.0839  139.9432    5.94500    0.00957
 22.4917   87.48384  253.89217   36.0745  139.9529    5.98700    0.01353
 22.5000   87.58363  248.35191   36.0658  139.9625    6.00400    0.01288
 22.5083   87.65898  242.81839   36.0578  139.9716    6.01900    0.00656
 22.5167   87.70741  237.39691   36.0504  139.9800    6.04400    0.00244
 22.5250   87.72713  232.18066   36.0432  139.9876    6.06800    0.00082
 22.5333   87.71731  227.24243   36.0362  139.9942    6.09000   -0.00245
 22.5417   87.67826  222.63087   36.0291  140.0000    6.11100   -0.00337
 22.5500   87.61134  218.37138   36.0217  140.0050    6.14300   -0.00456
 22.5583   87.51875  214.46965   36.0139  140.0094    6.16400   -0.00238
 22.5667   87.40317  210.91681   36.0057  140.0133    6.19400    0.00145
 22.5750   87.26746  207.69423   35.9971  140.0169    6.22900    0.00857
 22.5833   87.11439  204.77774   35.9881  140.0202    6.25900    0.01155
 22.5917   86.94655  202.14072   35.9787  140.0235    6.27600    0.00674
 22.6000   86.76616  199.75623   35.9690  140.0267    6.28800   -0.00287
 22.6083   86.57519  197.59839   35.9590  140.0299    6.30400   -0.00869
 22.6167   86.37525  195.64307   35.9488  140.0331    6.33300   -0.00706
 22.6250   86.16772  193.86829   35.9384  140.0364    6.36800   -0.00280
 22.6333   85.95373  192.25424   35.9279  140.0397    6.39200    0.00121
 22.6417   85.73421  190.78339   35.9172  140.0431    6.42100    0.00327
 22.6500   85.50996  189.44011   35.9064  140.0465    6.45100    0.00086
 22.6583   85.28161  188.21072   35.8955  140.0500    6.46300   -0.00449
 22.6667   85.04971  187.08311   35.8846  140.0535    6.48400   -0.01007
 22.6750   84.81470  186.04669   35.8735  140.0571    6.51500   -0.01398
 22.6833   84.57698  185.09212   35.8624  140.0607    6.53600   -0.01662
 22.6917   84.33686  184.21117   35.8512  140.0643    6.56600   -0.02188
 22.7000   84.09461  183.39664   35.8400  140.0680    6.59400   -0.02905
 22.7083   83.85046  182.64211   35.8287  140.0717    6.61300   -0.03398
 22.7167   83.60462  181.94196   35.8174  140.0754    6.65400   -0.03653
 22.7250   83.35726  181.29115   35.8061  140.0792    6.69300   -0.03529
 22.7333   83.10852  180.68530   35.7947  140.0829    6.72700   -0.03609
 22.7417   82.85853  180.12044   35.7833  140.0867    6.76500   -0.03728
 22.7500   82.60741  179.59303   35.7718  140.0904    6.80700   -0.03285
 22.7583   82.35525  179.09991   35.7603  140.0942    6.86200   -0.02697
 22.7667   82.10214  178.63831   35.7488  140.0980    6.90800   -0.01925
 22.7750   81.84816  178.20564   35.7373  140.1017    6.95800   -0.01253
 22.7833   81.59338  177.79967   35.7257  140.1055    7.01300   -0.00085
 22.7917   81.33785  177.41829   35.7141  140.1093    7.07700    0.00715
 22.8000   81.08163  177.05969   35.7024  140.1130    7.11900    0.01102
 22.8083   80.82477  176.72215   35.6907  140.1168    7.16400    0.00735
 22.8167   80.56731  176.40419   35.6790  140.1205    7.20800    0.00613
 22.8250   80.30929  176.10439   35.6673  140.1243    7.26100    0.00341
 22.8333   80.05076  175.82149   35.6555  140.1280    7.30500   -0.00015
 22.8417   79.79173  175.55432   35.6437  140.1317    7.34900   -0.00870
 22.8500   79.53224  175.30186   35.6319  140.1354    7.38900   -0.01543
 22.8583   79.27231  175.06313   35.6200  140.1391    7.44100   -0.02415
 22.8667   79.01198  174.83723   35.6081  140.1428    7.48200   -0.02896
 22.8750   78.75126  174.62337   35.5962  140.1465    7.53600   -0.03451
 22.8833   78.49018  174.42078   35.5843  140.1502    7.58800   -0.03417
 22.8917   78.22875  174.22878   35.5723  140.1538    7.65000   -0.03183
 22.9000   77.96699  174.04672   35.5602  140.1575    7.71500   -0.02998
 22.9083   77.70493  173.87404   35.5482  140.1611    7.77000   -0.02886
 22.9167   77.44257  173.71017   35.5361  140.1647    7.83400   -0.02907
 22.9250   77.17992  173.55461   35.5240  140.1683    7.89900   -0.02608
 22.9333   76.91701  173.40689   35.5118  140.1719    7.96900   -0.02121
 22.9417   76.65385  173.26659   35.4996  140.1754    8.04400   -0.01850
 22.9500   76.39044  173.13327   35.4874  140.1790    8.10800   -0.01918
 22.9583   76.12681  173.00658   35.4752  140.1825    8.17300   -0.02001
 22.9667   75.86295  172.88615   35.4629  140.1860    8.25300   -0.01738
 22.9750   75.59888  172.77167   35.4505  140.1895    8.33200   -0.01500
 22.9833   75.33462  172.66283   35.4382  140.1930    8.40000   -0.01592
 22.9917   75.07016  172.55931   35.4258  140.1965    8.47400   -0.01901
 23.0000   74.80552  172.46088   35.4133  140.2000    8.55100   -0.02147
 23.0083   74.54071  172.36726   35.4008  140.2034    8.62600   -0.02224
 23.0167   74.27573  172.27824   35.3883  140.2068    8.70900   -0.02240
 23.0250   74.01059  172.19359   35.3758  140.2103    8.79100   -0.02033
 23.0333   73.74530  172.11308   35.3632  140.2137    8.87600   -0.01915
 23.0417   73.47986  172.03653   35.3505  140.2171    8.96000   -0.01948
 23.0500   73.21429  171.96375   35.3379  140.2204    9.04100   -0.02096
 23.0583   72.94859  171.89455   35.3251  140.2238    9.12600   -0.01981
 23.0667   72.68276  171.82880   35.3124  140.2271    9.22200   -0.01628
 23.0750   72.41682  171.76630   35.2996  140.2305    9.31500   -0.01231
 23.0833   72.15076  171.70694   35.2867  140.2338    9.40600   -0.01251
 23.0917   71.88460  171.65056   35.2739  140.2371    9.49300   -0.01447
 23.1000   71.61833  171.59705   35.2609  140.2404    9.58400   -0.01817
 23.1083   71.35197  171.54625   35.2480  140.2436    9.67300   -0.01993
 23.1167   71.08552  171.49808   35.2349  140.2469    9.76900   -0.02180
 23.1250   70.81898  171.45238   35.2219  140.2501    9.86300   -0.02096
 23.1333   70.55236  171.40909   35.2088  140.2534    9.96500   -0.01963
 23.1417   70.28566  171.36807   35.1956  140.2566   10.06800   -0.01716
 23.1500   70.01890  171.32927   35.1824  140.2598   10.17100   -0.01672
 23.1583   69.75207  171.29256   35.1692  140.2630   10.27100   -0.01858
 23.1667   69.48517  171.25787   35.1559  140.2662   10.37100   -0.02215
 23.1750   69.21822  171.22511   35.1425  140.2693   10.47300   -0.02595
 23.1833   68.95122  171.19420   35.1291  140.2725   10.57700   -0.03138
 23.1917   68.68417  171.16507   35.1157  140.2756   10.67700   -0.03593
 23.2000   68.41707  171.13765   35.1022  140.2788   10.78800   -0.03663
 23.2083   68.14994  171.11186   35.0887  140.2819   10.91100   -0.03298
 23.2167   67.88276  171.08765   35.0751  140.2850   11.03100   -0.02772
 23.2250   67.61556  171.06493   35.0614  140.2881   11.15200   -0.02558
 23.2333   67.34833  171.04367   35.0477  140.2912   11.26900   -0.02345
 23.2417   67.08107  171.02380   35.0340  140.2943   11.39300   -0.02433
 23.2500   66.81379  171.00528   35.0202  140.2973   11.50800   -0.02543
 23.2583   66.54650  170.98804   35.0063  140.3004   11.62800   -0.02515
 23.2667   66.27919  170.97202   34.9924  140.3034   11.76000   -0.01777
 23.2750   66.01188  170.95720   34.9784  140.3065   11.90300   -0.00852
 23.2833   65.74456  170.94353   34.9644  140.3095   12.03400   -0.00029
 23.2917   65.47724  170.93092   34.9503  140.3125   12.16700    0.00166
 23.3000   65.20991  170.91940   34.9362  140.3155   12.29300    0.00061
 23.3083   64.94260  170.90887   34.9220  140.3185   12.41800   -0.00225
 23.3167   64.67529  170.89932   34.9077  140.3215   12.54900   -0.00866
 23.3250   64.40800  170.89073   34.8934  140.3245   12.66700   -0.01680
 23.3333   64.14072  170.88303   34.8790  140.3275   12.79000   -0.02544
 23.3417   63.87347  170.87617   34.8646  140.3304   12.92300   -0.02719
 23.3500   63.60623  170.87016   34.8500  140.3334   13.06600   -0.02651
 23.3583   63.33902  170.86496   34.8355  140.3363   13.19700   -0.02349
 23.3667   63.07184  170.86050   34.8209  140.3393   13.33700   -0.01906
 23.3750   62.80469  170.85681   34.8062  140.3422   13.48500   -0.01042
 23.3833   62.53758  170.85382   34.7914  140.3451   13.63300   -0.00389
 23.3917   62.27051  170.85152   34.7766  140.3481   13.77000    0.00149
 23.4000   62.00348  170.84987   34.7617  140.3510   13.91800    0.00400
 23.4083   61.73649  170.84885   34.7467  140.3539   14.06000    0.00663
 23.4167   61.46956  170.84843   34.7317  140.3568   14.20100    0.00195
 23.4250   61.20267  170.84860   34.7166  140.3597   14.32900   -0.00855
 23.4333   60.93585  170.84933   34.7014  140.3626   14.45500   -0.02142
 23.4417   60.66907  170.85060   34.6862  140.3655   14.59200   -0.02934
 23.4500   60.40236  170.85239   34.6709  140.3684   14.74100   -0.02907
 23.4583   60.13572  170.85464   34.6555  140.3713   14.90000   -0.02608
 23.4667   59.86914  170.85741   34.6400  140.3742   15.05100   -0.02585
 23.4750   59.60263  170.86060   34.6245  140.3770   15.19400   -0.02966
 23.4833   59.33620  170.86424   34.6089  140.3799   15.34200   -0.03526
 23.4917   59.06984  170.86830   34.5932  140.3828   15.49000   -0.03560
 23.5000   58.80356  170.87276   34.5774  140.3857   15.65600   -0.03571
 23.5083   58.53736  170.87759   34.5616  140.3885   15.81200   -0.03373
 23.5167   58.27125  170.88281   34.5457  140.3914   15.97600   -0.03095
 23.5250   58.00523  170.88837   34.5297  140.3943   16.15400   -0.02454
 23.5333   57.73930  170.89426   34.5136  140.3971   16.33100   -0.01817
 23.5417   57.47346  170.90047   34.4974  140.4000   16.50200   -0.02178
 23.5500   57.20771  170.90698   34.4812  140.4028   16.65100   -0.02967
 23.5583   56.94207  170.91380   34.4649  140.4057   16.81800   -0.03877
 23.5667   56.67653  170.92088   34.4485  140.4086   16.99000   -0.03864
 23.5750   56.41110  170.92822   34.4320  140.4114   17.17700   -0.03365
 23.5833   56.14577  170.93584   34.4154  140.4143   17.36600   -0.02589
 23.5917   55.88055  170.94366   34.3987  140.4172   17.55200   -0.01836
 23.6000   55.61545  170.95174   34.3819  140.4200   17.74200   -0.01017
 23.6083   55.35046  170.96002   34.3651  140.4229   17.93700   -0.00081
 23.6167   55.08559  170.96851   34.3481  140.4258   18.13000    0.00527
 23.6250   54.82084  170.97717   34.3311  140.4286   18.31100    0.00451
 23.6333   54.55622  170.98604   34.3139  140.4315   18.48600    0.00123
 23.6417   54.29173  170.99507   34.2967  140.4344   18.67500   -0.00332
 23.6500   54.02736  171.00426   34.2794  140.4373   18.85700   -0.00664
 23.6583   53.76313  171.01360   34.2620  140.4402   19.04000   -0.01236
 23.6667   53.49903  171.02309   34.2444  140.4431   19.22300   -0.01682
 23.6750   53.23507  171.03268   34.2268  140.4460   19.41200   -0.01936
 23.6833   52.97124  171.04242   34.2091  140.4489   19.60500   -0.02150
 23.6917   52.70757  171.05228   34.1913  140.4518   19.79300   -0.02339
 23.7000   52.44403  171.06221   34.1733  140.4547   19.98600   -0.02387
 23.7083   52.18065  171.07227   34.1553  140.4576   20.18700   -0.02476
 23.7167   51.91741  171.08240   34.1372  140.4606   20.37700   -0.02376
 23.7250   51.65433  171.09261   34.1189  140.4635   20.58100   -0.02401
 23.7333   51.39140  171.10287   34.1005  140.4664   20.78200   -0.02354
 23.7417   51.12863  171.11324   34.0821  140.4694   20.97900   -0.02232
 23.7500   50.86603  171.12363   34.0635  140.4724   21.19000   -0.01802
 23.7583   50.60358  171.13408   34.0448  140.4753   21.40600   -0.01049
 23.7667   50.34130  171.14458   34.0260  140.4783   21.61800   -0.00403
 23.7750   50.07919  171.15511   34.0070  140.4813   21.82800   -0.00251
 23.7833   49.81725  171.16566   33.9880  140.4843   22.02800   -0.00308
 23.7917   49.55548  171.17622   33.9688  140.4873   22.23500   -0.00357
 23.8000   49.29388  171.18681   33.9495  140.4903   22.44900   -0.00168
 23.8083   49.03247  171.19742   33.9301  140.4934   22.66200   -0.00038
 23.8167   48.77123  171.20802   33.9106  140.4964   22.87100   -0.00229
 23.8250   48.51017  171.21861   33.8909  140.4995   23.07600   -0.00681
 23.8333   48.24930  171.22920   33.8711  140.5025   23.28200   -0.01262
 23.8417   47.98862  171.23978   33.8512  140.5056   23.48800   -0.01701
 23.8500   47.72813  171.25032   33.8312  140.5087   23.70000   -0.02217
 23.8583   47.46782  171.26085   33.8110  140.5118   23.90500   -0.02411
 23.8667   47.20771  171.27135   33.7906  140.5150   24.12600   -0.02267
 23.8750   46.94780  171.28178   33.7702  140.5181   24.35400   -0.01807
 23.8833   46.68809  171.29221   33.7496  140.5213   24.57400   -0.01225
 23.8917   46.42857  171.30257   33.7289  140.5245   24.80200   -0.00979
 23.9000   46.16926  171.31287   33.7080  140.5277   25.01900   -0.00711
 23.9083   45.91015  171.32312   33.6870  140.5309   25.24300   -0.00650
 23.9167   45.65125  171.33331   33.6658  140.5341   25.46700   -0.00588
 23.9250   45.39256  171.34343   33.6445  140.5374   25.68900   -0.00231
 23.9333   45.13408  171.35349   33.6230  140.5406   25.92100   -0.00266
 23.9417   44.87582  171.36345   33.6014  140.5439   26.13600   -0.00302
 23.9500   44.61777  171.37334   33.5796  140.5472   26.35900   -0.00435
 23.9583   44.35993  171.38315   33.5577  140.5506   26.58800   -0.00479
 23.9667   44.10232  171.39285   33.5356  140.5539   26.80900   -0.00416
 23.9750   43.84493  171.40250   33.5133  140.5573   27.03700   -0.00309
 23.9833   43.58777  171.41200   33.4909  140.5607   27.27300   -0.00072
 23.9917   43.33083  171.42143   33.4684  140.5641   27.51000    0.00000
