hmax        =    300
wind_bottom =      2
wind_top    =     10
critlon     =      0
tbeg, h     =   0.00
tend, h     =  24.00
c_ionex     =      0
c_vert      =      1
time, gamma, az, latp, lonp, tec, tec_filtered
  0.0000   31.00588   50.24348   38.6323  144.0753    0.00000    0.00000
  0.0083   30.85443   50.07685   38.6550  144.0884    0.01700   -0.00013
  0.0167   30.70233   49.91174   38.6777  144.1016    0.02900   -0.00301
  0.0250   30.54960   49.74812   38.7007  144.1150    0.04800   -0.00404
  0.0333   30.39623   49.58600   38.7237  144.1286    0.08800   -0.00741
  0.0417   30.24224   49.42538   38.7470  144.1425    0.10800   -0.01437
  0.0500   30.08764   49.26625   38.7703  144.1566    0.14100   -0.02342
  0.0583   29.93244   49.10860   38.7939  144.1709    0.16900   -0.02335
  0.0667   29.77664   48.95243   38.8176  144.1854    0.22500   -0.01044
  0.0750   29.62025   48.79774   38.8414  144.2001    0.31600    0.00713
  0.0833   29.46328   48.64452   38.8654  144.2151    0.36800    0.02144
  0.0917   29.30574   48.49277   38.8896  144.2304    0.40400    0.02361
  0.1000   29.14764   48.34248   38.9139  144.2459    0.43400    0.02099
  0.1083   28.98898   48.19364   38.9384  144.2616    0.46600    0.01438
  0.1167   28.82977   48.04626   38.9631  144.2775    0.48600    0.00473
  0.1250   28.67002   47.90032   38.9880  144.2938    0.50300   -0.00528
  0.1333   28.50975   47.75583   39.0130  144.3102    0.53500   -0.01430
  0.1417   28.34894   47.61277   39.0382  144.3269    0.56300   -0.01890
  0.1500   28.18762   47.47115   39.0636  144.3439    0.60900   -0.02404
  0.1583   28.02579   47.33095   39.0892  144.3612    0.64100   -0.02738
  0.1667   27.86346   47.19217   39.1150  144.3787    0.68000   -0.02880
  0.1750   27.70063   47.05481   39.1410  144.3965    0.73600   -0.02422
  0.1833   27.53732   46.91885   39.1671  144.4145    0.80200   -0.01608
  0.1917   27.37353   46.78431   39.1935  144.4329    0.86300   -0.01392
  0.2000   27.20927   46.65116   39.2201  144.4515    0.88900   -0.01556
  0.2083   27.04454   46.51940   39.2468  144.4704    0.93900   -0.01777
  0.2167   26.87935   46.38903   39.2738  144.4896    1.00100   -0.00794
  0.2250   26.71371   46.26005   39.3010  144.5092    1.09800    0.00677
  0.2333   26.54763   46.13244   39.3284  144.5290    1.17500    0.01902
  0.2417   26.38112   46.00620   39.3560  144.5491    1.22300    0.02120
  0.2500   26.21417   45.88132   39.3838  144.5695    1.26400    0.01551
  0.2583   26.04680   45.75781   39.4118  144.5902    1.30100    0.00937
  0.2667   25.87901   45.63565   39.4401  144.6113    1.35300    0.00519
  0.2750   25.71081   45.51483   39.4686  144.6327    1.41300    0.00355
  0.2833   25.54222   45.39536   39.4973  144.6544    1.47500   -0.00383
  0.2917   25.37322   45.27722   39.5263  144.6765    1.50400   -0.01818
  0.3000   25.20383   45.16042   39.5555  144.6988    1.53100   -0.03968
  0.3083   25.03407   45.04493   39.5850  144.7216    1.55200   -0.05738
  0.3167   24.86392   44.93077   39.6147  144.7446    1.60200   -0.06652
  0.3250   24.69340   44.81792   39.6446  144.7681    1.68200   -0.06353
  0.3333   24.52252   44.70637   39.6748  144.7919    1.78600   -0.05364
  0.3417   24.35128   44.59612   39.7053  144.8161    1.89500   -0.04087
  0.3500   24.17969   44.48717   39.7360  144.8406    2.01300   -0.02887
  0.3583   24.00776   44.37951   39.7670  144.8655    2.13300   -0.02022
  0.3667   23.83548   44.27313   39.7983  144.8908    2.24100   -0.02142
  0.3750   23.66287   44.16802   39.8298  144.9165    2.31700   -0.03334
  0.3833   23.48993   44.06419   39.8616  144.9426    2.38700   -0.05289
  0.3917   23.31667   43.96162   39.8937  144.9691    2.46300   -0.06710
  0.4000   23.14309   43.86031   39.9261  144.9960    2.58600   -0.06892
  0.4083   22.96920   43.76025   39.9587  145.0233    2.74800   -0.05890
  0.4167   22.79501   43.66144   39.9917  145.0510    2.91300   -0.04195
  0.4250   22.62051   43.56386   40.0250  145.0792    3.09500   -0.02408
  0.4333   22.44573   43.46753   40.0585  145.1078    3.27800   -0.00780
  0.4417   22.27065   43.37242   40.0924  145.1369    3.44800    0.00037
  0.4500   22.09529   43.27853   40.1266  145.1664    3.59300   -0.00442
  0.4583   21.91966   43.18586   40.1611  145.1963    3.70700   -0.01846
  0.4667   21.74375   43.09440   40.1960  145.2268    3.83200   -0.03618
  0.4750   21.56757   43.00415   40.2311  145.2577    3.97000   -0.04737
  0.4833   21.39113   42.91509   40.2666  145.2891    4.14500   -0.05032
  0.4917   21.21444   42.82723   40.3025  145.3210    4.34100   -0.04587
  0.5000   21.03749   42.74055   40.3386  145.3533    4.54200   -0.03893
  0.5083   20.86030   42.65506   40.3752  145.3862    4.74600   -0.03184
  0.5167   20.68287   42.57074   40.4120  145.4196    4.95600   -0.02680
  0.5250   20.50520   42.48759   40.4493  145.4535    5.15600   -0.03040
  0.5333   20.32729   42.40561   40.4869  145.4880    5.31600   -0.04042
  0.5417   20.14916   42.32478   40.5249  145.5230    5.49700   -0.04990
  0.5500   19.97081   42.24510   40.5632  145.5585    5.71600   -0.05038
  0.5583   19.79224   42.16657   40.6019  145.5947    5.95300   -0.04414
  0.5667   19.61346   42.08919   40.6410  145.6313    6.19300   -0.03496
  0.5750   19.43447   42.01293   40.6806  145.6686    6.44100   -0.02403
  0.5833   19.25528   41.93781   40.7205  145.7065    6.69400   -0.00902
  0.5917   19.07589   41.86381   40.7608  145.7449    6.96300    0.00616
  0.6000   18.89630   41.79093   40.8015  145.7840    7.21000    0.02006
  0.6083   18.71652   41.71916   40.8426  145.8237    7.45000    0.02720
  0.6167   18.53656   41.64850   40.8842  145.8641    7.66900    0.03182
  0.6250   18.35641   41.57894   40.9262  145.9050    7.89700    0.03715
  0.6333   18.17609   41.51047   40.9686  145.9467    8.13900    0.04304
  0.6417   17.99559   41.44309   41.0115  145.9890    8.35500    0.04788
  0.6500   17.81493   41.37680   41.0548  146.0320    8.56600    0.04932
  0.6583   17.63410   41.31159   41.0986  146.0757    8.77400    0.04729
  0.6667   17.45311   41.24745   41.1428  146.1200    8.95600    0.04011
  0.6750   17.27197   41.18439   41.1875  146.1651    9.12100    0.02896
  0.6833   17.09067   41.12238   41.2327  146.2110    9.29100    0.01771
  0.6917   16.90922   41.06143   41.2783  146.2576    9.46300    0.00782
  0.7000   16.72763   41.00153   41.3245  146.3049    9.63000   -0.00304
  0.7083   16.54589   40.94268   41.3711  146.3530    9.78700   -0.01306
  0.7167   16.36402   40.88488   41.4183  146.4019    9.96100   -0.02178
  0.7250   16.18202   40.82811   41.4659  146.4516   10.13600   -0.02591
  0.7333   15.99989   40.77237   41.5141  146.5021   10.32700   -0.02658
  0.7417   15.81763   40.71765   41.5628  146.5534   10.53000   -0.02218
  0.7500   15.63524   40.66396   41.6120  146.6056   10.74700   -0.01897
  0.7583   15.45274   40.61128   41.6618  146.6587   10.93500   -0.01839
  0.7667   15.27013   40.55962   41.7121  146.7126   11.12500   -0.02220
  0.7750   15.08740   40.50896   41.7630  146.7674   11.31600   -0.02439
  0.7833   14.90457   40.45930   41.8144  146.8231   11.52500   -0.02381
  0.7917   14.72163   40.41063   41.8665  146.8797   11.74700   -0.01902
  0.8000   14.53858   40.36296   41.9190  146.9373   11.98300   -0.01510
  0.8083   14.35544   40.31627   41.9722  146.9959   12.19700   -0.00987
  0.8167   14.17221   40.27057   42.0260  147.0554   12.44000   -0.00906
  0.8250   13.98888   40.22584   42.0803  147.1159   12.65100   -0.00983
  0.8333   13.80547   40.18208   42.1353  147.1774   12.86200   -0.01403
  0.8417   13.62197   40.13929   42.1909  147.2400   13.08800   -0.01862
  0.8500   13.43839   40.09746   42.2471  147.3036   13.30800   -0.02277
  0.8583   13.25473   40.05658   42.3040  147.3683   13.53700   -0.02653
  0.8667   13.07099   40.01666   42.3615  147.4341   13.78500   -0.02932
  0.8750   12.88719   39.97769   42.4196  147.5010   14.03300   -0.03481
  0.8833   12.70331   39.93966   42.4784  147.5690   14.26200   -0.04158
  0.8917   12.51937   39.90257   42.5379  147.6381   14.52100   -0.04862
  0.9000   12.33536   39.86641   42.5980  147.7085   14.78700   -0.05332
  0.9083   12.15129   39.83118   42.6588  147.7800   15.05500   -0.05818
  0.9167   11.96716   39.79688   42.7203  147.8528   15.32900   -0.06209
  0.9250   11.78298   39.76349   42.7825  147.9268   15.61900   -0.06531
  0.9333   11.59875   39.73103   42.8454  148.0020   15.90600   -0.05774
  0.9417   11.41446   39.69947   42.9091  148.0786   16.28300   -0.04481
  0.9500   11.23013   39.66882   42.9734  148.1564   16.62700   -0.02268
  0.9583   11.04576   39.63907   43.0385  148.2356   16.99900   -0.00210
  0.9667   10.86134   39.61023   43.1043  148.3162   17.37200    0.01692
  0.9750   10.67689   39.58227   43.1708  148.3981   17.71700    0.02889
  0.9833   10.49240   39.55521   43.2381  148.4814   18.04600    0.03153
  0.9917   10.30787   39.52903   43.3062  148.5662   18.35600    0.02899
  1.0000   10.12332   39.50373   43.3750  148.6525   18.67400    0.01951
  1.0083    9.93874   39.47931   43.4446  148.7402   18.96100    0.00590
  1.0167    9.75413   39.45577   43.5150  148.8294   19.25200   -0.01549
  1.0250    9.56949   39.43309   43.5861  148.9202   19.51500   -0.04011
  1.0333    9.38484   39.41128   43.6581  149.0125   19.78500   -0.06023
  1.0417    9.20017   39.39033   43.7308  149.1065   20.12200   -0.06802
  1.0500    9.01548   39.37024   43.8044  149.2020   20.49500   -0.06575
  1.0583    8.83077   39.35100   43.8788  149.2993   20.85700   -0.05859
  1.0667    8.64606   39.33261   43.9540  149.3982   21.24700   -0.04165
  1.0750    8.46133   39.31506   44.0300  149.4988   21.65100   -0.02267
  1.0833    8.27660   39.29836   44.1068  149.6011   22.05500   -0.00984
  1.0917    8.09186   39.28250   44.1845  149.7053   22.44400    0.00012
  1.1000    7.90712   39.26746   44.2630  149.8112   22.89300    0.00813
  1.1083    7.72238   39.25326   44.3424  149.9190   23.31900    0.01115
  1.1167    7.53765   39.23989   44.4226  150.0286   23.68000   -0.00036
  1.1250    7.35291   39.22734   44.5036  150.1402   23.99300   -0.00310
  1.1333    7.16818   39.21561   44.5855  150.2536   24.44100    0.00000

 12.4583   10.87298  321.82248   43.2636  132.0954    7.59400    0.00000
 12.4667   11.04563  321.75040   43.1955  132.1613    7.51200    0.00054
 12.4750   11.21808  321.67734   43.1282  132.2261    7.41600   -0.00005
 12.4833   11.39033  321.60327   43.0616  132.2898    7.32000    0.00013
 12.4917   11.56236  321.52826   42.9959  132.3524    7.24100    0.00298
 12.5000   11.73419  321.45221   42.9309  132.4139    7.15200    0.00683
 12.5083   11.90580  321.37521   42.8667  132.4744    7.05200    0.00872
 12.5167   12.07718  321.29721   42.8032  132.5338    6.94000    0.01088
 12.5250   12.24835  321.21820   42.7404  132.5923    6.84400    0.01245
 12.5333   12.41928  321.13818   42.6783  132.6497    6.73800    0.01341
 12.5417   12.58998  321.05716   42.6170  132.7062    6.63000    0.00759
 12.5500   12.76044  320.97513   42.5564  132.7617    6.49000    0.00301
 12.5583   12.93066  320.89206   42.4964  132.8163    6.39400   -0.00497
 12.5667   13.10064  320.80798   42.4372  132.8699    6.26000   -0.00915
 12.5750   13.27036  320.72290   42.3786  132.9227    6.15500   -0.01756
 12.5833   13.43983  320.63678   42.3207  132.9745    6.03000   -0.02214
 12.5917   13.60904  320.54962   42.2634  133.0255    5.93500   -0.02549
 12.6000   13.77798  320.46143   42.2068  133.0756    5.85000   -0.02620
 12.6083   13.94666  320.37219   42.1508  133.1249    5.75700   -0.02933
 12.6167   14.11506  320.28192   42.0955  133.1733    5.65400   -0.03367
 12.6250   14.28318  320.19058   42.0408  133.2209    5.57000   -0.03870
 12.6333   14.45103  320.09821   41.9867  133.2678    5.48400   -0.04109
 12.6417   14.61858  320.00476   41.9331  133.3138    5.41100   -0.04010
 12.6500   14.78584  319.91028   41.8802  133.3591    5.36300   -0.03487
 12.6583   14.95280  319.81473   41.8279  133.4036    5.31600   -0.02528
 12.6667   15.11947  319.71811   41.7761  133.4473    5.28400   -0.01485
 12.6750   15.28582  319.62039   41.7249  133.4904    5.24800   -0.00430
 12.6833   15.45186  319.52164   41.6743  133.5327    5.20800    0.00641
 12.6917   15.61759  319.42178   41.6242  133.5743    5.18400    0.01451
 12.7000   15.78299  319.32083   41.5747  133.6152    5.13600    0.01979
 12.7083   15.94807  319.21881   41.5257  133.6554    5.08500    0.01664
 12.7167   16.11281  319.11569   41.4772  133.6950    5.00900    0.00950
 12.7250   16.27722  319.01147   41.4293  133.7338    4.94200   -0.00237
 12.7333   16.44128  318.90616   41.3818  133.7721    4.86200   -0.01450
 12.7417   16.60500  318.79977   41.3349  133.8097    4.78800   -0.02525
 12.7500   16.76836  318.69223   41.2884  133.8467    4.73200   -0.03098
 12.7583   16.93136  318.58362   41.2425  133.8831    4.68800   -0.03043
 12.7667   17.09400  318.47385   41.1970  133.9188    4.65700   -0.02745
 12.7750   17.25627  318.36301   41.1520  133.9540    4.61600   -0.01832
 12.7833   17.41817  318.25101   41.1075  133.9886    4.61600   -0.00414
 12.7917   17.57968  318.13791   41.0634  134.0226    4.61800    0.01064
 12.8000   17.74081  318.02365   41.0198  134.0561    4.57800    0.01881
 12.8083   17.90154  317.90829   40.9767  134.0890    4.52500    0.02516
 12.8167   18.06188  317.79175   40.9339  134.1213    4.51000    0.02932
 12.8250   18.22182  317.67410   40.8916  134.1531    4.45000    0.03044
 12.8333   18.38134  317.55530   40.8498  134.1844    4.37200    0.02863
 12.8417   18.54045  317.43536   40.8083  134.2152    4.33300    0.03060
 12.8500   18.69914  317.31427   40.7673  134.2455    4.29700    0.03621
 12.8583   18.85740  317.19202   40.7267  134.2752    4.24400    0.03404
 12.8667   19.01523  317.06860   40.6864  134.3045    4.15000    0.02654
 12.8750   19.17262  316.94403   40.6466  134.3333    4.07500    0.01133
 12.8833   19.32957  316.81830   40.6071  134.3616    3.96700   -0.00544
 12.8917   19.48607  316.69138   40.5681  134.3894    3.86300   -0.02359
 12.9000   19.64210  316.56329   40.5294  134.4168    3.77900   -0.03774
 12.9083   19.79768  316.43405   40.4911  134.4437    3.69800   -0.04689
 12.9167   19.95278  316.30362   40.4532  134.4701    3.62900   -0.04937
 12.9250   20.10741  316.17200   40.4156  134.4962    3.59500   -0.04412
 12.9333   20.26156  316.03922   40.3783  134.5217    3.57200   -0.03191
 12.9417   20.41522  315.90521   40.3414  134.5469    3.55500   -0.02106
 12.9500   20.56838  315.77002   40.3049  134.5717    3.51900   -0.01112
 12.9583   20.72105  315.63364   40.2687  134.5960    3.49800   -0.00522
 12.9667   20.87320  315.49609   40.2328  134.6199    3.46300   -0.00452
 12.9750   21.02484  315.35730   40.1973  134.6434    3.40100   -0.01037
 12.9833   21.17596  315.21732   40.1621  134.6666    3.34400   -0.01699
 12.9917   21.32655  315.07614   40.1272  134.6893    3.30900   -0.01558
 13.0000   21.47661  314.93375   40.0926  134.7117    3.30200   -0.00652
 13.0083   21.62612  314.79016   40.0583  134.7337    3.29400    0.00693
 13.0167   21.77509  314.64532   40.0244  134.7553    3.28300    0.02006
 13.0250   21.92351  314.49930   39.9907  134.7765    3.26700    0.03058
 13.0333   22.07136  314.35205   39.9573  134.7974    3.23600    0.03624
 13.0417   22.21864  314.20358   39.9242  134.8180    3.18800    0.03899
 13.0500   22.36535  314.05389   39.8914  134.8382    3.14800    0.03667
 13.0583   22.51148  313.90295   39.8589  134.8580    3.08000    0.03167
 13.0667   22.65701  313.75079   39.8266  134.8775    3.01100    0.02396
 13.0750   22.80195  313.59741   39.7947  134.8967    2.94900    0.01707
 13.0833   22.94629  313.44281   39.7630  134.9155    2.87900    0.01084
 13.0917   23.09001  313.28696   39.7315  134.9340    2.80500    0.00831
 13.1000   23.23312  313.12988   39.7003  134.9522    2.75600    0.00955
 13.1083   23.37561  312.97153   39.6694  134.9701    2.69900    0.01376
 13.1167   23.51746  312.81198   39.6387  134.9877    2.63400    0.01608
 13.1250   23.65867  312.65118   39.6083  135.0049    2.56700    0.01693
 13.1333   23.79923  312.48914   39.5781  135.0219    2.49700    0.01314
 13.1417   23.93914  312.32584   39.5482  135.0386    2.40200    0.00683
 13.1500   24.07839  312.16129   39.5185  135.0550    2.31900    0.00105
 13.1583   24.21697  311.99551   39.4890  135.0710    2.25300   -0.00253
 13.1667   24.35487  311.82849   39.4598  135.0868    2.17300   -0.00595
 13.1750   24.49209  311.66019   39.4307  135.1024    2.09300   -0.01172
 13.1833   24.62862  311.49066   39.4020  135.1176    2.01400   -0.01727
 13.1917   24.76445  311.31989   39.3734  135.1326    1.93500   -0.01780
 13.2000   24.89957  311.14786   39.3450  135.1473    1.88300   -0.01471
 13.2083   25.03398  310.97458   39.3169  135.1617    1.82300   -0.00997
 13.2167   25.16766  310.80005   39.2889  135.1759    1.75300   -0.00690
 13.2250   25.30062  310.62424   39.2612  135.1898    1.69300   -0.00450
 13.2333   25.43284  310.44720   39.2337  135.2034    1.63400   -0.00084
 13.2417   25.56431  310.26892   39.2064  135.2168    1.57600    0.00332
 13.2500   25.69503  310.08936   39.1792  135.2300    1.52400    0.00588
 13.2583   25.82499  309.90857   39.1523  135.2429    1.46100    0.00470
 13.2667   25.95418  309.72650   39.1256  135.2556    1.38700   -0.00287
 13.2750   26.08260  309.54321   39.0990  135.2680    1.30400   -0.01507
 13.2833   26.21023  309.35864   39.0726  135.2802    1.22100   -0.02467
 13.2917   26.33707  309.17285   39.0464  135.2921    1.17100   -0.03162
 13.3000   26.46311  308.98578   39.0204  135.3039    1.11200   -0.03274
 13.3083   26.58834  308.79749   38.9946  135.3154    1.07100   -0.03633
 13.3167   26.71275  308.60791   38.9689  135.3266    1.01400   -0.03625
 13.3250   26.83635  308.41711   38.9434  135.3377    0.98100   -0.03445
 13.3333   26.95911  308.22507   38.9181  135.3485    0.95200   -0.03397
 13.3417   27.08103  308.03177   38.8930  135.3591    0.89000   -0.03333
 13.3500   27.20210  307.83725   38.8680  135.3695    0.86300   -0.02751
 13.3583   27.32232  307.64148   38.8431  135.3797    0.87100   -0.01425
 13.3667   27.44167  307.44446   38.8185  135.3897    0.85900   -0.00067
 13.3750   27.56015  307.24622   38.7939  135.3994    0.83900    0.00974
 13.3833   27.67776  307.04675   38.7696  135.4090    0.83400    0.01689
 13.3917   27.79447  306.84604   38.7454  135.4184    0.80700    0.01688
 13.4000   27.91029  306.64410   38.7213  135.4275    0.75200    0.00954
 13.4083   28.02521  306.44095   38.6974  135.4365    0.70700    0.00254
 13.4167   28.13921  306.23654   38.6736  135.4453    0.68300    0.00132
 13.4250   28.25230  306.03094   38.6500  135.4538    0.66000    0.00290
 13.4333   28.36445  305.82413   38.6265  135.4622    0.63100    0.00320
 13.4417   28.47567  305.61609   38.6031  135.4704    0.59600    0.00056
 13.4500   28.58595  305.40686   38.5799  135.4784    0.55000    0.00254
 13.4583   28.69528  305.19641   38.5568  135.4863    0.54000    0.00722
 13.4667   28.80364  304.98474   38.5338  135.4939    0.51500    0.01703
 13.4750   28.91104  304.77191   38.5110  135.5013    0.49500    0.01603
 13.4833   29.01746  304.55786   38.4883  135.5086    0.42700    0.01648
 13.4917   29.12290  304.34265   38.4657  135.5157    0.41400    0.01090
 13.5000   29.22734  304.12625   38.4432  135.5227    0.36400    0.00911
 13.5083   29.33079  303.90866   38.4209  135.5294    0.31600   -0.00060
 13.5167   29.43323  303.68991   38.3987  135.5360    0.26000   -0.01183
 13.5250   29.53465  303.46997   38.3766  135.5424    0.20500   -0.02238
 13.5333   29.63505  303.24890   38.3546  135.5486    0.16800   -0.03089
 13.5417   29.73442  303.02667   38.3327  135.5547    0.13200   -0.03375
 13.5500   29.83275  302.80328   38.3109  135.5606    0.11600   -0.03318
 13.5583   29.93004  302.57874   38.2893  135.5664    0.10600   -0.03267
 13.5667   30.02627  302.35306   38.2677  135.5719    0.08200   -0.03876
 13.5750   30.12143  302.12625   38.2463  135.5774    0.04600   -0.05488
 13.5833   30.21553  301.89835   38.2249  135.5826    0.00000   -0.06901
 13.5917   30.30855  301.66931   38.2037  135.5877    0.00400   -0.07760
 13.6000   30.40048  301.43915   38.1826  135.5927    0.01500   -0.07934
 13.6083   30.49132  301.20789   38.1615  135.5975    0.02400   -0.07490
 13.6167   30.58106  300.97552   38.1406  135.6021    0.08000   -0.07364
 13.6250   30.66970  300.74210   38.1197  135.6066    0.09400   -0.07000
 13.6333   30.75722  300.50760   38.0990  135.6109    0.13300   -0.06678
 13.6417   30.84361  300.27200   38.0783  135.6151    0.20100   -0.05340
 13.6500   30.92888  300.03537   38.0577  135.6191    0.28200   -0.04110
 13.6583   31.01301  299.79764   38.0372  135.6230    0.33100   -0.02963
 13.6667   31.09599  299.55890   38.0168  135.6268    0.41300   -0.02798
 13.6750   31.17782  299.31912   37.9965  135.6304    0.45900   -0.02596
 13.6833   31.25850  299.07831   37.9763  135.6338    0.52400   -0.02075
 13.6917   31.33800  298.83649   37.9561  135.6371    0.63300   -0.01126
 13.7000   31.41634  298.59363   37.9361  135.6403    0.70800   -0.00374
 13.7083   31.49349  298.34979   37.9161  135.6433    0.76800   -0.00358
 13.7167   31.56946  298.10498   37.8961  135.6462    0.84300   -0.00389
 13.7250   31.64424  297.85916   37.8763  135.6490    0.92000   -0.00027
 13.7333   31.71782  297.61240   37.8565  135.6516    1.00100    0.00625
 13.7417   31.79018  297.36469   37.8369  135.6541    1.09000    0.01031
 13.7500   31.86134  297.11600   37.8172  135.6564    1.15300    0.01477
 13.7583   31.93128  296.86639   37.7977  135.6586    1.23900    0.01540
 13.7667   31.99999  296.61584   37.7782  135.6607    1.31200    0.01299
 13.7750   32.06747  296.36438   37.7588  135.6626    1.36100    0.00536
 13.7833   32.13371  296.11203   37.7395  135.6644    1.41900   -0.00023
 13.7917   32.19870  295.85880   37.7202  135.6661    1.50100   -0.00303
 13.8000   32.26245  295.60468   37.7010  135.6676    1.56500   -0.00622
 13.8083   32.32494  295.34970   37.6818  135.6690    1.62200   -0.01345
 13.8167   32.38616  295.09384   37.6627  135.6703    1.68300   -0.01921
 13.8250   32.44612  294.83716   37.6437  135.6715    1.75300   -0.01566
 13.8333   32.50481  294.57965   37.6247  135.6725    1.85600   -0.00620
 13.8417   32.56221  294.32132   37.6058  135.6734    1.94500    0.00121
 13.8500   32.61833  294.06219   37.5869  135.6742    2.00400    0.00292
 13.8583   32.67316  293.80228   37.5681  135.6748    2.07800    0.00302
 13.8667   32.72670  293.54156   37.5493  135.6754    2.16000    0.00505
 13.8750   32.77893  293.28012   37.5306  135.6758    2.22800    0.00853
 13.8833   32.82986  293.01791   37.5120  135.6760    2.30800    0.01076
 13.8917   32.87948  292.75497   37.4934  135.6762    2.38300    0.01171
 13.9000   32.92779  292.49130   37.4748  135.6762    2.44600    0.01067
 13.9083   32.97477  292.22690   37.4563  135.6761    2.51700    0.00847
 13.9167   33.02043  291.96182   37.4378  135.6759    2.58500    0.00892
 13.9250   33.06477  291.69608   37.4194  135.6756    2.65900    0.00797
 13.9333   33.10777  291.42966   37.4010  135.6751    2.72200    0.00639
 13.9417   33.14943  291.16260   37.3827  135.6746    2.78700   -0.00061
 13.9500   33.18975  290.89490   37.3644  135.6739    2.83400   -0.00681
 13.9583   33.22873  290.62656   37.3461  135.6731    2.90100   -0.01050
 13.9667   33.26636  290.35764   37.3279  135.6721    2.97800   -0.01079
 13.9750   33.30263  290.08810   37.3097  135.6711    3.04300   -0.01153
 13.9833   33.33755  289.81802   37.2915  135.6699    3.10900   -0.01233
 13.9917   33.37111  289.54736   37.2734  135.6687    3.18800   -0.01161
 14.0000   33.40331  289.27615   37.2553  135.6673    3.26200   -0.00838
 14.0083   33.43414  289.00439   37.2373  135.6658    3.34100   -0.00655
 14.0167   33.46361  288.73215   37.2193  135.6641    3.41300   -0.00664
 14.0250   33.49170  288.45941   37.2013  135.6624    3.47800   -0.00574
 14.0333   33.51842  288.18616   37.1833  135.6605    3.56400   -0.00615
 14.0417   33.54376  287.91248   37.1654  135.6586    3.63200   -0.00200
 14.0500   33.56772  287.63834   37.1475  135.6565    3.72100    0.00207
 14.0583   33.59030  287.36374   37.1296  135.6543    3.80500    0.00929
 14.0667   33.61150  287.08875   37.1117  135.6520    3.88500    0.01273
 14.0750   33.63132  286.81332   37.0939  135.6495    3.95000    0.01569
 14.0833   33.64974  286.53754   37.0761  135.6470    4.02800    0.01571
 14.0917   33.66678  286.26138   37.0583  135.6443    4.09000    0.01788
 14.1000   33.68243  285.98486   37.0405  135.6416    4.16200    0.02188
 14.1083   33.69669  285.70798   37.0227  135.6387    4.24300    0.02985
 14.1167   33.70955  285.43082   37.0050  135.6357    4.31600    0.03797
 14.1250   33.72102  285.15332   36.9873  135.6326    4.38000    0.04038
 14.1333   33.73110  284.87555   36.9696  135.6294    4.42200    0.03721
 14.1417   33.73978  284.59750   36.9519  135.6261    4.45600    0.03060
 14.1500   33.74707  284.31921   36.9342  135.6226    4.49000    0.03452
 14.1583   33.75295  284.04065   36.9165  135.6191    4.57200    0.04388
 14.1667   33.75745  283.76190   36.8988  135.6154    4.62300    0.05257
 14.1750   33.76054  283.48291   36.8812  135.6116    4.64500    0.05245
 14.1833   33.76224  283.20374   36.8635  135.6077    4.67400    0.04592
 14.1917   33.76254  282.92441   36.8459  135.6037    4.68300    0.04007
 14.2000   33.76145  282.64490   36.8282  135.5996    4.69700    0.03350
 14.2083   33.75896  282.36526   36.8106  135.5954    4.71300    0.02515
 14.2167   33.75508  282.08548   36.7930  135.5911    4.70600    0.01424
 14.2250   33.74980  281.80563   36.7754  135.5866    4.70300    0.00304
 14.2333   33.74313  281.52563   36.7577  135.5821    4.71400   -0.00026
 14.2417   33.73507  281.24557   36.7401  135.5774    4.74100   -0.00104
 14.2500   33.72562  280.96548   36.7225  135.5726    4.74400   -0.00338
 14.2583   33.71477  280.68533   36.7048  135.5678    4.74400   -0.00797
 14.2667   33.70255  280.40512   36.6872  135.5628    4.76000   -0.01536
 14.2750   33.68893  280.12494   36.6696  135.5577    4.75300   -0.01702
 14.2833   33.67393  279.84473   36.6519  135.5524    4.78300   -0.01797
 14.2917   33.65755  279.56454   36.6343  135.5471    4.80200   -0.01543
 14.3000   33.63979  279.28439   36.6166  135.5417    4.81000   -0.01545
 14.3083   33.62065  279.00430   36.5989  135.5361    4.82500   -0.01236
 14.3167   33.60014  278.72427   36.5812  135.5305    4.85700   -0.01018
 14.3250   33.57826  278.44431   36.5635  135.5247    4.85600    0.00200
 14.3333   33.55501  278.16443   36.5458  135.5188    4.91600    0.01754
 14.3417   33.53039  277.88467   36.5281  135.5128    4.96200    0.03873
 14.3500   33.50441  277.60504   36.5104  135.5067    4.98900    0.04979
 14.3583   33.47706  277.32556   36.4926  135.5005    5.00000    0.05022
 14.3667   33.44837  277.04620   36.4748  135.4941    4.99200    0.04107
 14.3750   33.41832  276.76703   36.4571  135.4877    4.96900    0.02892
 14.3833   33.38692  276.48807   36.4392  135.4811    4.96100    0.01611
 14.3917   33.35417  276.20926   36.4214  135.4745    4.94800    0.00274
 14.4000   33.32009  275.93069   36.4035  135.4677    4.91900   -0.00956
 14.4083   33.28466  275.65234   36.3857  135.4608    4.91500   -0.01624
 14.4167   33.24791  275.37421   36.3678  135.4538    4.92700   -0.01542
 14.4250   33.20982  275.09634   36.3498  135.4467    4.93600   -0.01218
 14.4333   33.17042  274.81876   36.3319  135.4394    4.94600   -0.01275
 14.4417   33.12969  274.54144   36.3139  135.4321    4.94100   -0.01786
 14.4500   33.08765  274.26443   36.2958  135.4246    4.93100   -0.02685
 14.4583   33.04430  273.98770   36.2778  135.4170    4.92700   -0.03191
 14.4667   32.99964  273.71130   36.2597  135.4093    4.95100   -0.04210
 14.4750   32.95369  273.43524   36.2416  135.4016    4.92700   -0.04945
 14.4833   32.90644  273.15952   36.2234  135.3936    4.94900   -0.05627
 14.4917   32.85790  272.88412   36.2052  135.3856    4.98700   -0.04868
 14.5000   32.80808  272.60913   36.1870  135.3775    5.04500   -0.03184
 14.5083   32.75698  272.33453   36.1687  135.3692    5.11800   -0.02521
 14.5167   32.70461  272.06030   36.1504  135.3608    5.10900   -0.02407
 14.5250   32.65098  271.78647   36.1321  135.3523    5.14500   -0.02832
 14.5333   32.59609  271.51306   36.1137  135.3437    5.20200   -0.02445
 14.5417   32.53994  271.24008   36.0952  135.3349    5.24800   -0.01463
 14.5500   32.48254  270.96753   36.0767  135.3261    5.32500   -0.00810
 14.5583   32.42391  270.69547   36.0582  135.3171    5.37700   -0.00403
 14.5667   32.36404  270.42380   36.0396  135.3081    5.41900   -0.00306
 14.5750   32.30294  270.15265   36.0210  135.2988    5.48800   -0.01434
 14.5833   32.24062  269.88196   36.0023  135.2895    5.47700   -0.02250
 14.5917   32.17709  269.61176   35.9835  135.2801    5.53100   -0.02905
 14.6000   32.11235  269.34207   35.9648  135.2705    5.60800   -0.01911
 14.6083   32.04641  269.07288   35.9459  135.2608    5.68500   -0.00230
 14.6167   31.97928  268.80423   35.9270  135.2511    5.77900    0.00812
 14.6250   31.91096  268.53607   35.9080  135.2411    5.82400    0.01877
 14.6333   31.84146  268.26849   35.8890  135.2311    5.90000    0.02329
 14.6417   31.77079  268.00143   35.8699  135.2209    5.96100    0.02808
 14.6500   31.69895  267.73492   35.8507  135.2106    6.00600    0.01773
 14.6583   31.62596  267.46899   35.8315  135.2002    6.00400    0.00599
 14.6667   31.55182  267.20361   35.8122  135.1897    6.05900   -0.00141
 14.6750   31.47653  266.93884   35.7929  135.1790    6.12600    0.00248
 14.6833   31.40011  266.67462   35.7735  135.1683    6.17900    0.00824
 14.6917   31.32257  266.41104   35.7540  135.1573    6.23300    0.01204
 14.7000   31.24391  266.14804   35.7344  135.1463    6.27500    0.01553
 14.7083   31.16414  265.88562   35.7148  135.1352    6.31400    0.02231
 14.7167   31.08326  265.62384   35.6951  135.1239    6.37500    0.03073
 14.7250   31.00129  265.36270   35.6753  135.1125    6.41900    0.04327
 14.7333   30.91824  265.10217   35.6554  135.1009    6.47400    0.04918
 14.7417   30.83411  264.84229   35.6354  135.0893    6.50000    0.05174
 14.7500   30.74891  264.58304   35.6154  135.0775    6.52700    0.04513
 14.7583   30.66264  264.32443   35.5953  135.0656    6.53200    0.02932
 14.7667   30.57533  264.06650   35.5751  135.0535    6.50400    0.00704
 14.7750   30.48696  263.80920   35.5548  135.0413    6.49100   -0.01161
 14.7833   30.39757  263.55258   35.5344  135.0290    6.51200   -0.02209
 14.7917   30.30714  263.29663   35.5139  135.0166    6.52500   -0.02547
 14.8000   30.21570  263.04135   35.4934  135.0040    6.54600   -0.02433
 14.8083   30.12324  262.78674   35.4727  134.9913    6.58600   -0.01862
 14.8167   30.02979  262.53284   35.4519  134.9785    6.61900   -0.01031
 14.8250   29.93534  262.27960   35.4311  134.9655    6.65200   -0.00598
 14.8333   29.83991  262.02707   35.4101  134.9524    6.67000   -0.00398
 14.8417   29.74350  261.77524   35.3891  134.9391    6.69000   -0.00309
 14.8500   29.64612  261.52411   35.3679  134.9257    6.72000    0.00237
 14.8583   29.54779  261.27368   35.3466  134.9122    6.76700    0.00776
 14.8667   29.44851  261.02393   35.3253  134.8986    6.79000    0.00865
 14.8750   29.34828  260.77493   35.3038  134.8848    6.79700    0.00442
 14.8833   29.24713  260.52664   35.2822  134.8708    6.81700    0.00514
 14.8917   29.14506  260.27905   35.2605  134.8568    6.86700    0.00813
 14.9000   29.04207  260.03217   35.2387  134.8425    6.88500    0.01196
 14.9083   28.93817  259.78604   35.2167  134.8282    6.90700    0.00849
 14.9167   28.83338  259.54062   35.1947  134.8137    6.91400    0.00765
 14.9250   28.72771  259.29590   35.1725  134.7991    6.94400    0.00524
 14.9333   28.62116  259.05194   35.1502  134.7843    6.95500    0.00164
 14.9417   28.51374  258.80872   35.1278  134.7693    6.95500   -0.00134
 14.9500   28.40546  258.56619   35.1052  134.7543    6.98800   -0.00005
 14.9583   28.29633  258.32443   35.0825  134.7391    7.02300    0.00318
 14.9667   28.18636  258.08340   35.0597  134.7237    7.03400    0.00453
 14.9750   28.07556  257.84308   35.0368  134.7082    7.05600    0.00326
 14.9833   27.96393  257.60352   35.0137  134.6925    7.07800   -0.00431
 14.9917   27.85149  257.36469   34.9904  134.6767    7.05800   -0.01283
 15.0000   27.73825  257.12659   34.9671  134.6608    7.08200   -0.02332
 15.0083   27.62421  256.88925   34.9436  134.6446    7.10100   -0.02336
 15.0167   27.50939  256.65265   34.9199  134.6284    7.14900   -0.02507
 15.0250   27.39379  256.41675   34.8961  134.6120    7.17400   -0.02949
 15.0333   27.27742  256.18164   34.8721  134.5954    7.18800   -0.04153
 15.0417   27.16029  255.94724   34.8480  134.5786    7.20300   -0.05369
 15.0500   27.04241  255.71358   34.8238  134.5618    7.23900   -0.05895
 15.0583   26.92379  255.48067   34.7994  134.5447    7.30500   -0.05736
 15.0667   26.80444  255.24847   34.7748  134.5275    7.37300   -0.05489
 15.0750   26.68437  255.01704   34.7500  134.5102    7.43000   -0.05081
 15.0833   26.56358  254.78633   34.7251  134.4927    7.52200   -0.04762
 15.0917   26.44209  254.55637   34.7000  134.4750    7.60100   -0.04423
 15.1000   26.31991  254.32713   34.6748  134.4571    7.66900   -0.04194
 15.1083   26.19703  254.09863   34.6494  134.4391    7.76300   -0.03662
 15.1167   26.07348  253.87086   34.6238  134.4210    7.86700   -0.02556
 15.1250   25.94927  253.64384   34.5980  134.4026    7.97700   -0.01421
 15.1333   25.82439  253.41754   34.5721  134.3841    8.07800   -0.00211
 15.1417   25.69886  253.19196   34.5459  134.3655    8.18700    0.01194
 15.1500   25.57269  252.96712   34.5196  134.3466    8.30500    0.02911
 15.1583   25.44589  252.74300   34.4931  134.3276    8.42000    0.04454
 15.1667   25.31846  252.51961   34.4664  134.3085    8.51400    0.05214
 15.1750   25.19042  252.29692   34.4395  134.2891    8.58100    0.05611
 15.1833   25.06178  252.07497   34.4124  134.2696    8.66900    0.05750
 15.1917   24.93254  251.85371   34.3851  134.2499    8.74100    0.05809
 15.2000   24.80270  251.63319   34.3575  134.2301    8.79200    0.05261
 15.2083   24.67229  251.41338   34.3298  134.2100    8.82800    0.04348
 15.2167   24.54131  251.19427   34.3019  134.1898    8.86200    0.03240
 15.2250   24.40977  250.97589   34.2738  134.1694    8.88700    0.02392
 15.2333   24.27767  250.75819   34.2454  134.1488    8.92500    0.02144
 15.2417   24.14503  250.54121   34.2168  134.1281    8.97900    0.02419
 15.2500   24.01185  250.32492   34.1880  134.1071    9.02000    0.02872
 15.2583   23.87815  250.10933   34.1590  134.0860    9.05500    0.03239
 15.2667   23.74393  249.89442   34.1297  134.0647    9.09300    0.02760
 15.2750   23.60919  249.68022   34.1002  134.0432    9.07300    0.01731
 15.2833   23.47396  249.46671   34.0705  134.0215    9.06700    0.00866
 15.2917   23.33823  249.25386   34.0405  133.9997    9.11000    0.00638
 15.3000   23.20201  249.04170   34.0103  133.9776    9.12900    0.00625
 15.3083   23.06532  248.83022   33.9798  133.9554    9.14100   -0.00149
 15.3167   22.92817  248.61942   33.9491  133.9330    9.14300   -0.01098
 15.3250   22.79055  248.40929   33.9181  133.9103    9.15500   -0.02367
 15.3333   22.65248  248.19981   33.8869  133.8875    9.14900   -0.03160
 15.3417   22.51397  247.99101   33.8554  133.8645    9.18600   -0.03861
 15.3500   22.37502  247.78287   33.8236  133.8413    9.21200   -0.04335
 15.3583   22.23565  247.57536   33.7916  133.8178    9.23300   -0.05270
 15.3667   22.09585  247.36853   33.7593  133.7942    9.25500   -0.05730
 15.3750   21.95565  247.16234   33.7267  133.7704    9.32500   -0.05256
 15.3833   21.81505  246.95679   33.6938  133.7464    9.41600   -0.04185
 15.3917   21.67405  246.75189   33.6607  133.7222    9.48100   -0.03605
 15.4000   21.53266  246.54762   33.6272  133.6978    9.52500   -0.03354
 15.4083   21.39090  246.34398   33.5935  133.6732    9.60100   -0.02518
 15.4167   21.24876  246.14098   33.5594  133.6483    9.71200   -0.01091
 15.4250   21.10626  245.93858   33.5251  133.6233    9.80000    0.00606
 15.4333   20.96341  245.73682   33.4904  133.5980    9.89700    0.02232
 15.4417   20.82021  245.53568   33.4554  133.5726   10.00600    0.03573
 15.4500   20.67668  245.33513   33.4202  133.5469   10.08000    0.04316
 15.4583   20.53281  245.13519   33.3846  133.5210   10.14000    0.03701
 15.4667   20.38861  244.93587   33.3486  133.4949   10.15700    0.02979
 15.4750   20.24410  244.73714   33.3123  133.4686   10.21700    0.02460
 15.4833   20.09929  244.53899   33.2758  133.4420   10.28500    0.02068
 15.4917   19.95417  244.34145   33.2388  133.4153   10.30800    0.01433
 15.5000   19.80875  244.14449   33.2015  133.3883   10.34800    0.00477
 15.5083   19.66306  243.94809   33.1639  133.3611   10.39100   -0.00242
 15.5167   19.51708  243.75227   33.1259  133.3337   10.42600   -0.00509
 15.5250   19.37083  243.55704   33.0875  133.3061   10.49600   -0.00670
 15.5333   19.22432  243.36237   33.0488  133.2782   10.54900   -0.01008
 15.5417   19.07755  243.16826   33.0097  133.2501   10.58300   -0.02393
 15.5500   18.93053  242.97472   32.9703  133.2218   10.59800   -0.04101
 15.5583   18.78327  242.78171   32.9304  133.1933   10.64800   -0.05423
 15.5667   18.63578  242.58925   32.8902  133.1645   10.72300   -0.06556
 15.5750   18.48806  242.39734   32.8496  133.1355   10.76700   -0.07101
 15.5833   18.34011  242.20596   32.8086  133.1063   10.87200   -0.07932
 15.5917   18.19195  242.01514   32.7671  133.0768   10.94600   -0.08157
 15.6000   18.04359  241.82481   32.7253  133.0471   11.04800   -0.07847
 15.6083   17.89503  241.63503   32.6831  133.0172   11.20500   -0.05903
 15.6167   17.74627  241.44576   32.6404  132.9870   11.40500   -0.03565
 15.6250   17.59733  241.25700   32.5973  132.9566   11.54400   -0.00974
 15.6333   17.44821  241.06876   32.5538  132.9259   11.72900    0.00099
 15.6417   17.29892  240.88103   32.5099  132.8951   11.83100    0.01594
 15.6500   17.14946  240.69379   32.4655  132.8639   12.00800    0.02101
 15.6583   16.99984  240.50703   32.4206  132.8326   12.12500    0.03783
 15.6667   16.85007  240.32079   32.3754  132.8010   12.31000    0.04569
 15.6750   16.70015  240.13501   32.3296  132.7691   12.41700    0.05474
 15.6833   16.55010  239.94971   32.2834  132.7370   12.53500    0.05262
 15.6917   16.39991  239.76489   32.2367  132.7047   12.62600    0.05052
 15.7000   16.24960  239.58055   32.1895  132.6721   12.71600    0.04560
 15.7083   16.09917  239.39667   32.1419  132.6393   12.79500    0.04972
 15.7167   15.94862  239.21326   32.0937  132.6062   12.93400    0.05000
 15.7250   15.79797  239.03027   32.0451  132.5729   12.98000    0.04907
 15.7333   15.64722  238.84776   31.9959  132.5393   13.03300    0.03897
 15.7417   15.49637  238.66570   31.9463  132.5055   13.08300    0.03018
 15.7500   15.34543  238.48407   31.8961  132.4714   13.11500    0.02260
 15.7583   15.19442  238.30289   31.8454  132.4371   13.15500    0.01728
 15.7667   15.04332  238.12212   31.7942  132.4025   13.20200    0.01600
 15.7750   14.89216  237.94177   31.7424  132.3677   13.25100    0.01935
 15.7833   14.74094  237.76186   31.6901  132.3327   13.31400    0.02195
 15.7917   14.58965  237.58237   31.6372  132.2973   13.34800    0.02542
 15.8000   14.43832  237.40327   31.5838  132.2618   13.39000    0.03068
 15.8083   14.28694  237.22459   31.5298  132.2260   13.45600    0.02398
 15.8167   14.13552  237.04631   31.4753  132.1899   13.38700    0.01641
 15.8250   13.98407  236.86842   31.4201  132.1536   13.42300    0.00439
 15.8333   13.83259  236.69093   31.3644  132.1170   13.45000   -0.00328
 15.8417   13.68109  236.51382   31.3081  132.0802   13.41900   -0.00910
 15.8500   13.52957  236.33710   31.2512  132.0432   13.47100   -0.01529
 15.8583   13.37804  236.16077   31.1936  132.0058   13.50200   -0.01267
 15.8667   13.22651  235.98479   31.1355  131.9683   13.54100   -0.02014
 15.8750   13.07497  235.80917   31.0767  131.9305   13.51200   -0.02691
 15.8833   12.92345  235.63393   31.0174  131.8924   13.54900   -0.03079
 15.8917   12.77193  235.45903   30.9573  131.8541   13.61700   -0.02420
 15.9000   12.62043  235.28450   30.8967  131.8156   13.68600   -0.03125
 15.9083   12.46896  235.11031   30.8354  131.7768   13.62800   -0.02616
 15.9167   12.31751  234.93646   30.7734  131.7377   13.81200   -0.02830
 15.9250   12.16610  234.76295   30.7107  131.6985   13.83700   -0.01721
 15.9333   12.01473  234.58978   30.6474  131.6589   13.90200   -0.02347
 15.9417   11.86340  234.41693   30.5834  131.6192   13.95200   -0.02736
 15.9500   11.71212  234.24442   30.5188  131.5792   14.00100   -0.03351
 15.9583   11.56090  234.07220   30.4534  131.5389   14.05700   -0.02978
 15.9667   11.40973  233.90031   30.3873  131.4985   14.20200   -0.02575
 15.9750   11.25864  233.72874   30.3205  131.4578   14.26700   -0.01120
 15.9833   11.10761  233.55746   30.2530  131.4168   14.42100   -0.00640
 15.9917   10.95666  233.38649   30.1848  131.3757   14.49200    0.00357
 16.0000   10.80579  233.21581   30.1159  131.3343   14.60400    0.00721
 16.0083   10.65500  233.04543   30.0462  131.2926   14.70300    0.00951
 16.0167   10.50431  232.87532   29.9757  131.2508   14.75600    0.00533
 16.0250   10.35371  232.70551   29.9045  131.2088   14.80900    0.00494
 16.0333   10.20321  232.53596   29.8326  131.1665   14.94100    0.00654
 16.0417   10.05282  232.36668   29.7599  131.1240   15.01900    0.01487
 16.0500    9.90254  232.19768   29.6864  131.0813   15.13700    0.02118
 16.0583    9.75238  232.02895   29.6121  131.0384   15.26000    0.01932
 16.0667    9.60233  231.86046   29.5371  130.9953   15.26800    0.01492
 16.0750    9.45241  231.69225   29.4612  130.9520   15.37000   -0.00033
 16.0833    9.30262  231.52426   29.3845  130.9085   15.39500   -0.01378
 16.0917    9.15297  231.35654   29.3071  130.8648   15.41800   -0.03396
 16.1000    9.00345  231.18904   29.2288  130.8209   15.46100   -0.04687
 16.1083    8.85408  231.02177   29.1497  130.7768   15.56000   -0.04282
 16.1167    8.70486  230.85477   29.0698  130.7325   15.71500   -0.03081
 16.1250    8.55579  230.68796   28.9890  130.6881   15.81800   -0.01119
 16.1333    8.40687  230.52139   28.9074  130.6435   15.98300    0.00332
 16.1417    8.25812  230.35503   28.8250  130.5988   16.12200    0.01154
 16.1500    8.10954  230.18889   28.7417  130.5538   16.23500    0.00586
 16.1583    7.96113  230.02296   28.6575  130.5088   16.30800   -0.00277
 16.1667    7.81289  229.85724   28.5725  130.4635   16.39900   -0.00266
 16.1750    7.66483  229.69173   28.4866  130.4182   16.54600    0.00000

 20.7583    9.74019  139.27950   28.2981  147.4760    3.42300    0.00000
 20.7667    9.89847  139.13162   28.3791  147.4433    3.52800    0.00196
 20.7750   10.05699  138.98360   28.4592  147.4107    3.61500    0.00127
 20.7833   10.21576  138.83539   28.5386  147.3782    3.66800    0.00302
 20.7917   10.37477  138.68703   28.6171  147.3459    3.77800    0.00401
 20.8000   10.53402  138.53848   28.6948  147.3136    3.84600    0.00822
 20.8083   10.69351  138.38976   28.7718  147.2815    3.89800    0.01056
 20.8167   10.85323  138.24086   28.8479  147.2494    3.97600    0.01782
 20.8250   11.01318  138.09177   28.9232  147.2175    4.06300    0.02648
 20.8333   11.17336  137.94247   28.9978  147.1858    4.09500    0.02946
 20.8417   11.33376  137.79298   29.0716  147.1541    4.11300    0.02407
 20.8500   11.49438  137.64331   29.1446  147.1226    4.16300    0.02680
 20.8583   11.65521  137.49341   29.2168  147.0912    4.24800    0.03248
 20.8667   11.81625  137.34331   29.2883  147.0600    4.27900    0.03060
 20.8750   11.97750  137.19296   29.3590  147.0289    4.25100    0.02161
 20.8833   12.13895  137.04242   29.4290  146.9979    4.26700    0.01219
 20.8917   12.30060  136.89165   29.4983  146.9671    4.28400    0.00917
 20.9000   12.46244  136.74063   29.5668  146.9364    4.30300    0.01174
 20.9083   12.62448  136.58937   29.6346  146.9059    4.35500    0.01255
 20.9167   12.78670  136.43788   29.7017  146.8756    4.34500    0.01466
 20.9250   12.94911  136.28613   29.7681  146.8454    4.36400    0.00863
 20.9333   13.11169  136.13414   29.8338  146.8153    4.33900    0.00812
 20.9417   13.27445  135.98187   29.8988  146.7854    4.36300    0.00639
 20.9500   13.43738  135.82936   29.9631  146.7556    4.35400    0.01447
 20.9583   13.60048  135.67657   30.0268  146.7260    4.39300    0.02039
 20.9667   13.76374  135.52351   30.0898  146.6966    4.38400    0.03306
 20.9750   13.92716  135.37016   30.1521  146.6674    4.41800    0.04098
 20.9833   14.09073  135.21654   30.2137  146.6382    4.40700    0.04350
 20.9917   14.25445  135.06261   30.2747  146.6093    4.34900    0.04224
 21.0000   14.41832  134.90839   30.3351  146.5806    4.35100    0.03817
 21.0083   14.58233  134.75388   30.3948  146.5519    4.31700    0.03744
 21.0167   14.74648  134.59904   30.4539  146.5235    4.28200    0.02366
 21.0250   14.91076  134.44389   30.5124  146.4952    4.17500    0.00629
 21.0333   15.07516  134.28844   30.5703  146.4671    4.10700   -0.01687
 21.0417   15.23969  134.13264   30.6276  146.4392    4.01700   -0.03001
 21.0500   15.40434  133.97655   30.6842  146.4114    3.97400   -0.03541
 21.0583   15.56910  133.82008   30.7403  146.3838    3.94700   -0.01927
 21.0667   15.73398  133.66330   30.7958  146.3564    4.00100    0.00473
 21.0750   15.89896  133.50616   30.8507  146.3291    4.00100    0.03284
 21.0833   16.06404  133.34866   30.9051  146.3021    3.99000    0.04563
 21.0917   16.22921  133.19083   30.9589  146.2752    3.91800    0.05608
 21.1000   16.39448  133.03261   31.0121  146.2484    3.88700    0.06383
 21.1083   16.55983  132.87402   31.0648  146.2219    3.84700    0.07012
 21.1167   16.72526  132.71507   31.1169  146.1955    3.75800    0.06269
 21.1250   16.89077  132.55573   31.1685  146.1693    3.62400    0.04976
 21.1333   17.05635  132.39600   31.2195  146.1432    3.54200    0.02598
 21.1417   17.22200  132.23589   31.2701  146.1173    3.37000    0.01049
 21.1500   17.38771  132.07536   31.3201  146.0916    3.28700   -0.00170
 21.1583   17.55348  131.91443   31.3696  146.0661    3.21800   -0.00194
 21.1667   17.71930  131.75310   31.4186  146.0407    3.12100   -0.00925
 21.1750   17.88516  131.59134   31.4671  146.0155    2.98100   -0.01888
 21.1833   18.05107  131.42915   31.5151  145.9905    2.88700   -0.02507
 21.1917   18.21701  131.26656   31.5627  145.9657    2.80600   -0.02459
 21.2000   18.38298  131.10350   31.6097  145.9410    2.70100   -0.01760
 21.2083   18.54898  130.94000   31.6563  145.9165    2.64900   -0.00997
 21.2167   18.71500  130.77608   31.7024  145.8922    2.57000   -0.00258
 21.2250   18.88103  130.61169   31.7480  145.8680    2.47100    0.00852
 21.2333   19.04707  130.44682   31.7932  145.8440    2.44800    0.01995
 21.2417   19.21312  130.28151   31.8380  145.8202    2.37300    0.03259
 21.2500   19.37916  130.11572   31.8823  145.7966    2.27700    0.03300
 21.2583   19.54520  129.94945   31.9261  145.7731    2.16600    0.02826
 21.2667   19.71122  129.78268   31.9695  145.7497    2.05500    0.01018
 21.2750   19.87723  129.61543   32.0125  145.7266    1.87100    0.00110
 21.2833   20.04321  129.44769   32.0551  145.7036    1.82300   -0.00867
 21.2917   20.20916  129.27943   32.0973  145.6808    1.71200   -0.00279
 21.3000   20.37508  129.11066   32.1390  145.6581    1.63700   -0.00323
 21.3083   20.54095  128.94138   32.1803  145.6356    1.55200   -0.00517
 21.3167   20.70678  128.77156   32.2213  145.6133    1.43400   -0.01704
 21.3250   20.87255  128.60123   32.2618  145.5911    1.29800   -0.03239
 21.3333   21.03826  128.43034   32.3020  145.5691    1.19500   -0.04689
 21.3417   21.20391  128.25891   32.3418  145.5473    1.09300   -0.05059
 21.3500   21.36948  128.08693   32.3812  145.5256    1.04100   -0.05886
 21.3583   21.53498  127.91440   32.4202  145.5041    0.92700   -0.05326
 21.3667   21.70039  127.74130   32.4588  145.4827    0.93200   -0.05386
 21.3750   21.86571  127.56763   32.4971  145.4615    0.85400   -0.04478
 21.3833   22.03094  127.39338   32.5350  145.4404    0.81000   -0.04070
 21.3917   22.19606  127.21855   32.5726  145.4196    0.78900   -0.03124
 21.4000   22.36107  127.04313   32.6098  145.3988    0.75400   -0.02467
 21.4083   22.52596  126.86711   32.6467  145.3782    0.70200   -0.01926
 21.4167   22.69074  126.69048   32.6832  145.3578    0.68700   -0.01439
 21.4250   22.85538  126.51325   32.7194  145.3375    0.66300   -0.00426
 21.4333   23.01989  126.33539   32.7553  145.3174    0.65400    0.00551
 21.4417   23.18425  126.15692   32.7908  145.2975    0.64700    0.01100
 21.4500   23.34847  125.97781   32.8260  145.2776    0.59800    0.01022
 21.4583   23.51253  125.79806   32.8609  145.2580    0.55800    0.00126
 21.4667   23.67642  125.61766   32.8955  145.2385    0.50500   -0.00478
 21.4750   23.84015  125.43662   32.9298  145.2191    0.48400   -0.01431
 21.4833   24.00369  125.25491   32.9638  145.1999    0.42900   -0.01980
 21.4917   24.16706  125.07255   32.9974  145.1808    0.40800   -0.02009
 21.5000   24.33023  124.88950   33.0308  145.1619    0.42400   -0.02243
 21.5083   24.49321  124.70578   33.0639  145.1431    0.36100   -0.02433
 21.5167   24.65597  124.52138   33.0967  145.1245    0.34600   -0.03544
 21.5250   24.81853  124.33628   33.1292  145.1060    0.30700   -0.03202
 21.5333   24.98087  124.15048   33.1614  145.0876    0.33400   -0.02899
 21.5417   25.14297  123.96398   33.1933  145.0694    0.32000   -0.01666
 21.5500   25.30485  123.77676   33.2250  145.0514    0.34400   -0.00844
 21.5583   25.46648  123.58882   33.2564  145.0334    0.35200   -0.00105
 21.5667   25.62786  123.40016   33.2875  145.0157    0.33900    0.00119
 21.5750   25.78898  123.21076   33.3183  144.9980    0.33700    0.00329
 21.5833   25.94984  123.02062   33.3489  144.9805    0.34500    0.00861
 21.5917   26.11042  122.82973   33.3793  144.9632    0.35200    0.00694
 21.6000   26.27072  122.63809   33.4094  144.9459    0.30800    0.00582
 21.6083   26.43073  122.44569   33.4392  144.9288    0.32000    0.00466
 21.6167   26.59045  122.25253   33.4688  144.9118    0.32100    0.01048
 21.6250   26.74986  122.05858   33.4982  144.8950    0.31200    0.01698
 21.6333   26.90896  121.86386   33.5273  144.8783    0.31900    0.02316
 21.6417   27.06774  121.66835   33.5562  144.8618    0.31300    0.03060
 21.6500   27.22619  121.47204   33.5848  144.8453    0.30500    0.03187
 21.6583   27.38430  121.27494   33.6132  144.8290    0.27600    0.03320
 21.6667   27.54206  121.07703   33.6414  144.8129    0.26800    0.02827
 21.6750   27.69947  120.87830   33.6694  144.7968    0.22500    0.01893
 21.6833   27.85652  120.67875   33.6971  144.7809    0.17300    0.00306
 21.6917   28.01320  120.47837   33.7246  144.7651    0.13000   -0.01166
 21.7000   28.16949  120.27716   33.7520  144.7495    0.09800   -0.02722
 21.7083   28.32540  120.07511   33.7791  144.7339    0.04600   -0.03513
 21.7167   28.48092  119.87222   33.8060  144.7185    0.05400   -0.04729
 21.7250   28.63602  119.66847   33.8326  144.7032    0.00600   -0.04769
 21.7333   28.79072  119.46386   33.8591  144.6881    0.02600   -0.05477
 21.7417   28.94499  119.25838   33.8854  144.6730    0.00300   -0.04958
 21.7500   29.09882  119.05204   33.9115  144.6581    0.02700   -0.04937
 21.7583   29.25222  118.84481   33.9374  144.6433    0.02600   -0.05098
 21.7667   29.40517  118.63670   33.9631  144.6287    0.00000   -0.04526
 21.7750   29.55766  118.42770   33.9886  144.6141    0.07200   -0.03417
 21.7833   29.70968  118.21781   34.0139  144.5997    0.10700   -0.01156
 21.7917   29.86122  118.00701   34.0391  144.5854    0.15200    0.00559
 21.8000   30.01227  117.79530   34.0640  144.5712    0.19900    0.02163
 21.8083   30.16283  117.58268   34.0888  144.5571    0.23100    0.02669
 21.8167   30.31289  117.36914   34.1134  144.5431    0.21500    0.02783
 21.8250   30.46242  117.15467   34.1378  144.5293    0.24300    0.02871
 21.8333   30.61144  116.93927   34.1621  144.5155    0.27200    0.02686
 21.8417   30.75992  116.72293   34.1862  144.5019    0.24300    0.02308
 21.8500   30.90786  116.50565   34.2101  144.4884    0.26200    0.01810
 21.8583   31.05524  116.28743   34.2338  144.4750    0.28400    0.02136
 21.8667   31.20206  116.06825   34.2574  144.4618    0.29700    0.01903
 21.8750   31.34831  115.84811   34.2808  144.4486    0.28100    0.00898
 21.8833   31.49398  115.62700   34.3041  144.4355    0.26000   -0.00697
 21.8917   31.63905  115.40493   34.3272  144.4226    0.23800   -0.01432
 21.9000   31.78353  115.18189   34.3502  144.4098    0.26700   -0.02117
 21.9083   31.92739  114.95786   34.3730  144.3970    0.25100   -0.02208
 21.9167   32.07063  114.73286   34.3957  144.3844    0.26400   -0.02514
 21.9250   32.21323  114.50686   34.4182  144.3719    0.28500   -0.02610
 21.9333   32.35520  114.27987   34.4406  144.3595    0.27900   -0.02042
 21.9417   32.49651  114.05189   34.4628  144.3473    0.32400   -0.01789
 21.9500   32.63715  113.82291   34.4849  144.3351    0.32500   -0.00964
 21.9583   32.77713  113.59292   34.5068  144.3230    0.34900   -0.00949
 21.9667   32.91642  113.36192   34.5286  144.3110    0.35700   -0.00405
 21.9750   33.05502  113.12990   34.5503  144.2992    0.39000    0.00538
 21.9833   33.19291  112.89687   34.5718  144.2874    0.43600    0.02191
 21.9917   33.33009  112.66283   34.5933  144.2758    0.48000    0.03044
 22.0000   33.46655  112.42775   34.6145  144.2642    0.47400    0.02314
 22.0083   33.60227  112.19165   34.6357  144.2528    0.44100    0.01087
 22.0167   33.73724  111.95452   34.6567  144.2414    0.45900   -0.00038
 22.0250   33.87146  111.71636   34.6776  144.2302    0.45400    0.00120
 22.0333   34.00490  111.47716   34.6984  144.2190    0.48300    0.00479
 22.0417   34.13757  111.23692   34.7191  144.2080    0.51100    0.00580
 22.0500   34.26946  110.99564   34.7396  144.1971    0.49800    0.00269
 22.0583   34.40054  110.75331   34.7600  144.1862    0.51100   -0.00555
 22.0667   34.53081  110.50994   34.7803  144.1755    0.51800   -0.00571
 22.0750   34.66026  110.26552   34.8005  144.1648    0.54800   -0.01438
 22.0833   34.78888  110.02006   34.8206  144.1543    0.52600   -0.02849
 22.0917   34.91666  109.77354   34.8406  144.1438    0.51500   -0.04811
 22.1000   35.04358  109.52597   34.8605  144.1335    0.52500   -0.06152
 22.1083   35.16964  109.27734   34.8802  144.1232    0.53800   -0.06245
 22.1167   35.29482  109.02766   34.8999  144.1131    0.58800   -0.05306
 22.1250   35.41912  108.77693   34.9195  144.1030    0.64800   -0.04000
 22.1333   35.54251  108.52513   34.9389  144.0931    0.68200   -0.02407
 22.1417   35.66500  108.27229   34.9583  144.0832    0.75000   -0.00339
 22.1500   35.78658  108.01838   34.9775  144.0735    0.83700    0.02056
 22.1583   35.90722  107.76342   34.9967  144.0638    0.88600    0.03419
 22.1667   36.02692  107.50740   35.0157  144.0542    0.90800    0.03399
 22.1750   36.14566  107.25033   35.0347  144.0447    0.93500    0.02620
 22.1833   36.26345  106.99220   35.0536  144.0353    0.95400    0.01503
 22.1917   36.38026  106.73302   35.0723  144.0260    0.96500    0.00485
 22.2000   36.49608  106.47279   35.0910  144.0168    0.99800    0.00563
 22.2083   36.61091  106.21150   35.1096  144.0077    1.06800    0.00760
 22.2167   36.72473  105.94917   35.1282  143.9987    1.08100    0.00629
 22.2250   36.83753  105.68579   35.1466  143.9898    1.09500   -0.00423
 22.2333   36.94930  105.42137   35.1649  143.9809    1.11800   -0.00796
 22.2417   37.06003  105.15590   35.1832  143.9722    1.15900   -0.00538
 22.2500   37.16971  104.88939   35.2014  143.9636    1.19900   -0.00637
 22.2583   37.27833  104.62185   35.2195  143.9550    1.20400   -0.00380
 22.2667   37.38587  104.35328   35.2375  143.9465    1.26100   -0.00293
 22.2750   37.49233  104.08367   35.2554  143.9382    1.29400    0.00156
 22.2833   37.59770  103.81305   35.2733  143.9299    1.31600   -0.00063
 22.2917   37.70196  103.54140   35.2911  143.9217    1.33800    0.00155
 22.3000   37.80510  103.26873   35.3088  143.9135    1.38700    0.00799
 22.3083   37.90711  102.99506   35.3265  143.9055    1.42500    0.01946
 22.3167   38.00799  102.72038   35.3441  143.8976    1.47100    0.02322
 22.3250   38.10772  102.44469   35.3616  143.8898    1.48300    0.02178
 22.3333   38.20629  102.16802   35.3790  143.8820    1.49500    0.01766
 22.3417   38.30368  101.89035   35.3964  143.8743    1.53000    0.01659
 22.3500   38.39990  101.61171   35.4137  143.8668    1.55700    0.01500
 22.3583   38.49493  101.33209   35.4309  143.8593    1.56600    0.00535
 22.3667   38.58875  101.05150   35.4481  143.8519    1.56200   -0.00342
 22.3750   38.68136  100.76995   35.4652  143.8445    1.59600   -0.01529
 22.3833   38.77275  100.48745   35.4823  143.8373    1.59800   -0.01911
 22.3917   38.86290  100.20400   35.4993  143.8302    1.63400   -0.02908
 22.4000   38.95182   99.91962   35.5162  143.8231    1.64100   -0.03594
 22.4083   39.03948   99.63431   35.5331  143.8161    1.65900   -0.03314
 22.4167   39.12587   99.34808   35.5499  143.8093    1.74200   -0.02734
 22.4250   39.21100   99.06095   35.5667  143.8025    1.76400   -0.03019
 22.4333   39.29484   98.77291   35.5834  143.7958    1.74100   -0.03673
 22.4417   39.37738   98.48398   35.6001  143.7891    1.80400   -0.02716
 22.4500   39.45863   98.19418   35.6167  143.7826    1.89600    0.00374
 22.4583   39.53856   97.90351   35.6332  143.7761    1.96400    0.02542
 22.4667   39.61717   97.61198   35.6497  143.7698    1.98200    0.04089
 22.4750   39.69445   97.31961   35.6662  143.7635    2.03900    0.05552
 22.4833   39.77039   97.02640   35.6826  143.7573    2.09700    0.07332
 22.4917   39.84498   96.73237   35.6990  143.7512    2.12300    0.08120
 22.5000   39.91821   96.43754   35.7153  143.7451    2.12800    0.07749
 22.5083   39.99007   96.14191   35.7316  143.7392    2.12700    0.06953
 22.5167   40.06056   95.84549   35.7478  143.7333    2.12600    0.06244
 22.5250   40.12966   95.54831   35.7640  143.7275    2.12700    0.05106
 22.5333   40.19736   95.25037   35.7801  143.7218    2.09700    0.04105
 22.5417   40.26367   94.95169   35.7963  143.7162    2.08800    0.02737
 22.5500   40.32856   94.65228   35.8123  143.7107    2.06100    0.01536
 22.5583   40.39203   94.35217   35.8284  143.7052    2.02600    0.01070
 22.5667   40.45408   94.05135   35.8444  143.6999    2.03800    0.00959
 22.5750   40.51469   93.74986   35.8603  143.6946    2.01600    0.01421
 22.5833   40.57386   93.44770   35.8762  143.6894    2.00000    0.00803
 22.5917   40.63157   93.14490   35.8921  143.6843    1.96200   -0.00095
 22.6000   40.68783   92.84146   35.9080  143.6792    1.92700   -0.00354
 22.6083   40.74263   92.53740   35.9238  143.6743    1.93700   -0.00132
 22.6167   40.79595   92.23275   35.9396  143.6694    1.91700    0.00059
 22.6250   40.84779   91.92752   35.9554  143.6646    1.87700   -0.00701
 22.6333   40.89814   91.62173   35.9711  143.6599    1.84300   -0.01142
 22.6417   40.94700   91.31539   35.9868  143.6553    1.83600   -0.01022
 22.6500   40.99436   91.00853   36.0025  143.6508    1.81800   -0.00081
 22.6583   41.04021   90.70116   36.0181  143.6463    1.81800    0.00904
 22.6667   41.08456   90.39330   36.0337  143.6420    1.81100    0.02146
 22.6750   41.12738   90.08497   36.0494  143.6377    1.80500    0.02792
 22.6833   41.16868   89.77619   36.0649  143.6335    1.78100    0.02285
 22.6917   41.20845   89.46699   36.0805  143.6293    1.72500    0.01295
 22.7000   41.24668   89.15737   36.0960  143.6253    1.69800    0.00094
 22.7083   41.28337   88.84737   36.1115  143.6213    1.66400   -0.00430
 22.7167   41.31852   88.53699   36.1270  143.6174    1.63700   -0.01079
 22.7250   41.35211   88.22627   36.1425  143.6136    1.60300   -0.01158
 22.7333   41.38415   87.91523   36.1580  143.6099    1.59100   -0.00936
 22.7417   41.41463   87.60388   36.1734  143.6063    1.57500   -0.00588
 22.7500   41.44355   87.29224   36.1888  143.6028    1.54600   -0.00190
 22.7583   41.47089   86.98035   36.2042  143.5993    1.53600    0.00359
 22.7667   41.49667   86.66821   36.2196  143.5959    1.52700    0.00807
 22.7750   41.52087   86.35586   36.2350  143.5926    1.49800    0.00630
 22.7833   41.54349   86.04331   36.2504  143.5894    1.46700   -0.00356
 22.7917   41.56453   85.73060   36.2657  143.5862    1.42900   -0.01761
 22.8000   41.58398   85.41773   36.2811  143.5832    1.38600   -0.03143
 22.8083   41.60184   85.10473   36.2964  143.5802    1.35900   -0.03512
 22.8167   41.61811   84.79163   36.3117  143.5773    1.36700   -0.03248
 22.8250   41.63279   84.47845   36.3270  143.5745    1.35300   -0.02604
 22.8333   41.64587   84.16522   36.3423  143.5717    1.34400   -0.02286
 22.8417   41.65736   83.85195   36.3576  143.5691    1.34000   -0.01448
 22.8500   41.66724   83.53867   36.3729  143.5665    1.35000   -0.00545
 22.8583   41.67552   83.22541   36.3882  143.5640    1.34700    0.00018
 22.8667   41.68220   82.91218   36.4035  143.5616    1.33200    0.00365
 22.8750   41.68728   82.59902   36.4188  143.5593    1.33700   -0.00016
 22.8833   41.69076   82.28594   36.4341  143.5571    1.30800   -0.00192
 22.8917   41.69262   81.97297   36.4494  143.5549    1.30800   -0.00563
 22.9000   41.69289   81.66014   36.4646  143.5529    1.31000   -0.00996
 22.9083   41.69154   81.34746   36.4799  143.5509    1.28400   -0.01404
 22.9167   41.68859   81.03497   36.4952  143.5490    1.29100   -0.01939
 22.9250   41.68404   80.72268   36.5105  143.5471    1.29500   -0.01938
 22.9333   41.67788   80.41062   36.5258  143.5454    1.29700   -0.02379
 22.9417   41.67011   80.09882   36.5411  143.5437    1.29000   -0.03335
 22.9500   41.66075   79.78730   36.5564  143.5422    1.27800   -0.04392
 22.9583   41.64978   79.47608   36.5717  143.5407    1.28300   -0.05084
 22.9667   41.63720   79.16519   36.5870  143.5393    1.30000   -0.05233
 22.9750   41.62303   78.85465   36.6023  143.5379    1.31800   -0.04781
 22.9833   41.60726   78.54449   36.6176  143.5367    1.35700   -0.03950
 22.9917   41.58990   78.23473   36.6329  143.5356    1.39800   -0.02907
 23.0000   41.57094   77.92540   36.6482  143.5345    1.43200   -0.02472
 23.0083   41.55038   77.61651   36.6636  143.5335    1.45000   -0.02048
 23.0167   41.52824   77.30809   36.6789  143.5326    1.49500   -0.01557
 23.0250   41.50452   77.00017   36.6943  143.5318    1.53900   -0.00846
 23.0333   41.47921   76.69277   36.7097  143.5311    1.57600   -0.00463
 23.0417   41.45232   76.38591   36.7251  143.5304    1.61600   -0.00669
 23.0500   41.42385   76.07962   36.7405  143.5299    1.64300   -0.00433
 23.0583   41.39381   75.77392   36.7559  143.5294    1.70600   -0.00490
 23.0667   41.36220   75.46883   36.7714  143.5290    1.73900   -0.00829
 23.0750   41.32903   75.16438   36.7868  143.5287    1.75800   -0.02065
 23.0833   41.29429   74.86059   36.8023  143.5285    1.78600   -0.03021
 23.0917   41.25800   74.55748   36.8178  143.5284    1.83700   -0.03291
 23.1000   41.22016   74.25507   36.8333  143.5284    1.89200   -0.02993
 23.1083   41.18077   73.95339   36.8488  143.5284    1.95100   -0.02955
 23.1167   41.13984   73.65245   36.8644  143.5286    1.99500   -0.02800
 23.1250   41.09737   73.35229   36.8799  143.5288    2.05900   -0.02558
 23.1333   41.05337   73.05292   36.8955  143.5291    2.12500   -0.02230
 23.1417   41.00784   72.75436   36.9111  143.5295    2.17400   -0.01927
 23.1500   40.96079   72.45663   36.9268  143.5300    2.23700   -0.01551
 23.1583   40.91222   72.15976   36.9424  143.5306    2.30700   -0.00664
 23.1667   40.86215   71.86377   36.9581  143.5313    2.38100    0.00485
 23.1750   40.81058   71.56867   36.9739  143.5321    2.45800    0.01845
 23.1833   40.75751   71.27449   36.9896  143.5329    2.53700    0.02728
 23.1917   40.70294   70.98125   37.0054  143.5339    2.58800    0.03384
 23.2000   40.64690   70.68896   37.0212  143.5349    2.65300    0.03428
 23.2083   40.58938   70.39765   37.0370  143.5361    2.70300    0.03224
 23.2167   40.53039   70.10733   37.0529  143.5373    2.74200    0.02349
 23.2250   40.46994   69.81802   37.0688  143.5386    2.77700    0.01641
 23.2333   40.40803   69.52975   37.0847  143.5401    2.83400    0.01014
 23.2417   40.34468   69.24253   37.1006  143.5416    2.87600    0.00689
 23.2500   40.27988   68.95637   37.1166  143.5432    2.92300    0.00019
 23.2583   40.21365   68.67131   37.1327  143.5449    2.96400   -0.00875
 23.2667   40.14600   68.38734   37.1487  143.5467    2.99600   -0.01902
 23.2750   40.07693   68.10450   37.1648  143.5486    3.03900   -0.02880
 23.2833   40.00645   67.82279   37.1810  143.5506    3.08500   -0.03270
 23.2917   39.93458   67.54223   37.1971  143.5527    3.14700   -0.03422
 23.3000   39.86130   67.26285   37.2133  143.5549    3.20400   -0.03437
 23.3083   39.78665   66.98465   37.2296  143.5571    3.26000   -0.03588
 23.3167   39.71062   66.70764   37.2459  143.5595    3.31900   -0.03505
 23.3250   39.63322   66.43186   37.2622  143.5620    3.38900   -0.02999
 23.3333   39.55447   66.15730   37.2786  143.5646    3.46500   -0.01992
 23.3417   39.47436   65.88399   37.2950  143.5673    3.54700   -0.00677
 23.3500   39.39292   65.61194   37.3115  143.5701    3.63200    0.00771
 23.3583   39.31014   65.34116   37.3280  143.5730    3.71700    0.01999
 23.3667   39.22604   65.07167   37.3446  143.5760    3.79300    0.02609
 23.3750   39.14063   64.80347   37.3612  143.5791    3.85300    0.02711
 23.3833   39.05391   64.53658   37.3778  143.5823    3.91700    0.02486
 23.3917   38.96590   64.27102   37.3945  143.5856    3.98200    0.02040
 23.4000   38.87660   64.00680   37.4113  143.5891    4.03700    0.01205
 23.4083   38.78603   63.74392   37.4281  143.5926    4.08700   -0.00254
 23.4167   38.69419   63.48240   37.4450  143.5962    4.12600   -0.01780
 23.4250   38.60110   63.22225   37.4619  143.6000    4.18000   -0.02728
 23.4333   38.50675   62.96348   37.4789  143.6038    4.25900   -0.03361
 23.4417   38.41117   62.70610   37.4959  143.6078    4.31500   -0.03880
 23.4500   38.31436   62.45012   37.5130  143.6119    4.37700   -0.04548
 23.4583   38.21633   62.19556   37.5301  143.6161    4.45400   -0.04248
 23.4667   38.11710   61.94241   37.5473  143.6204    4.55900   -0.03608
 23.4750   38.01667   61.69069   37.5645  143.6248    4.64200   -0.03370
 23.4833   37.91504   61.44041   37.5819  143.6294    4.70600   -0.03399
 23.4917   37.81224   61.19157   37.5992  143.6340    4.80500   -0.03075
 23.5000   37.70827   60.94419   37.6167  143.6388    4.91200   -0.02211
 23.5083   37.60315   60.69827   37.6342  143.6437    5.00900   -0.01373
 23.5167   37.49687   60.45382   37.6517  143.6487    5.11300   -0.00790
 23.5250   37.38946   60.21084   37.6694  143.6538    5.21400   -0.00074
 23.5333   37.28091   59.96934   37.6871  143.6591    5.32200    0.00201
 23.5417   37.17125   59.72934   37.7048  143.6644    5.41100    0.00339
 23.5500   37.06048   59.49083   37.7227  143.6699    5.50800    0.00171
 23.5583   36.94862   59.25382   37.7406  143.6756    5.60400    0.00094
 23.5667   36.83566   59.01832   37.7586  143.6813    5.69900    0.00111
 23.5750   36.72163   58.78433   37.7766  143.6872    5.80100    0.00301
 23.5833   36.60653   58.55185   37.7948  143.6932    5.90300    0.00274
 23.5917   36.49038   58.32090   37.8130  143.6993    5.98600    0.00427
 23.6000   36.37317   58.09147   37.8312  143.7056    6.09600    0.00443
 23.6083   36.25493   57.86357   37.8496  143.7120    6.19100    0.00648
 23.6167   36.13567   57.63721   37.8680  143.7185    6.28000    0.00739
 23.6250   36.01538   57.41238   37.8866  143.7252    6.38300    0.01227
 23.6333   35.89409   57.18909   37.9051  143.7320    6.49700    0.01242
 23.6417   35.77181   56.96735   37.9238  143.7389    6.56700    0.00580
 23.6500   35.64853   56.74715   37.9426  143.7460    6.64100   -0.00708
 23.6583   35.52429   56.52850   37.9614  143.7533    6.72700   -0.01192
 23.6667   35.39907   56.31140   37.9804  143.7606    6.83500   -0.01049
 23.6750   35.27290   56.09585   37.9994  143.7681    6.94000   -0.01127
 23.6833   35.14579   55.88186   38.0185  143.7758    7.01800   -0.01960
 23.6917   35.01774   55.66942   38.0377  143.7836    7.09300   -0.02671
 23.7000   34.88876   55.45854   38.0570  143.7915    7.20600   -0.02755
 23.7083   34.75887   55.24922   38.0764  143.7996    7.31700   -0.02008
 23.7167   34.62807   55.04145   38.0959  143.8079    7.43700   -0.01324
 23.7250   34.49638   54.83525   38.1155  143.8163    7.55300   -0.01099
 23.7333   34.36380   54.63060   38.1352  143.8248    7.64700   -0.01619
 23.7417   34.23035   54.42751   38.1550  143.8335    7.73500   -0.01986
 23.7500   34.09602   54.22599   38.1748  143.8424    7.86200   -0.01723
 23.7583   33.96085   54.02602   38.1948  143.8514    7.99000   -0.01348
 23.7667   33.82482   53.82761   38.2149  143.8606    8.08600   -0.01261
 23.7750   33.68796   53.63075   38.2351  143.8700    8.19900   -0.00980
 23.7833   33.55027   53.43546   38.2554  143.8795    8.33400    0.00435
 23.7917   33.41176   53.24172   38.2758  143.8892    8.48200    0.02045
 23.8000   33.27245   53.04953   38.2964  143.8990    8.59800    0.02950
 23.8083   33.13234   52.85890   38.3170  143.9091    8.69100    0.03060
 23.8167   32.99144   52.66982   38.3378  143.9193    8.79200    0.03833
 23.8250   32.84975   52.48228   38.3586  143.9297    8.93600    0.05150
 23.8333   32.70730   52.29630   38.3796  143.9402    9.05100    0.06120
 23.8417   32.56409   52.11186   38.4007  143.9510    9.12900    0.05655
 23.8500   32.42013   51.92896   38.4219  143.9619    9.19600    0.04382
 23.8583   32.27542   51.74760   38.4433  143.9730    9.26700    0.03209
 23.8667   32.12998   51.56778   38.4648  143.9843    9.34700    0.01980
 23.8750   31.98382   51.38950   38.4864  143.9957    9.40600    0.00762
 23.8833   31.83694   51.21275   38.5081  144.0074    9.47500   -0.00929
 23.8917   31.68936   51.03753   38.5300  144.0193    9.53400   -0.02565
 23.9000   31.54108   50.86383   38.5520  144.0313    9.60300   -0.04163
 23.9083   31.39211   50.69165   38.5741  144.0436    9.67900   -0.05290
 23.9167   31.24246   50.52100   38.5964  144.0560    9.76500   -0.05932
 23.9250   31.09214   50.35186   38.6188  144.0687    9.86300   -0.05294
 23.9333   30.94116   50.18423   38.6413  144.0816    9.96200   -0.04687
 23.9417   30.78953   50.01811   38.6640  144.0947   10.05600   -0.04131
 23.9500   30.63725   49.85350   38.6868  144.1079   10.16900   -0.03172
 23.9583   30.48434   49.69038   38.7098  144.1214   10.31900   -0.01532
 23.9667   30.33080   49.52876   38.7330  144.1351   10.48300   -0.00019
 23.9750   30.17665   49.36863   38.7562  144.1491   10.62500    0.00339
 23.9833   30.02188   49.20999   38.7797  144.1632   10.76300    0.00019
 23.9917   29.86651   49.05284   38.8033  144.1776   10.90200    0.00000
