hmax        =    300
wind_bottom =      2
wind_top    =     10
critlon     =      0
tbeg, h     =   0.00
tend, h     =  24.00
c_ionex     =      0
c_vert      =      1
time, gamma, az, latp, lonp, tec, tec_filtered
 12.7167    9.74394  212.75645   27.5443  134.0087   19.61100    0.00000
 12.7250    9.94703  212.81049   27.6404  134.0582   19.47000   -0.00207
 12.7333   10.15035  212.86510   27.7351  134.1069   19.40500    0.00014
 12.7417   10.35389  212.92023   27.8286  134.1551   19.31900    0.00706
 12.7500   10.55767  212.97592   27.9208  134.2028   19.17900    0.00548
 12.7583   10.76167  213.03217   28.0118  134.2498   19.05000   -0.00482
 12.7667   10.96589  213.08897   28.1015  134.2963   18.91600   -0.00926
 12.7750   11.17034  213.14633   28.1901  134.3422   18.81300   -0.01564
 12.7833   11.37501  213.20424   28.2775  134.3875   18.69700   -0.01369
 12.7917   11.57990  213.26270   28.3637  134.4323   18.67800   -0.01685
 12.8000   11.78501  213.32173   28.4487  134.4765   18.53800   -0.01644
 12.8083   11.99034  213.38132   28.5327  134.5202   18.42400   -0.03382
 12.8167   12.19589  213.44144   28.6154  134.5633   18.26000   -0.04133
 12.8250   12.40166  213.50214   28.6971  134.6060   18.20500   -0.03617
 12.8333   12.60764  213.56340   28.7777  134.6480   18.19300   -0.01193
 12.8417   12.81384  213.62521   28.8572  134.6896   18.18200    0.00965
 12.8500   13.02025  213.68759   28.9357  134.7307   18.09600    0.02582
 12.8583   13.22688  213.75053   29.0131  134.7712   18.03000    0.03343
 12.8667   13.43372  213.81404   29.0895  134.8113   17.93700    0.04353
 12.8750   13.64077  213.87810   29.1649  134.8509   17.85400    0.05391
 12.8833   13.84804  213.94273   29.2392  134.8899   17.77500    0.06527
 12.8917   14.05551  214.00793   29.3126  134.9285   17.67900    0.07448
 12.9000   14.26319  214.07370   29.3851  134.9666   17.57800    0.07233
 12.9083   14.47107  214.14003   29.4565  135.0043   17.40700    0.06147
 12.9167   14.67917  214.20694   29.5271  135.0415   17.23800    0.04010
 12.9250   14.88746  214.27441   29.5967  135.0782   17.04400    0.02189
 12.9333   15.09596  214.34245   29.6654  135.1145   16.89100   -0.00096
 12.9417   15.30467  214.41109   29.7332  135.1503   16.68100   -0.02347
 12.9500   15.51357  214.48027   29.8001  135.1857   16.49100   -0.04526
 12.9583   15.72268  214.55003   29.8662  135.2207   16.34300   -0.05613
 12.9667   15.93198  214.62038   29.9314  135.2552   16.21900   -0.06147
 12.9750   16.14149  214.69130   29.9957  135.2894   16.07700   -0.06090
 12.9833   16.35119  214.76280   30.0592  135.3231   15.98600   -0.05765
 12.9917   16.56108  214.83488   30.1220  135.3563   15.90200   -0.05500
 13.0000   16.77117  214.90755   30.1839  135.3892   15.78000   -0.05295
 13.0083   16.98145  214.98077   30.2450  135.4217   15.71500   -0.05775
 13.0167   17.19193  215.05461   30.3054  135.4538   15.61300   -0.06323
 13.0250   17.40259  215.12903   30.3650  135.4856   15.52400   -0.07821
 13.0333   17.61345  215.20403   30.4238  135.5169   15.42700   -0.09167
 13.0417   17.82449  215.27962   30.4819  135.5479   15.37400   -0.09804
 13.0500   18.03572  215.35580   30.5393  135.5785   15.36500   -0.09218
 13.0583   18.24714  215.43257   30.5959  135.6087   15.37900   -0.08018
 13.0667   18.45874  215.50993   30.6519  135.6386   15.38400   -0.06642
 13.0750   18.67052  215.58791   30.7072  135.6681   15.39600   -0.05081
 13.0833   18.88248  215.66646   30.7617  135.6973   15.42800   -0.02767
 13.0917   19.09463  215.74561   30.8156  135.7261   15.48800    0.00272
 13.1000   19.30695  215.82536   30.8689  135.7546   15.55300    0.03178
 13.1083   19.51945  215.90573   30.9215  135.7828   15.57500    0.06129
 13.1167   19.73213  215.98669   30.9735  135.8106   15.63800    0.07896
 13.1250   19.94498  216.06825   31.0248  135.8381   15.62000    0.09048
 13.1333   20.15801  216.15044   31.0756  135.8653   15.59500    0.08954
 13.1417   20.37121  216.23322   31.1257  135.8922   15.56300    0.08122
 13.1500   20.58457  216.31660   31.1752  135.9188   15.48300    0.06803
 13.1583   20.79811  216.40060   31.2241  135.9450   15.41300    0.05345
 13.1667   21.01181  216.48524   31.2725  135.9710   15.36000    0.04052
 13.1750   21.22568  216.57048   31.3203  135.9967   15.27500    0.02773
 13.1833   21.43972  216.65633   31.3675  136.0221   15.18800    0.01430
 13.1917   21.65392  216.74281   31.4142  136.0472   15.11300    0.00544
 13.2000   21.86828  216.82993   31.4603  136.0720   15.04200   -0.00080
 13.2083   22.08280  216.91763   31.5060  136.0966   14.95900   -0.00648
 13.2167   22.29747  217.00600   31.5510  136.1208   14.87800   -0.00981
 13.2250   22.51231  217.09499   31.5956  136.1449   14.81700   -0.01182
 13.2333   22.72730  217.18460   31.6397  136.1686   14.74100   -0.00953
 13.2417   22.94244  217.27486   31.6832  136.1921   14.68600   -0.01150
 13.2500   23.15774  217.36575   31.7263  136.2153   14.59800   -0.01086
 13.2583   23.37319  217.45728   31.7689  136.2383   14.53900   -0.01187
 13.2667   23.58878  217.54945   31.8110  136.2610   14.47700   -0.00718
 13.2750   23.80452  217.64226   31.8527  136.2835   14.42900   -0.00666
 13.2833   24.02041  217.73572   31.8939  136.3058   14.34800   -0.00353
 13.2917   24.23644  217.82983   31.9346  136.3278   14.30500   -0.00192
 13.3000   24.45262  217.92461   31.9749  136.3496   14.25100    0.00075
 13.3083   24.66893  218.02000   32.0148  136.3712   14.18000   -0.00371
 13.3167   24.88539  218.11609   32.0542  136.3925   14.09700   -0.00800
 13.3250   25.10198  218.21281   32.0932  136.4136   14.04700   -0.01185
 13.3333   25.31870  218.31023   32.1318  136.4345   13.98300   -0.01070
 13.3417   25.53556  218.40829   32.1700  136.4552   13.93400   -0.00905
 13.3500   25.75255  218.50702   32.2077  136.4756   13.88800   -0.00641
 13.3583   25.96967  218.60641   32.2451  136.4959   13.82700   -0.00616
 13.3667   26.18692  218.70650   32.2821  136.5159   13.76100   -0.00410
 13.3750   26.40429  218.80727   32.3187  136.5358   13.72100    0.00058
 13.3833   26.62179  218.90871   32.3549  136.5555   13.67100    0.00627
 13.3917   26.83941  219.01082   32.3908  136.5749   13.60400    0.01523
 13.4000   27.05715  219.11363   32.4262  136.5942   13.58000    0.02457
 13.4083   27.27501  219.21713   32.4613  136.6133   13.53000    0.03655
 13.4167   27.49298  219.32132   32.4961  136.6322   13.47900    0.03765
 13.4250   27.71107  219.42621   32.5305  136.6509   13.39300    0.03271
 13.4333   27.92927  219.53180   32.5646  136.6694   13.30800    0.02430
 13.4417   28.14759  219.63809   32.5983  136.6878   13.23500    0.01374
 13.4500   28.36601  219.74509   32.6317  136.7060   13.13500    0.00395
 13.4583   28.58454  219.85281   32.6647  136.7240   13.05200   -0.01157
 13.4667   28.80317  219.96124   32.6975  136.7418   12.94400   -0.02000
 13.4750   29.02191  220.07037   32.7299  136.7595   12.88000   -0.02427
 13.4833   29.24074  220.18025   32.7620  136.7770   12.81700   -0.01575
 13.4917   29.45967  220.29083   32.7938  136.7944   12.77700   -0.00539
 13.5000   29.67870  220.40218   32.8253  136.8116   12.71900    0.00186
 13.5083   29.89783  220.51424   32.8565  136.8286   12.63800    0.00347
 13.5167   30.11704  220.62701   32.8873  136.8455   12.56700    0.00271
 13.5250   30.33635  220.74055   32.9179  136.8623   12.49800    0.00153
 13.5333   30.55574  220.85484   32.9482  136.8788   12.41700   -0.00245
 13.5417   30.77522  220.96988   32.9783  136.8953   12.33500   -0.00655
 13.5500   30.99478  221.08566   33.0080  136.9116   12.27100   -0.00651
 13.5583   31.21442  221.20222   33.0375  136.9277   12.21600   -0.00126
 13.5667   31.43414  221.31953   33.0667  136.9438   12.16300    0.00130
 13.5750   31.65394  221.43761   33.0956  136.9597   12.08000    0.00416
 13.5833   31.87380  221.55646   33.1243  136.9754   12.01500    0.00479
 13.5917   32.09375  221.67609   33.1527  136.9910   11.93200    0.01422
 13.6000   32.31376  221.79649   33.1809  137.0065   11.86900    0.02863
 13.6083   32.53383  221.91769   33.2088  137.0219   11.79800    0.05603
 13.6167   32.75397  222.03967   33.2365  137.0371   11.74600    0.08995
 13.6250   32.97417  222.16248   33.2639  137.0522   11.68200    0.13229
 13.6333   33.19444  222.28606   33.2910  137.0672   11.62200    0.17591
 13.6417   33.41475  222.41045   33.3180  137.0821   11.54700    0.21301
 13.6500   33.63513  222.53564   33.3447  137.0968   11.42400    0.23018
 13.6583   33.85555  222.66168   33.3712  137.1115   11.24400    0.21990
 13.6667   34.07603  222.78851   33.3974  137.1260   11.01700    0.18077
 13.6750   34.29655  222.91618   33.4234  137.1404   10.74200    0.11715
 13.6833   34.51711  223.04469   33.4492  137.1547   10.43600    0.04108
 13.6917   34.73772  223.17404   33.4748  137.1689   10.14900   -0.03224
 13.7000   34.95836  223.30423   33.5002  137.1829    9.89000   -0.09408
 13.7083   35.17904  223.43527   33.5253  137.1969    9.64600   -0.14380
 13.7167   35.39976  223.56717   33.5503  137.2108    9.42500   -0.17879
 13.7250   35.62050  223.69994   33.5750  137.2246    9.24800   -0.20135
 13.7333   35.84128  223.83356   33.5996  137.2382    9.07900   -0.21654
 13.7417   36.06207  223.96806   33.6239  137.2518    8.91700   -0.22411
 13.7500   36.28290  224.10344   33.6481  137.2653    8.80900   -0.22506
 13.7583   36.50374  224.23972   33.6720  137.2787    8.71300   -0.21355
 13.7667   36.72459  224.37688   33.6958  137.2919    8.65800   -0.19918
 13.7750   36.94546  224.51494   33.7193  137.3051    8.61400   -0.17908
 13.7833   37.16635  224.65392   33.7427  137.3182    8.59500   -0.16048
 13.7917   37.38724  224.79379   33.7659  137.3312    8.58300   -0.14074
 13.8000   37.60813  224.93462   33.7889  137.3442    8.59700   -0.12534
 13.8083   37.82903  225.07634   33.8117  137.3570    8.61200   -0.11164
 13.8167   38.04993  225.21902   33.8344  137.3698    8.64600   -0.10399
 13.8250   38.27082  225.36263   33.8569  137.3824    8.68400   -0.10229
 13.8333   38.49170  225.50720   33.8792  137.3950    8.72100   -0.10837
 13.8417   38.71258  225.65273   33.9013  137.4075    8.76300   -0.12463
 13.8500   38.93344  225.79919   33.9233  137.4200    8.78800   -0.14294
 13.8583   39.15429  225.94666   33.9451  137.4323    8.83700   -0.15000
 13.8667   39.37512  226.09511   33.9667  137.4446    8.93700   -0.13004
 13.8750   39.59592  226.24454   33.9882  137.4568    9.08000   -0.08373
 13.8833   39.81670  226.39496   34.0095  137.4689    9.23400   -0.01774
 13.8917   40.03745  226.54640   34.0307  137.4809    9.40200    0.05785
 13.9000   40.25816  226.69885   34.0517  137.4929    9.56100    0.14483
 13.9083   40.47884  226.85233   34.0726  137.5048    9.73200    0.23028
 13.9167   40.69948  227.00682   34.0933  137.5166    9.85600    0.30307
 13.9250   40.92008  227.16235   34.1138  137.5284    9.92200    0.34596
 13.9333   41.14063  227.31895   34.1342  137.5401    9.92900    0.35511
 13.9417   41.36114  227.47659   34.1545  137.5518    9.87500    0.33931
 13.9500   41.58159  227.63531   34.1746  137.5633    9.80100    0.30719
 13.9583   41.80198  227.79510   34.1946  137.5748    9.70200    0.26416
 13.9667   42.02231  227.95599   34.2144  137.5863    9.56300    0.21120
 13.9750   42.24258  228.11797   34.2341  137.5977    9.40700    0.14429
 13.9833   42.46278  228.28107   34.2537  137.6090    9.21100    0.07242
 13.9917   42.68292  228.44527   34.2731  137.6203    9.01600    0.00715
 14.0000   42.90297  228.61060   34.2924  137.6315    8.85500   -0.04069
 14.0083   43.12295  228.77705   34.3115  137.6426    8.70300   -0.07440
 14.0167   43.34284  228.94469   34.3306  137.6537    8.54300   -0.09759
 14.0250   43.56265  229.11346   34.3495  137.6647    8.41300   -0.10975
 14.0333   43.78237  229.28342   34.3682  137.6757    8.30100   -0.11019
 14.0417   44.00200  229.45454   34.3869  137.6866    8.19000   -0.10256
 14.0500   44.22152  229.62686   34.4054  137.6975    8.09800   -0.08645
 14.0583   44.44095  229.80038   34.4238  137.7083    8.03200   -0.05943
 14.0667   44.66027  229.97514   34.4421  137.7191    7.98500   -0.03874
 14.0750   44.87948  230.15111   34.4602  137.7298    7.88900   -0.02858
 14.0833   45.09857  230.32832   34.4783  137.7405    7.80200   -0.03652
 14.0917   45.31755  230.50681   34.4962  137.7511    7.69800   -0.03722
 14.1000   45.53640  230.68654   34.5140  137.7617    7.64500   -0.04076
 14.1083   45.75513  230.86755   34.5317  137.7722    7.55800   -0.04169
 14.1167   45.97373  231.04987   34.5493  137.7827    7.47400   -0.04408
 14.1250   46.19219  231.23347   34.5667  137.7932    7.42200   -0.03682
 14.1333   46.41051  231.41841   34.5841  137.8036    7.37900   -0.01483
 14.1417   46.62869  231.60468   34.6013  137.8139    7.35700    0.00689
 14.1500   46.84671  231.79230   34.6185  137.8242    7.30500    0.02649
 14.1583   47.06459  231.98128   34.6355  137.8345    7.25400    0.02911
 14.1667   47.28231  232.17163   34.6524  137.8448    7.16700    0.02383
 14.1750   47.49986  232.36337   34.6692  137.8550    7.08900    0.01547
 14.1833   47.71725  232.55653   34.6859  137.8651    7.03000    0.00574
 14.1917   47.93446  232.75111   34.7026  137.8752    6.94300   -0.00477
 14.2000   48.15150  232.94713   34.7191  137.8853    6.86600   -0.01306
 14.2083   48.36836  233.14459   34.7355  137.8954    6.81700   -0.01785
 14.2167   48.58503  233.34354   34.7518  137.9054    6.74000   -0.01361
 14.2250   48.80151  233.54396   34.7680  137.9153    6.69200   -0.01342
 14.2333   49.01779  233.74590   34.7841  137.9253    6.62500   -0.01053
 14.2417   49.23387  233.94934   34.8002  137.9352    6.55800   -0.00983
 14.2500   49.44974  234.15433   34.8161  137.9450    6.50400   -0.00492
 14.2583   49.66540  234.36087   34.8319  137.9549    6.45600    0.00520
 14.2667   49.88084  234.56898   34.8477  137.9647    6.41200    0.01348
 14.2750   50.09607  234.77870   34.8633  137.9745    6.35300    0.00772
 14.2833   50.31106  234.99002   34.8789  137.9842    6.25400   -0.01180
 14.2917   50.52582  235.20297   34.8943  137.9939    6.16100   -0.02720
 14.3000   50.74034  235.41757   34.9097  138.0036    6.12200   -0.02438
 14.3083   50.95461  235.63383   34.9250  138.0132    6.09300   -0.01379
 14.3167   51.16863  235.85181   34.9402  138.0229    6.02900   -0.00552
 14.3250   51.38240  236.07149   34.9553  138.0325    5.97900   -0.00142
 14.3333   51.59591  236.29288   34.9704  138.0421    5.93200    0.00281
 14.3417   51.80914  236.51604   34.9853  138.0516    5.86600    0.00285
 14.3500   52.02210  236.74097   35.0002  138.0611    5.79700    0.00552
 14.3583   52.23479  236.96770   35.0150  138.0706    5.75600    0.01454
 14.3667   52.44718  237.19624   35.0297  138.0801    5.71000    0.03221
 14.3750   52.65928  237.42664   35.0443  138.0895    5.67000    0.04389
 14.3833   52.87109  237.65889   35.0588  138.0990    5.60300    0.04559
 14.3917   53.08258  237.89304   35.0733  138.1084    5.51600    0.04071
 14.4000   53.29377  238.12909   35.0877  138.1177    5.44800    0.03391
 14.4083   53.50464  238.36708   35.1020  138.1271    5.37200    0.03187
 14.4167   53.71518  238.60704   35.1162  138.1364    5.30100    0.03219
 14.4250   53.92539  238.84898   35.1304  138.1457    5.23900    0.02877
 14.4333   54.13526  239.09296   35.1444  138.1550    5.14900    0.01352
 14.4417   54.34478  239.33894   35.1584  138.1643    5.03400   -0.01144
 14.4500   54.55395  239.58702   35.1724  138.1735    4.93600   -0.03478
 14.4583   54.76276  239.83719   35.1862  138.1828    4.84900   -0.04134
 14.4667   54.97120  240.08948   35.2000  138.1920    4.79400   -0.03966
 14.4750   55.17927  240.34393   35.2137  138.2012    4.73000   -0.03326
 14.4833   55.38695  240.60056   35.2273  138.2104    4.66700   -0.03057
 14.4917   55.59424  240.85939   35.2409  138.2195    4.60500   -0.03527
 14.5000   55.80114  241.12047   35.2544  138.2287    4.51700   -0.03373
 14.5083   56.00762  241.38382   35.2678  138.2378    4.47700   -0.03508
 14.5167   56.21370  241.64948   35.2812  138.2469    4.40500   -0.03117
 14.5250   56.41935  241.91747   35.2944  138.2560    4.33900   -0.03097
 14.5333   56.62457  242.18784   35.3077  138.2651    4.28800   -0.02506
 14.5417   56.82935  242.46059   35.3208  138.2742    4.23900   -0.00359
 14.5500   57.03368  242.73579   35.3339  138.2832    4.22700    0.02463
 14.5583   57.23756  243.01346   35.3469  138.2923    4.20200    0.04474
 14.5667   57.44097  243.29362   35.3599  138.3013    4.12800    0.04692
 14.5750   57.64391  243.57634   35.3727  138.3103    4.05800    0.04096
 14.5833   57.84636  243.86163   35.3856  138.3193    4.00700    0.02940
 14.5917   58.04832  244.14954   35.3983  138.3283    3.91000    0.02340
 14.6000   58.24978  244.44009   35.4110  138.3372    3.85500    0.00170
 14.6083   58.45073  244.73334   35.4236  138.3462    3.74500   -0.01526
 14.6167   58.65116  245.02931   35.4362  138.3551    3.66500   -0.03442
 14.6250   58.85106  245.32805   35.4487  138.3641    3.60200   -0.02482
 14.6333   59.05041  245.62959   35.4612  138.3730    3.58900   -0.00086
 14.6417   59.24921  245.93401   35.4736  138.3819    3.55500    0.02780
 14.6500   59.44745  246.24130   35.4859  138.3909    3.50800    0.03446
 14.6583   59.64512  246.55153   35.4982  138.3997    3.42300    0.01212
 14.6667   59.84221  246.86475   35.5104  138.4086    3.29600   -0.01986
 14.6750   60.03870  247.18098   35.5225  138.4175    3.22300   -0.04836
 14.6833   60.23458  247.50027   35.5346  138.4264    3.15800   -0.05653
 14.6917   60.42985  247.82269   35.5466  138.4353    3.11200   -0.06564
 14.7000   60.62449  248.14828   35.5586  138.4441    3.04600   -0.07235
 14.7083   60.81849  248.47707   35.5706  138.4530    2.99800   -0.07592
 14.7167   61.01184  248.80911   35.5824  138.4618    2.96300   -0.06675
 14.7250   61.20452  249.14447   35.5942  138.4706    2.93800   -0.05306
 14.7333   61.39653  249.48317   35.6060  138.4795    2.90200   -0.03305
 14.7417   61.58785  249.82529   35.6177  138.4883    2.89000   -0.02019
 14.7500   61.77846  250.17087   35.6293  138.4971    2.84700    0.00122
 14.7583   61.96836  250.51996   35.6409  138.5059    2.84600    0.02469
 14.7667   62.15754  250.87260   35.6525  138.5147    2.84500    0.04568
 14.7750   62.34596  251.22890   35.6640  138.5235    2.79300    0.05713
 14.7833   62.53364  251.58884   35.6754  138.5323    2.76000    0.04928
 14.7917   62.72054  251.95251   35.6868  138.5411    2.69400    0.04150
 14.8000   62.90666  252.31999   35.6981  138.5498    2.64200    0.03344
 14.8083   63.09198  252.69131   35.7094  138.5586    2.60600    0.03276
 14.8167   63.27648  253.06654   35.7206  138.5674    2.56300    0.03026
 14.8250   63.46016  253.44572   35.7318  138.5761    2.50300    0.02086
 14.8333   63.64299  253.82895   35.7430  138.5849    2.44200    0.00721
 14.8417   63.82496  254.21626   35.7540  138.5936    2.38000   -0.00727
 14.8500   64.00606  254.60773   35.7651  138.6024    2.31100   -0.01490
 14.8583   64.18626  255.00339   35.7761  138.6111    2.26700   -0.01887
 14.8667   64.36555  255.40335   35.7870  138.6199    2.21300   -0.01912
 14.8750   64.54392  255.80765   35.7979  138.6286    2.15600   -0.01785
 14.8833   64.72134  256.21637   35.8088  138.6374    2.11800   -0.01030
 14.8917   64.89781  256.62955   35.8196  138.6461    2.08600    0.00192
 14.9000   65.07329  257.04727   35.8303  138.6548    2.04600    0.00663
 14.9083   65.24778  257.46964   35.8410  138.6636    1.98600    0.00396
 14.9167   65.42125  257.89664   35.8517  138.6723    1.93500   -0.00526
 14.9250   65.59369  258.32843   35.8623  138.6810    1.88000   -0.01549
 14.9333   65.76508  258.76505   35.8729  138.6897    1.82200   -0.02652
 14.9417   65.93539  259.20657   35.8834  138.6985    1.77100   -0.03545
 14.9500   66.10461  259.65302   35.8939  138.7072    1.72300   -0.03677
 14.9583   66.27271  260.10455   35.9044  138.7159    1.69000   -0.03738
 14.9667   66.43969  260.56119   35.9148  138.7246    1.64300   -0.02873
 14.9750   66.60550  261.02301   35.9251  138.7333    1.62500   -0.01667
 14.9833   66.77015  261.49011   35.9355  138.7421    1.60300    0.00234
 14.9917   66.93359  261.96252   35.9458  138.7508    1.57800    0.02157
 15.0000   67.09582  262.44037   35.9560  138.7595    1.56300    0.03090
 15.0083   67.25680  262.92371   35.9662  138.7682    1.51000    0.02904
 15.0167   67.41652  263.41263   35.9764  138.7769    1.45100    0.01480
 15.0250   67.57495  263.90717   35.9865  138.7856    1.39800    0.00351
 15.0333   67.73207  264.40747   35.9966  138.7944    1.35800    0.00208
 15.0417   67.88786  264.91354   36.0067  138.8031    1.33400   -0.00409
 15.0500   68.04229  265.42548   36.0167  138.8118    1.27000   -0.00523
 15.0583   68.19533  265.94339   36.0267  138.8205    1.24800   -0.01617
 15.0667   68.34696  266.46735   36.0366  138.8293    1.19400   -0.01589
 15.0750   68.49716  266.99738   36.0465  138.8380    1.16500   -0.02767
 15.0833   68.64590  267.53360   36.0564  138.8467    1.10400   -0.03321
 15.0917   68.79315  268.07611   36.0662  138.8554    1.07100   -0.04114
 15.1000   68.93889  268.62491   36.0760  138.8642    1.03700   -0.03897
 15.1083   69.08310  269.18015   36.0858  138.8729    1.01200   -0.03096
 15.1167   69.22573  269.74185   36.0956  138.8817    1.00000   -0.01661
 15.1250   69.36677  270.31012   36.1053  138.8904    0.98900   -0.00904
 15.1333   69.50619  270.88498   36.1150  138.8991    0.94800   -0.00144
 15.1417   69.64396  271.46658   36.1246  138.9079    0.94100   -0.00392
 15.1500   69.78005  272.05490   36.1342  138.9167    0.90400   -0.00220
 15.1583   69.91444  272.65005   36.1438  138.9254    0.87900   -0.00348
 15.1667   70.04709  273.25211   36.1534  138.9342    0.86600   -0.00547
 15.1750   70.17798  273.86111   36.1629  138.9430    0.82700   -0.01288
 15.1833   70.30707  274.47714   36.1724  138.9518    0.78400   -0.02382
 15.1917   70.43433  275.10022   36.1819  138.9605    0.75900   -0.02038
 15.2000   70.55975  275.73041   36.1914  138.9693    0.76400   -0.00230
 15.2083   70.68328  276.36780   36.2008  138.9781    0.76400    0.01861
 15.2167   70.80489  277.01239   36.2102  138.9870    0.74300    0.03859
 15.2250   70.92456  277.66425   36.2196  138.9958    0.74000    0.04965
 15.2333   71.04226  278.32339   36.2289  139.0046    0.70900    0.05437
 15.2417   71.15795  278.98990   36.2382  139.0135    0.66600    0.04681
 15.2500   71.27160  279.66376   36.2476  139.0224    0.62200    0.03139
 15.2583   71.38319  280.34503   36.2568  139.0312    0.56500    0.02707
 15.2667   71.49268  281.03372   36.2661  139.0401    0.55800    0.02367
 15.2750   71.60004  281.72986   36.2753  139.0490    0.52100    0.01621
 15.2833   71.70524  282.43344   36.2846  139.0579    0.45400   -0.00562
 15.2917   71.80826  283.14444   36.2938  139.0669    0.40200   -0.02644
 15.3000   71.90905  283.86292   36.3029  139.0758    0.36700   -0.04155
 15.3083   72.00760  284.58884   36.3121  139.0848    0.31700   -0.04794
 15.3167   72.10386  285.32217   36.3213  139.0938    0.29600   -0.06007
 15.3250   72.19782  286.06293   36.3304  139.1028    0.24900   -0.06958
 15.3333   72.28943  286.81107   36.3395  139.1118    0.21600   -0.07401
 15.3417   72.37868  287.56653   36.3486  139.1209    0.22000   -0.06714
 15.3500   72.46554  288.32928   36.3576  139.1300    0.21900   -0.05699
 15.3583   72.54997  289.09930   36.3667  139.1391    0.20600   -0.05231
 15.3667   72.63195  289.87650   36.3757  139.1482    0.20300   -0.05748
 15.3750   72.71145  290.66080   36.3848  139.1574    0.17900   -0.06583
 15.3833   72.78845  291.45215   36.3938  139.1666    0.16300   -0.05774
 15.3917   72.86291  292.25043   36.4028  139.1758    0.21600   -0.04348
 15.4000   72.93482  293.05557   36.4117  139.1850    0.21600   -0.02811
 15.4083   73.00415  293.86743   36.4207  139.1943    0.21100   -0.02109
 15.4167   73.07088  294.68591   36.4296  139.2036    0.24400    0.00629
 15.4250   73.13499  295.51089   36.4386  139.2130    0.30900    0.03120
 15.4333   73.19644  296.34229   36.4475  139.2224    0.29500    0.05600
 15.4417   73.25523  297.17984   36.4564  139.2318    0.32600    0.05180
 15.4500   73.31133  298.02344   36.4652  139.2413    0.30200    0.04245
 15.4583   73.36473  298.87296   36.4741  139.2508    0.27300    0.02467
 15.4667   73.41540  299.72818   36.4829  139.2603    0.27600    0.01945
 15.4750   73.46334  300.58893   36.4918  139.2699    0.28600    0.02889
 15.4833   73.50852  301.45502   36.5006  139.2796    0.29800    0.03707
 15.4917   73.55093  302.32620   36.5094  139.2892    0.29200    0.02591
 15.5000   73.59056  303.20233   36.5181  139.2990    0.23700    0.01640
 15.5083   73.62740  304.08310   36.5269  139.3088    0.24400    0.01468
 15.5167   73.66144  304.96835   36.5356  139.3186    0.25200    0.03260
 15.5250   73.69267  305.85779   36.5443  139.3285    0.24900    0.04102
 15.5333   73.72108  306.75119   36.5530  139.3384    0.22400    0.03085
 15.5417   73.74667  307.64828   36.5617  139.3484    0.17600    0.01653
 15.5500   73.76944  308.54880   36.5703  139.3584    0.16400    0.01212
 15.5583   73.78937  309.45248   36.5790  139.3685    0.17100    0.01026
 15.5667   73.80648  310.35904   36.5876  139.3787    0.12800    0.00463
 15.5750   73.82076  311.26819   36.5961  139.3889    0.10200   -0.01382
 15.5833   73.83221  312.17963   36.6047  139.3992    0.07100   -0.03760
 15.5917   73.84083  313.09308   36.6132  139.4095    0.01700   -0.05720
 15.6000   73.84664  314.00821   36.6217  139.4199    0.01000   -0.06628
 15.6083   73.84963  314.92477   36.6301  139.4304    0.01800   -0.05639
 15.6167   73.84982  315.84241   36.6386  139.4409    0.03100   -0.04609
 15.6250   73.84722  316.76086   36.6470  139.4515    0.03400   -0.04465
 15.6333   73.84183  317.67978   36.6553  139.4621    0.02400   -0.05752
 15.6417   73.83367  318.59885   36.6637  139.4728    0.00000   -0.07201
 15.6500   73.82275  319.51782   36.6720  139.4836    0.00700   -0.08486
 15.6583   73.80909  320.43631   36.6802  139.4944    0.01100   -0.08059
 15.6667   73.79270  321.35403   36.6884  139.5053    0.05200   -0.07401
 15.6750   73.77361  322.27072   36.6966  139.5163    0.08100   -0.05290
 15.6833   73.75182  323.18604   36.7048  139.5273    0.14200   -0.03527
 15.6917   73.72737  324.09967   36.7128  139.5384    0.18300   -0.03310
 15.7000   73.70028  325.01135   36.7209  139.5495    0.17100   -0.03147
 15.7083   73.67055  325.92081   36.7289  139.5607    0.23900   -0.03333
 15.7167   73.63823  326.82773   36.7369  139.5720    0.27300   -0.02528
 15.7250   73.60334  327.73184   36.7448  139.5833    0.29500   -0.02335
 15.7333   73.56589  328.63287   36.7527  139.5947    0.34600   -0.01720
 15.7417   73.52592  329.53055   36.7605  139.6062    0.39600    0.00488
 15.7500   73.48346  330.42462   36.7683  139.6177    0.46500    0.01668
 15.7583   73.43854  331.31488   36.7760  139.6292    0.47800    0.03808
 15.7667   73.39117  332.20102   36.7837  139.6408    0.54800    0.06197
 15.7750   73.34141  333.08286   36.7913  139.6525    0.61500    0.10089
 15.7833   73.28927  333.96014   36.7989  139.6643    0.66700    0.10715
 15.7917   73.23478  334.83267   36.8064  139.6760    0.62700    0.09945
 15.8000   73.17799  335.70026   36.8139  139.6879    0.64400    0.08928
 15.8083   73.11891  336.56268   36.8213  139.6998    0.67900    0.09035
 15.8167   73.05760  337.41980   36.8287  139.7117    0.66800    0.08120
 15.8250   72.99407  338.27139   36.8360  139.7237    0.64600    0.06139
 15.8333   72.92837  339.11728   36.8432  139.7358    0.63900    0.03754
 15.8417   72.86052  339.95737   36.8504  139.7479    0.61000    0.01621
 15.8500   72.79056  340.79150   36.8576  139.7600    0.59100   -0.00609
 15.8583   72.71853  341.61951   36.8647  139.7722    0.57900   -0.02606
 15.8667   72.64447  342.44131   36.8717  139.7845    0.55100   -0.03638
 15.8750   72.56840  343.25677   36.8787  139.7968    0.55900   -0.05275
 15.8833   72.49036  344.06577   36.8856  139.8091    0.52700   -0.05602
 15.8917   72.41039  344.86823   36.8925  139.8215    0.54200   -0.06059
 15.9000   72.32852  345.66406   36.8993  139.8339    0.54700   -0.06006
 15.9083   72.24478  346.45322   36.9060  139.8464    0.53300   -0.05255
 15.9167   72.15923  347.23557   36.9127  139.8589    0.57200   -0.03649
 15.9250   72.07187  348.01114   36.9194  139.8714    0.60700   -0.00475
 15.9333   71.98276  348.77979   36.9259  139.8840    0.64700    0.01011
 15.9417   71.89193  349.54153   36.9325  139.8966    0.64200    0.00332
 15.9500   71.79941  350.29633   36.9389  139.9093    0.62600   -0.01288
 15.9583   71.70523  351.04416   36.9453  139.9220    0.65700   -0.02358
 15.9667   71.60944  351.78497   36.9517  139.9347    0.69200   -0.03620
 15.9750   71.51205  352.51877   36.9580  139.9475    0.68700   -0.05870
 15.9833   71.41312  353.24554   36.9642  139.9603    0.69800   -0.09651
 15.9917   71.31266  353.96530   36.9704  139.9731    0.69200   -0.13464
 16.0000   71.21071  354.67804   36.9766  139.9860    0.68900   -0.16336
 16.0083   71.10731  355.38382   36.9826  139.9989    0.73300   -0.16883
 16.0167   71.00249  356.08258   36.9887  140.0118    0.80200   -0.12646
 16.0250   70.89627  356.77441   36.9946  140.0248    0.95200   -0.05463
 16.0333   70.78869  357.45929   37.0005  140.0378    1.09200    0.02415
 16.0417   70.67978  358.13727   37.0064  140.0508    1.18300    0.08266
 16.0500   70.56957  358.80841   37.0122  140.0639    1.26700    0.10631
 16.0583   70.45809  359.47272   37.0180  140.0770    1.29200    0.11394
 16.0667   70.34537    0.13027   37.0237  140.0901    1.32700    0.10528
 16.0750   70.23144    0.78108   37.0293  140.1033    1.35700    0.10581
 16.0833   70.11632    1.42522   37.0349  140.1164    1.41800    0.11071
 16.0917   70.00005    2.06274   37.0405  140.1297    1.47400    0.10247
 16.1000   69.88265    2.69370   37.0460  140.1429    1.46600    0.08741
 16.1083   69.76415    3.31816   37.0514  140.1562    1.49000    0.05759
 16.1167   69.64457    3.93618   37.0568  140.1695    1.48000    0.03452
 16.1250   69.52395    4.54782   37.0621  140.1828    1.47400    0.00131
 16.1333   69.40230    5.15316   37.0674  140.1962    1.45700   -0.04004
 16.1417   69.27966    5.75225   37.0726  140.2095    1.41900   -0.07675
 16.1500   69.15604    6.34517   37.0778  140.2229    1.42800   -0.05641
 16.1583   69.03148    6.93200   37.0830  140.2364    1.59000   -0.02209
 16.1667   68.90599    7.51279   37.0881  140.2499    1.59000    0.01763
 16.1750   68.77960    8.08763   37.0931  140.2634    1.60700   -0.00568
 16.1833   68.65233    8.65658   37.0981  140.2769    1.56300   -0.02242
 16.1917   68.52420    9.21973   37.1030  140.2904    1.58700   -0.03662
 16.2000   68.39524    9.77715   37.1079  140.3040    1.62100   -0.01012
 16.2083   68.26547   10.32891   37.1128  140.3176    1.71400    0.01904
 16.2167   68.13490   10.87509   37.1176  140.3313    1.75000    0.04411
 16.2250   68.00357   11.41577   37.1223  140.3449    1.77300    0.03322
 16.2333   67.87148   11.95103   37.1270  140.3586    1.75100    0.01321
 16.2417   67.73866   12.48093   37.1317  140.3723    1.74800   -0.01361
 16.2500   67.60513   13.00557   37.1363  140.3861    1.74100   -0.02133
 16.2583   67.47091   13.52500   37.1408  140.3999    1.77100    0.00428
 16.2667   67.33601   14.03932   37.1453  140.4137    1.87900    0.04295
 16.2750   67.20045   14.54859   37.1498  140.4275    1.91700    0.06585
 16.2833   67.06426   15.05290   37.1542  140.4414    1.90500    0.05641
 16.2917   66.92745   15.55231   37.1586  140.4552    1.91000    0.03187
 16.3000   66.79003   16.04690   37.1629  140.4692    1.89300    0.00499
 16.3083   66.65202   16.53675   37.1672  140.4831    1.86600   -0.02363
 16.3167   66.51344   17.02193   37.1714  140.4971    1.86100   -0.03133
 16.3250   66.37430   17.50252   37.1756  140.5111    1.91200   -0.04490
 16.3333   66.23463   17.97858   37.1798  140.5251    1.86700   -0.04545
 16.3417   66.09442   18.45019   37.1839  140.5392    1.90300   -0.04164
 16.3500   65.95371   18.91742   37.1879  140.5533    1.96000    0.00663
 16.3583   65.81250   19.38034   37.1919  140.5674    2.04700    0.05690
 16.3667   65.67081   19.83902   37.1959  140.5816    2.08000    0.06793
 16.3750   65.52865   20.29352   37.1998  140.5957    2.00700    0.06846
 16.3833   65.38603   20.74392   37.2037  140.6100    2.06100    0.05085
 16.3917   65.24297   21.19029   37.2075  140.6242    2.03700    0.04570
 16.4000   65.09948   21.63268   37.2113  140.6385    2.01100    0.03433
 16.4083   64.95558   22.07118   37.2150  140.6528    2.05000    0.02266
 16.4167   64.81127   22.50583   37.2187  140.6671    2.03400    0.00239
 16.4250   64.66656   22.93670   37.2224  140.6815    1.98600   -0.03129
 16.4333   64.52148   23.36386   37.2260  140.6959    1.98300   -0.05862
 16.4417   64.37602   23.78737   37.2295  140.7104    1.98100   -0.07180
 16.4500   64.23021   24.20729   37.2331  140.7248    1.97300   -0.08103
 16.4583   64.08405   24.62368   37.2365  140.7393    1.98300   -0.08824
 16.4667   63.93755   25.03659   37.2399  140.7538    1.98600   -0.07442
 16.4750   63.79072   25.44610   37.2433  140.7684    2.04400   -0.04387
 16.4833   63.64358   25.85225   37.2467  140.7830    2.10500    0.00218
 16.4917   63.49613   26.25510   37.2500  140.7976    2.15900    0.04447
 16.5000   63.34838   26.65470   37.2532  140.8123    2.20600    0.06427
 16.5083   63.20034   27.05112   37.2564  140.8270    2.19500    0.06980
 16.5167   63.05202   27.44440   37.2596  140.8417    2.21300    0.07104
 16.5250   62.90344   27.83460   37.2627  140.8565    2.26100    0.06472
 16.5333   62.75459   28.22177   37.2657  140.8713    2.24300    0.03561
 16.5417   62.60548   28.60596   37.2688  140.8861    2.19700   -0.02432
 16.5500   62.45614   28.98722   37.2717  140.9009    2.15200   -0.07516
 16.5583   62.30655   29.36560   37.2747  140.9158    2.16300   -0.10742
 16.5667   62.15674   29.74115   37.2776  140.9308    2.17500   -0.12579
 16.5750   62.00670   30.11392   37.2804  140.9457    2.17000   -0.14312
 16.5833   61.85645   30.48395   37.2832  140.9607    2.18300   -0.12336
 16.5917   61.70600   30.85129   37.2859  140.9758    2.32200   -0.07845
 16.6000   61.55534   31.21598   37.2887  140.9908    2.40600   -0.00605
 16.6083   61.40449   31.57808   37.2913  141.0060    2.51600    0.03325
 16.6167   61.25346   31.93762   37.2939  141.0211    2.55100    0.05792
 16.6250   61.10224   32.29464   37.2965  141.0363    2.60400    0.03063
 16.6333   60.95085   32.64919   37.2990  141.0515    2.57000   -0.00814
 16.6417   60.79930   33.00132   37.3015  141.0667    2.60100   -0.05396
 16.6500   60.64759   33.35105   37.3040  141.0820    2.65700   -0.08026
 16.6583   60.49572   33.69843   37.3063  141.0974    2.70700   -0.10780
 16.6667   60.34370   34.04350   37.3087  141.1127    2.73900   -0.13393
 16.6750   60.19154   34.38629   37.3110  141.1281    2.79100   -0.15486
 16.6833   60.03924   34.72686   37.3132  141.1436    2.83800   -0.15406
 16.6917   59.88681   35.06522   37.3154  141.1590    2.92100   -0.10533
 16.7000   59.73425   35.40142   37.3176  141.1745    3.11800   -0.00534
 16.7083   59.58157   35.73550   37.3197  141.1901    3.32800    0.12440
 16.7167   59.42877   36.06748   37.3218  141.2057    3.50800    0.22811
 16.7250   59.27586   36.39741   37.3238  141.2213    3.61300    0.29465
 16.7333   59.12285   36.72531   37.3258  141.2370    3.69100    0.29277
 16.7417   58.96973   37.05123   37.3277  141.2527    3.63200    0.25076
 16.7500   58.81651   37.37518   37.3296  141.2684    3.59700    0.16906
 16.7583   58.66320   37.69721   37.3314  141.2842    3.53800    0.10338
 16.7667   58.50980   38.01735   37.3332  141.3000    3.52900    0.03217
 16.7750   58.35631   38.33562   37.3350  141.3159    3.46800   -0.00984
 16.7833   58.20274   38.65206   37.3367  141.3318    3.49100   -0.04656
 16.7917   58.04909   38.96669   37.3383  141.3477    3.47100   -0.06249
 16.8000   57.89538   39.27955   37.3399  141.3637    3.44400   -0.07531
 16.8083   57.74159   39.59066   37.3415  141.3797    3.44400   -0.04948
 16.8167   57.58773   39.90005   37.3430  141.3958    3.52900   -0.00613
 16.8250   57.43381   40.20775   37.3444  141.4119    3.55000    0.04703
 16.8333   57.27983   40.51378   37.3458  141.4281    3.58500    0.06970
 16.8417   57.12580   40.81818   37.3472  141.4442    3.57400    0.09612
 16.8500   56.97171   41.12096   37.3485  141.4605    3.61300    0.09761
 16.8583   56.81758   41.42216   37.3498  141.4767    3.56100    0.08920
 16.8667   56.66339   41.72179   37.3510  141.4930    3.51400    0.05942
 16.8750   56.50917   42.01989   37.3521  141.5094    3.48000    0.02511
 16.8833   56.35490   42.31647   37.3533  141.5258    3.41600   -0.02507
 16.8917   56.20059   42.61156   37.3543  141.5422    3.31400   -0.05227
 16.9000   56.04625   42.90519   37.3554  141.5587    3.34900   -0.04091
 16.9083   55.89188   43.19737   37.3563  141.5752    3.40400   -0.00962
 16.9167   55.73748   43.48812   37.3572  141.5918    3.35500    0.00630
 16.9250   55.58305   43.77748   37.3581  141.6084    3.33400   -0.00833
 16.9333   55.42860   44.06546   37.3589  141.6250    3.28100   -0.01031
 16.9417   55.27412   44.35208   37.3597  141.6417    3.28500    0.00172
 16.9500   55.11962   44.63736   37.3604  141.6585    3.32200    0.02980
 16.9583   54.96511   44.92132   37.3611  141.6753    3.33900    0.03285
 16.9667   54.81058   45.20399   37.3617  141.6921    3.26600   -0.00819
 16.9750   54.65604   45.48537   37.3623  141.7090    3.15600   -0.06791
 16.9833   54.50148   45.76550   37.3628  141.7259    3.11300   -0.12124
 16.9917   54.34692   46.04439   37.3633  141.7428    3.06600   -0.11562
 17.0000   54.19235   46.32206   37.3637  141.7599    3.17000   -0.09425
 17.0083   54.03777   46.59852   37.3641  141.7769    3.18900   -0.06076
 17.0167   53.88319   46.87379   37.3644  141.7940    3.19400   -0.03870
 17.0250   53.72861   47.14790   37.3647  141.8111    3.26100   -0.01282
 17.0333   53.57403   47.42086   37.3649  141.8283    3.29100    0.01227
 17.0417   53.41945   47.69268   37.3650  141.8456    3.28600    0.01702
 17.0500   53.26487   47.96338   37.3651  141.8629    3.27700    0.01879
 17.0583   53.11029   48.23298   37.3652  141.8802    3.30700    0.02763
 17.0667   52.95573   48.50150   37.3652  141.8976    3.34400    0.03712
 17.0750   52.80117   48.76894   37.3652  141.9150    3.35100    0.04923
 17.0833   52.64662   49.03533   37.3651  141.9324    3.38700    0.04776
 17.0917   52.49208   49.30068   37.3649  141.9500    3.36900    0.04399
 17.1000   52.33755   49.56500   37.3647  141.9675    3.35900    0.01959
 17.1083   52.18303   49.82831   37.3644  141.9852    3.31500   -0.00603
 17.1167   52.02853   50.09062   37.3641  142.0028    3.28500   -0.02280
 17.1250   51.87405   50.35195   37.3637  142.0205    3.30000   -0.01162
 17.1333   51.71958   50.61231   37.3633  142.0383    3.35500    0.01132
 17.1417   51.56513   50.87172   37.3628  142.0561    3.36500    0.02938
 17.1500   51.41069   51.13018   37.3623  142.0739    3.35600    0.01842
 17.1583   51.25628   51.38771   37.3617  142.0919    3.29800    0.01812
 17.1667   51.10189   51.64433   37.3611  142.1098    3.34300    0.01474
 17.1750   50.94752   51.90003   37.3604  142.1278    3.32200    0.02592
 17.1833   50.79317   52.15485   37.3596  142.1459    3.31800    0.02215
 17.1917   50.63885   52.40879   37.3588  142.1640    3.30900    0.01322
 17.2000   50.48455   52.66185   37.3580  142.1821    3.27200   -0.00258
 17.2083   50.33027   52.91406   37.3571  142.2003    3.24700   -0.01474
 17.2167   50.17602   53.16543   37.3561  142.2186    3.25100   -0.02650
 17.2250   50.02180   53.41596   37.3551  142.2369    3.21300   -0.02608
 17.2333   49.86760   53.66566   37.3540  142.2553    3.22900   -0.02389
 17.2417   49.71344   53.91456   37.3528  142.2737    3.24100   -0.01457
 17.2500   49.55930   54.16265   37.3516  142.2922    3.22900   -0.01070
 17.2583   49.40519   54.40994   37.3504  142.3107    3.22500   -0.01398
 17.2667   49.25111   54.65646   37.3491  142.3293    3.20900   -0.01434
 17.2750   49.09707   54.90220   37.3477  142.3479    3.21200   -0.00253
 17.2833   48.94305   55.14719   37.3463  142.3666    3.26200    0.00530
 17.2917   48.78906   55.39142   37.3448  142.3853    3.23900    0.01298
 17.3000   48.63511   55.63490   37.3432  142.4041    3.24700    0.00050
 17.3083   48.48119   55.87766   37.3416  142.4229    3.22200   -0.01055
 17.3167   48.32730   56.11969   37.3400  142.4418    3.20500   -0.02469
 17.3250   48.17345   56.36100   37.3382  142.4608    3.20200   -0.03268
 17.3333   48.01963   56.60161   37.3364  142.4798    3.20100   -0.03329
 17.3417   47.86584   56.84152   37.3346  142.4989    3.21200   -0.02598
 17.3500   47.71209   57.08074   37.3327  142.5180    3.24100   -0.00641
 17.3583   47.55837   57.31927   37.3307  142.5372    3.28900    0.01199
 17.3667   47.40469   57.55714   37.3287  142.5564    3.29500    0.02039
 17.3750   47.25104   57.79434   37.3266  142.5757    3.28700    0.01508
 17.3833   47.09743   58.03088   37.3245  142.5950    3.28400    0.00802
 17.3917   46.94385   58.26678   37.3223  142.6144    3.29000    0.00452
 17.4000   46.79031   58.50203   37.3200  142.6339    3.29900    0.00287
 17.4083   46.63681   58.73665   37.3177  142.6534    3.30500   -0.00815
 17.4167   46.48334   58.97064   37.3153  142.6730    3.27400   -0.01832
 17.4250   46.32991   59.20401   37.3128  142.6926    3.28800   -0.02627
 17.4333   46.17652   59.43677   37.3103  142.7123    3.30400   -0.02823
 17.4417   46.02316   59.66893   37.3078  142.7321    3.29700   -0.01866
 17.4500   45.86984   59.90049   37.3051  142.7519    3.35700   -0.00557
 17.4583   45.71655   60.13145   37.3024  142.7718    3.39300    0.00608
 17.4667   45.56331   60.36183   37.2996  142.7917    3.39000   -0.00150
 17.4750   45.41010   60.59163   37.2968  142.8117    3.38100   -0.01899
 17.4833   45.25692   60.82086   37.2939  142.8318    3.38100   -0.03851
 17.4917   45.10379   61.04952   37.2910  142.8519    3.37300   -0.04464
 17.5000   44.95069   61.27762   37.2879  142.8721    3.42300   -0.04581
 17.5083   44.79763   61.50517   37.2848  142.8924    3.44500   -0.04059
 17.5167   44.64460   61.73217   37.2817  142.9127    3.46400   -0.03743
 17.5250   44.49161   61.95862   37.2785  142.9331    3.50300   -0.01553
 17.5333   44.33866   62.18454   37.2752  142.9535    3.59900    0.01246
 17.5417   44.18575   62.40993   37.2718  142.9740    3.64100    0.03488
 17.5500   44.03287   62.63480   37.2684  142.9946    3.65700    0.04130
 17.5583   43.88003   62.85914   37.2649  143.0152    3.69100    0.04619
 17.5667   43.72722   63.08297   37.2614  143.0359    3.72900    0.04835
 17.5750   43.57446   63.30629   37.2577  143.0567    3.73600    0.03823
 17.5833   43.42172   63.52911   37.2540  143.0775    3.71600    0.02698
 17.5917   43.26903   63.75142   37.2503  143.0984    3.74600    0.00540
 17.6000   43.11637   63.97324   37.2465  143.1194    3.70900   -0.00765
 17.6083   42.96374   64.19458   37.2426  143.1405    3.73000   -0.01457
 17.6167   42.81115   64.41542   37.2386  143.1616    3.79000   -0.01405
 17.6250   42.65860   64.63579   37.2346  143.1828    3.79000   -0.01244
 17.6333   42.50608   64.85568   37.2304  143.2040    3.82200   -0.02808
 17.6417   42.35360   65.07511   37.2263  143.2253    3.82000   -0.04759
 17.6500   42.20115   65.29406   37.2220  143.2467    3.81600   -0.08015
 17.6583   42.04873   65.51255   37.2177  143.2682    3.80600   -0.11172
 17.6667   41.89635   65.73059   37.2133  143.2897    3.82500   -0.12904
 17.6750   41.74401   65.94817   37.2088  143.3113    3.89500   -0.12415
 17.6833   41.59169   66.16530   37.2043  143.3330    3.99400   -0.10927
 17.6917   41.43942   66.38198   37.1997  143.3547    4.06600   -0.08565
 17.7000   41.28717   66.59823   37.1950  143.3766    4.18300   -0.06727
 17.7083   41.13496   66.81403   37.1903  143.3985    4.27000   -0.04533
 17.7167   40.98278   67.02941   37.1854  143.4205    4.36400   -0.01791
 17.7250   40.83063   67.24435   37.1805  143.4425    4.51200    0.01207
 17.7333   40.67851   67.45887   37.1755  143.4646    4.61100    0.04469
 17.7417   40.52643   67.67296   37.1705  143.4868    4.72100    0.05932
 17.7500   40.37437   67.88663   37.1654  143.5091    4.79300    0.06615
 17.7583   40.22235   68.09989   37.1602  143.5315    4.85700    0.06551
 17.7667   40.07036   68.31274   37.1549  143.5539    4.92700    0.06917
 17.7750   39.91840   68.52517   37.1495  143.5764    5.01100    0.08635
 17.7833   39.76647   68.73720   37.1441  143.5990    5.12900    0.09061
 17.7917   39.61457   68.94883   37.1386  143.6217    5.13700    0.08548
 17.8000   39.46270   69.16006   37.1330  143.6445    5.17100    0.05408
 17.8083   39.31085   69.37090   37.1273  143.6673    5.16100    0.03052
 17.8167   39.15904   69.58134   37.1215  143.6903    5.19400    0.00485
 17.8250   39.00725   69.79139   37.1157  143.7133    5.20900   -0.01513
 17.8333   38.85550   70.00105   37.1098  143.7364    5.21700   -0.03589
 17.8417   38.70377   70.21033   37.1038  143.7595    5.24100   -0.04191
 17.8500   38.55206   70.41923   37.0977  143.7828    5.32000   -0.03311
 17.8583   38.40039   70.62775   37.0916  143.8062    5.39600   -0.02501
 17.8667   38.24874   70.83589   37.0853  143.8296    5.41700   -0.02625
 17.8750   38.09711   71.04366   37.0790  143.8531    5.45600   -0.03257
 17.8833   37.94551   71.25106   37.0726  143.8767    5.51200   -0.02958
 17.8917   37.79394   71.45809   37.0661  143.9004    5.58300   -0.02355
 17.9000   37.64239   71.66476   37.0596  143.9242    5.64200   -0.02683
 17.9083   37.49087   71.87106   37.0529  143.9481    5.66200   -0.03140
 17.9167   37.33937   72.07700   37.0462  143.9721    5.73300   -0.03307
 17.9250   37.18789   72.28258   37.0393  143.9961    5.81400   -0.02046
 17.9333   37.03644   72.48781   37.0324  144.0203    5.90400   -0.00124
 17.9417   36.88501   72.69269   37.0254  144.0446    6.00500    0.01388
 17.9500   36.73360   72.89721   37.0183  144.0689    6.06400    0.02251
 17.9583   36.58221   73.10138   37.0111  144.0934    6.12400    0.02211
 17.9667   36.43085   73.30521   37.0039  144.1179    6.18400    0.02064
 17.9750   36.27950   73.50869   36.9965  144.1425    6.23500    0.01826
 17.9833   36.12818   73.71183   36.9891  144.1673    6.28600    0.01878
 17.9917   35.97688   73.91463   36.9815  144.1921    6.35500    0.02899
 18.0000   35.82560   74.11709   36.9739  144.2171    6.44800    0.03439
 18.0083   35.67433   74.31922   36.9662  144.2421    6.47300    0.03516
 18.0167   35.52309   74.52100   36.9584  144.2672    6.51600    0.02655
 18.0250   35.37186   74.72246   36.9505  144.2925    6.55900    0.02433
 18.0333   35.22065   74.92358   36.9425  144.3178    6.60600    0.02486
 18.0417   35.06946   75.12438   36.9344  144.3433    6.65100    0.02249
 18.0500   34.91829   75.32484   36.9262  144.3688    6.66900    0.01950
 18.0583   34.76713   75.52498   36.9179  144.3945    6.70200    0.01164
 18.0667   34.61599   75.72480   36.9095  144.4203    6.71400    0.00870
 18.0750   34.46487   75.92430   36.9010  144.4462    6.74600    0.01406
 18.0833   34.31376   76.12347   36.8924  144.4722    6.80800    0.03316
 18.0917   34.16266   76.32232   36.8838  144.4983    6.87800    0.05514
 18.1000   34.01158   76.52086   36.8750  144.5245    6.91700    0.06144
 18.1083   33.86052   76.71908   36.8661  144.5508    6.89900    0.05216
 18.1167   33.70947   76.91698   36.8571  144.5773    6.88800    0.03528
 18.1250   33.55843   77.11457   36.8480  144.6038    6.88500    0.01790
 18.1333   33.40740   77.31185   36.8388  144.6305    6.86200    0.00499
 18.1417   33.25639   77.50882   36.8296  144.6573    6.87200   -0.00733
 18.1500   33.10539   77.70548   36.8202  144.6842    6.87300   -0.01745
 18.1583   32.95440   77.90183   36.8107  144.7113    6.86000   -0.02383
 18.1667   32.80342   78.09788   36.8011  144.7384    6.88400   -0.02778
 18.1750   32.65245   78.29361   36.7913  144.7657    6.88800   -0.02429
 18.1833   32.50150   78.48905   36.7815  144.7931    6.90200   -0.01813
 18.1917   32.35055   78.68418   36.7716  144.8206    6.93200   -0.00982
 18.2000   32.19961   78.87901   36.7616  144.8483    6.94400    0.00178
 18.2083   32.04868   79.07354   36.7514  144.8761    6.97300    0.01598
 18.2167   31.89776   79.26777   36.7411  144.9040    7.01500    0.03215
 18.2250   31.74685   79.46170   36.7308  144.9320    7.03400    0.04441
 18.2333   31.59594   79.65534   36.7203  144.9602    7.03900    0.04924
 18.2417   31.44505   79.84867   36.7097  144.9885    7.03600    0.05021
 18.2500   31.29415   80.04172   36.6990  145.0170    7.02600    0.04935
 18.2583   31.14327   80.23446   36.6881  145.0456    7.01300    0.04466
 18.2667   30.99239   80.42692   36.6772  145.0743    6.98200    0.04229
 18.2750   30.84152   80.61908   36.6661  145.1031    6.97600    0.03756
 18.2833   30.69065   80.81095   36.6549  145.1322    6.94400    0.03434
 18.2917   30.53979   81.00253   36.6436  145.1613    6.91300    0.03000
 18.3000   30.38893   81.19382   36.6322  145.1906    6.89200    0.02602
 18.3083   30.23808   81.38482   36.6206  145.2200    6.84800    0.01671
 18.3167   30.08723   81.57553   36.6089  145.2496    6.77700    0.00434
 18.3250   29.93638   81.76596   36.5971  145.2793    6.73000   -0.00414
 18.3333   29.78554   81.95610   36.5852  145.3092    6.70000   -0.00436
 18.3417   29.63470   82.14595   36.5732  145.3392    6.66600   -0.00201
 18.3500   29.48386   82.33552   36.5610  145.3694    6.62700    0.00761
 18.3583   29.33302   82.52481   36.5487  145.3997    6.63200    0.01574
 18.3667   29.18218   82.71381   36.5362  145.4303    6.58800    0.02278
 18.3750   29.03134   82.90252   36.5236  145.4609    6.54000    0.01377
 18.3833   28.88051   83.09096   36.5109  145.4917    6.46000    0.00729
 18.3917   28.72967   83.27911   36.4981  145.5227    6.43500   -0.00209
 18.4000   28.57884   83.46698   36.4851  145.5538    6.38300   -0.00757
 18.4083   28.42800   83.65458   36.4720  145.5852    6.33000   -0.01836
 18.4167   28.27716   83.84189   36.4587  145.6166    6.27700   -0.03013
 18.4250   28.12633   84.02892   36.4453  145.6483    6.21800   -0.03550
 18.4333   27.97549   84.21567   36.4318  145.6801    6.19900   -0.03735
 18.4417   27.82464   84.40215   36.4181  145.7121    6.16300   -0.04191
 18.4500   27.67380   84.58835   36.4043  145.7442    6.08600   -0.03086
 18.4583   27.52295   84.77427   36.3903  145.7766    6.15700   -0.01214
 18.4667   27.37210   84.95991   36.3762  145.8091    6.17200    0.02058
 18.4750   27.22125   85.14528   36.3619  145.8418    6.18100    0.02679
 18.4833   27.07039   85.33037   36.3475  145.8747    6.10600    0.02074
 18.4917   26.91953   85.51519   36.3329  145.9078    6.05400    0.01172
 18.5000   26.76866   85.69973   36.3182  145.9410    6.04800    0.00402
 18.5083   26.61779   85.88399   36.3033  145.9745    5.98100   -0.00110
 18.5167   26.46691   86.06798   36.2883  146.0081    5.93900   -0.00804
 18.5250   26.31603   86.25170   36.2731  146.0419    5.91800    0.00076
 18.5333   26.16514   86.43514   36.2577  146.0760    5.94000    0.01093
 18.5417   26.01425   86.61831   36.2422  146.1102    5.90500    0.02125
 18.5500   25.86335   86.80121   36.2265  146.1446    5.88000    0.02327
 18.5583   25.71244   86.98383   36.2107  146.1793    5.84600    0.02746
 18.5667   25.56153   87.16618   36.1946  146.2141    5.82500    0.02419
 18.5750   25.41061   87.34826   36.1785  146.2491    5.76500    0.01279
 18.5833   25.25968   87.53007   36.1621  146.2844    5.69500   -0.01134
 18.5917   25.10874   87.71160   36.1456  146.3199    5.60800   -0.03282
 18.6000   24.95780   87.89287   36.1289  146.3556    5.57100   -0.05057
 18.6083   24.80685   88.07386   36.1120  146.3915    5.52200   -0.04953
 18.6167   24.65588   88.25458   36.0949  146.4276    5.54100   -0.05135
 18.6250   24.50491   88.43503   36.0777  146.4639    5.48000   -0.04667
 18.6333   24.35393   88.61521   36.0603  146.5005    5.46900   -0.03774
 18.6417   24.20294   88.79512   36.0427  146.5373    5.51200   -0.01502
 18.6500   24.05194   88.97475   36.0249  146.5744    5.53100    0.01666
 18.6583   23.90093   89.15412   36.0069  146.6116    5.57100    0.04365
 18.6667   23.74991   89.33322   35.9887  146.6491    5.58200    0.06620
 18.6750   23.59888   89.51204   35.9703  146.6869    5.57200    0.06041
 18.6833   23.44784   89.69060   35.9518  146.7249    5.43300    0.05088
 18.6917   23.29679   89.86889   35.9330  146.7631    5.42100    0.04151
 18.7000   23.14572   90.04690   35.9140  146.8016    5.41000    0.04752
 18.7083   22.99465   90.22465   35.8948  146.8403    5.36900    0.04331
 18.7167   22.84356   90.40212   35.8755  146.8793    5.28900    0.03527
 18.7250   22.69246   90.57933   35.8559  146.9185    5.24100    0.02381
 18.7333   22.54135   90.75627   35.8361  146.9580    5.16000    0.01074
 18.7417   22.39023   90.93293   35.8161  146.9978    5.05100   -0.00623
 18.7500   22.23909   91.10933   35.7958  147.0378    4.97000   -0.02353
 18.7583   22.08794   91.28546   35.7754  147.0782    4.88400   -0.02476
 18.7667   21.93678   91.46131   35.7547  147.1187    4.88800   -0.01801
 18.7750   21.78560   91.63690   35.7338  147.1596    4.87400   -0.00807
 18.7833   21.63441   91.81222   35.7127  147.2007    4.83000   -0.01134
 18.7917   21.48321   91.98726   35.6914  147.2421    4.76000   -0.03741
 18.8000   21.33199   92.16204   35.6698  147.2838    4.60500   -0.06752
 18.8083   21.18076   92.33655   35.6480  147.3258    4.54100   -0.09281
 18.8167   21.02952   92.51079   35.6259  147.3681    4.51700   -0.09376
 18.8250   20.87826   92.68475   35.6036  147.4107    4.53300   -0.08475
 18.8333   20.72698   92.85845   35.5811  147.4536    4.54300   -0.06695
 18.8417   20.57569   93.03187   35.5583  147.4968    4.57500   -0.03683
 18.8500   20.42439   93.20503   35.5352  147.5403    4.66700    0.01024
 18.8583   20.27307   93.37791   35.5119  147.5841    4.77800    0.04671
 18.8667   20.12174   93.55053   35.4884  147.6282    4.73200    0.06375
 18.8750   19.97039   93.72287   35.4645  147.6726    4.69400    0.07259
 18.8833   19.81902   93.89494   35.4405  147.7174    4.75700    0.09752
 18.8917   19.66764   94.06674   35.4161  147.7625    4.82400    0.10514
 18.9000   19.51625   94.23827   35.3915  147.8079    4.66800    0.09968
 18.9083   19.36483   94.40952   35.3666  147.8537    4.63600    0.06375
 18.9167   19.21341   94.58051   35.3414  147.8997    4.48800    0.03368
 18.9250   19.06196   94.75122   35.3159  147.9462    4.36400   -0.00466
 18.9333   18.91050   94.92166   35.2902  147.9930    4.26400   -0.01975
 18.9417   18.75902   95.09183   35.2641  148.0401    4.26300   -0.01969
 18.9500   18.60753   95.26173   35.2378  148.0876    4.23100   -0.01863
 18.9583   18.45602   95.43135   35.2111  148.1355    4.12700   -0.03085
 18.9667   18.30450   95.60070   35.1842  148.1837    4.02100   -0.04335
 18.9750   18.15295   95.76978   35.1569  148.2322    3.97800   -0.04515
 18.9833   18.00139   95.93858   35.1294  148.2812    3.95200   -0.03409
 18.9917   17.84982   96.10711   35.1015  148.3305    3.94800   -0.02512
 19.0000   17.69822   96.27537   35.0733  148.3802    3.90800   -0.01204
 19.0083   17.54661   96.44335   35.0448  148.4303    3.92100    0.00063
 19.0167   17.39498   96.61105   35.0159  148.4808    3.92500    0.00259
 19.0250   17.24334   96.77849   34.9867  148.5317    3.80700   -0.00642
 19.0333   17.09167   96.94564   34.9572  148.5829    3.73700   -0.02051
 19.0417   16.93999   97.11252   34.9273  148.6346    3.69700   -0.01169
 19.0500   16.78830   97.27913   34.8971  148.6867    3.74000    0.00931
 19.0583   16.63658   97.44546   34.8665  148.7392    3.75400    0.03796
 19.0667   16.48485   97.61151   34.8356  148.7921    3.76500    0.05683
 19.0750   16.33310   97.77729   34.8043  148.8455    3.73600    0.05736
 19.0833   16.18133   97.94279   34.7726  148.8992    3.61500    0.05271
 19.0917   16.02955   98.10801   34.7406  148.9534    3.58700    0.03965
 19.1000   15.87774   98.27296   34.7082  149.0081    3.49800    0.03211
 19.1083   15.72592   98.43763   34.6753  149.0632    3.42800    0.01398
 19.1167   15.57408   98.60202   34.6422  149.1187    3.33500   -0.02271
 19.1250   15.42223   98.76613   34.6086  149.1747    3.11700   -0.05912
 19.1333   15.27035   98.92996   34.5746  149.2311    3.04900   -0.08622
 19.1417   15.11846   99.09351   34.5402  149.2880    3.02300   -0.08320
 19.1500   14.96655   99.25679   34.5054  149.3454    3.03000   -0.07487
 19.1583   14.81463   99.41978   34.4701  149.4032    3.00600   -0.06650
 19.1667   14.66268   99.58249   34.4345  149.4615    2.99000   -0.04982
 19.1750   14.51072   99.74493   34.3984  149.5203    3.08200   -0.03218
 19.1833   14.35874   99.90708   34.3618  149.5796    3.09200   -0.01313
 19.1917   14.20674  100.06895   34.3249  149.6394    3.11300   -0.00661
 19.2000   14.05472  100.23054   34.2874  149.6996    3.12400   -0.01114
 19.2083   13.90269  100.39184   34.2496  149.7604    3.06500   -0.01850
 19.2167   13.75064  100.55287   34.2112  149.8217    3.08200   -0.03208
 19.2250   13.59857  100.71361   34.1724  149.8835    3.06700   -0.03519
 19.2333   13.44648  100.87406   34.1331  149.9458    3.10700   -0.04017
 19.2417   13.29438  101.03424   34.0933  150.0087    3.11800   -0.02742
 19.2500   13.14226  101.19413   34.0531  150.0720    3.25600   -0.00793
 19.2583   12.99012  101.35373   34.0123  150.1360    3.35100    0.01614
 19.2667   12.83796  101.51305   33.9710  150.2004    3.40100    0.01521
 19.2750   12.68579  101.67209   33.9292  150.2654    3.33200    0.00106
 19.2833   12.53359  101.83084   33.8869  150.3309    3.32300   -0.01304
 19.2917   12.38138  101.98930   33.8441  150.3970    3.38400   -0.00820
 19.3000   12.22916  102.14747   33.8007  150.4637    3.48200    0.00229
 19.3083   12.07692  102.30536   33.7568  150.5309    3.53100    0.00362
 19.3167   11.92465  102.46296   33.7123  150.5987    3.51800    0.00561
 19.3250   11.77238  102.62027   33.6673  150.6671    3.62300   -0.00474
 19.3333   11.62008  102.77730   33.6217  150.7361    3.56700   -0.00874
 19.3417   11.46777  102.93403   33.5755  150.8056    3.60800   -0.01450
 19.3500   11.31544  103.09048   33.5288  150.8758    3.69200   -0.01234
 19.3583   11.16310  103.24663   33.4815  150.9465    3.70800   -0.00548
 19.3667   11.01073  103.40250   33.4335  151.0179    3.79900   -0.00305
 19.3750   10.85836  103.55807   33.3850  151.0898    3.85700   -0.00353
 19.3833   10.70596  103.71336   33.3358  151.1624    3.84900   -0.01006
 19.3917   10.55355  103.86835   33.2860  151.2356    3.88300   -0.01966
 19.4000   10.40112  104.02305   33.2356  151.3094    3.91800   -0.01634
 19.4083   10.24868  104.17745   33.1845  151.3838    4.02300   -0.00353
 19.4167   10.09622  104.33156   33.1327  151.4589    4.14200   -0.00013
 19.4250    9.94374  104.48538   33.0804  151.5346    4.09300    0.00188
 19.4333    9.79125  104.63891   33.0273  151.6109    4.18500    0.00320
 19.4417    9.63874  104.79214   32.9735  151.6879    4.29600    0.01048
 19.4500    9.48622  104.94507   32.9191  151.7656    4.29800    0.01374
 19.4583    9.33368  105.09771   32.8640  151.8439    4.35500    0.01123
 19.4667    9.18112  105.25005   32.8081  151.9228    4.41900    0.01846
 19.4750    9.02855  105.40210   32.7516  152.0025    4.51200    0.01690
 19.4833    8.87597  105.55385   32.6943  152.0827    4.50700    0.00513
 19.4917    8.72337  105.70530   32.6363  152.1637    4.48400   -0.00757
 19.5000    8.57075  105.85645   32.5775  152.2454    4.56500   -0.02022
 19.5083    8.41812  106.00731   32.5179  152.3277    4.55800   -0.02753
 19.5167    8.26548  106.15786   32.4576  152.4107    4.58700   -0.03061
 19.5250    8.11282  106.30812   32.3966  152.4944    4.71600   -0.03152
 19.5333    7.96015  106.45807   32.3347  152.5788    4.73100   -0.02757
 19.5417    7.80746  106.60772   32.2720  152.6638    4.81400   -0.03270
 19.5500    7.65476  106.75708   32.2085  152.7496    4.86700   -0.01267
 19.5583    7.50204  106.90613   32.1442  152.8361    5.11400   -0.00070
 19.5667    7.34931  107.05487   32.0791  152.9232    5.09500   -0.00029
 19.5750    7.19657  107.20332   32.0132  153.0111    5.07100   -0.00949
 19.5833    7.04381  107.35146   31.9463  153.0997    5.25800   -0.01076
 19.5917    6.89104  107.49929   31.8787  153.1890    5.33100   -0.00250
 19.6000    6.73826  107.64683   31.8101  153.2790    5.40600   -0.00155
 19.6083    6.58547  107.79405   31.7407  153.3698    5.50700    0.00417
 19.6167    6.43266  107.94097   31.6704  153.4612    5.67200    0.00322
 19.6250    6.27984  108.08759   31.5992  153.5533    5.68100    0.00000

