hmax        =    300
wind_bottom =      2
wind_top    =     10
critlon     =      0
tbeg, h     =   0.00
tend, h     =  24.00
c_ionex     =      0
c_vert      =      1
time, gamma, az, latp, lonp, tec, tec_filtered
  0.0000   63.73221  273.25543   36.1677  138.5232    2.17100    0.00000
  0.0083   63.86635  273.72290   36.1776  138.5329    2.08400   -0.00171
  0.0167   63.99929  274.19412   36.1875  138.5426    1.97800   -0.00769
  0.0250   64.13102  274.66910   36.1974  138.5523    1.90800   -0.01770
  0.0333   64.26153  275.14789   36.2072  138.5620    1.84000   -0.01217
  0.0417   64.39079  275.63052   36.2170  138.5717    1.78700   -0.00558
  0.0500   64.51880  276.11700   36.2268  138.5814    1.72300   -0.00395
  0.0583   64.64553  276.60733   36.2365  138.5912    1.65400   -0.01411
  0.0667   64.77098  277.10159   36.2462  138.6009    1.57500   -0.03097
  0.0750   64.89514  277.59973   36.2558  138.6106    1.50400   -0.04757
  0.0833   65.01797  278.10181   36.2654  138.6204    1.44600   -0.04733
  0.0917   65.13948  278.60785   36.2750  138.6301    1.40100   -0.04186
  0.1000   65.25965  279.11786   36.2846  138.6399    1.35500   -0.03982
  0.1083   65.37846  279.63187   36.2941  138.6497    1.29100   -0.03319
  0.1167   65.49589  280.14987   36.3036  138.6595    1.26300   -0.02817
  0.1250   65.61194  280.67188   36.3130  138.6693    1.21200   -0.01079
  0.1333   65.72658  281.19791   36.3224  138.6790    1.18900    0.00182
  0.1417   65.83981  281.72800   36.3318  138.6889    1.14900    0.01311
  0.1500   65.95161  282.26212   36.3411  138.6987    1.09900    0.01980
  0.1583   66.06195  282.80032   36.3504  138.7085    1.06600    0.02487
  0.1667   66.17084  283.34259   36.3597  138.7184    1.02400    0.02816
  0.1750   66.27825  283.88892   36.3690  138.7282    0.96900    0.02107
  0.1833   66.38417  284.43933   36.3782  138.7381    0.90300    0.00019
  0.1917   66.48859  284.99384   36.3874  138.7480    0.81800   -0.01423
  0.2000   66.59148  285.55243   36.3965  138.7579    0.78400   -0.02458
  0.2083   66.69284  286.11508   36.4056  138.7678    0.73000   -0.01590
  0.2167   66.79266  286.68182   36.4147  138.7778    0.70200   -0.00467
  0.2250   66.89091  287.25266   36.4238  138.7877    0.67400    0.00255
  0.2333   66.98758  287.82755   36.4328  138.7977    0.60700    0.00241
  0.2417   67.08266  288.40649   36.4418  138.8077    0.55600   -0.00176
  0.2500   67.17613  288.98950   36.4508  138.8177    0.51600    0.00088
  0.2583   67.26798  289.57654   36.4597  138.8277    0.47200    0.00652
  0.2667   67.35821  290.16760   36.4686  138.8378    0.43400    0.00516
  0.2750   67.44678  290.76270   36.4775  138.8478    0.37700   -0.00697
  0.2833   67.53370  291.36176   36.4864  138.8579    0.30500   -0.02929
  0.2917   67.61894  291.96481   36.4952  138.8680    0.24300   -0.04310
  0.3000   67.70249  292.57178   36.5040  138.8781    0.22000   -0.04435
  0.3083   67.78435  293.18268   36.5128  138.8883    0.19300   -0.04582
  0.3167   67.86449  293.79745   36.5215  138.8985    0.13600   -0.04933
  0.3250   67.94291  294.41611   36.5302  138.9087    0.11400   -0.05758
  0.3333   68.01960  295.03860   36.5389  138.9189    0.08200   -0.06521
  0.3417   68.09454  295.66486   36.5476  138.9292    0.03600   -0.07521
  0.3500   68.16772  296.29486   36.5562  138.9395    0.01500   -0.07487
  0.3583   68.23912  296.92856   36.5648  138.9498    0.02400   -0.06076
  0.3667   68.30875  297.56595   36.5734  138.9601    0.03000   -0.04532
  0.3750   68.37658  298.20694   36.5819  138.9705    0.02300   -0.04296
  0.3833   68.44262  298.85150   36.5904  138.9809    0.00000   -0.03953
  0.3917   68.50684  299.49954   36.5989  138.9913    0.01600   -0.03428
  0.4000   68.56923  300.15106   36.6074  139.0017    0.02000   -0.01840
  0.4083   68.62980  300.80600   36.6158  139.0122    0.03600   -0.00498
  0.4167   68.68853  301.46423   36.6242  139.0228    0.05200    0.00755
  0.4250   68.74541  302.12576   36.6326  139.0333    0.06100    0.00836
  0.4333   68.80043  302.79047   36.6409  139.0439    0.04500    0.00016
  0.4417   68.85359  303.45834   36.6492  139.0545    0.03400   -0.00392
  0.4500   68.90488  304.12924   36.6575  139.0652    0.05600    0.00288
  0.4583   68.95429  304.80313   36.6658  139.0759    0.07700    0.00199
  0.4667   69.00181  305.47995   36.6740  139.0866    0.04700   -0.00674
  0.4750   69.04745  306.15955   36.6822  139.0974    0.04800   -0.01741
  0.4833   69.09119  306.84192   36.6904  139.1082    0.06500   -0.01197
  0.4917   69.13303  307.52695   36.6985  139.1191    0.08700   -0.00411
  0.5000   69.17296  308.21451   36.7066  139.1300    0.09700   -0.01079
  0.5083   69.21099  308.90457   36.7147  139.1409    0.07100   -0.02862
  0.5167   69.24710  309.59698   36.7227  139.1519    0.06300   -0.04421
  0.5250   69.28130  310.29172   36.7307  139.1629    0.08800   -0.04268
  0.5333   69.31359  310.98862   36.7387  139.1740    0.12100   -0.03169
  0.5417   69.34395  311.68759   36.7466  139.1850    0.14500   -0.02719
  0.5500   69.37239  312.38855   36.7545  139.1962    0.15100   -0.03141
  0.5583   69.39892  313.09137   36.7624  139.2074    0.15900   -0.03263
  0.5667   69.42352  313.79596   36.7702  139.2186    0.19200   -0.02864
  0.5750   69.44620  314.50220   36.7780  139.2299    0.21100   -0.00916
  0.5833   69.46696  315.21002   36.7858  139.2412    0.26500    0.01255
  0.5917   69.48580  315.91925   36.7935  139.2526    0.30600    0.03860
  0.6000   69.50272  316.62979   36.8012  139.2640    0.34200    0.04740
  0.6083   69.51773  317.34155   36.8089  139.2754    0.34400    0.05232
  0.6167   69.53083  318.05441   36.8165  139.2869    0.37300    0.05123
  0.6250   69.54202  318.76822   36.8241  139.2985    0.38700    0.05120
  0.6333   69.55130  319.48291   36.8316  139.3101    0.38900    0.03137
  0.6417   69.55869  320.19833   36.8391  139.3217    0.35100    0.01070
  0.6500   69.56418  320.91437   36.8466  139.3334    0.35800   -0.00369
  0.6583   69.56779  321.63089   36.8540  139.3452    0.37500   -0.00427
  0.6667   69.56951  322.34778   36.8614  139.3569    0.37500    0.00086
  0.6750   69.56936  323.06494   36.8687  139.3688    0.39400    0.01148
  0.6833   69.56734  323.78223   36.8760  139.3806    0.42200    0.02648
  0.6917   69.56346  324.49954   36.8832  139.3926    0.43200    0.03285
  0.7000   69.55773  325.21674   36.8904  139.4046    0.42100    0.03043
  0.7083   69.55015  325.93372   36.8976  139.4166    0.42100    0.01642
  0.7167   69.54074  326.65033   36.9047  139.4286    0.39400    0.00180
  0.7250   69.52951  327.36649   36.9118  139.4408    0.38600   -0.01411
  0.7333   69.51646  328.08209   36.9188  139.4529    0.38600   -0.02244
  0.7417   69.50161  328.79697   36.9258  139.4652    0.38700   -0.02951
  0.7500   69.48496  329.51102   36.9327  139.4774    0.38300   -0.03265
  0.7583   69.46654  330.22418   36.9396  139.4897    0.39400   -0.03718
  0.7667   69.44634  330.93625   36.9464  139.5021    0.39100   -0.03773
  0.7750   69.42439  331.64719   36.9532  139.5145    0.40200   -0.03201
  0.7833   69.40069  332.35687   36.9599  139.5269    0.43800   -0.02759
  0.7917   69.37526  333.06519   36.9666  139.5394    0.43400   -0.01560
  0.8000   69.34812  333.77200   36.9733  139.5520    0.47400   -0.01234
  0.8083   69.31927  334.47726   36.9798  139.5645    0.48700   -0.00796
  0.8167   69.28873  335.18079   36.9864  139.5772    0.49400   -0.01671
  0.8250   69.25651  335.88257   36.9928  139.5898    0.49800   -0.03267
  0.8333   69.22263  336.58246   36.9993  139.6026    0.49400   -0.03483
  0.8417   69.18711  337.28036   37.0056  139.6153    0.54900   -0.02269
  0.8500   69.14995  337.97617   37.0120  139.6281    0.60000   -0.00457
  0.8583   69.11118  338.66986   37.0182  139.6410    0.61600   -0.00604
  0.8667   69.07081  339.36127   37.0244  139.6539    0.60800   -0.00975
  0.8750   69.02886  340.05032   37.0306  139.6668    0.65400   -0.01240
  0.8833   68.98534  340.73697   37.0367  139.6798    0.67300    0.00000
  0.8917   68.94026  341.42111   37.0427  139.6928    0.71400    0.01213
  0.9000   68.89366  342.10269   37.0487  139.7058    0.75800    0.02637
  0.9083   68.84553  342.78159   37.0547  139.7189    0.78400    0.03164
  0.9167   68.79590  343.45779   37.0605  139.7320    0.79800    0.02063
  0.9250   68.74479  344.13116   37.0664  139.7452    0.78900    0.01201
  0.9333   68.69221  344.80170   37.0721  139.7584    0.82000    0.00405
  0.9417   68.63819  345.46927   37.0779  139.7716    0.83200    0.01189
  0.9500   68.58272  346.13388   37.0835  139.7849    0.87300    0.01383
  0.9583   68.52585  346.79544   37.0891  139.7982    0.88500    0.01614
  0.9667   68.46758  347.45389   37.0947  139.8116    0.89900    0.00955
  0.9750   68.40792  348.10922   37.1001  139.8250    0.91100   -0.00026
  0.9833   68.34691  348.76132   37.1056  139.8384    0.91300   -0.00670
  0.9917   68.28455  349.41016   37.1109  139.8519    0.93800   -0.01510
  1.0000   68.22086  350.05573   37.1163  139.8653    0.94700   -0.02038
  1.0083   68.15586  350.69794   37.1215  139.8789    0.96500   -0.02998
  1.0167   68.08957  351.33679   37.1267  139.8924    0.98300   -0.04024
  1.0250   68.02201  351.97223   37.1319  139.9060    0.99500   -0.05017
  1.0333   67.95319  352.60422   37.1369  139.9196    1.01700   -0.05459
  1.0417   67.88314  353.23273   37.1420  139.9333    1.05500   -0.05196
  1.0500   67.81186  353.85776   37.1469  139.9470    1.09200   -0.04665
  1.0583   67.73938  354.47925   37.1519  139.9607    1.12700   -0.04146
  1.0667   67.66571  355.09717   37.1567  139.9744    1.17000   -0.02782
  1.0750   67.59087  355.71155   37.1615  139.9882    1.23900   -0.01641
  1.0833   67.51488  356.32233   37.1663  140.0020    1.27200    0.00057
  1.0917   67.43776  356.92950   37.1709  140.0158    1.33700    0.00495
  1.1000   67.35952  357.53305   37.1756  140.0297    1.37100    0.01016
  1.1083   67.28018  358.13297   37.1801  140.0435    1.41200    0.00369
  1.1167   67.19975  358.72922   37.1846  140.0574    1.44600   -0.00305
  1.1250   67.11826  359.32187   37.1891  140.0714    1.48300   -0.00704
  1.1333   67.03572  359.91083   37.1935  140.0854    1.53300   -0.00768
  1.1417   66.95215    0.49614   37.1978  140.0994    1.57600   -0.00848
  1.1500   66.86756    1.07778   37.2021  140.1134    1.61300   -0.00859
  1.1583   66.78197    1.65577   37.2064  140.1274    1.66600   -0.01060
  1.1667   66.69540    2.23010   37.2105  140.1415    1.70500   -0.00534
  1.1750   66.60786    2.80077   37.2147  140.1556    1.76400   -0.00036
  1.1833   66.51936    3.36778   37.2187  140.1697    1.81400    0.01562
  1.1917   66.42993    3.93116   37.2227  140.1839    1.88500    0.02080
  1.2000   66.33958    4.49089   37.2267  140.1980    1.90900    0.01138
  1.2083   66.24832    5.04700   37.2306  140.2122    1.91400   -0.00578
  1.2167   66.15618    5.59948   37.2344  140.2264    1.96100   -0.00832
  1.2250   66.06315    6.14836   37.2382  140.2407    2.03300    0.00095
  1.2333   65.96927    6.69365   37.2419  140.2550    2.07600    0.01767
  1.2417   65.87454    7.23536   37.2456  140.2692    2.14700    0.01982
  1.2500   65.77898    7.77351   37.2492  140.2836    2.17100    0.00767
  1.2583   65.68260    8.30811   37.2528  140.2979    2.16700   -0.01123
  1.2667   65.58542    8.83918   37.2563  140.3123    2.21700   -0.01754
  1.2750   65.48745    9.36674   37.2597  140.3266    2.28000   -0.00828
  1.2833   65.38871    9.89081   37.2631  140.3410    2.32500   -0.00365
  1.2917   65.28921   10.41140   37.2665  140.3555    2.36000   -0.00064
  1.3000   65.18895   10.92855   37.2697  140.3699    2.42000   -0.00294
  1.3083   65.08797   11.44227   37.2730  140.3844    2.44700   -0.00222
  1.3167   64.98626   11.95258   37.2762  140.3989    2.48800   -0.00345
  1.3250   64.88384   12.45951   37.2793  140.4134    2.53700    0.00431
  1.3333   64.78073   12.96309   37.2824  140.4279    2.59100    0.02024
  1.3417   64.67694   13.46333   37.2854  140.4425    2.65600    0.02802
  1.3500   64.57247   13.96026   37.2883  140.4571    2.67900    0.02560
  1.3583   64.46735   14.45390   37.2913  140.4717    2.70100    0.01995
  1.3667   64.36158   14.94429   37.2941  140.4863    2.75800    0.01885
  1.3750   64.25517   15.43145   37.2969  140.5009    2.79800    0.01532
  1.3833   64.14815   15.91540   37.2997  140.5156    2.81300    0.00335
  1.3917   64.04051   16.39618   37.3024  140.5303    2.84600   -0.00612
  1.4000   63.93227   16.87380   37.3050  140.5450    2.89700   -0.01905
  1.4083   63.82344   17.34830   37.3076  140.5598    2.90300   -0.04732
  1.4167   63.71403   17.81971   37.3101  140.5745    2.88300   -0.06030
  1.4250   63.60405   18.28806   37.3126  140.5893    2.98000   -0.05609
  1.4333   63.49352   18.75336   37.3151  140.6041    3.04100   -0.03109
  1.4417   63.38244   19.21566   37.3174  140.6189    3.09100   -0.01394
  1.4500   63.27083   19.67497   37.3198  140.6337    3.16200   -0.00369
  1.4583   63.15869   20.13134   37.3221  140.6486    3.20000    0.01736
  1.4667   63.04603   20.58478   37.3243  140.6635    3.28700    0.03236
  1.4750   62.93286   21.03532   37.3264  140.6784    3.34300    0.04138
  1.4833   62.81920   21.48301   37.3286  140.6933    3.36400    0.03094
  1.4917   62.70505   21.92785   37.3306  140.7083    3.39000    0.01230
  1.5000   62.59042   22.36989   37.3326  140.7232    3.42600   -0.00165
  1.5083   62.47532   22.80916   37.3346  140.7382    3.47000   -0.00880
  1.5167   62.35976   23.24567   37.3365  140.7532    3.52000   -0.02303
  1.5250   62.24375   23.67947   37.3384  140.7683    3.52600   -0.03070
  1.5333   62.12730   24.11057   37.3402  140.7833    3.58600   -0.03248
  1.5417   62.01041   24.53902   37.3419  140.7984    3.65100   -0.01750
  1.5500   61.89309   24.96483   37.3436  140.8135    3.71000   -0.01164
  1.5583   61.77536   25.38804   37.3453  140.8286    3.73800   -0.00257
  1.5667   61.65721   25.80867   37.3469  140.8438    3.81400    0.01073
  1.5750   61.53866   26.22676   37.3484  140.8589    3.88800    0.03713
  1.5833   61.41972   26.64232   37.3499  140.8741    3.96300    0.04406
  1.5917   61.30039   27.05540   37.3514  140.8893    3.97700    0.02781
  1.6000   61.18068   27.46602   37.3528  140.9045    3.97700    0.00529
  1.6083   61.06059   27.87420   37.3541  140.9198    4.03400   -0.01890
  1.6167   60.94014   28.27997   37.3554  140.9351    4.04600   -0.02454
  1.6250   60.81933   28.68336   37.3566  140.9504    4.11200   -0.02483
  1.6333   60.69817   29.08441   37.3578  140.9657    4.18700   -0.02154
  1.6417   60.57666   29.48312   37.3590  140.9810    4.21300   -0.03325
  1.6500   60.45481   29.87954   37.3600  140.9964    4.22900   -0.04016
  1.6583   60.33263   30.27369   37.3611  141.0118    4.32200   -0.03517
  1.6667   60.21013   30.66559   37.3620  141.0272    4.38600   -0.01998
  1.6750   60.08730   31.05528   37.3630  141.0426    4.43800   -0.01970
  1.6833   59.96417   31.44277   37.3638  141.0581    4.48500   -0.01370
  1.6917   59.84072   31.82810   37.3647  141.0735    4.57500   -0.00876
  1.7000   59.71697   32.21128   37.3654  141.0891    4.63200   -0.00930
  1.7083   59.59292   32.59235   37.3662  141.1046    4.66700   -0.00980
  1.7167   59.46859   32.97132   37.3668  141.1201    4.76300   -0.01347
  1.7250   59.34397   33.34823   37.3674  141.1357    4.81200   -0.00970
  1.7333   59.21906   33.72310   37.3680  141.1513    4.87900   -0.01711
  1.7417   59.09389   34.09595   37.3685  141.1669    4.94100   -0.02275
  1.7500   58.96844   34.46681   37.3690  141.1826    4.99800   -0.02943
  1.7583   58.84273   34.83569   37.3694  141.1982    5.05800   -0.03192
  1.7667   58.71676   35.20264   37.3697  141.2139    5.13500   -0.02366
  1.7750   58.59053   35.56765   37.3700  141.2296    5.23000   -0.00726
  1.7833   58.46406   35.93077   37.3703  141.2454    5.32100    0.00892
  1.7917   58.33734   36.29202   37.3705  141.2611    5.39900    0.01269
  1.8000   58.21038   36.65140   37.3706  141.2769    5.45200    0.02154
  1.8083   58.08318   37.00896   37.3707  141.2927    5.56100    0.02444
  1.8167   57.95575   37.36470   37.3708  141.3085    5.61800    0.02322
  1.8250   57.82809   37.71866   37.3707  141.3244    5.66200    0.00192
  1.8333   57.70021   38.07085   37.3707  141.3403    5.70600   -0.01180
  1.8417   57.57211   38.42129   37.3706  141.3562    5.79300   -0.01623
  1.8500   57.44379   38.77001   37.3704  141.3721    5.86700   -0.00823
  1.8583   57.31526   39.11702   37.3702  141.3881    5.95300   -0.01054
  1.8667   57.18652   39.46235   37.3699  141.4041    6.00600   -0.01612
  1.8750   57.05758   39.80601   37.3696  141.4201    6.07200   -0.02846
  1.8833   56.92844   40.14803   37.3692  141.4361    6.13900   -0.03514
  1.8917   56.79910   40.48843   37.3688  141.4522    6.21100   -0.02116
  1.9000   56.66957   40.82722   37.3683  141.4683    6.35100   -0.00674
  1.9083   56.53984   41.16443   37.3677  141.4844    6.41900   -0.00212
  1.9167   56.40993   41.50007   37.3671  141.5005    6.46100   -0.02608
  1.9250   56.27984   41.83416   37.3665  141.5167    6.50100   -0.03344
  1.9333   56.14956   42.16672   37.3658  141.5328    6.62400   -0.01165
  1.9417   56.01911   42.49777   37.3650  141.5491    6.76200    0.01951
  1.9500   55.88849   42.82733   37.3642  141.5653    6.83200    0.04511
  1.9583   55.75769   43.15541   37.3633  141.5816    6.93600    0.04650
  1.9667   55.62672   43.48203   37.3624  141.5979    6.98800    0.05378
  1.9750   55.49559   43.80721   37.3615  141.6142    7.07600    0.04987
  1.9833   55.36430   44.13097   37.3604  141.6305    7.13300    0.05658
  1.9917   55.23284   44.45332   37.3594  141.6469    7.21800    0.05390
  2.0000   55.10123   44.77427   37.3582  141.6633    7.26900    0.03512
  2.0083   54.96946   45.09386   37.3570  141.6797    7.27100    0.00946
  2.0167   54.83754   45.41208   37.3558  141.6962    7.32800   -0.00346
  2.0250   54.70547   45.72896   37.3545  141.7127    7.41700    0.00372
  2.0333   54.57325   46.04452   37.3531  141.7292    7.48400    0.00389
  2.0417   54.44089   46.35876   37.3517  141.7457    7.51200   -0.00543
  2.0500   54.30838   46.67170   37.3503  141.7623    7.56500   -0.01512
  2.0583   54.17574   46.98337   37.3488  141.7789    7.62700   -0.01289
  2.0667   54.04295   47.29376   37.3472  141.7955    7.69900   -0.01197
  2.0750   53.91003   47.60291   37.3456  141.8121    7.74900   -0.00747
  2.0833   53.77697   47.91082   37.3439  141.8288    7.82800   -0.01986
  2.0917   53.64378   48.21750   37.3421  141.8455    7.84400   -0.02986
  2.1000   53.51046   48.52297   37.3404  141.8622    7.90800   -0.03087
  2.1083   53.37701   48.82725   37.3385  141.8790    8.02300   -0.02088
  2.1167   53.24343   49.13034   37.3366  141.8958    8.08300   -0.02622
  2.1250   53.10973   49.43226   37.3346  141.9126    8.10000   -0.03746
  2.1333   52.97590   49.73303   37.3326  141.9295    8.20000   -0.04003
  2.1417   52.84195   50.03265   37.3305  141.9463    8.29800   -0.03007
  2.1500   52.70788   50.33115   37.3284  141.9632    8.36300   -0.02015
  2.1583   52.57370   50.62852   37.3262  141.9802    8.46900   -0.01996
  2.1667   52.43939   50.92479   37.3240  141.9971    8.53700   -0.02991
  2.1750   52.30497   51.21997   37.3217  142.0141    8.57700   -0.04395
  2.1833   52.17044   51.51406   37.3193  142.0312    8.68000   -0.04030
  2.1917   52.03579   51.80709   37.3169  142.0482    8.82300   -0.01902
  2.2000   51.90104   52.09906   37.3144  142.0653    8.93100   -0.02069
  2.2083   51.76617   52.38998   37.3119  142.0824    8.95500   -0.02702
  2.2167   51.63120   52.67986   37.3093  142.0996    9.08600   -0.04521
  2.2250   51.49611   52.96873   37.3067  142.1168    9.15600   -0.04362
  2.2333   51.36093   53.25658   37.3040  142.1340    9.25400   -0.03918
  2.2417   51.22563   53.54342   37.3012  142.1512    9.39600   -0.01627
  2.2500   51.09024   53.82928   37.2984  142.1685    9.53700    0.00816
  2.2583   50.95474   54.11416   37.2955  142.1858    9.64500    0.02761
  2.2667   50.81914   54.39806   37.2926  142.2031    9.77500    0.02307
  2.2750   50.68344   54.68101   37.2896  142.2205    9.82600    0.02358
  2.2833   50.54764   54.96300   37.2865  142.2379    9.95000    0.01715
  2.2917   50.41174   55.24405   37.2834  142.2553   10.05300    0.02504
  2.3000   50.27574   55.52418   37.2802  142.2728   10.16100    0.01525
  2.3083   50.13965   55.80338   37.2770  142.2903   10.22000    0.00651
  2.3167   50.00347   56.08167   37.2737  142.3078   10.32900   -0.00302
  2.3250   49.86719   56.35906   37.2703  142.3254   10.43400   -0.00841
  2.3333   49.73081   56.63556   37.2669  142.3430   10.51100   -0.00195
  2.3417   49.59434   56.91117   37.2634  142.3606   10.66100   -0.00663
  2.3500   49.45778   57.18590   37.2599  142.3783   10.72000   -0.00791
  2.3583   49.32113   57.45977   37.2563  142.3960   10.80900   -0.02011
  2.3667   49.18439   57.73279   37.2527  142.4137   10.92000   -0.01838
  2.3750   49.04756   58.00495   37.2489  142.4315   11.03900   -0.03225
  2.3833   48.91064   58.27627   37.2452  142.4493   11.07000   -0.02682
  2.3917   48.77363   58.54676   37.2413  142.4671   11.25900   -0.03001
  2.4000   48.63653   58.81643   37.2374  142.4850   11.35100   -0.00548
  2.4083   48.49935   59.08528   37.2335  142.5029   11.49600   -0.01179
  2.4167   48.36207   59.35332   37.2294  142.5208   11.57200   -0.01878
  2.4250   48.22472   59.62056   37.2253  142.5388   11.66300   -0.03847
  2.4333   48.08727   59.88700   37.2212  142.5569   11.76700   -0.03633
  2.4417   47.94975   60.15266   37.2170  142.5749   11.93200   -0.02475
  2.4500   47.81213   60.41755   37.2127  142.5930   12.06700   -0.02132
  2.4583   47.67444   60.68166   37.2084  142.6111   12.14000   -0.02721
  2.4667   47.53666   60.94500   37.2040  142.6293   12.27500   -0.02105
  2.4750   47.39879   61.20759   37.1995  142.6475   12.46000   -0.01434
  2.4833   47.26085   61.46944   37.1950  142.6657   12.54400   -0.00747
  2.4917   47.12282   61.73053   37.1904  142.6840   12.68200   -0.01299
  2.5000   46.98471   61.99089   37.1857  142.7023   12.82500    0.00160
  2.5083   46.84652   62.25052   37.1810  142.7207   12.99100   -0.00193
  2.5167   46.70825   62.50943   37.1762  142.7391   13.06100   -0.00089
  2.5250   46.56989   62.76762   37.1714  142.7575   13.21900   -0.01460
  2.5333   46.43146   63.02511   37.1665  142.7760   13.32400   -0.01566
  2.5417   46.29294   63.28188   37.1615  142.7945   13.44400   -0.01520
  2.5500   46.15435   63.53796   37.1564  142.8130   13.61200    0.00626
  2.5583   46.01567   63.79335   37.1513  142.8316   13.80100    0.02492
  2.5667   45.87692   64.04805   37.1461  142.8502   13.91400    0.03583
  2.5750   45.73809   64.30207   37.1409  142.8689   14.05400    0.02558
  2.5833   45.59917   64.55541   37.1356  142.8876   14.16200    0.01040
  2.5917   45.46018   64.80809   37.1302  142.9064   14.25200   -0.01430
  2.6000   45.32111   65.06011   37.1248  142.9252   14.35600   -0.02548
  2.6083   45.18196   65.31146   37.1192  142.9440   14.52100   -0.03559
  2.6167   45.04274   65.56216   37.1137  142.9629   14.62200   -0.03528
  2.6250   44.90343   65.81222   37.1080  142.9818   14.77300   -0.04208
  2.6333   44.76405   66.06164   37.1023  143.0008   14.91400   -0.02723
  2.6417   44.62459   66.31041   37.0965  143.0198   15.10000   -0.01647
  2.6500   44.48505   66.55856   37.0907  143.0388   15.23400   -0.01084
  2.6583   44.34543   66.80608   37.0847  143.0580   15.35400   -0.01891
  2.6667   44.20574   67.05298   37.0787  143.0771   15.49100   -0.01865
  2.6750   44.06597   67.29926   37.0727  143.0963   15.66500   -0.01736
  2.6833   43.92612   67.54493   37.0665  143.1155   15.79800   -0.01335
  2.6917   43.78619   67.78999   37.0603  143.1348   15.95400   -0.00807
  2.7000   43.64619   68.03445   37.0541  143.1541   16.14000   -0.00049
  2.7083   43.50611   68.27831   37.0477  143.1735   16.28500   -0.01059
  2.7167   43.36595   68.52158   37.0413  143.1929   16.36900   -0.00936
  2.7250   43.22571   68.76425   37.0348  143.2124   16.60000   -0.01378
  2.7333   43.08540   69.00634   37.0283  143.2319   16.72400   -0.00529
  2.7417   42.94501   69.24785   37.0216  143.2515   16.86700   -0.00992
  2.7500   42.80454   69.48879   37.0149  143.2711   17.04800   -0.01023
  2.7583   42.66400   69.72915   37.0082  143.2907   17.19300   -0.00230
  2.7667   42.52338   69.96894   37.0013  143.3105   17.37300    0.00322
  2.7750   42.38268   70.20817   36.9944  143.3302   17.54500    0.00060
  2.7833   42.24190   70.44684   36.9874  143.3500   17.65500   -0.01185
  2.7917   42.10105   70.68495   36.9803  143.3699   17.79200   -0.02023
  2.8000   41.96011   70.92250   36.9732  143.3898   17.98400   -0.01155
  2.8083   41.81911   71.15951   36.9659  143.4098   18.16600    0.00321
  2.8167   41.67802   71.39597   36.9586  143.4298   18.32700    0.00663
  2.8250   41.53685   71.63189   36.9513  143.4499   18.46800    0.01024
  2.8333   41.39561   71.86727   36.9438  143.4700   18.65200    0.01369
  2.8417   41.25429   72.10212   36.9363  143.4902   18.81500    0.01585
  2.8500   41.11290   72.33643   36.9287  143.5104   18.95100    0.01316
  2.8583   40.97142   72.57022   36.9210  143.5307   19.11400    0.01010
  2.8667   40.82987   72.80348   36.9132  143.5511   19.27800    0.00772
  2.8750   40.68824   73.03622   36.9054  143.5715   19.42200   -0.00080
  2.8833   40.54653   73.26844   36.8975  143.5919   19.56400   -0.02159
  2.8917   40.40474   73.50014   36.8895  143.6124   19.67700   -0.03293
  2.9000   40.26287   73.73134   36.8814  143.6330   19.86700   -0.04016
  2.9083   40.12093   73.96202   36.8733  143.6536   20.03300   -0.03690
  2.9167   39.97890   74.19220   36.8650  143.6743   20.19700   -0.03488
  2.9250   39.83680   74.42187   36.8567  143.6951   20.38100   -0.03702
  2.9333   39.69462   74.65104   36.8483  143.7159   20.52900   -0.03610
  2.9417   39.55236   74.87972   36.8398  143.7368   20.70900   -0.03599
  2.9500   39.41002   75.10790   36.8313  143.7577   20.89700   -0.03096
  2.9583   39.26760   75.33559   36.8226  143.7787   21.07800   -0.02641
  2.9667   39.12510   75.56279   36.8139  143.7997   21.27100   -0.01037
  2.9750   38.98252   75.78950   36.8051  143.8209   21.52900   -0.00428
  2.9833   38.83987   76.01573   36.7962  143.8421   21.68000   -0.00542
  2.9917   38.69713   76.24148   36.7872  143.8633   21.85400   -0.03174
  3.0000   38.55431   76.46674   36.7781  143.8846   22.00500   -0.05585
  3.0083   38.41141   76.69154   36.7690  143.9060   22.17000   -0.07622
  3.0167   38.26844   76.91585   36.7597  143.9274   22.36300   -0.07494
  3.0250   38.12538   77.13970   36.7504  143.9490   22.61200   -0.05663
  3.0333   37.98224   77.36307   36.7410  143.9705   22.85300   -0.02542
  3.0417   37.83902   77.58598   36.7315  143.9922   23.09800    0.01174
  3.0500   37.69572   77.80843   36.7219  144.0139   23.36400    0.04373
  3.0583   37.55234   78.03041   36.7122  144.0357   23.56800    0.08003
  3.0667   37.40888   78.25193   36.7025  144.0576   23.82000    0.10151
  3.0750   37.26533   78.47299   36.6926  144.0795   24.00500    0.11628
  3.0833   37.12171   78.69360   36.6827  144.1015   24.16900    0.12213
  3.0917   36.97800   78.91375   36.6726  144.1236   24.36700    0.12424
  3.1000   36.83421   79.13346   36.6625  144.1458   24.52200    0.12433
  3.1083   36.69034   79.35271   36.6523  144.1680   24.65800    0.11272
  3.1167   36.54639   79.57151   36.6419  144.1903   24.77900    0.09427
  3.1250   36.40236   79.78987   36.6315  144.2127   24.87700    0.08320
  3.1333   36.25824   80.00778   36.6210  144.2351   25.02000    0.07318
  3.1417   36.11404   80.22525   36.6104  144.2577   25.12400    0.06374
  3.1500   35.96976   80.44228   36.5997  144.2803   25.20100    0.05226
  3.1583   35.82539   80.65887   36.5889  144.3030   25.31400    0.03419
  3.1667   35.68095   80.87502   36.5780  144.3258   25.36600    0.02420
  3.1750   35.53642   81.09074   36.5670  144.3486   25.46700    0.01348
  3.1833   35.39180   81.30603   36.5559  144.3716   25.56600    0.00605
  3.1917   35.24710   81.52088   36.5448  144.3946   25.62300    0.00218
  3.2000   35.10232   81.73530   36.5335  144.4177   25.73200   -0.00670
  3.2083   34.95746   81.94930   36.5221  144.4409   25.80200   -0.00082
  3.2167   34.81251   82.16286   36.5106  144.4642   25.92600   -0.00028
  3.2250   34.66748   82.37600   36.4990  144.4876   26.00800   -0.00367
  3.2333   34.52237   82.58872   36.4873  144.5110   26.06100   -0.01841
  3.2417   34.37717   82.80102   36.4755  144.5346   26.13800   -0.02065
  3.2500   34.23188   83.01289   36.4636  144.5582   26.29000   -0.01575
  3.2583   34.08651   83.22434   36.4516  144.5820   26.38300   -0.01792
  3.2667   33.94106   83.43538   36.4394  144.6058   26.42900   -0.03041
  3.2750   33.79552   83.64600   36.4272  144.6297   26.53300   -0.03964
  3.2833   33.64990   83.85620   36.4149  144.6537   26.64600   -0.04509
  3.2917   33.50419   84.06599   36.4024  144.6778   26.71700   -0.04546
  3.3000   33.35840   84.27537   36.3899  144.7021   26.85300   -0.03980
  3.3083   33.21253   84.48433   36.3772  144.7264   27.00800   -0.01936
  3.3167   33.06656   84.69289   36.3644  144.7508   27.16800   -0.00772
  3.3250   32.92052   84.90103   36.3515  144.7753   27.27600   -0.00932
  3.3333   32.77438   85.10877   36.3385  144.7999   27.37100   -0.01982
  3.3417   32.62817   85.31610   36.3254  144.8246   27.48700   -0.03290
  3.3500   32.48186   85.52302   36.3122  144.8494   27.58700   -0.04131
  3.3583   32.33547   85.72954   36.2988  144.8744   27.71700   -0.04966
  3.3667   32.18900   85.93565   36.2854  144.8994   27.84800   -0.04543
  3.3750   32.04244   86.14137   36.2718  144.9245   28.02200   -0.02864
  3.3833   31.89579   86.34668   36.2581  144.9498   28.22200   -0.00462
  3.3917   31.74906   86.55159   36.2442  144.9752   28.39300    0.01173
  3.4000   31.60224   86.75610   36.2303  145.0006   28.52800    0.00620
  3.4083   31.45534   86.96021   36.2162  145.0262   28.62000   -0.01212
  3.4167   31.30835   87.16393   36.2020  145.0519   28.73000   -0.02066
  3.4250   31.16127   87.36725   36.1877  145.0778   28.92200   -0.01607
  3.4333   31.01411   87.57017   36.1732  145.1037   29.08600    0.00338
  3.4417   30.86686   87.77270   36.1586  145.1298   29.27600    0.01006
  3.4500   30.71952   87.97484   36.1439  145.1559   29.40500    0.00575
  3.4583   30.57210   88.17658   36.1291  145.1822   29.51300   -0.00188
  3.4667   30.42459   88.37793   36.1141  145.2087   29.68400   -0.00200
  3.4750   30.27700   88.57889   36.0990  145.2352   29.85000    0.00926
  3.4833   30.12932   88.77946   36.0838  145.2619   30.01800    0.01154
  3.4917   29.98155   88.97963   36.0684  145.2887   30.14900    0.00945
  3.5000   29.83369   89.17942   36.0529  145.3156   30.29900   -0.00551
  3.5083   29.68575   89.37882   36.0372  145.3427   30.40300   -0.02007
  3.5167   29.53773   89.57784   36.0215  145.3699   30.53800   -0.02856
  3.5250   29.38961   89.77646   36.0055  145.3973   30.72200   -0.03067
  3.5333   29.24141   89.97470   35.9895  145.4247   30.86800   -0.03213
  3.5417   29.09312   90.17256   35.9732  145.4523   31.01600   -0.03103
  3.5500   28.94475   90.37003   35.9569  145.4801   31.22100   -0.03089
  3.5583   28.79629   90.56712   35.9404  145.5080   31.36700   -0.02399
  3.5667   28.64774   90.76382   35.9237  145.5360   31.55400   -0.02989
  3.5750   28.49911   90.96014   35.9069  145.5642   31.69600   -0.03459
  3.5833   28.35039   91.15608   35.8900  145.5926   31.85700   -0.03784
  3.5917   28.20158   91.35163   35.8729  145.6210   32.06400   -0.03006
  3.6000   28.05269   91.54681   35.8556  145.6497   32.27700   -0.01441
  3.6083   27.90371   91.74160   35.8382  145.6785   32.48800   -0.00359
  3.6167   27.75465   91.93602   35.8206  145.7074   32.67100   -0.00454
  3.6250   27.60550   92.13005   35.8029  145.7365   32.82100   -0.00595
  3.6333   27.45626   92.32371   35.7850  145.7658   33.03200   -0.00827
  3.6417   27.30693   92.51698   35.7669  145.7952   33.21300   -0.00061
  3.6500   27.15752   92.70988   35.7487  145.8248   33.42200    0.00837
  3.6583   27.00803   92.90240   35.7303  145.8545   33.64400    0.01793
  3.6667   26.85844   93.09455   35.7118  145.8844   33.83000    0.02042
  3.6750   26.70878   93.28632   35.6930  145.9145   33.99700    0.01658
  3.6833   26.55902   93.47771   35.6741  145.9448   34.17800    0.00994
  3.6917   26.40918   93.66872   35.6551  145.9752   34.34200    0.00670
  3.7000   26.25926   93.85936   35.6358  146.0058   34.52400    0.00737
  3.7083   26.10925   94.04963   35.6164  146.0366   34.72800    0.00964
  3.7167   25.95915   94.23952   35.5968  146.0676   34.90100    0.01640
  3.7250   25.80897   94.42903   35.5770  146.0987   35.11000    0.01487
  3.7333   25.65870   94.61817   35.5570  146.1300   35.26300    0.01099
  3.7417   25.50835   94.80694   35.5369  146.1616   35.41700    0.00137
  3.7500   25.35791   94.99533   35.5165  146.1933   35.58400   -0.00437
  3.7583   25.20739   95.18335   35.4960  146.2252   35.75500   -0.00531
  3.7667   25.05678   95.37100   35.4752  146.2573   35.93900   -0.00658
  3.7750   24.90609   95.55828   35.4543  146.2896   36.10800   -0.00389
  3.7833   24.75532   95.74518   35.4332  146.3221   36.30600   -0.00373
  3.7917   24.60446   95.93171   35.4119  146.3548   36.47600   -0.00109
  3.8000   24.45351   96.11787   35.3903  146.3877   36.66300    0.00055
  3.8083   24.30248   96.30366   35.3686  146.4208   36.85700   -0.00441
  3.8167   24.15137   96.48908   35.3467  146.4541   36.99200   -0.01791
  3.8250   24.00018   96.67412   35.3245  146.4876   37.13000   -0.02906
  3.8333   23.84890   96.85880   35.3022  146.5214   37.34400   -0.02795
  3.8417   23.69753   97.04310   35.2796  146.5554   37.55700   -0.02339
  3.8500   23.54609   97.22704   35.2568  146.5896   37.71900   -0.01935
  3.8583   23.39456   97.41060   35.2338  146.6240   37.93300   -0.01900
  3.8667   23.24295   97.59379   35.2105  146.6586   38.12800   -0.01287
  3.8750   23.09126   97.77662   35.1871  146.6935   38.33500   -0.00672
  3.8833   22.93948   97.95907   35.1634  146.7286   38.55700   -0.00068
  3.8917   22.78762   98.14115   35.1394  146.7640   38.76000   -0.00422
  3.9000   22.63568   98.32287   35.1153  146.7995   38.91600   -0.00796
  3.9083   22.48366   98.50421   35.0909  146.8354   39.14900   -0.01981
  3.9167   22.33155   98.68519   35.0662  146.8715   39.30900   -0.02881
  3.9250   22.17937   98.86580   35.0414  146.9078   39.48800   -0.03672
  3.9333   22.02710   99.04604   35.0162  146.9444   39.73000   -0.03582
  3.9417   21.87476   99.22590   34.9908  146.9812   39.95100   -0.02607
  3.9500   21.72233   99.40540   34.9652  147.0183   40.19300   -0.01785
  3.9583   21.56982   99.58454   34.9393  147.0556   40.42900   -0.00847
  3.9667   21.41723   99.76330   34.9131  147.0933   40.66100   -0.00156
  3.9750   21.26457   99.94169   34.8867  147.1311   40.88700    0.00642
  3.9833   21.11182  100.11972   34.8600  147.1693   41.13300    0.00670
  3.9917   20.95899  100.29737   34.8331  147.2078   41.31600    0.00784
  4.0000   20.80609  100.47466   34.8058  147.2465   41.55400    0.00378
  4.0083   20.65310  100.65158   34.7783  147.2855   41.76900    0.00492
  4.0167   20.50004  100.82813   34.7505  147.3248   41.99100    0.00649
  4.0250   20.34690  101.00432   34.7224  147.3643   42.23200    0.00912
  4.0333   20.19368  101.18013   34.6940  147.4042   42.45200    0.01174
  4.0417   20.04038  101.35558   34.6654  147.4444   42.67100    0.00730
  4.0500   19.88701  101.53065   34.6364  147.4849   42.85900    0.00318
  4.0583   19.73356  101.70536   34.6071  147.5257   43.08100   -0.00207
  4.0667   19.58003  101.87970   34.5775  147.5668   43.29200   -0.00093
  4.0750   19.42643  102.05368   34.5476  147.6082   43.52700   -0.00372
  4.0833   19.27275  102.22728   34.5174  147.6499   43.72100   -0.00314
  4.0917   19.11899  102.40051   34.4869  147.6919   43.95700   -0.00613
  4.1000   18.96516  102.57338   34.4560  147.7343   44.17100   -0.00774
  4.1083   18.81125  102.74588   34.4249  147.7770   44.38200   -0.01352
  4.1167   18.65727  102.91801   34.3933  147.8201   44.59900   -0.02514
  4.1250   18.50322  103.08977   34.3615  147.8634   44.78200   -0.02673
  4.1333   18.34909  103.26116   34.3293  147.9072   45.07700   -0.02881
  4.1417   18.19488  103.43218   34.2967  147.9512   45.30300   -0.03045
  4.1500   18.04061  103.60283   34.2638  147.9956   45.50000   -0.04250
  4.1583   17.88626  103.77312   34.2306  148.0404   45.72600   -0.05186
  4.1667   17.73183  103.94303   34.1969  148.0856   45.97400   -0.05086
  4.1750   17.57734  104.11258   34.1629  148.1311   46.24700   -0.03999
  4.1833   17.42277  104.28175   34.1286  148.1769   46.54700   -0.02119
  4.1917   17.26813  104.45056   34.0938  148.2232   46.85400   -0.00307
  4.2000   17.11342  104.61900   34.0587  148.2698   47.12600    0.01545
  4.2083   16.95864  104.78707   34.0232  148.3168   47.43500    0.03058
  4.2167   16.80379  104.95476   33.9872  148.3642   47.72200    0.03976
  4.2250   16.64887  105.12209   33.9509  148.4120   47.95400    0.04157
  4.2333   16.49387  105.28905   33.9142  148.4602   48.21300    0.03181
  4.2417   16.33881  105.45563   33.8770  148.5088   48.42400    0.01990
  4.2500   16.18368  105.62185   33.8394  148.5578   48.65300    0.00519
  4.2583   16.02848  105.78770   33.8014  148.6072   48.90300   -0.01346
  4.2667   15.87322  105.95317   33.7630  148.6570   49.09500   -0.03002
  4.2750   15.71788  106.11827   33.7241  148.7073   49.34900   -0.04639
  4.2833   15.56248  106.28301   33.6848  148.7580   49.60900   -0.05553
  4.2917   15.40701  106.44737   33.6450  148.8091   49.86300   -0.06595
  4.3000   15.25148  106.61136   33.6048  148.8607   50.11300   -0.07294
  4.3083   15.09587  106.77498   33.5641  148.9127   50.40700   -0.07516
  4.3167   14.94021  106.93822   33.5229  148.9651   50.70700   -0.06800
  4.3250   14.78447  107.10110   33.4813  149.0180   51.04500   -0.05528
  4.3333   14.62868  107.26360   33.4392  149.0714   51.39800   -0.03834
  4.3417   14.47281  107.42573   33.3965  149.1252   51.75000   -0.02003
  4.3500   14.31689  107.58749   33.3534  149.1795   52.12000   -0.00559
  4.3583   14.16090  107.74887   33.3097  149.2343   52.46100    0.00298
  4.3667   14.00484  107.90988   33.2656  149.2895   52.78300    0.00421
  4.3750   13.84873  108.07052   33.2209  149.3452   53.11000    0.00225
  4.3833   13.69255  108.23079   33.1757  149.4015   53.44600   -0.00581
  4.3917   13.53631  108.39068   33.1299  149.4582   53.74000   -0.01173
  4.4000   13.38001  108.55020   33.0836  149.5154   54.10000   -0.01955
  4.4083   13.22365  108.70934   33.0367  149.5731   54.43300   -0.02351
  4.4167   13.06722  108.86811   32.9893  149.6314   54.77100   -0.02594
  4.4250   12.91074  109.02650   32.9413  149.6901   55.15400   -0.03234
  4.4333   12.75420  109.18452   32.8927  149.7494   55.46100   -0.04293
  4.4417   12.59760  109.34217   32.8435  149.8092   55.77400   -0.04910
  4.4500   12.44094  109.49944   32.7938  149.8696   56.20700   -0.04569
  4.4583   12.28422  109.65633   32.7434  149.9305   56.61500   -0.03924
  4.4667   12.12744  109.81285   32.6924  149.9919   56.97400   -0.04090
  4.4750   11.97061  109.96899   32.6408  150.0539   57.36100   -0.04200
  4.4833   11.81372  110.12475   32.5885  150.1164   57.79000   -0.03773
  4.4917   11.65677  110.28014   32.5356  150.1795   58.21300   -0.03467
  4.5000   11.49977  110.43515   32.4820  150.2432   58.60900   -0.03949
  4.5083   11.34271  110.58979   32.4278  150.3074   58.99300   -0.04150
  4.5167   11.18560  110.74404   32.3729  150.3722   59.46500   -0.04094
  4.5250   11.02843  110.89792   32.3173  150.4376   59.91100   -0.03184
  4.5333   10.87121  111.05142   32.2611  150.5036   60.39800   -0.02944
  4.5417   10.71394  111.20455   32.2041  150.5702   60.83500   -0.02954
  4.5500   10.55661  111.35729   32.1464  150.6373   61.27900   -0.04018
  4.5583   10.39923  111.50966   32.0880  150.7051   61.69800   -0.04915
  4.5667   10.24180  111.66164   32.0288  150.7735   62.17800   -0.05492
  4.5750   10.08432  111.81325   31.9689  150.8425   62.67200   -0.05449
  4.5833    9.92678  111.96447   31.9083  150.9121   63.16700   -0.05205
  4.5917    9.76920  112.11532   31.8469  150.9824   63.68600   -0.04932
  4.6000    9.61156  112.26579   31.7847  151.0532   64.20900   -0.04086
  4.6083    9.45388  112.41587   31.7217  151.1247   64.77900   -0.02974
  4.6167    9.29615  112.56557   31.6580  151.1968   65.26400   -0.02341
  4.6250    9.13837  112.71490   31.5934  151.2696   65.77900   -0.01858
  4.6333    8.98054  112.86384   31.5280  151.3430   66.38800   -0.00502
  4.6417    8.82266  113.01240   31.4618  151.4171   66.99100   -0.00093
  4.6500    8.66474  113.16057   31.3947  151.4918   67.44600   -0.00050
  4.6583    8.50676  113.30837   31.3268  151.5672   68.04800   -0.00839
  4.6667    8.34875  113.45578   31.2580  151.6432   68.59700    0.00004
  4.6750    8.19069  113.60280   31.1884  151.7199   69.19800    0.00000

 21.6500   10.04208  216.84550   28.0425  133.4202    0.08100    0.00000
 21.6583   10.24521  216.92091   28.1355  133.4721    0.06500   -0.00171
 21.6667   10.44849  216.99692   28.2272  133.5235    0.00100   -0.00309
 21.6750   10.65194  217.07352   28.3177  133.5742    0.03000   -0.00643
 21.6833   10.85555  217.15071   28.4070  133.6243    0.03400   -0.01484
 21.6917   11.05932  217.22849   28.4950  133.6738    0.00000   -0.02606
 21.7000   11.26325  217.30688   28.5818  133.7227    0.04300   -0.02835
 21.7083   11.46733  217.38585   28.6674  133.7711    0.11100   -0.02053
 21.7167   11.67157  217.46542   28.7519  133.8188    0.17700   -0.00906
 21.7250   11.87596  217.54559   28.8352  133.8660    0.26600   -0.00210
 21.7333   12.08051  217.62637   28.9173  133.9126    0.30200   -0.00329
 21.7417   12.28521  217.70773   28.9984  133.9586    0.27000   -0.01170
 21.7500   12.49006  217.78970   29.0783  134.0040    0.31100   -0.01762
 21.7583   12.69506  217.87228   29.1572  134.0489    0.38000   -0.01459
 21.7667   12.90021  217.95546   29.2350  134.0933    0.43100   -0.00969
 21.7750   13.10550  218.03925   29.3117  134.1371    0.49800   -0.00479
 21.7833   13.31094  218.12364   29.3874  134.1804    0.57200   -0.00775
 21.7917   13.51653  218.20863   29.4620  134.2231    0.56300   -0.00402
 21.8000   13.72225  218.29424   29.5357  134.2654    0.67900   -0.00488
 21.8083   13.92812  218.38045   29.6084  134.3071    0.71300    0.00767
 21.8167   14.13413  218.46729   29.6801  134.3483    0.80600    0.00629
 21.8250   14.34028  218.55472   29.7508  134.3890    0.81400    0.00834
 21.8333   14.54656  218.64278   29.8206  134.4292    0.88200    0.00493
 21.8417   14.75298  218.73143   29.8895  134.4690    0.93700    0.01119
 21.8500   14.95954  218.82072   29.9574  134.5082    1.02100    0.00607
 21.8583   15.16622  218.91061   30.0245  134.5470    0.99800    0.00680
 21.8667   15.37304  219.00114   30.0907  134.5853    1.09700   -0.00332
 21.8750   15.57999  219.09229   30.1560  134.6231    1.09600   -0.00102
 21.8833   15.78707  219.18404   30.2204  134.6605    1.16700   -0.00866
 21.8917   15.99427  219.27643   30.2840  134.6975    1.18900   -0.00657
 21.9000   16.20160  219.36945   30.3468  134.7340    1.26200   -0.00408
 21.9083   16.40906  219.46307   30.4087  134.7700    1.33900   -0.00190
 21.9167   16.61663  219.55734   30.4699  134.8056    1.36600   -0.00283
 21.9250   16.82433  219.65225   30.5303  134.8409    1.42400   -0.00654
 21.9333   17.03215  219.74779   30.5899  134.8756    1.48800   -0.01048
 21.9417   17.24008  219.84395   30.6487  134.9100    1.52700   -0.02360
 21.9500   17.44813  219.94075   30.7068  134.9440    1.52800   -0.03327
 21.9583   17.65630  220.03819   30.7641  134.9775    1.63300   -0.04727
 21.9667   17.86458  220.13628   30.8207  135.0107    1.64600   -0.04646
 21.9750   18.07297  220.23499   30.8766  135.0435    1.76500   -0.05154
 21.9833   18.28147  220.33435   30.9318  135.0759    1.83000   -0.04128
 21.9917   18.49008  220.43436   30.9863  135.1079    1.95600   -0.03394
 22.0000   18.69879  220.53500   31.0402  135.1396    2.05500   -0.01836
 22.0083   18.90761  220.63631   31.0933  135.1709    2.17900    0.00026
 22.0167   19.11653  220.73827   31.1459  135.2018    2.32700    0.01569
 22.0250   19.32556  220.84087   31.1977  135.2323    2.40300    0.03144
 22.0333   19.53468  220.94414   31.2490  135.2626    2.53400    0.03243
 22.0417   19.74390  221.04805   31.2996  135.2924    2.58400    0.03682
 22.0500   19.95322  221.15262   31.3496  135.3220    2.69000    0.02930
 22.0583   20.16263  221.25786   31.3990  135.3512    2.74300    0.02479
 22.0667   20.37214  221.36375   31.4478  135.3801    2.82000    0.01579
 22.0750   20.58173  221.47034   31.4960  135.4086    2.89600    0.00464
 22.0833   20.79142  221.57756   31.5436  135.4368    2.93600   -0.00750
 22.0917   21.00119  221.68547   31.5907  135.4647    3.00400   -0.02043
 22.1000   21.21105  221.79405   31.6372  135.4923    3.07100   -0.02632
 22.1083   21.42099  221.90331   31.6832  135.5197    3.15300   -0.02858
 22.1167   21.63101  222.01323   31.7287  135.5466    3.24000   -0.02897
 22.1250   21.84111  222.12384   31.7736  135.5733    3.31900   -0.02072
 22.1333   22.05129  222.23512   31.8180  135.5998    3.45600   -0.01180
 22.1417   22.26155  222.34711   31.8619  135.6259    3.55000   -0.00323
 22.1500   22.47188  222.45978   31.9053  135.6517    3.62900    0.00371
 22.1583   22.68228  222.57314   31.9481  135.6773    3.75800    0.00812
 22.1667   22.89275  222.68718   31.9906  135.7026    3.83900    0.01080
 22.1750   23.10329  222.80193   32.0325  135.7276    3.91200    0.00670
 22.1833   23.31390  222.91736   32.0739  135.7524    4.00400    0.00378
 22.1917   23.52457  223.03351   32.1149  135.7769    4.09600   -0.00075
 22.2000   23.73530  223.15034   32.1555  135.8012    4.16100   -0.00256
 22.2083   23.94610  223.26791   32.1956  135.8252    4.27300   -0.00459
 22.2167   24.15695  223.38617   32.2352  135.8489    4.36700   -0.00497
 22.2250   24.36785  223.50514   32.2745  135.8724    4.45000   -0.01101
 22.2333   24.57881  223.62483   32.3133  135.8957    4.53700   -0.01986
 22.2417   24.78982  223.74524   32.3517  135.9187    4.62700   -0.02683
 22.2500   25.00088  223.86636   32.3896  135.9415    4.73300   -0.03538
 22.2583   25.21199  223.98824   32.4272  135.9641    4.82100   -0.04624
 22.2667   25.42315  224.11081   32.4644  135.9864    4.90800   -0.06083
 22.2750   25.63434  224.23412   32.5011  136.0085    5.00200   -0.07175
 22.2833   25.84558  224.35817   32.5375  136.0304    5.12600   -0.07550
 22.2917   26.05685  224.48296   32.5735  136.0521    5.27100   -0.06645
 22.3000   26.26817  224.60847   32.6092  136.0736    5.46000   -0.05614
 22.3083   26.47951  224.73476   32.6444  136.0948    5.61600   -0.04181
 22.3167   26.69089  224.86177   32.6793  136.1159    5.81200   -0.03940
 22.3250   26.90230  224.98953   32.7139  136.1368    5.96000   -0.04527
 22.3333   27.11373  225.11807   32.7481  136.1574    6.09100   -0.06021
 22.3417   27.32519  225.24734   32.7819  136.1779    6.25200   -0.07788
 22.3500   27.53667  225.37740   32.8154  136.1982    6.39700   -0.08475
 22.3583   27.74817  225.50821   32.8486  136.2183    6.59600   -0.08242
 22.3667   27.95969  225.63979   32.8814  136.2381    6.81100   -0.06266
 22.3750   28.17122  225.77214   32.9140  136.2579    7.05000   -0.02013
 22.3833   28.38277  225.90527   32.9462  136.2774    7.36400    0.03162
 22.3917   28.59432  226.03918   32.9781  136.2968    7.61400    0.08660
 22.4000   28.80589  226.17389   33.0096  136.3159    7.85000    0.12893
 22.4083   29.01746  226.30937   33.0409  136.3349    8.07500    0.15334
 22.4167   29.22903  226.44565   33.0719  136.3538    8.20900    0.16336
 22.4250   29.44061  226.58273   33.1025  136.3725    8.35100    0.15477
 22.4333   29.65218  226.72061   33.1329  136.3910    8.46200    0.14044
 22.4417   29.86374  226.85928   33.1630  136.4093    8.55100    0.12206
 22.4500   30.07530  226.99879   33.1928  136.4275    8.65400    0.09977
 22.4583   30.28685  227.13908   33.2224  136.4456    8.71900    0.07944
 22.4667   30.49839  227.28021   33.2516  136.4635    8.78100    0.06136
 22.4750   30.70991  227.42216   33.2806  136.4812    8.85200    0.04851
 22.4833   30.92141  227.56496   33.3094  136.4988    8.89900    0.04149
 22.4917   31.13289  227.70856   33.3378  136.5162    8.95100    0.03913
 22.5000   31.34435  227.85301   33.3660  136.5335    9.01300    0.04753
 22.5083   31.55578  227.99831   33.3940  136.5506    9.09000    0.06655
 22.5167   31.76718  228.14444   33.4217  136.5677    9.17800    0.08651
 22.5250   31.97856  228.29143   33.4491  136.5845    9.22900    0.09799
 22.5333   32.18989  228.43929   33.4763  136.6013    9.24700    0.08838
 22.5417   32.40119  228.58800   33.5033  136.6179    9.21400    0.06382
 22.5500   32.61245  228.73756   33.5300  136.6343    9.17900    0.03451
 22.5583   32.82367  228.88802   33.5565  136.6507    9.16700    0.00755
 22.5667   33.03484  229.03934   33.5828  136.6669    9.14200   -0.01158
 22.5750   33.24596  229.19154   33.6089  136.6830    9.13700   -0.01790
 22.5833   33.45703  229.34464   33.6347  136.6990    9.17400   -0.01407
 22.5917   33.66805  229.49863   33.6603  136.7148    9.18000   -0.00073
 22.6000   33.87900  229.65350   33.6857  136.7306    9.19300    0.01208
 22.6083   34.08990  229.80931   33.7108  136.7462    9.19800    0.02744
 22.6167   34.30073  229.96600   33.7358  136.7617    9.18900    0.04818
 22.6250   34.51150  230.12363   33.7605  136.7771    9.22100    0.07661
 22.6333   34.72219  230.28217   33.7851  136.7924    9.26200    0.10847
 22.6417   34.93282  230.44164   33.8094  136.8075    9.27100    0.11933
 22.6500   35.14336  230.60204   33.8336  136.8226    9.19400    0.10938
 22.6583   35.35383  230.76338   33.8575  136.8376    9.12500    0.09276
 22.6667   35.56421  230.92567   33.8813  136.8524    9.08800    0.04965
 22.6750   35.77451  231.08891   33.9048  136.8672    8.87400    0.00556
 22.6833   35.98472  231.25311   33.9282  136.8818    8.79200   -0.04114
 22.6917   36.19484  231.41827   33.9514  136.8964    8.73300   -0.02813
 22.7000   36.40486  231.58441   33.9744  136.9108    8.78400   -0.00401
 22.7083   36.61478  231.75153   33.9972  136.9252    8.73100    0.03054
 22.7167   36.82460  231.91963   34.0199  136.9395    8.70000    0.03457
 22.7250   37.03432  232.08871   34.0423  136.9536    8.59000    0.03484
 22.7333   37.24392  232.25880   34.0646  136.9677    8.50500    0.02937
 22.7417   37.45342  232.42992   34.0868  136.9817    8.43200    0.04612
 22.7500   37.66279  232.60202   34.1087  136.9956    8.41000    0.07420
 22.7583   37.87205  232.77515   34.1305  137.0094    8.37200    0.08966
 22.7667   38.08119  232.94930   34.1521  137.0231    8.24000    0.07450
 22.7750   38.29020  233.12450   34.1736  137.0368    8.07900    0.04770
 22.7833   38.49907  233.30074   34.1949  137.0503    7.97100    0.04522
 22.7917   38.70782  233.47803   34.2160  137.0638    7.92700    0.06181
 22.8000   38.91643  233.65636   34.2370  137.0772    7.82400    0.07238
 22.8083   39.12489  233.83577   34.2578  137.0905    7.67000    0.05821
 22.8167   39.33321  234.01625   34.2785  137.1038    7.49600    0.04251
 22.8250   39.54139  234.19781   34.2990  137.1170    7.36700    0.04526
 22.8333   39.74941  234.38046   34.3194  137.1301    7.26600    0.06961
 22.8417   39.95728  234.56421   34.3396  137.1431    7.15600    0.09926
 22.8500   40.16498  234.74907   34.3597  137.1560    7.02800    0.10944
 22.8583   40.37253  234.93504   34.3796  137.1689    6.83700    0.10336
 22.8667   40.57990  235.12215   34.3994  137.1817    6.66400    0.07897
 22.8750   40.78710  235.31036   34.4191  137.1945    6.46500    0.05685
 22.8833   40.99413  235.49974   34.4386  137.2071    6.29200    0.02218
 22.8917   41.20098  235.69025   34.4580  137.2197    6.07400   -0.02750
 22.9000   41.40765  235.88193   34.4772  137.2323    5.82300   -0.10101
 22.9083   41.61413  236.07478   34.4963  137.2447    5.55500   -0.17335
 22.9167   41.82042  236.26880   34.5153  137.2572    5.34500   -0.21455
 22.9250   42.02651  236.46400   34.5342  137.2695    5.22100   -0.20723
 22.9333   42.23240  236.66042   34.5529  137.2818    5.15400   -0.16248
 22.9417   42.43809  236.85803   34.5715  137.2940    5.10400   -0.09872
 22.9500   42.64357  237.05687   34.5900  137.3062    5.07100   -0.03160
 22.9583   42.84884  237.25693   34.6083  137.3183    5.04000    0.02524
 22.9667   43.05390  237.45822   34.6265  137.3304    4.96700    0.05819
 22.9750   43.25873  237.66077   34.6446  137.3424    4.86300    0.05113
 22.9833   43.46333  237.86456   34.6626  137.3543    4.69700    0.02232
 22.9917   43.66771  238.06963   34.6805  137.3662    4.58000   -0.04214
 23.0000   43.87185  238.27597   34.6982  137.3781    4.37000   -0.10719
 23.0083   44.07576  238.48361   34.7159  137.3898    4.23200   -0.16033
 23.0167   44.27942  238.69254   34.7334  137.4016    4.17800   -0.18312
 23.0250   44.48283  238.90279   34.7508  137.4133    4.10300   -0.17082
 23.0333   44.68600  239.11436   34.7681  137.4249    4.11800   -0.16268
 23.0417   44.88890  239.32727   34.7853  137.4365    4.05100   -0.12489
 23.0500   45.09154  239.54152   34.8024  137.4480    4.09400   -0.08801
 23.0583   45.29392  239.75713   34.8193  137.4595    4.10200   -0.01363
 23.0667   45.49602  239.97411   34.8362  137.4710    4.19400    0.03502
 23.0750   45.69785  240.19247   34.8530  137.4824    4.14700    0.05026
 23.0833   45.89940  240.41225   34.8696  137.4937    4.04700    0.03154
 23.0917   46.10066  240.63341   34.8862  137.5050    4.02600    0.03251
 23.1000   46.30164  240.85599   34.9026  137.5163    4.07500    0.05467
 23.1083   46.50231  241.08002   34.9190  137.5275    4.06100    0.06728
 23.1167   46.70269  241.30548   34.9352  137.5387    3.99400    0.04323
 23.1250   46.90276  241.53239   34.9514  137.5499    3.88900    0.00627
 23.1333   47.10252  241.76080   34.9674  137.5610    3.80800   -0.01093
 23.1417   47.30196  241.99068   34.9834  137.5721    3.80300    0.00271
 23.1500   47.50108  242.22208   34.9992  137.5831    3.80000    0.05123
 23.1583   47.69987  242.45496   35.0150  137.5941    3.84100    0.08997
 23.1667   47.89833  242.68939   35.0307  137.6050    3.78800    0.11290
 23.1750   48.09646  242.92535   35.0462  137.6160    3.71600    0.09832
 23.1833   48.29424  243.16289   35.0617  137.6268    3.60100    0.08386
 23.1917   48.49167  243.40198   35.0771  137.6377    3.53200    0.06631
 23.2000   48.68875  243.64265   35.0924  137.6485    3.43300    0.04119
 23.2083   48.88547  243.88495   35.1076  137.6593    3.28000    0.01330
 23.2167   49.08182  244.12885   35.1228  137.6701    3.19700    0.01315
 23.2250   49.27780  244.37437   35.1378  137.6808    3.19900    0.01693
 23.2333   49.47340  244.62157   35.1528  137.6915    3.05500    0.02462
 23.2417   49.66863  244.87041   35.1676  137.7021    2.97700    0.01587
 23.2500   49.86346  245.12094   35.1824  137.7128    2.90800    0.01889
 23.2583   50.05790  245.37315   35.1971  137.7233    2.80400    0.00800
 23.2667   50.25193  245.62711   35.2117  137.7339    2.67300   -0.00804
 23.2750   50.44556  245.88277   35.2263  137.7445    2.58400   -0.03269
 23.2833   50.63878  246.14018   35.2407  137.7550    2.44500   -0.04766
 23.2917   50.83158  246.39937   35.2551  137.7655    2.34800   -0.05988
 23.3000   51.02395  246.66032   35.2694  137.7759    2.27400   -0.04434
 23.3083   51.21589  246.92310   35.2836  137.7863    2.24100   -0.01740
 23.3167   51.40739  247.18767   35.2978  137.7968    2.19300    0.00517
 23.3250   51.59844  247.45409   35.3118  137.8072    2.10500    0.02280
 23.3333   51.78905  247.72237   35.3258  137.8175    2.06300    0.02084
 23.3417   51.97920  247.99251   35.3397  137.8279    1.95000    0.00884
 23.3500   52.16888  248.26454   35.3536  137.8382    1.83600   -0.02412
 23.3583   52.35809  248.53848   35.3673  137.8484    1.72700   -0.07162
 23.3667   52.54682  248.81438   35.3810  137.8587    1.57400   -0.08936
 23.3750   52.73506  249.09219   35.3946  137.8690    1.58400   -0.09733
 23.3833   52.92281  249.37199   35.4082  137.8792    1.52400   -0.07815
 23.3917   53.11007  249.65379   35.4216  137.8894    1.47500   -0.07775
 23.4000   53.29681  249.93759   35.4350  137.8996    1.41600   -0.05997
 23.4083   53.48304  250.22342   35.4484  137.9097    1.42000   -0.04182
 23.4167   53.66875  250.51131   35.4616  137.9199    1.37800   -0.02516
 23.4250   53.85393  250.80125   35.4748  137.9300    1.32500   -0.02224
 23.4333   54.03858  251.09331   35.4879  137.9401    1.29300   -0.01929
 23.4417   54.22268  251.38748   35.5010  137.9502    1.27000   -0.01124
 23.4500   54.40623  251.68379   35.5140  137.9603    1.25700   -0.00783
 23.4583   54.58922  251.98225   35.5269  137.9703    1.22600   -0.02363
 23.4667   54.77164  252.28290   35.5398  137.9804    1.14700   -0.05026
 23.4750   54.95349  252.58575   35.5526  137.9904    1.10400   -0.08190
 23.4833   55.13475  252.89085   35.5653  138.0004    1.06600   -0.08959
 23.4917   55.31542  253.19818   35.5779  138.0104    1.08200   -0.08771
 23.5000   55.49550  253.50780   35.5905  138.0204    1.08300   -0.08339
 23.5083   55.67496  253.81970   35.6031  138.0303    1.06600   -0.07615
 23.5167   55.85381  254.13394   35.6156  138.0403    1.10600   -0.06916
 23.5250   56.03204  254.45052   35.6280  138.0502    1.11700   -0.04919
 23.5333   56.20963  254.76947   35.6403  138.0601    1.15400   -0.04266
 23.5417   56.38657  255.09082   35.6526  138.0700    1.15400   -0.03354
 23.5500   56.56287  255.41460   35.6648  138.0799    1.18400   -0.03731
 23.5583   56.73851  255.74080   35.6770  138.0898    1.18700   -0.03666
 23.5667   56.91348  256.06949   35.6891  138.0997    1.21700   -0.03117
 23.5750   57.08777  256.40067   35.7012  138.1095    1.27200   -0.01074
 23.5833   57.26137  256.73438   35.7131  138.1194    1.33000    0.00675
 23.5917   57.43428  257.07065   35.7251  138.1292    1.34900    0.01642
 23.6000   57.60648  257.40948   35.7370  138.1390    1.37400    0.02190
 23.6083   57.77797  257.75092   35.7488  138.1488    1.41400    0.02896
 23.6167   57.94873  258.09497   35.7605  138.1587    1.43200    0.03116
 23.6250   58.11876  258.44171   35.7723  138.1685    1.43900    0.03390
 23.6333   58.28804  258.79111   35.7839  138.1782    1.48200    0.04957
 23.6417   58.45657  259.14322   35.7955  138.1880    1.54500    0.05887
 23.6500   58.62433  259.49808   35.8071  138.1978    1.52600    0.05353
 23.6583   58.79132  259.85571   35.8186  138.2076    1.51100    0.03996
 23.6667   58.95752  260.21613   35.8300  138.2173    1.53700    0.02472
 23.6750   59.12293  260.57938   35.8414  138.2271    1.50300    0.01074
 23.6833   59.28753  260.94547   35.8527  138.2368    1.48300   -0.00227
 23.6917   59.45132  261.31445   35.8640  138.2465    1.50300    0.00517
 23.7000   59.61428  261.68634   35.8752  138.2563    1.53200    0.03088
 23.7083   59.77640  262.06116   35.8864  138.2660    1.57100    0.04207
 23.7167   59.93767  262.43896   35.8975  138.2757    1.54000    0.04006
 23.7250   60.09807  262.81976   35.9086  138.2854    1.52300    0.02556
 23.7333   60.25761  263.20358   35.9197  138.2951    1.52100    0.01843
 23.7417   60.41627  263.59045   35.9306  138.3048    1.51900    0.00229
 23.7500   60.57403  263.98041   35.9416  138.3145    1.47600   -0.02415
 23.7583   60.73088  264.37347   35.9524  138.3242    1.44300   -0.05731
 23.7667   60.88682  264.76968   35.9633  138.3339    1.42200   -0.07858
 23.7750   61.04182  265.16907   35.9741  138.3436    1.42100   -0.08316
 23.7833   61.19589  265.57169   35.9848  138.3533    1.44100   -0.07051
 23.7917   61.34900  265.97751   35.9955  138.3630    1.46900   -0.04011
 23.8000   61.50114  266.38660   36.0062  138.3727    1.52000   -0.00269
 23.8083   61.65231  266.79898   36.0168  138.3823    1.55700    0.03157
 23.8167   61.80248  267.21469   36.0273  138.3920    1.57000    0.06139
 23.8250   61.95166  267.63376   36.0379  138.4017    1.59900    0.08458
 23.8333   62.09981  268.05621   36.0483  138.4114    1.60700    0.10657
 23.8417   62.24694  268.48206   36.0588  138.4210    1.60900    0.11702
 23.8500   62.39302  268.91135   36.0691  138.4307    1.59200    0.12090
 23.8583   62.53805  269.34412   36.0795  138.4404    1.56700    0.11493
 23.8667   62.68202  269.78036   36.0898  138.4501    1.52100    0.10736
 23.8750   62.82490  270.22018   36.1000  138.4597    1.48100    0.09981
 23.8833   62.96669  270.66351   36.1103  138.4694    1.43600    0.09982
 23.8917   63.10736  271.11044   36.1204  138.4791    1.39500    0.09853
 23.9000   63.24692  271.56097   36.1306  138.4888    1.33100    0.09654
 23.9083   63.38534  272.01517   36.1407  138.4984    1.26500    0.08947
 23.9167   63.52262  272.47302   36.1507  138.5081    1.18900    0.07932
 23.9250   63.65873  272.93454   36.1607  138.5178    1.09700    0.05328
 23.9333   63.79366  273.39981   36.1707  138.5275    1.00200    0.02726
 23.9417   63.92741  273.86880   36.1806  138.5372    0.90100    0.00805
 23.9500   64.05994  274.34158   36.1905  138.5469    0.80800   -0.00129
 23.9583   64.19126  274.81812   36.2004  138.5566    0.71800    0.00047
 23.9667   64.32135  275.29852   36.2102  138.5663    0.63200    0.00355
 23.9750   64.45019  275.78271   36.2200  138.5760    0.53600    0.00383
 23.9833   64.57776  276.27081   36.2297  138.5857    0.44100    0.00071
 23.9917   64.70406  276.76279   36.2394  138.5955    0.33800    0.00000
