hmax        =    300
wind_bottom =      2
wind_top    =     10
critlon     =      0
tbeg, h     =   0.00
tend, h     =  24.00
c_ionex     =      0
c_vert      =      1
time, gamma, az, latp, lonp, tec, tec_filtered
  8.9500   10.41936  260.74374   33.9978  128.5770   40.95300    0.00000
  8.9583   10.56711  260.91614   34.0453  128.6523   40.46300   -0.00306
  8.9667   10.71478  261.08881   34.0922  128.7270   40.03800    0.00035
  8.9750   10.86237  261.26172   34.1386  128.8010   39.62800    0.01539
  8.9833   11.00988  261.43488   34.1843  128.8744   39.15700    0.00784
  8.9917   11.15732  261.60831   34.2295  128.9473   38.58000   -0.01183
  9.0000   11.30468  261.78198   34.2740  129.0195   38.10500   -0.02844
  9.0083   11.45196  261.95593   34.3180  129.0911   37.67200   -0.02615
  9.0167   11.59917  262.13010   34.3615  129.1621   37.28100   -0.02939
  9.0250   11.74630  262.30453   34.4043  129.2325   36.83700   -0.04079
  9.0333   11.89335  262.47919   34.4467  129.3024   36.39700   -0.05224
  9.0417   12.04033  262.65411   34.4884  129.3716   35.95300   -0.06533
  9.0500   12.18723  262.82928   34.5297  129.4403   35.52600   -0.08390
  9.0583   12.33405  263.00470   34.5704  129.5084   35.07000   -0.09966
  9.0667   12.48080  263.18036   34.6107  129.5759   34.67800   -0.10318
  9.0750   12.62747  263.35626   34.6504  129.6429   34.38800   -0.08924
  9.0833   12.77406  263.53241   34.6896  129.7094   34.11400   -0.07257
  9.0917   12.92058  263.70880   34.7283  129.7753   33.77800   -0.06442
  9.1000   13.06702  263.88541   34.7665  129.8406   33.43900   -0.06364
  9.1083   13.21339  264.06229   34.8043  129.9054   33.12000   -0.05267
  9.1167   13.35968  264.23941   34.8416  129.9697   32.87800   -0.03551
  9.1250   13.50590  264.41678   34.8784  130.0335   32.60400   -0.01268
  9.1333   13.65204  264.59436   34.9148  130.0967   32.34700    0.00652
  9.1417   13.79810  264.77219   34.9507  130.1594   32.09300    0.02140
  9.1500   13.94409  264.95026   34.9861  130.2216   31.80000    0.03404
  9.1583   14.09001  265.12857   35.0211  130.2833   31.53100    0.04494
  9.1667   14.23585  265.30713   35.0557  130.3445   31.26300    0.04936
  9.1750   14.38162  265.48590   35.0899  130.4052   30.91900    0.04187
  9.1833   14.52731  265.66492   35.1237  130.4655   30.56300    0.02073
  9.1917   14.67293  265.84418   35.1570  130.5252   30.19700    0.00324
  9.2000   14.81848  266.02368   35.1899  130.5845   29.88500   -0.00805
  9.2083   14.96395  266.20340   35.2224  130.6433   29.57800   -0.01775
  9.2167   15.10935  266.38333   35.2546  130.7016   29.22500   -0.02548
  9.2250   15.25468  266.56354   35.2863  130.7595   28.93000   -0.04076
  9.2333   15.39993  266.74393   35.3177  130.8169   28.57000   -0.04862
  9.2417   15.54511  266.92459   35.3486  130.8738   28.28100   -0.04898
  9.2500   15.69022  267.10547   35.3792  130.9304   28.05100   -0.04165
  9.2583   15.83526  267.28656   35.4095  130.9864   27.76000   -0.03780
  9.2667   15.98023  267.46790   35.4393  131.0421   27.45800   -0.04168
  9.2750   16.12512  267.64948   35.4689  131.0973   27.18900   -0.04454
  9.2833   16.26995  267.83124   35.4980  131.1521   26.91800   -0.03995
  9.2917   16.41470  268.01328   35.5268  131.2064   26.68200   -0.03409
  9.3000   16.55938  268.19550   35.5553  131.2603   26.42800   -0.02309
  9.3083   16.70400  268.37796   35.5834  131.3139   26.20400   -0.01179
  9.3167   16.84854  268.56067   35.6112  131.3670   25.98100   -0.00136
  9.3250   16.99301  268.74359   35.6387  131.4197   25.73300    0.00889
  9.3333   17.13742  268.92670   35.6658  131.4720   25.51900    0.01483
  9.3417   17.28176  269.11008   35.6926  131.5240   25.27600    0.02070
  9.3500   17.42602  269.29367   35.7192  131.5755   25.04300    0.00862
  9.3583   17.57022  269.47745   35.7453  131.6267   24.71500   -0.00494
  9.3667   17.71436  269.66150   35.7712  131.6774   24.47800   -0.02928
  9.3750   17.85842  269.84573   35.7968  131.7278   24.18000   -0.04474
  9.3833   18.00242  270.03021   35.8221  131.7779   23.93300   -0.06399
  9.3917   18.14635  270.21487   35.8471  131.8275   23.68600   -0.07184
  9.4000   18.29022  270.39978   35.8718  131.8768   23.48500   -0.07579
  9.4083   18.43402  270.58490   35.8962  131.9258   23.28100   -0.07117
  9.4167   18.57776  270.77023   35.9204  131.9744   23.10700   -0.06017
  9.4250   18.72143  270.95581   35.9442  132.0226   22.96400   -0.05267
  9.4333   18.86504  271.14157   35.9678  132.0705   22.74300   -0.04659
  9.4417   19.00858  271.32755   35.9911  132.1181   22.56900   -0.04278
  9.4500   19.15206  271.51376   36.0141  132.1653   22.41900   -0.02893
  9.4583   19.29547  271.70016   36.0369  132.2121   22.28100   -0.00831
  9.4667   19.43883  271.88681   36.0594  132.2587   22.16500    0.00756
  9.4750   19.58212  272.07364   36.0817  132.3049   21.99400    0.02395
  9.4833   19.72535  272.26071   36.1037  132.3508   21.86700    0.03423
  9.4917   19.86852  272.44797   36.1254  132.3964   21.71100    0.04468
  9.5000   20.01163  272.63547   36.1469  132.4417   21.53800    0.04484
  9.5083   20.15468  272.82315   36.1682  132.4866   21.33300    0.03497
  9.5167   20.29767  273.01105   36.1892  132.5313   21.10500    0.02283
  9.5250   20.44059  273.19919   36.2100  132.5757   20.91400    0.01315
  9.5333   20.58347  273.38751   36.2305  132.6197   20.72500    0.01188
  9.5417   20.72628  273.57605   36.2509  132.6635   20.54700    0.01370
  9.5500   20.86903  273.76480   36.2709  132.7069   20.36600    0.01873
  9.5583   21.01173  273.95374   36.2908  132.7501   20.18800    0.01585
  9.5667   21.15438  274.14291   36.3104  132.7930   19.94600    0.00990
  9.5750   21.29696  274.33228   36.3298  132.8356   19.73700   -0.00037
  9.5833   21.43949  274.52185   36.3490  132.8779   19.52400   -0.00308
  9.5917   21.58197  274.71164   36.3680  132.9200   19.33100   -0.00384
  9.6000   21.72439  274.90161   36.3867  132.9617   19.13800   -0.00036
  9.6083   21.86676  275.09183   36.4053  133.0033   18.95800   -0.00193
  9.6167   22.00907  275.28223   36.4236  133.0445   18.73800   -0.00634
  9.6250   22.15134  275.47284   36.4418  133.0855   18.53200   -0.01392
  9.6333   22.29355  275.66364   36.4597  133.1262   18.33800   -0.02407
  9.6417   22.43571  275.85468   36.4774  133.1667   18.10800   -0.03141
  9.6500   22.57782  276.04590   36.4950  133.2069   17.92900   -0.03827
  9.6583   22.71988  276.23734   36.5123  133.2468   17.75000   -0.04225
  9.6667   22.86188  276.42896   36.5294  133.2865   17.55500   -0.04742
  9.6750   23.00385  276.62079   36.5464  133.3260   17.38300   -0.05054
  9.6833   23.14576  276.81281   36.5631  133.3652   17.22900   -0.05170
  9.6917   23.28762  277.00507   36.5797  133.4042   17.05800   -0.04893
  9.7000   23.42944  277.19751   36.5961  133.4429   16.92500   -0.04426
  9.7083   23.57121  277.39014   36.6123  133.4814   16.79800   -0.04016
  9.7167   23.71294  277.58298   36.6283  133.5197   16.63700   -0.04066
  9.7250   23.85462  277.77603   36.6442  133.5578   16.48900   -0.03904
  9.7333   23.99626  277.96930   36.6598  133.5956   16.38800   -0.02985
  9.7417   24.13785  278.16275   36.6753  133.6332   16.28600   -0.02136
  9.7500   24.27941  278.35641   36.6906  133.6705   16.14600   -0.01957
  9.7583   24.42091  278.55026   36.7058  133.7077   16.01500   -0.01473
  9.7667   24.56238  278.74429   36.7207  133.7447   15.93900   -0.00596
  9.7750   24.70381  278.93854   36.7356  133.7814   15.82700    0.00343
  9.7833   24.84520  279.13300   36.7502  133.8179   15.70100    0.00491
  9.7917   24.98654  279.32767   36.7647  133.8542   15.57900    0.00386
  9.8000   25.12785  279.52252   36.7790  133.8903   15.45500    0.00471
  9.8083   25.26913  279.71756   36.7931  133.9262   15.34500    0.00630
  9.8167   25.41036  279.91281   36.8071  133.9619   15.23000    0.01475
  9.8250   25.55156  280.10828   36.8210  133.9974   15.14300    0.02041
  9.8333   25.69272  280.30392   36.8347  134.0327   15.01200    0.01892
  9.8417   25.83385  280.49979   36.8482  134.0678   14.85200    0.01210
  9.8500   25.97494  280.69583   36.8615  134.1027   14.73100    0.00319
  9.8583   26.11600  280.89209   36.8748  134.1374   14.58400    0.00082
  9.8667   26.25703  281.08853   36.8878  134.1719   14.45800    0.00470
  9.8750   26.39802  281.28516   36.9008  134.2063   14.37200    0.01023
  9.8833   26.53899  281.48203   36.9135  134.2404   14.23500    0.01381
  9.8917   26.67992  281.67905   36.9262  134.2744   14.09800    0.00723
  9.9000   26.82083  281.87631   36.9386  134.3082   13.95200    0.00095
  9.9083   26.96170  282.07376   36.9510  134.3418   13.81300   -0.00546
  9.9167   27.10255  282.27139   36.9632  134.3752   13.67400   -0.00829
  9.9250   27.24337  282.46924   36.9753  134.4085   13.55300   -0.01157
  9.9333   27.38417  282.66727   36.9872  134.4416   13.41700   -0.01640
  9.9417   27.52494  282.86551   36.9990  134.4745   13.27500   -0.01948
  9.9500   27.66568  283.06396   37.0106  134.5072   13.16600   -0.01814
  9.9583   27.80641  283.26260   37.0221  134.5398   13.05600   -0.01421
  9.9667   27.94710  283.46143   37.0335  134.5722   12.92800   -0.01533
  9.9750   28.08778  283.66046   37.0448  134.6044   12.79100   -0.01979
  9.9833   28.22843  283.85971   37.0559  134.6365   12.66800   -0.02080
  9.9917   28.36907  284.05914   37.0669  134.6684   12.56600   -0.01105
 10.0000   28.50968  284.25876   37.0777  134.7002   12.49600   -0.00384
 10.0083   28.65028  284.45862   37.0884  134.7318   12.36000    0.00084
 10.0167   28.79086  284.65866   37.0990  134.7633   12.24600   -0.00156
 10.0250   28.93142  284.85889   37.1095  134.7946   12.13800   -0.00129
 10.0333   29.07196  285.05933   37.1199  134.8257   12.02100   -0.00483
 10.0417   29.21249  285.25998   37.1301  134.8567   11.88900   -0.00860
 10.0500   29.35300  285.46082   37.1402  134.8875   11.78400   -0.00597
 10.0583   29.49350  285.66187   37.1502  134.9182   11.70600   -0.00019
 10.0667   29.63399  285.86310   37.1601  134.9488   11.59500    0.00696
 10.0750   29.77447  286.06458   37.1698  134.9792   11.50100   -0.00355
 10.0833   29.91493  286.26620   37.1794  135.0094   11.33200   -0.01152
 10.0917   30.05539  286.46808   37.1890  135.0395   11.24100   -0.02581
 10.1000   30.19583  286.67014   37.1984  135.0695   11.12000   -0.02666
 10.1083   30.33627  286.87241   37.2076  135.0993   11.02800   -0.02954
 10.1167   30.47670  287.07486   37.2168  135.1290   10.93200   -0.02623
 10.1250   30.61712  287.27753   37.2259  135.1586   10.85100   -0.02902
 10.1333   30.75754  287.48044   37.2348  135.1880   10.73400   -0.03538
 10.1417   30.89795  287.68353   37.2436  135.2173   10.62100   -0.03774
 10.1500   31.03836  287.88681   37.2523  135.2464   10.56200   -0.02710
 10.1583   31.17876  288.09030   37.2609  135.2755   10.51500   -0.01343
 10.1667   31.31917  288.29401   37.2694  135.3044   10.42700   -0.00169
 10.1750   31.45957  288.49792   37.2778  135.3331   10.36500   -0.00387
 10.1833   31.59997  288.70206   37.2861  135.3618   10.25400   -0.00069
 10.1917   31.74037  288.90640   37.2943  135.3902   10.19700    0.00357
 10.2000   31.88077  289.11096   37.3024  135.4186   10.14500    0.00787
 10.2083   32.02118  289.31573   37.3103  135.4469   10.03700   -0.00132
 10.2167   32.16159  289.52069   37.3182  135.4750    9.91400   -0.00972
 10.2250   32.30200  289.72589   37.3260  135.5030    9.86700   -0.01128
 10.2333   32.44242  289.93130   37.3336  135.5309    9.79300   -0.00171
 10.2417   32.58285  290.13690   37.3412  135.5587    9.72300    0.00401
 10.2500   32.72328  290.34274   37.3486  135.5863    9.65400    0.00821
 10.2583   32.86372  290.54877   37.3560  135.6139    9.57000    0.00831
 10.2667   33.00417  290.75504   37.3632  135.6413    9.48300    0.01124
 10.2750   33.14462  290.96152   37.3704  135.6686    9.43000    0.01629
 10.2833   33.28509  291.16821   37.3774  135.6958    9.35700    0.01733
 10.2917   33.42557  291.37515   37.3844  135.7228    9.24800    0.00532
 10.3000   33.56607  291.58228   37.3912  135.7498    9.13200   -0.00947
 10.3083   33.70657  291.78964   37.3980  135.7766    9.04900   -0.02007
 10.3167   33.84709  291.99725   37.4047  135.8034    8.96400   -0.02098
 10.3250   33.98763  292.20505   37.4112  135.8300    8.89400   -0.02171
 10.3333   34.12818  292.41309   37.4177  135.8565    8.81100   -0.01232
 10.3417   34.26875  292.62134   37.4241  135.8829    8.77400   -0.00459
 10.3500   34.40934  292.82983   37.4304  135.9092    8.69800   -0.00026
 10.3583   34.54995  293.03857   37.4366  135.9354    8.60100   -0.00480
 10.3667   34.69057  293.24750   37.4427  135.9615    8.52100   -0.00904
 10.3750   34.83122  293.45670   37.4487  135.9875    8.45000   -0.00645
 10.3833   34.97189  293.66611   37.4546  136.0133    8.38800    0.00070
 10.3917   35.11258  293.87576   37.4605  136.0391    8.33300   -0.00079
 10.4000   35.25330  294.08563   37.4662  136.0648    8.22000   -0.00291
 10.4083   35.39404  294.29575   37.4719  136.0903    8.15700   -0.01018
 10.4167   35.53480  294.50613   37.4774  136.1158    8.08100   -0.00603
 10.4250   35.67560  294.71671   37.4829  136.1412    8.02400    0.00316
 10.4333   35.81642  294.92755   37.4883  136.1665    7.98600    0.00442
 10.4417   35.95726  295.13864   37.4936  136.1916    7.87200    0.01322
 10.4500   36.09814  295.34998   37.4988  136.2167    7.85400    0.00230
 10.4583   36.23905  295.56155   37.5040  136.2417    7.72400   -0.00599
 10.4667   36.37999  295.77335   37.5090  136.2666    7.62300   -0.02234
 10.4750   36.52096  295.98544   37.5140  136.2914    7.56400   -0.02013
 10.4833   36.66196  296.19775   37.5189  136.3160    7.52400   -0.01167
 10.4917   36.80300  296.41034   37.5236  136.3406    7.45300   -0.00258
 10.5000   36.94407  296.62317   37.5284  136.3651    7.39900    0.00545
 10.5083   37.08517  296.83624   37.5330  136.3896    7.35100    0.00567
 10.5167   37.22632  297.04959   37.5375  136.4139    7.23900    0.01253
 10.5250   37.36750  297.26321   37.5420  136.4381    7.21000    0.01280
 10.5333   37.50872  297.47705   37.5464  136.4622    7.12700    0.01594
 10.5417   37.64997  297.69119   37.5507  136.4863    7.03200    0.00823
 10.5500   37.79127  297.90561   37.5549  136.5103    6.95900    0.01487
 10.5583   37.93261  298.12027   37.5591  136.5341    6.94800    0.01401
 10.5667   38.07399  298.33521   37.5631  136.5579    6.81800    0.01583
 10.5750   38.21541  298.55042   37.5671  136.5816    6.75000    0.01053
 10.5833   38.35688  298.76590   37.5710  136.6052    6.69800    0.00524
 10.5917   38.49839  298.98166   37.5748  136.6287    6.55900   -0.01260
 10.6000   38.63994  299.19772   37.5786  136.6522    6.43300   -0.01552
 10.6083   38.78155  299.41406   37.5823  136.6755    6.44300   -0.00313
 10.6167   38.92319  299.63065   37.5859  136.6988    6.37000    0.02175
 10.6250   39.06489  299.84756   37.5894  136.7220    6.29400    0.04054
 10.6333   39.20663  300.06476   37.5928  136.7451    6.27100    0.05167
 10.6417   39.34843  300.28223   37.5962  136.7681    6.15800    0.04215
 10.6500   39.49027  300.50003   37.5995  136.7910    5.98700    0.02700
 10.6583   39.63217  300.71811   37.6027  136.8139    5.94100    0.00776
 10.6667   39.77411  300.93649   37.6059  136.8367    5.81100    0.01201
 10.6750   39.91611  301.15515   37.6089  136.8593    5.74600    0.00361
 10.6833   40.05817  301.37415   37.6119  136.8820    5.64500   -0.00107
 10.6917   40.20027  301.59344   37.6149  136.9045    5.53300   -0.01374
 10.7000   40.34244  301.81305   37.6177  136.9269    5.43100   -0.03428
 10.7083   40.48465  302.03299   37.6205  136.9493    5.29400   -0.03839
 10.7167   40.62693  302.25323   37.6232  136.9716    5.25100   -0.03868
 10.7250   40.76926  302.47379   37.6258  136.9938    5.16300   -0.01885
 10.7333   40.91165  302.69470   37.6284  137.0160    5.11800   -0.01451
 10.7417   41.05410  302.91592   37.6309  137.0380    5.01600   -0.01010
 10.7500   41.19661  303.13748   37.6333  137.0600    4.93900   -0.02501
 10.7583   41.33918  303.35934   37.6357  137.0819    4.81700   -0.02578
 10.7667   41.48181  303.58157   37.6380  137.1038    4.78800   -0.03007
 10.7750   41.62450  303.80414   37.6402  137.1255    4.71200   -0.02611
 10.7833   41.76725  304.02707   37.6423  137.1472    4.64300   -0.03971
 10.7917   41.91007  304.25034   37.6444  137.1688    4.55600   -0.06344
 10.8000   42.05295  304.47394   37.6464  137.1903    4.44800   -0.07844
 10.8083   42.19589  304.69794   37.6483  137.2118    4.42400   -0.08153
 10.8167   42.33891  304.92227   37.6502  137.2332    4.38800   -0.07866
 10.8250   42.48198  305.14697   37.6520  137.2545    4.30600   -0.07054
 10.8333   42.62512  305.37204   37.6537  137.2758    4.30500   -0.05207
 10.8417   42.76833  305.59747   37.6554  137.2969    4.31700   -0.01032
 10.8500   42.91161  305.82330   37.6570  137.3180    4.33400    0.02923
 10.8583   43.05496  306.04950   37.6586  137.3390    4.32400    0.05862
 10.8667   43.19837  306.27609   37.6600  137.3600    4.29200    0.07531
 10.8750   43.34186  306.50308   37.6614  137.3809    4.25900    0.07806
 10.8833   43.48541  306.73044   37.6628  137.4017    4.19700    0.06874
 10.8917   43.62904  306.95822   37.6640  137.4225    4.11900    0.04729
 10.9000   43.77273  307.18640   37.6653  137.4431    4.03700    0.02969
 10.9083   43.91650  307.41501   37.6664  137.4637    3.99000    0.01036
 10.9167   44.06034  307.64401   37.6675  137.4843    3.90400   -0.00510
 10.9250   44.20426  307.87344   37.6685  137.5047    3.83500   -0.01986
 10.9333   44.34824  308.10327   37.6695  137.5251    3.78300   -0.02781
 10.9417   44.49231  308.33356   37.6703  137.5455    3.71600   -0.02795
 10.9500   44.63644  308.56427   37.6712  137.5658    3.67200   -0.02178
 10.9583   44.78065  308.79541   37.6719  137.5859    3.64100   -0.01397
 10.9667   44.92493  309.02701   37.6726  137.6061    3.57900   -0.00852
 10.9750   45.06930  309.25906   37.6733  137.6261    3.52600   -0.01003
 10.9833   45.21373  309.49158   37.6739  137.6461    3.47300   -0.00693
 10.9917   45.35824  309.72455   37.6744  137.6661    3.43800   -0.00440
 11.0000   45.50283  309.95798   37.6748  137.6859    3.39300   -0.00259
 11.0083   45.64750  310.19189   37.6752  137.7057    3.34500   -0.00940
 11.0167   45.79225  310.42627   37.6756  137.7255    3.28200   -0.01878
 11.0250   45.93707  310.66116   37.6759  137.7451    3.23200   -0.03045
 11.0333   46.08197  310.89651   37.6761  137.7648    3.17900   -0.04062
 11.0417   46.22695  311.13239   37.6762  137.7843    3.12500   -0.05180
 11.0500   46.37200  311.36877   37.6763  137.8038    3.07300   -0.04904
 11.0583   46.51714  311.60565   37.6764  137.8232    3.07800   -0.03418
 11.0667   46.66235  311.84308   37.6763  137.8426    3.07600   -0.01222
 11.0750   46.80765  312.08099   37.6763  137.8618    3.05400    0.00189
 11.0833   46.95302  312.31946   37.6761  137.8811    3.02800    0.00899
 11.0917   47.09848  312.55847   37.6759  137.9002    2.99700    0.01345
 11.1000   47.24401  312.79803   37.6757  137.9193    2.96500    0.01921
 11.1083   47.38963  313.03812   37.6753  137.9384    2.94200    0.02515
 11.1167   47.53532  313.27881   37.6750  137.9574    2.90800    0.02930
 11.1250   47.68109  313.52005   37.6745  137.9763    2.86300    0.03367
 11.1333   47.82695  313.76187   37.6741  137.9951    2.83900    0.04143
 11.1417   47.97288  314.00427   37.6735  138.0139    2.81400    0.04863
 11.1500   48.11890  314.24725   37.6729  138.0326    2.76000    0.05391
 11.1583   48.26499  314.49088   37.6723  138.0513    2.71600    0.05508
 11.1667   48.41117  314.73508   37.6716  138.0699    2.66500    0.05931
 11.1750   48.55742  314.97989   37.6708  138.0885    2.61500    0.05024
 11.1833   48.70376  315.22537   37.6700  138.1070    2.51600    0.03319
 11.1917   48.85017  315.47144   37.6691  138.1254    2.43000    0.00797
 11.2000   48.99667  315.71820   37.6682  138.1438    2.34600    0.00324
 11.2083   49.14324  315.96558   37.6672  138.1621    2.32300    0.00295
 11.2167   49.28990  316.21362   37.6661  138.1803    2.25000    0.00476
 11.2250   49.43663  316.46237   37.6650  138.1985    2.16900   -0.01272
 11.2333   49.58345  316.71179   37.6639  138.2167    2.06800   -0.02598
 11.2417   49.73034  316.96188   37.6627  138.2347    2.01200   -0.03778
 11.2500   49.87731  317.21268   37.6614  138.2528    1.94000   -0.03147
 11.2583   50.02435  317.46420   37.6601  138.2707    1.91300   -0.03045
 11.2667   50.17148  317.71646   37.6587  138.2886    1.84500   -0.02519
 11.2750   50.31868  317.96945   37.6573  138.3065    1.79900   -0.02884
 11.2833   50.46596  318.22318   37.6558  138.3242    1.74900   -0.03868
 11.2917   50.61332  318.47763   37.6543  138.3420    1.66400   -0.05278
 11.3000   50.76075  318.73288   37.6527  138.3596    1.60800   -0.06610
 11.3083   50.90825  318.98892   37.6511  138.3773    1.56800   -0.06350
 11.3167   51.05583  319.24573   37.6494  138.3948    1.55300   -0.05771
 11.3250   51.20349  319.50336   37.6477  138.4123    1.52000   -0.04456
 11.3333   51.35122  319.76178   37.6459  138.4298    1.51700   -0.03170
 11.3417   51.49902  320.02103   37.6441  138.4472    1.50800   -0.02109
 11.3500   51.64689  320.28113   37.6422  138.4645    1.47400   -0.01733
 11.3583   51.79483  320.54208   37.6402  138.4818    1.45300   -0.01802
 11.3667   51.94285  320.80389   37.6382  138.4990    1.43600   -0.02002
 11.3750   52.09093  321.06659   37.6362  138.5162    1.40600   -0.01837
 11.3833   52.23908  321.33017   37.6341  138.5333    1.40700   -0.02395
 11.3917   52.38730  321.59464   37.6320  138.5503    1.37100   -0.02078
 11.4000   52.53559  321.86005   37.6298  138.5673    1.37800   -0.02362
 11.4083   52.68394  322.12637   37.6275  138.5843    1.35900   -0.01798
 11.4167   52.83236  322.39365   37.6253  138.6012    1.35400   -0.01380
 11.4250   52.98084  322.66190   37.6229  138.6180    1.35500   -0.00231
 11.4333   53.12938  322.93112   37.6205  138.6348    1.36300    0.00797
 11.4417   53.27798  323.20132   37.6181  138.6515    1.35400    0.01509
 11.4500   53.42664  323.47253   37.6156  138.6682    1.34200    0.01779
 11.4583   53.57536  323.74478   37.6131  138.6848    1.33200    0.02020
 11.4667   53.72414  324.01807   37.6105  138.7014    1.32100    0.02480
 11.4750   53.87297  324.29239   37.6079  138.7179    1.31900    0.02262
 11.4833   54.02186  324.56778   37.6052  138.7344    1.28500    0.01811
 11.4917   54.17080  324.84430   37.6024  138.7508    1.26600    0.01356
 11.5000   54.31979  325.12189   37.5997  138.7672    1.26300    0.01288
 11.5083   54.46883  325.40060   37.5968  138.7835    1.24400    0.00886
 11.5167   54.61791  325.68048   37.5940  138.7997    1.21300   -0.00756
 11.5250   54.76705  325.96149   37.5910  138.8159    1.16500   -0.02413
 11.5333   54.91622  326.24371   37.5881  138.8321    1.14300   -0.03034
 11.5417   55.06544  326.52710   37.5851  138.8482    1.14900   -0.02604
 11.5500   55.21470  326.81171   37.5820  138.8642    1.14000   -0.02008
 11.5583   55.36399  327.09760   37.5789  138.8802    1.12700   -0.02200
 11.5667   55.51332  327.38470   37.5758  138.8962    1.10900   -0.02348
 11.5750   55.66269  327.67307   37.5726  138.9121    1.10600   -0.01797
 11.5833   55.81209  327.96277   37.5693  138.9279    1.12200   -0.01053
 11.5917   55.96151  328.25378   37.5660  138.9437    1.11400   -0.00749
 11.6000   56.11096  328.54611   37.5627  138.9595    1.09800   -0.02174
 11.6083   56.26044  328.83981   37.5593  138.9751    1.05900   -0.03098
 11.6167   56.40994  329.13492   37.5559  138.9908    1.07600   -0.03353
 11.6250   56.55946  329.43143   37.5524  139.0064    1.08900   -0.02420
 11.6333   56.70899  329.72934   37.5489  139.0219    1.09500   -0.01621
 11.6417   56.85854  330.02875   37.5453  139.0374    1.10900   -0.01016
 11.6500   57.00810  330.32962   37.5417  139.0529    1.11800   -0.00617
 11.6583   57.15766  330.63199   37.5381  139.0682    1.11700   -0.00233
 11.6667   57.30723  330.93588   37.5344  139.0836    1.12800   -0.00344
 11.6750   57.45680  331.24133   37.5306  139.0989    1.11700    0.00214
 11.6833   57.60637  331.54837   37.5268  139.1141    1.13900    0.00998
 11.6917   57.75594  331.85703   37.5230  139.1293    1.16200    0.01745
 11.7000   57.90550  332.16730   37.5191  139.1445    1.15300    0.02396
 11.7083   58.05504  332.47922   37.5152  139.1596    1.17200    0.02755
 11.7167   58.20457  332.79285   37.5112  139.1746    1.18100    0.03132
 11.7250   58.35408  333.10818   37.5072  139.1896    1.16800    0.02353
 11.7333   58.50357  333.42529   37.5032  139.2046    1.14400    0.00976
 11.7417   58.65303  333.74417   37.4991  139.2195    1.12900   -0.00132
 11.7500   58.80246  334.06485   37.4949  139.2343    1.12400   -0.00400
 11.7583   58.95185  334.38736   37.4908  139.2492    1.12800    0.00263
 11.7667   59.10121  334.71173   37.4865  139.2639    1.14500    0.01297
 11.7750   59.25052  335.03802   37.4823  139.2786    1.15000    0.01637
 11.7833   59.39978  335.36624   37.4780  139.2933    1.12700    0.01110
 11.7917   59.54899  335.69644   37.4736  139.3079    1.10900    0.00134
 11.8000   59.69815  336.02863   37.4692  139.3225    1.09600    0.00014
 11.8083   59.84724  336.36285   37.4648  139.3370    1.10100   -0.00653
 11.8167   59.99626  336.69913   37.4603  139.3515    1.06700   -0.00436
 11.8250   60.14521  337.03754   37.4558  139.3660    1.08800   -0.00765
 11.8333   60.29408  337.37808   37.4512  139.3804    1.07800    0.00141
 11.8417   60.44287  337.72079   37.4466  139.3947    1.08800   -0.00093
 11.8500   60.59157  338.06573   37.4420  139.4090    1.07000   -0.00397
 11.8583   60.74018  338.41293   37.4373  139.4232    1.05600   -0.02053
 11.8667   60.88868  338.76242   37.4325  139.4375    1.02200   -0.02798
 11.8750   61.03708  339.11423   37.4278  139.4516    1.03900   -0.03125
 11.8833   61.18537  339.46844   37.4230  139.4657    1.04400   -0.02486
 11.8917   61.33354  339.82504   37.4181  139.4798    1.04500   -0.02012
 11.9000   61.48158  340.18414   37.4132  139.4938    1.05900   -0.01452
 11.9083   61.62949  340.54568   37.4083  139.5078    1.06900   -0.01143
 11.9167   61.77726  340.90982   37.4033  139.5218    1.06500   -0.01107
 11.9250   61.92489  341.27652   37.3983  139.5357    1.07200   -0.01724
 11.9333   62.07236  341.64587   37.3932  139.5495    1.06400   -0.01302
 11.9417   62.21967  342.01788   37.3881  139.5633    1.09900   -0.00908
 11.9500   62.36682  342.39264   37.3829  139.5771    1.11200   -0.00742
 11.9583   62.51378  342.77014   37.3778  139.5908    1.10100   -0.01227
 11.9667   62.66057  343.15048   37.3725  139.6045    1.11700   -0.01961
 11.9750   62.80716  343.53372   37.3673  139.6181    1.12000   -0.01882
 11.9833   62.95355  343.91983   37.3619  139.6317    1.13400   -0.01419
 11.9917   63.09974  344.30896   37.3566  139.6453    1.16000   -0.00272
 12.0000   63.24570  344.70108   37.3512  139.6588    1.18300    0.00790
 12.0083   63.39144  345.09628   37.3458  139.6722    1.19100    0.01922
 12.0167   63.53694  345.49463   37.3403  139.6857    1.21600    0.03521
 12.0250   63.68220  345.89615   37.3348  139.6990    1.24900    0.05064
 12.0333   63.82720  346.30093   37.3292  139.7124    1.24900    0.06268
 12.0417   63.97194  346.70898   37.3236  139.7257    1.25600    0.06185
 12.0500   64.11640  347.12039   37.3180  139.7389    1.24000    0.05840
 12.0583   64.26058  347.53522   37.3123  139.7521    1.22700    0.05501
 12.0667   64.40446  347.95352   37.3066  139.7653    1.22900    0.05164
 12.0750   64.54803  348.37534   37.3008  139.7784    1.20800    0.04596
 12.0833   64.69128  348.80075   37.2950  139.7915    1.18100    0.03568
 12.0917   64.83421  349.22980   37.2892  139.8046    1.16300    0.02501
 12.1000   64.97679  349.66257   37.2833  139.8176    1.13900    0.01346
 12.1083   65.11901  350.09912   37.2774  139.8305    1.10700   -0.00219
 12.1167   65.26087  350.53949   37.2714  139.8434    1.07300   -0.02153
 12.1250   65.40235  350.98380   37.2654  139.8563    1.03500   -0.03220
 12.1333   65.54344  351.43204   37.2593  139.8691    1.03300   -0.04190
 12.1417   65.68412  351.88434   37.2533  139.8819    1.00600   -0.04810
 12.1500   65.82438  352.34073   37.2471  139.8947    0.98200   -0.05767
 12.1583   65.96421  352.80130   37.2409  139.9074    0.97300   -0.06142
 12.1667   66.10359  353.26611   37.2347  139.9201    0.97000   -0.04923
 12.1750   66.24251  353.73523   37.2285  139.9327    1.00400   -0.03791
 12.1833   66.38095  354.20871   37.2222  139.9453    0.99700   -0.03308
 12.1917   66.51890  354.68665   37.2158  139.9579    0.97800   -0.03243
 12.2000   66.65634  355.16910   37.2095  139.9704    1.00600   -0.02965
 12.2083   66.79325  355.65616   37.2030  139.9829    1.01600   -0.02014
 12.2167   66.92962  356.14786   37.1966  139.9953    1.02800   -0.02211
 12.2250   67.06544  356.64432   37.1901  140.0077    1.02700   -0.01941
 12.2333   67.20068  357.14557   37.1835  140.0201    1.05900   -0.01736
 12.2417   67.33532  357.65173   37.1769  140.0324    1.07600   -0.01639
 12.2500   67.46936  358.16284   37.1703  140.0447    1.07800   -0.02516
 12.2583   67.60276  358.67896   37.1636  140.0569    1.08300   -0.03505
 12.2667   67.73552  359.20020   37.1569  140.0691    1.10000   -0.03649
 12.2750   67.86760  359.72662   37.1501  140.0812    1.13200   -0.02781
 12.2833   67.99900    0.25830   37.1433  140.0934    1.17100   -0.01556
 12.2917   68.12970    0.79531   37.1365  140.1054    1.20100   -0.00890
 12.3000   68.25966    1.33772   37.1296  140.1175    1.22100   -0.00802
 12.3083   68.38887    1.88561   37.1227  140.1295    1.24900   -0.01110
 12.3167   68.51731    2.43905   37.1157  140.1414    1.27600   -0.01215
 12.3250   68.64496    2.99812   37.1087  140.1533    1.30900   -0.01015
 12.3333   68.77179    3.56289   37.1016  140.1652    1.35400   -0.01342
 12.3417   68.89778    4.13343   37.0945  140.1770    1.36800   -0.02728
 12.3500   69.02291    4.70982   37.0873  140.1888    1.36900   -0.05075
 12.3583   69.14716    5.29211   37.0801  140.2006    1.38400   -0.06921
 12.3667   69.27049    5.88039   37.0729  140.2123    1.41700   -0.05254
 12.3750   69.39288    6.47472   37.0656  140.2240    1.53300   -0.03661
 12.3833   69.51432    7.07517   37.0583  140.2356    1.54900   -0.00050
 12.3917   69.63477    7.68179   37.0509  140.2472    1.64400    0.02012
 12.4000   69.75420    8.29467   37.0435  140.2587    1.70400    0.04851
 12.4083   69.87260    8.91384   37.0360  140.2702    1.73800    0.04951
 12.4167   69.98992    9.53939   37.0285  140.2817    1.74100    0.03887
 12.4250   70.10615   10.17135   37.0209  140.2931    1.76300    0.02970
 12.4333   70.22126   10.80979   37.0133  140.3045    1.80300    0.04449
 12.4417   70.33521   11.45476   37.0057  140.3158    1.88500    0.06070
 12.4500   70.44798   12.10630   36.9980  140.3271    1.91900    0.07692
 12.4583   70.55954   12.76447   36.9902  140.3383    1.95800    0.05581
 12.4667   70.66985   13.42929   36.9825  140.3495    1.92100    0.01040
 12.4750   70.77889   14.10081   36.9746  140.3607    1.87000   -0.03036
 12.4833   70.88663   14.77907   36.9667  140.3718    1.92000   -0.05431
 12.4917   70.99303   15.46408   36.9588  140.3829    1.93400   -0.06054
 12.5000   71.09806   16.15588   36.9508  140.3939    1.94200   -0.06436
 12.5083   71.20169   16.85449   36.9428  140.4048    2.00400   -0.06974
 12.5167   71.30388   17.55992   36.9348  140.4158    2.02100   -0.04287
 12.5250   71.40461   18.27217   36.9267  140.4266    2.13500   -0.03300
 12.5333   71.50383   18.99126   36.9185  140.4375    2.15000   -0.02391
 12.5417   71.60152   19.71718   36.9103  140.4482    2.17000   -0.04302
 12.5500   71.69763   20.44992   36.9020  140.4590    2.20500   -0.05702
 12.5583   71.79214   21.18947   36.8937  140.4696    2.24800   -0.05851
 12.5667   71.88501   21.93580   36.8854  140.4802    2.31600   -0.05957
 12.5750   71.97620   22.68888   36.8770  140.4908    2.35900   -0.06466
 12.5833   72.06568   23.44868   36.8686  140.5013    2.39000   -0.04586
 12.5917   72.15341   24.21516   36.8601  140.5118    2.53100   -0.02122
 12.6000   72.23935   24.98825   36.8516  140.5222    2.58600    0.02477
 12.6083   72.32347   25.76790   36.8430  140.5325    2.67200    0.06652
 12.6167   72.40573   26.55404   36.8344  140.5428    2.79000    0.09850
 12.6250   72.48610   27.34659   36.8257  140.5531    2.80800    0.11430
 12.6333   72.56454   28.14547   36.8170  140.5633    2.84800    0.11413
 12.6417   72.64100   28.95058   36.8083  140.5734    2.91600    0.12081
 12.6500   72.71546   29.76181   36.7995  140.5835    2.94800    0.11458
 12.6583   72.78788   30.57905   36.7907  140.5935    2.93200    0.10057
 12.6667   72.85822   31.40218   36.7818  140.6034    2.96200    0.06685
 12.6750   72.92644   32.23106   36.7729  140.6133    2.91600    0.03946
 12.6833   72.99251   33.06555   36.7639  140.6231    2.89900    0.02033
 12.6917   73.05640   33.90549   36.7549  140.6329    2.92600    0.03112
 12.7000   73.11805   34.75074   36.7459  140.6426    2.94600    0.08986
 12.7083   73.17745   35.60110   36.7368  140.6522    3.05900    0.13294
 12.7167   73.23455   36.45641   36.7277  140.6618    3.02500    0.14828
 12.7250   73.28933   37.31646   36.7186  140.6713    2.95000    0.12001
 12.7333   73.34174   38.18107   36.7094  140.6808    2.91700    0.10173
 12.7417   73.39175   39.05002   36.7002  140.6902    2.90700    0.09084
 12.7500   73.43934   39.92309   36.6909  140.6995    2.85300    0.05628
 12.7583   73.48446   40.80006   36.6816  140.7088    2.74800   -0.01001
 12.7667   73.52709   41.68069   36.6723  140.7180    2.64000   -0.07404
 12.7750   73.56719   42.56473   36.6629  140.7271    2.59000   -0.10012
 12.7833   73.60475   43.45195   36.6535  140.7361    2.59600   -0.09001
 12.7917   73.63972   44.34207   36.6441  140.7451    2.58700   -0.07014
 12.8000   73.67208   45.23484   36.6347  140.7541    2.55800   -0.05420
 12.8083   73.70180   46.12998   36.6252  140.7629    2.54700   -0.04077
 12.8167   73.72886   47.02723   36.6157  140.7718    2.53400   -0.00940
 12.8250   73.75323   47.92628   36.6062  140.7805    2.56500    0.01912
 12.8333   73.77490   48.82687   36.5967  140.7892    2.54800    0.04071
 12.8417   73.79383   49.72870   36.5871  140.7978    2.51800    0.03407
 12.8500   73.81001   50.63147   36.5775  140.8063    2.46900    0.02110
 12.8583   73.82341   51.53490   36.5679  140.8148    2.43900    0.01157
 12.8667   73.83403   52.43867   36.5582  140.8232    2.41700    0.01304
 12.8750   73.84184   53.34250   36.5486  140.8316    2.38900    0.01746
 12.8833   73.84682   54.24608   36.5389  140.8399    2.35300    0.03166
 12.8917   73.84897   55.14912   36.5292  140.8481    2.34800    0.05950
 12.9000   73.84827   56.05130   36.5195  140.8563    2.35000    0.09231
 12.9083   73.84472   56.95234   36.5098  140.8645    2.31100    0.11782
 12.9167   73.83829   57.85193   36.5000  140.8725    2.26600    0.13655
 12.9250   73.82899   58.74979   36.4903  140.8806    2.23300    0.15248
 12.9333   73.81681   59.64562   36.4805  140.8885    2.17500    0.14983
 12.9417   73.80175   60.53914   36.4707  140.8964    2.06300    0.11862
 12.9500   73.78379   61.43007   36.4609  140.9043    1.92800    0.08588
 12.9583   73.76295   62.31812   36.4511  140.9121    1.85500    0.06174
 12.9667   73.73921   63.20303   36.4413  140.9198    1.75800    0.04576
 12.9750   73.71259   64.08454   36.4315  140.9275    1.63900    0.01543
 12.9833   73.68309   64.96238   36.4216  140.9352    1.51100   -0.00634
 12.9917   73.65071   65.83631   36.4118  140.9428    1.43100   -0.01114
 13.0000   73.61546   66.70607   36.4019  140.9504    1.35800   -0.01512
 13.0083   73.57734   67.57145   36.3920  140.9579    1.22000   -0.01203
 13.0167   73.53637   68.43220   36.3822  140.9654    1.14700   -0.02618
 13.0250   73.49256   69.28811   36.3723  140.9729    1.00800   -0.01662
 13.0333   73.44591   70.13897   36.3624  140.9803    0.94600   -0.02131
 13.0417   73.39645   70.98459   36.3525  140.9876    0.83700   -0.00903
 13.0500   73.34419   71.82476   36.3425  140.9950    0.76100    0.00375
 13.0583   73.28915   72.65932   36.3326  141.0023    0.71100    0.01430
 13.0667   73.23133   73.48808   36.3227  141.0096    0.61200    0.02282
 13.0750   73.17077   74.31088   36.3127  141.0168    0.54900   -0.02013
 13.0833   73.10748   75.12757   36.3028  141.0240    0.35600   -0.09022
 13.0917   73.04148   75.93802   36.2928  141.0312    0.19000   -0.17048
 13.1000   72.97279   76.74207   36.2828  141.0383    0.11300   -0.20317
 13.1083   72.90145   77.53962   36.2728  141.0455    0.09100   -0.20888
 13.1167   72.82746   78.33054   36.2628  141.0526    0.03000   -0.20655
 13.1250   72.75086   79.11473   36.2528  141.0597    0.00000   -0.20393
 13.1333   72.67167   79.89210   36.2428  141.0667    0.00000   -0.18671
 13.1417   72.58992   80.66255   36.2328  141.0738    0.00700   -0.15726
 13.1500   72.50563   81.42601   36.2227  141.0808    0.04100   -0.13085
 13.1583   72.41884   82.18242   36.2126  141.0878    0.05400   -0.11510
 13.1667   72.32957   82.93170   36.2026  141.0948    0.05500   -0.10494
 13.1750   72.23785   83.67381   36.1925  141.1017    0.09700   -0.09605
 13.1833   72.14370   84.40870   36.1824  141.1087    0.13200   -0.08007
 13.1917   72.04717   85.13633   36.1722  141.1156    0.17500   -0.07369
 13.2000   71.94827   85.85669   36.1621  141.1225    0.20300   -0.05656
 13.2083   71.84705   86.56973   36.1519  141.1294    0.28600   -0.03196
 13.2167   71.74352   87.27545   36.1417  141.1363    0.36400    0.01393
 13.2250   71.63773   87.97384   36.1315  141.1432    0.46600    0.04318
 13.2333   71.52970   88.66490   36.1213  141.1501    0.50000    0.05652
 13.2417   71.41946   89.34862   36.1111  141.1569    0.52900    0.03650
 13.2500   71.30705   90.02502   36.1008  141.1638    0.52800    0.01386
 13.2583   71.19249   90.69412   36.0905  141.1706    0.55700    0.00771
 13.2667   71.07582   91.35592   36.0802  141.1774    0.63900    0.01338
 13.2750   70.95707   92.01047   36.0699  141.1842    0.67400    0.02239
 13.2833   70.83628   92.65778   36.0595  141.1911    0.71400    0.02204
 13.2917   70.71346   93.29789   36.0491  141.1979    0.76600    0.01765
 13.3000   70.58866   93.93083   36.0387  141.2047    0.78400    0.01392
 13.3083   70.46191   94.55666   36.0283  141.2114    0.81500    0.00391
 13.3167   70.33323   95.17541   36.0178  141.2182    0.83900   -0.00101
 13.3250   70.20267   95.78713   36.0074  141.2250    0.87000    0.00360
 13.3333   70.07023   96.39187   35.9968  141.2318    0.93400    0.00088
 13.3417   69.93597   96.98969   35.9863  141.2385    0.93800   -0.00307
 13.3500   69.79991   97.58065   35.9757  141.2453    0.96600   -0.00068
 13.3583   69.66208   98.16479   35.9651  141.2520    1.04800    0.01241
 13.3667   69.52250   98.74219   35.9545  141.2588    1.08300    0.01457
 13.3750   69.38122   99.31291   35.9438  141.2655    1.07500   -0.00185
 13.3833   69.23825   99.87701   35.9331  141.2723    1.10000   -0.01631
 13.3917   69.09363  100.43456   35.9224  141.2790    1.14400   -0.01865
 13.4000   68.94738  100.98563   35.9116  141.2857    1.18100   -0.01961
 13.4083   68.79954  101.53028   35.9008  141.2924    1.21500   -0.02015
 13.4167   68.65013  102.06859   35.8900  141.2991    1.26300   -0.01851
 13.4250   68.49918  102.60063   35.8791  141.3059    1.30800   -0.02391
 13.4333   68.34671  103.12647   35.8682  141.3126    1.32100   -0.03120
 13.4417   68.19275  103.64619   35.8573  141.3193    1.36200   -0.03666
 13.4500   68.03734  104.15985   35.8463  141.3260    1.41100   -0.02710
 13.4583   67.88049  104.66753   35.8353  141.3327    1.47200   -0.01701
 13.4667   67.72223  105.16931   35.8243  141.3394    1.51700    0.00541
 13.4750   67.56258  105.66526   35.8132  141.3461    1.60600    0.02171
 13.4833   67.40158  106.15546   35.8021  141.3528    1.64500    0.03799
 13.4917   67.23924  106.63998   35.7909  141.3595    1.68700    0.03906
 13.5000   67.07559  107.11889   35.7797  141.3662    1.72400    0.04456
 13.5083   66.91065  107.59227   35.7684  141.3729    1.77100    0.04199
 13.5167   66.74445  108.06020   35.7572  141.3795    1.78300    0.04522
 13.5250   66.57701  108.52274   35.7458  141.3862    1.83500    0.04655
 13.5333   66.40835  108.97998   35.7345  141.3929    1.87600    0.04552
 13.5417   66.23850  109.43199   35.7230  141.3996    1.87700    0.03779
 13.5500   66.06747  109.87883   35.7116  141.4062    1.90100    0.03209
 13.5583   65.89528  110.32058   35.7001  141.4129    1.93600    0.02804
 13.5667   65.72197  110.75732   35.6885  141.4196    1.93400    0.02711
 13.5750   65.54754  111.18912   35.6770  141.4263    1.96300    0.01012
 13.5833   65.37203  111.61604   35.6653  141.4329    1.94300    0.00225
 13.5917   65.19544  112.03815   35.6536  141.4396    1.96500   -0.00538
 13.6000   65.01780  112.45554   35.6419  141.4463    1.99000    0.01194
 13.6083   64.83913  112.86825   35.6302  141.4529    2.04900    0.02483
 13.6167   64.65945  113.27637   35.6183  141.4596    2.05200    0.02400
 13.6250   64.47877  113.67996   35.6065  141.4662    2.02700    0.00006
 13.6333   64.29712  114.07909   35.5946  141.4729    2.00600   -0.00634
 13.6417   64.11451  114.47382   35.5826  141.4796    2.06600    0.00550
 13.6500   63.93096  114.86422   35.5706  141.4862    2.10000    0.01646
 13.6583   63.74648  115.25035   35.5585  141.4929    2.07500    0.01151
 13.6667   63.56110  115.63227   35.5464  141.4996    2.08400    0.00321
 13.6750   63.37483  116.01005   35.5343  141.5062    2.10700    0.01048
 13.6833   63.18769  116.38375   35.5221  141.5129    2.13300    0.00697
 13.6917   62.99969  116.75343   35.5098  141.5195    2.10200   -0.00087
 13.7000   62.81084  117.11914   35.4975  141.5262    2.10600   -0.00994
 13.7083   62.62118  117.48096   35.4851  141.5328    2.12400   -0.00136
 13.7167   62.43070  117.83893   35.4727  141.5395    2.15100    0.00313
 13.7250   62.23942  118.19312   35.4603  141.5462    2.14100    0.00925
 13.7333   62.04737  118.54357   35.4477  141.5528    2.16300    0.01493
 13.7417   61.85454  118.89035   35.4352  141.5595    2.18800    0.01901
 13.7500   61.66097  119.23351   35.4225  141.5661    2.17500    0.01640
 13.7583   61.46665  119.57311   35.4099  141.5728    2.17800    0.01686
 13.7667   61.27161  119.90918   35.3971  141.5795    2.21400    0.00957
 13.7750   61.07586  120.24180   35.3843  141.5862    2.17500   -0.00845
 13.7833   60.87941  120.57101   35.3715  141.5928    2.14300   -0.03430
 13.7917   60.68228  120.89686   35.3586  141.5995    2.15400   -0.04082
 13.8000   60.48447  121.21940   35.3456  141.6062    2.18200   -0.03756
 13.8083   60.28600  121.53867   35.3326  141.6129    2.18700   -0.03102
 13.8167   60.08688  121.85473   35.3195  141.6196    2.21200   -0.02410
 13.8250   59.88713  122.16763   35.3063  141.6262    2.24400   -0.01451
 13.8333   59.68675  122.47740   35.2931  141.6329    2.26000   -0.00656
 13.8417   59.48576  122.78410   35.2799  141.6396    2.28300   -0.01393
 13.8500   59.28416  123.08777   35.2666  141.6463    2.26500   -0.02139
 13.8583   59.08198  123.38845   35.2532  141.6530    2.28500   -0.03112
 13.8667   58.87922  123.68619   35.2397  141.6597    2.30700   -0.02655
 13.8750   58.67588  123.98103   35.2262  141.6664    2.34600   -0.01512
 13.8833   58.47199  124.27301   35.2127  141.6732    2.39300   -0.00839
 13.8917   58.26756  124.56217   35.1990  141.6799    2.39900   -0.00314
 13.9000   58.06258  124.84855   35.1853  141.6866    2.43300   -0.00344
 13.9083   57.85708  125.13219   35.1716  141.6934    2.46100   -0.00027
 13.9167   57.65106  125.41313   35.1577  141.7001    2.48100   -0.00075
 13.9250   57.44454  125.69141   35.1438  141.7069    2.50500    0.00078
 13.9333   57.23751  125.96706   35.1299  141.7136    2.54500    0.00476
 13.9417   57.03000  126.24013   35.1158  141.7204    2.57700    0.00558
 13.9500   56.82201  126.51065   35.1017  141.7272    2.59300    0.00094
 13.9583   56.61354  126.77865   35.0876  141.7339    2.61400   -0.00990
 13.9667   56.40462  127.04416   35.0733  141.7408    2.62300   -0.01704
 13.9750   56.19525  127.30723   35.0590  141.7476    2.65200   -0.02235
 13.9833   55.98543  127.56789   35.0447  141.7544    2.68000   -0.01596
 13.9917   55.77518  127.82616   35.0302  141.7612    2.73300   -0.00659
 14.0000   55.56450  128.08209   35.0157  141.7680    2.77400    0.00009
 14.0083   55.35340  128.33569   35.0011  141.7749    2.79500   -0.00058
 14.0167   55.14189  128.58702   34.9864  141.7817    2.82300   -0.00359
 14.0250   54.92998  128.83609   34.9717  141.7886    2.85600   -0.00623
 14.0333   54.71768  129.08295   34.9569  141.7955    2.87900   -0.00836
 14.0417   54.50499  129.32758   34.9420  141.8024    2.91100   -0.00983
 14.0500   54.29192  129.57005   34.9270  141.8093    2.95000   -0.01069
 14.0583   54.07848  129.81041   34.9120  141.8162    2.97800   -0.00738
 14.0667   53.86468  130.04865   34.8968  141.8231    3.02700   -0.00633
 14.0750   53.65052  130.28479   34.8816  141.8300    3.05700   -0.00159
 14.0833   53.43601  130.51889   34.8664  141.8370    3.09700   -0.00059
 14.0917   53.22116  130.75095   34.8510  141.8440    3.13200   -0.00004
 14.1000   53.00598  130.98100   34.8355  141.8510    3.16100   -0.00033
 14.1083   52.79047  131.20911   34.8200  141.8580    3.19900    0.00162
 14.1167   52.57464  131.43523   34.8044  141.8650    3.24200    0.00529
 14.1250   52.35849  131.65942   34.7887  141.8720    3.27700    0.00832
 14.1333   52.14204  131.88173   34.7729  141.8791    3.31200    0.00847
 14.1417   51.92528  132.10216   34.7571  141.8862    3.34400    0.00661
 14.1500   51.70823  132.32071   34.7411  141.8933    3.37100    0.00465
 14.1583   51.49090  132.53745   34.7251  141.9004    3.40600    0.00636
 14.1667   51.27328  132.75235   34.7089  141.9075    3.45100    0.00670
 14.1750   51.05538  132.96548   34.6927  141.9147    3.47300    0.00710
 14.1833   50.83722  133.17683   34.6764  141.9218    3.50800    0.00154
 14.1917   50.61879  133.38644   34.6600  141.9290    3.53100   -0.00370
 14.2000   50.40011  133.59433   34.6435  141.9362    3.55400   -0.00953
 14.2083   50.18117  133.80051   34.6269  141.9435    3.58800   -0.01266
 14.2167   49.96199  134.00500   34.6102  141.9507    3.62300   -0.01290
 14.2250   49.74256  134.20782   34.5935  141.9580    3.66000   -0.01155
 14.2333   49.52291  134.40901   34.5766  141.9653    3.70200   -0.01244
 14.2417   49.30302  134.60857   34.5596  141.9727    3.73000   -0.01343
 14.2500   49.08291  134.80650   34.5425  141.9800    3.76700   -0.01667
 14.2583   48.86258  135.00287   34.5253  141.9874    3.80100   -0.01721
 14.2667   48.64204  135.19765   34.5081  141.9948    3.84000   -0.01874
 14.2750   48.42130  135.39088   34.4907  142.0022    3.87500   -0.01187
 14.2833   48.20035  135.58258   34.4732  142.0097    3.94300   -0.00375
 14.2917   47.97920  135.77275   34.4556  142.0172    3.98800    0.00773
 14.3000   47.75786  135.96143   34.4379  142.0247    4.03600    0.01204
 14.3083   47.53634  136.14861   34.4201  142.0323    4.07400    0.01505
 14.3167   47.31463  136.33432   34.4022  142.0399    4.11100    0.01657
 14.3250   47.09275  136.51859   34.3842  142.0475    4.15000    0.01923
 14.3333   46.87070  136.70140   34.3660  142.0551    4.19000    0.02183
 14.3417   46.64847  136.88280   34.3478  142.0628    4.22500    0.02551
 14.3500   46.42609  137.06281   34.3294  142.0705    4.26500    0.02863
 14.3583   46.20355  137.24139   34.3109  142.0782    4.29900    0.03070
 14.3667   45.98085  137.41861   34.2923  142.0860    4.32300    0.03173
 14.3750   45.75801  137.59447   34.2736  142.0938    4.35200    0.02919
 14.3833   45.53502  137.76898   34.2548  142.1017    4.36300    0.02671
 14.3917   45.31190  137.94215   34.2358  142.1095    4.38000    0.02324
 14.4000   45.08864  138.11400   34.2168  142.1174    4.39800    0.02454
 14.4083   44.86525  138.28455   34.1976  142.1254    4.42100    0.02930
 14.4167   44.64173  138.45378   34.1782  142.1334    4.44500    0.03114
 14.4250   44.41809  138.62173   34.1588  142.1414    4.44400    0.03184
 14.4333   44.19433  138.78844   34.1392  142.1495    4.45600    0.02840
 14.4417   43.97046  138.95387   34.1195  142.1577    4.45600    0.02807
 14.4500   43.74648  139.11806   34.0996  142.1658    4.46100    0.02432
 14.4583   43.52240  139.28101   34.0796  142.1740    4.45300    0.02100
 14.4667   43.29821  139.44273   34.0595  142.1823    4.45000    0.01796
 14.4750   43.07393  139.60327   34.0392  142.1906    4.45200    0.01207
 14.4833   42.84955  139.76259   34.0188  142.1989    4.42900    0.00785
 14.4917   42.62509  139.92073   33.9983  142.2073    4.43000    0.00381
 14.5000   42.40054  140.07768   33.9776  142.2157    4.43000    0.00396
 14.5083   42.17591  140.23349   33.9568  142.2242    4.42200    0.00077
 14.5167   41.95120  140.38812   33.9358  142.2327    4.40700   -0.00432
 14.5250   41.72641  140.54163   33.9147  142.2413    4.39900   -0.00765
 14.5333   41.50156  140.69398   33.8934  142.2500    4.39900   -0.01204
 14.5417   41.27664  140.84523   33.8720  142.2587    4.38200   -0.01594
 14.5500   41.05166  140.99536   33.8504  142.2674    4.37800   -0.01772
 14.5583   40.82662  141.14439   33.8286  142.2762    4.38900   -0.01731
 14.5667   40.60152  141.29231   33.8067  142.2850    4.38500   -0.01496
 14.5750   40.37637  141.43916   33.7847  142.2939    4.39400   -0.01878
 14.5833   40.15117  141.58493   33.7624  142.3029    4.38500   -0.02319
 14.5917   39.92593  141.72964   33.7400  142.3119    4.38500   -0.02607
 14.6000   39.70065  141.87329   33.7175  142.3210    4.40900   -0.02787
 14.6083   39.47533  142.01588   33.6948  142.3302    4.41400   -0.02767
 14.6167   39.24997  142.15746   33.6718  142.3394    4.43200   -0.03248
 14.6250   39.02458  142.29797   33.6488  142.3486    4.44200   -0.04007
 14.6333   38.79917  142.43748   33.6255  142.3580    4.44200   -0.04579
 14.6417   38.57373  142.57599   33.6021  142.3674    4.47500   -0.04758
 14.6500   38.34827  142.71349   33.5785  142.3768    4.50900   -0.04178
 14.6583   38.12278  142.84998   33.5547  142.3864    4.55100   -0.03532
 14.6667   37.89729  142.98547   33.5307  142.3960    4.59600   -0.02769
 14.6750   37.67178  143.12000   33.5065  142.4056    4.64500   -0.01963
 14.6833   37.44626  143.25354   33.4821  142.4154    4.69800   -0.01276
 14.6917   37.22074  143.38611   33.4575  142.4252    4.74700   -0.01176
 14.7000   36.99522  143.51773   33.4328  142.4351    4.77900   -0.01509
 14.7083   36.76969  143.64841   33.4078  142.4451    4.82100   -0.02092
 14.7167   36.54417  143.77812   33.3826  142.4551    4.86700   -0.02670
 14.7250   36.31866  143.90691   33.3572  142.4652    4.90600   -0.02641
 14.7333   36.09315  144.03476   33.3317  142.4754    4.98300   -0.02666
 14.7417   35.86766  144.16170   33.3059  142.4857    5.03100   -0.02479
 14.7500   35.64218  144.28770   33.2798  142.4961    5.08400   -0.02241
 14.7583   35.41672  144.41281   33.2536  142.5065    5.16500   -0.01559
 14.7667   35.19128  144.53700   33.2271  142.5170    5.23400   -0.00202
 14.7750   34.96586  144.66029   33.2004  142.5277    5.31900    0.00571
 14.7833   34.74047  144.78271   33.1735  142.5384    5.37000    0.01165
 14.7917   34.51511  144.90424   33.1464  142.5492    5.42900    0.01390
 14.8000   34.28978  145.02487   33.1190  142.5601    5.49400    0.02037
 14.8083   34.06448  145.14464   33.0914  142.5710    5.56500    0.02688
 14.8167   33.83923  145.26353   33.0635  142.5821    5.62400    0.03406
 14.8250   33.61401  145.38158   33.0354  142.5933    5.69100    0.03468
 14.8333   33.38883  145.49876   33.0070  142.6046    5.73000    0.03055
 14.8417   33.16370  145.61510   32.9784  142.6159    5.76400    0.02669
 14.8500   32.93862  145.73058   32.9495  142.6274    5.83000    0.01377
 14.8583   32.71359  145.84521   32.9204  142.6390    5.81800    0.00243
 14.8667   32.48861  145.95905   32.8910  142.6507    5.85600   -0.01186
 14.8750   32.26368  146.07202   32.8613  142.6624    5.90500   -0.01838
 14.8833   32.03882  146.18417   32.8314  142.6743    5.93200   -0.01658
 14.8917   31.81401  146.29552   32.8011  142.6864    6.00900   -0.01772
 14.9000   31.58926  146.40604   32.7706  142.6985    6.03900   -0.00894
 14.9083   31.36459  146.51576   32.7398  142.7107    6.11200   -0.00461
 14.9167   31.13997  146.62466   32.7088  142.7231    6.16400    0.00099
 14.9250   30.91543  146.73277   32.6774  142.7355    6.20100    0.00078
 14.9333   30.69096  146.84010   32.6457  142.7481    6.24500    0.00124
 14.9417   30.46657  146.94662   32.6137  142.7608    6.30500    0.00581
 14.9500   30.24225  147.05237   32.5814  142.7737    6.36700    0.01130
 14.9583   30.01801  147.15733   32.5488  142.7866    6.42200    0.00815
 14.9667   29.79385  147.26151   32.5159  142.7997    6.44000    0.00154
 14.9750   29.56978  147.36491   32.4826  142.8129    6.48600   -0.00893
 14.9833   29.34579  147.46758   32.4490  142.8263    6.52100   -0.01490
 14.9917   29.12189  147.56944   32.4151  142.8398    6.56100   -0.01631
 15.0000   28.89808  147.67056   32.3808  142.8534    6.62900   -0.01331
 15.0083   28.67436  147.77092   32.3462  142.8672    6.68100   -0.00672
 15.0167   28.45074  147.87053   32.3113  142.8811    6.73500   -0.00272
 15.0250   28.22721  147.96939   32.2760  142.8952    6.78300    0.00749
 15.0333   28.00379  148.06750   32.2403  142.9094    6.86700    0.01874
 15.0417   27.78046  148.16489   32.2042  142.9237    6.92200    0.03338
 15.0500   27.55724  148.26151   32.1678  142.9382    6.98700    0.03980
 15.0583   27.33412  148.35742   32.1310  142.9529    7.02300    0.04413
 15.0667   27.11110  148.45259   32.0938  142.9677    7.06800    0.04100
 15.0750   26.88820  148.54704   32.0562  142.9827    7.09400    0.02379
 15.0833   26.66541  148.64076   32.0182  142.9978    7.05200    0.00501
 15.0917   26.44273  148.73376   31.9799  143.0132    7.08900   -0.01262
 15.1000   26.22017  148.82605   31.9410  143.0286    7.12000   -0.01528
 15.1083   25.99772  148.91763   31.9018  143.0443    7.16600   -0.02434
 15.1167   25.77539  149.00848   31.8622  143.0601    7.16400   -0.03123
 15.1250   25.55318  149.09865   31.8221  143.0761    7.20500   -0.03920
 15.1333   25.33110  149.18811   31.7816  143.0923    7.23700   -0.03777
 15.1417   25.10914  149.27686   31.7406  143.1087    7.29000   -0.02679
 15.1500   24.88730  149.36491   31.6992  143.1252    7.38800   -0.01492
 15.1583   24.66560  149.45229   31.6573  143.1420    7.43400   -0.00464
 15.1667   24.44402  149.53896   31.6149  143.1589    7.48800   -0.00136
 15.1750   24.22258  149.62492   31.5721  143.1761    7.55300    0.00566
 15.1833   24.00127  149.71024   31.5288  143.1934    7.62500    0.00791
 15.1917   23.78009  149.79485   31.4849  143.2109    7.64800    0.00682
 15.2000   23.55905  149.87877   31.4406  143.2287    7.69700   -0.00767
 15.2083   23.33815  149.96202   31.3958  143.2466    7.69400   -0.01091
 15.2167   23.11740  150.04460   31.3504  143.2648    7.79700   -0.01578
 15.2250   22.89678  150.12651   31.3045  143.2832    7.84100   -0.00251
 15.2333   22.67631  150.20773   31.2581  143.3018    7.95200    0.00433
 15.2417   22.45598  150.28831   31.2111  143.3206    8.01200    0.00790
 15.2500   22.23580  150.36821   31.1636  143.3397    8.03100   -0.00536
 15.2583   22.01577  150.44745   31.1155  143.3589    8.03400   -0.02022
 15.2667   21.79589  150.52603   31.0668  143.3785    8.08400   -0.02271
 15.2750   21.57616  150.60394   31.0175  143.3982    8.19000   -0.01370
 15.2833   21.35659  150.68121   30.9677  143.4182    8.27600   -0.00076
 15.2917   21.13717  150.75781   30.9172  143.4385    8.36100    0.00510
 15.3000   20.91790  150.83379   30.8661  143.4590    8.41900    0.00430
 15.3083   20.69880  150.90909   30.8144  143.4798    8.45600   -0.00079
 15.3167   20.47986  150.98375   30.7621  143.5008    8.49900   -0.00843
 15.3250   20.26108  151.05777   30.7091  143.5221    8.52900   -0.00717
 15.3333   20.04246  151.13113   30.6555  143.5436    8.61700    0.00165
 15.3417   19.82400  151.20387   30.6011  143.5655    8.71300    0.02360
 15.3500   19.60571  151.27596   30.5461  143.5876    8.83800    0.04387
 15.3583   19.38759  151.34741   30.4904  143.6100    8.91600    0.05458
 15.3667   19.16964  151.41823   30.4340  143.6326    8.94400    0.04760
 15.3750   18.95186  151.48840   30.3769  143.6556    8.94400    0.03151
 15.3833   18.73425  151.55797   30.3191  143.6789    8.96200    0.00903
 15.3917   18.51682  151.62689   30.2605  143.7024    8.94800   -0.01180
 15.4000   18.29956  151.69518   30.2011  143.7263    8.96100   -0.03104
 15.4083   18.08247  151.76283   30.1410  143.7505    8.98900   -0.03770
 15.4167   17.86557  151.82988   30.0801  143.7750    9.06000   -0.03710
 15.4250   17.64884  151.89630   30.0184  143.7998    9.12000   -0.03557
 15.4333   17.43229  151.96210   29.9559  143.8250    9.14600   -0.03146
 15.4417   17.21592  152.02727   29.8926  143.8504    9.23300   -0.02088
 15.4500   16.99974  152.09181   29.8284  143.8762    9.34200    0.00033
 15.4583   16.78374  152.15575   29.7634  143.9024    9.45600    0.01342
 15.4667   16.56793  152.21907   29.6975  143.9289    9.49400    0.01641
 15.4750   16.35230  152.28177   29.6308  143.9557    9.53900    0.00771
 15.4833   16.13687  152.34386   29.5631  143.9829    9.57400   -0.00538
 15.4917   15.92162  152.40533   29.4946  144.0105    9.58900   -0.01518
 15.5000   15.70656  152.46620   29.4251  144.0384    9.66500   -0.02382
 15.5083   15.49170  152.52646   29.3547  144.0667    9.71600   -0.02001
 15.5167   15.27702  152.58611   29.2833  144.0954    9.83300   -0.01532
 15.5250   15.06255  152.64514   29.2110  144.1245    9.92000   -0.00834
 15.5333   14.84827  152.70358   29.1377  144.1540    9.99000   -0.00731
 15.5417   14.63418  152.76140   29.0633  144.1838   10.05600   -0.00950
 15.5500   14.42030  152.81863   28.9880  144.2141   10.11600   -0.01392
 15.5583   14.20661  152.87524   28.9116  144.2448   10.16700   -0.01161
 15.5667   13.99312  152.93127   28.8342  144.2759   10.28800   -0.00737
 15.5750   13.77984  152.98669   28.7557  144.3074   10.36600    0.00427
 15.5833   13.56676  153.04150   28.6761  144.3393   10.47800    0.01361
 15.5917   13.35388  153.09573   28.5954  144.3717   10.58200    0.01734
 15.6000   13.14121  153.14935   28.5136  144.4045   10.61400    0.01932
 15.6083   12.92875  153.20238   28.4307  144.4377   10.71400    0.01820
 15.6167   12.71649  153.25481   28.3466  144.4714   10.79500    0.01776
 15.6250   12.50444  153.30664   28.2613  144.5056   10.84000    0.01031
 15.6333   12.29261  153.35788   28.1749  144.5402   10.88700    0.00027
 15.6417   12.08098  153.40852   28.0872  144.5753   10.95200   -0.01174
 15.6500   11.86957  153.45857   27.9983  144.6108   10.97900   -0.02224
 15.6583   11.65836  153.50804   27.9082  144.6469   11.03800   -0.03212
 15.6667   11.44738  153.55692   27.8168  144.6834   11.10300   -0.03335
 15.6750   11.23661  153.60519   27.7241  144.7204   11.19700   -0.02525
 15.6833   11.02605  153.65288   27.6301  144.7579   11.33100   -0.01426
 15.6917   10.81571  153.69998   27.5348  144.7959   11.42000    0.00159
 15.7000   10.60559  153.74649   27.4382  144.8345   11.56300    0.00825
 15.7083   10.39570  153.79240   27.3402  144.8735   11.62600    0.01408
 15.7167   10.18602  153.83775   27.2409  144.9131   11.71600    0.01082
 15.7250    9.97656  153.88249   27.1402  144.9531   11.78300    0.01150
 15.7333    9.76733  153.92667   27.0380  144.9938   11.88400    0.00865
 15.7417    9.55832  153.97023   26.9344  145.0349   11.94500    0.00002
 15.7500    9.34953  154.01321   26.8294  145.0766   11.96600   -0.01115
 15.7583    9.14097  154.05563   26.7229  145.1189   12.04000   -0.01570
 15.7667    8.93264  154.09744   26.6150  145.1617   12.14900   -0.00764
 15.7750    8.72454  154.13869   26.5055  145.2051   12.29300    0.00656
 15.7833    8.51666  154.17934   26.3946  145.2490   12.40800    0.01579
 15.7917    8.30901  154.21941   26.2821  145.2935   12.47000    0.01348
 15.8000    8.10160  154.25890   26.1680  145.3386   12.51300    0.00660
 15.8083    7.89442  154.29781   26.0524  145.3843   12.61500    0.00042
 15.8167    7.68747  154.33612   25.9352  145.4305   12.66200    0.00708
 15.8250    7.48075  154.37386   25.8164  145.4774   12.77700    0.00211
 15.8333    7.27427  154.41101   25.6960  145.5248   12.76500    0.00000

