hmax        =    300
wind_bottom =      2
wind_top    =     10
critlon     =      0
tbeg, h     =   0.00
tend, h     =  24.00
c_ionex     =      0
c_vert      =      1
time, gamma, az, latp, lonp, tec, tec_filtered
 11.1667   10.23666  234.69547   30.1183  130.9023   26.42700    0.00000
 11.1750   10.41808  234.83115   30.1943  130.9653   26.21200    0.00107
 11.1833   10.59946  234.96738   30.2694  131.0276   25.90400    0.00485
 11.1917   10.78080  235.10414   30.3434  131.0892   25.66100    0.00290
 11.2000   10.96210  235.24146   30.4164  131.1503   25.39500   -0.01176
 11.2083   11.14335  235.37932   30.4885  131.2106   25.05700   -0.02740
 11.2167   11.32457  235.51773   30.5596  131.2703   24.86200   -0.03824
 11.2250   11.50574  235.65669   30.6298  131.3294   24.63700   -0.03035
 11.2333   11.68687  235.79619   30.6990  131.3879   24.46700   -0.02278
 11.2417   11.86794  235.93625   30.7673  131.4457   24.31600   -0.02075
 11.2500   12.04897  236.07686   30.8348  131.5029   24.07000   -0.01545
 11.2583   12.22995  236.21802   30.9013  131.5596   23.87400   -0.02426
 11.2667   12.41088  236.35973   30.9670  131.6156   23.61000   -0.03036
 11.2750   12.59176  236.50198   31.0318  131.6710   23.39800   -0.04022
 11.2833   12.77258  236.64479   31.0958  131.7258   23.18400   -0.02843
 11.2917   12.95334  236.78815   31.1589  131.7801   23.11300   -0.01567
 11.3000   13.13405  236.93207   31.2212  131.8337   22.92000    0.00828
 11.3083   13.31470  237.07654   31.2827  131.8869   22.80500    0.01795
 11.3167   13.49529  237.22156   31.3434  131.9394   22.61600    0.01893
 11.3250   13.67582  237.36714   31.4034  131.9914   22.34900    0.01452
 11.3333   13.85629  237.51328   31.4625  132.0429   22.18900    0.00708
 11.3417   14.03669  237.65996   31.5210  132.0938   21.97800    0.00793
 11.3500   14.21702  237.80721   31.5786  132.1441   21.78900    0.00502
 11.3583   14.39729  237.95500   31.6356  132.1940   21.61100   -0.00067
 11.3667   14.57749  238.10336   31.6918  132.2433   21.39500   -0.00589
 11.3750   14.75762  238.25227   31.7473  132.2921   21.21700   -0.01549
 11.3833   14.93767  238.40176   31.8021  132.3404   21.01600   -0.02513
 11.3917   15.11766  238.55179   31.8562  132.3882   20.80300   -0.03703
 11.4000   15.29756  238.70239   31.9097  132.4355   20.61400   -0.04921
 11.4083   15.47740  238.85355   31.9625  132.4823   20.42100   -0.05817
 11.4167   15.65715  239.00526   32.0146  132.5286   20.24500   -0.06003
 11.4250   15.83682  239.15755   32.0661  132.5745   20.12500   -0.05686
 11.4333   16.01642  239.31039   32.1170  132.6199   19.97500   -0.04489
 11.4417   16.19593  239.46379   32.1672  132.6648   19.87100   -0.03229
 11.4500   16.37535  239.61777   32.2169  132.7092   19.76000   -0.00782
 11.4583   16.55469  239.77229   32.2659  132.7532   19.70400    0.00772
 11.4667   16.73395  239.92740   32.3143  132.7968   19.54100    0.01366
 11.4750   16.91311  240.08307   32.3622  132.8399   19.37200    0.01636
 11.4833   17.09219  240.23930   32.4095  132.8826   19.31000    0.01554
 11.4917   17.27117  240.39612   32.4562  132.9249   19.14300    0.01566
 11.5000   17.45006  240.55350   32.5024  132.9667   19.00100   -0.00046
 11.5083   17.62885  240.71143   32.5480  133.0081   18.83800   -0.01823
 11.5167   17.80755  240.86995   32.5931  133.0491   18.67400   -0.03993
 11.5250   17.98615  241.02904   32.6377  133.0898   18.51400   -0.05847
 11.5333   18.16465  241.18869   32.6817  133.1299   18.38200   -0.07224
 11.5417   18.34305  241.34892   32.7252  133.1698   18.25600   -0.07311
 11.5500   18.52135  241.50974   32.7683  133.2092   18.19400   -0.06566
 11.5583   18.69954  241.67110   32.8108  133.2482   18.12700   -0.04716
 11.5667   18.87762  241.83305   32.8528  133.2869   18.08100   -0.02926
 11.5750   19.05560  241.99559   32.8944  133.3252   18.01600   -0.00913
 11.5833   19.23347  242.15871   32.9355  133.3631   17.96600    0.00690
 11.5917   19.41123  242.32239   32.9762  133.4007   17.89700    0.02028
 11.6000   19.58887  242.48665   33.0163  133.4379   17.81400    0.02953
 11.6083   19.76641  242.65150   33.0561  133.4748   17.73300    0.04065
 11.6167   19.94382  242.81693   33.0954  133.5113   17.67500    0.05084
 11.6250   20.12112  242.98293   33.1342  133.5475   17.58800    0.05429
 11.6333   20.29830  243.14954   33.1726  133.5833   17.46200    0.04734
 11.6417   20.47536  243.31670   33.2107  133.6188   17.33200    0.04040
 11.6500   20.65229  243.48447   33.2482  133.6540   17.23700    0.03881
 11.6583   20.82911  243.65282   33.2854  133.6888   17.14100    0.03414
 11.6667   21.00580  243.82175   33.3222  133.7234   16.98800    0.01418
 11.6750   21.18236  243.99126   33.3586  133.7576   16.79400   -0.01785
 11.6833   21.35879  244.16138   33.3946  133.7915   16.62200   -0.04425
 11.6917   21.53509  244.33208   33.4302  133.8251   16.50900   -0.05307
 11.7000   21.71126  244.50336   33.4655  133.8584   16.43200   -0.05155
 11.7083   21.88730  244.67525   33.5003  133.8915   16.32900   -0.04971
 11.7167   22.06320  244.84772   33.5348  133.9242   16.22200   -0.05666
 11.7250   22.23896  245.02078   33.5690  133.9566   16.09600   -0.05873
 11.7333   22.41459  245.19444   33.6028  133.9888   16.03200   -0.04817
 11.7417   22.59007  245.36871   33.6362  134.0207   16.01300   -0.02935
 11.7500   22.76542  245.54356   33.6693  134.0523   15.94800   -0.01402
 11.7583   22.94062  245.71902   33.7021  134.0836   15.87600   -0.00969
 11.7667   23.11567  245.89507   33.7345  134.1147   15.80200   -0.00699
 11.7750   23.29058  246.07173   33.7666  134.1455   15.73500   -0.00209
 11.7833   23.46534  246.24899   33.7984  134.1761   15.67500    0.00392
 11.7917   23.63995  246.42683   33.8299  134.2064   15.60700    0.00914
 11.8000   23.81441  246.60532   33.8610  134.2365   15.53900    0.01005
 11.8083   23.98871  246.78438   33.8918  134.2663   15.46300    0.01501
 11.8167   24.16286  246.96405   33.9224  134.2958   15.42400    0.02219
 11.8250   24.33686  247.14433   33.9526  134.3251   15.36600    0.03417
 11.8333   24.51069  247.32523   33.9826  134.3542   15.31000    0.03470
 11.8417   24.68436  247.50673   34.0122  134.3831   15.19200    0.02235
 11.8500   24.85788  247.68884   34.0416  134.4117   15.04900   -0.00135
 11.8583   25.03123  247.87157   34.0707  134.4401   14.91800   -0.00954
 11.8667   25.20441  248.05492   34.0995  134.4683   14.88700   -0.00116
 11.8750   25.37743  248.23886   34.1280  134.4962   14.84100    0.01984
 11.8833   25.55028  248.42343   34.1562  134.5240   14.78900    0.02485
 11.8917   25.72295  248.60863   34.1842  134.5515   14.67000    0.01964
 11.9000   25.89546  248.79443   34.2120  134.5788   14.56800    0.00716
 11.9083   26.06780  248.98087   34.2394  134.6059   14.47300   -0.00669
 11.9167   26.23995  249.16791   34.2667  134.6328   14.34400   -0.02480
 11.9250   26.41194  249.35558   34.2936  134.6596   14.21900   -0.04393
 11.9333   26.58374  249.54387   34.3203  134.6861   14.12000   -0.06080
 11.9417   26.75536  249.73280   34.3468  134.7124   14.00900   -0.06010
 11.9500   26.92680  249.92235   34.3730  134.7385   13.98200   -0.03572
 11.9583   27.09806  250.11252   34.3990  134.7645   14.01000   -0.00150
 11.9667   27.26913  250.30333   34.4248  134.7902   13.94100    0.02817
 11.9750   27.44002  250.49477   34.4503  134.8158   13.88300    0.04154
 11.9833   27.61071  250.68684   34.4756  134.8412   13.82400    0.05016
 11.9917   27.78122  250.87955   34.5007  134.8664   13.73800    0.05695
 12.0000   27.95154  251.07289   34.5255  134.8914   13.67300    0.04902
 12.0083   28.12166  251.26688   34.5502  134.9163   13.52600    0.03952
 12.0167   28.29158  251.46149   34.5746  134.9409   13.42500    0.01935
 12.0250   28.46131  251.65674   34.5988  134.9655   13.29600    0.00167
 12.0333   28.63084  251.85265   34.6228  134.9898   13.15900   -0.01578
 12.0417   28.80017  252.04918   34.6466  135.0140   13.04900   -0.01407
 12.0500   28.96930  252.24637   34.6702  135.0381   13.01100    0.01508
 12.0583   29.13823  252.44421   34.6936  135.0620   13.00900    0.05190
 12.0667   29.30694  252.64268   34.7167  135.0857   12.92900    0.06480
 12.0750   29.47546  252.84183   34.7397  135.1092   12.75500    0.04182
 12.0833   29.64376  253.04160   34.7625  135.1327   12.55500    0.01391
 12.0917   29.81185  253.24203   34.7851  135.1559   12.45100   -0.00591
 12.1000   29.97974  253.44312   34.8075  135.1791   12.32000   -0.00575
 12.1083   30.14740  253.64487   34.8298  135.2020   12.23000   -0.00463
 12.1167   30.31486  253.84727   34.8518  135.2249   12.13100   -0.00890
 12.1250   30.48209  254.05034   34.8737  135.2476   11.97300   -0.01882
 12.1333   30.64911  254.25406   34.8953  135.2701   11.85100   -0.02871
 12.1417   30.81591  254.45845   34.9168  135.2926   11.74400   -0.01927
 12.1500   30.98248  254.66350   34.9382  135.3148   11.67800   -0.00686
 12.1583   31.14883  254.86922   34.9593  135.3370   11.56900    0.00685
 12.1667   31.31496  255.07561   34.9803  135.3590   11.47600    0.00522
 12.1750   31.48086  255.28265   35.0011  135.3809   11.33800    0.00432
 12.1833   31.64653  255.49039   35.0218  135.4027   11.23900   -0.00488
 12.1917   31.81197  255.69878   35.0423  135.4244   11.10800   -0.01148
 12.2000   31.97718  255.90787   35.0626  135.4459   10.99200   -0.01689
 12.2083   32.14215  256.11761   35.0827  135.4673   10.91100   -0.02240
 12.2167   32.30689  256.32803   35.1027  135.4886   10.79500   -0.02998
 12.2250   32.47139  256.53915   35.1226  135.5098   10.68700   -0.03895
 12.2333   32.63566  256.75095   35.1423  135.5308   10.61400   -0.05214
 12.2417   32.79968  256.96344   35.1618  135.5518   10.48700   -0.06994
 12.2500   32.96347  257.17661   35.1812  135.5726   10.36300   -0.08815
 12.2583   33.12701  257.39044   35.2004  135.5933   10.29700   -0.09238
 12.2667   33.29030  257.60501   35.2195  135.6139   10.25100   -0.08361
 12.2750   33.45335  257.82022   35.2385  135.6344   10.20100   -0.06877
 12.2833   33.61615  258.03616   35.2573  135.6548   10.17200   -0.04750
 12.2917   33.77870  258.25278   35.2759  135.6751   10.16300   -0.01763
 12.3000   33.94100  258.47012   35.2945  135.6953   10.16300    0.01497
 12.3083   34.10304  258.68814   35.3128  135.7154   10.15700    0.02976
 12.3167   34.26483  258.90689   35.3311  135.7354   10.07200    0.03212
 12.3250   34.42637  259.12631   35.3492  135.7553   10.02300    0.02455
 12.3333   34.58764  259.34647   35.3671  135.7751    9.97700    0.02620
 12.3417   34.74866  259.56732   35.3850  135.7948    9.94300    0.01433
 12.3500   34.90941  259.78888   35.4027  135.8144    9.82800    0.00038
 12.3583   35.06991  260.01114   35.4202  135.8340    9.76800   -0.01456
 12.3667   35.23013  260.23413   35.4377  135.8534    9.72100   -0.01356
 12.3750   35.39010  260.45786   35.4550  135.8727    9.67300   -0.00001
 12.3833   35.54979  260.68228   35.4722  135.8920    9.66300    0.02481
 12.3917   35.70921  260.90741   35.4892  135.9112    9.65900    0.04744
 12.4000   35.86837  261.13330   35.5062  135.9303    9.59500    0.05323
 12.4083   36.02725  261.35989   35.5230  135.9492    9.50000    0.05064
 12.4167   36.18586  261.58722   35.5397  135.9682    9.45600    0.03968
 12.4250   36.34419  261.81528   35.5563  135.9870    9.34900    0.02883
 12.4333   36.50225  262.04410   35.5727  136.0058    9.25600    0.00811
 12.4417   36.66002  262.27362   35.5891  136.0244    9.16700   -0.01049
 12.4500   36.81752  262.50388   35.6053  136.0430    9.07200   -0.01746
 12.4583   36.97473  262.73489   35.6214  136.0616    9.03000   -0.02005
 12.4667   37.13166  262.96664   35.6374  136.0800    8.95500   -0.01432
 12.4750   37.28831  263.19916   35.6533  136.0984    8.88900   -0.01670
 12.4833   37.44467  263.43240   35.6690  136.1167    8.80300   -0.00988
 12.4917   37.60074  263.66641   35.6847  136.1349    8.77000   -0.00689
 12.5000   37.75652  263.90115   35.7002  136.1531    8.69000    0.00067
 12.5083   37.91201  264.13666   35.7157  136.1712    8.63000    0.00263
 12.5167   38.06720  264.37292   35.7310  136.1892    8.57900    0.00111
 12.5250   38.22211  264.60995   35.7462  136.2071    8.49600   -0.01039
 12.5333   38.37671  264.84772   35.7614  136.2250    8.40700   -0.02559
 12.5417   38.53102  265.08630   35.7764  136.2428    8.35000   -0.04690
 12.5500   38.68503  265.32562   35.7913  136.2606    8.25200   -0.06066
 12.5583   38.83874  265.56570   35.8061  136.2783    8.20700   -0.07089
 12.5667   38.99215  265.80658   35.8208  136.2959    8.18000   -0.07494
 12.5750   39.14525  266.04822   35.8354  136.3135    8.12000   -0.08509
 12.5833   39.29805  266.29065   35.8499  136.3310    8.05900   -0.08589
 12.5917   39.45054  266.53384   35.8643  136.3484    8.08300   -0.07657
 12.6000   39.60272  266.77786   35.8787  136.3658    8.07600   -0.05113
 12.6083   39.75459  267.02264   35.8929  136.3832    8.09100   -0.04043
 12.6167   39.90616  267.26819   35.9070  136.4004    8.05500   -0.01912
 12.6250   40.05740  267.51456   35.9210  136.4177    8.09700   -0.00316
 12.6333   40.20834  267.76172   35.9349  136.4348    8.08800    0.02306
 12.6417   40.35896  268.00967   35.9488  136.4519    8.09000    0.04527
 12.6500   40.50926  268.25845   35.9625  136.4690    8.10500    0.07064
 12.6583   40.65924  268.50800   35.9762  136.4860    8.10000    0.09515
 12.6667   40.80890  268.75839   35.9897  136.5030    8.09100    0.11166
 12.6750   40.95824  269.00958   36.0032  136.5199    8.06600    0.11474
 12.6833   41.10725  269.26157   36.0166  136.5367    7.99800    0.11598
 12.6917   41.25595  269.51440   36.0299  136.5535    7.97600    0.10312
 12.7000   41.40431  269.76804   36.0431  136.5703    7.88500    0.07810
 12.7083   41.55235  270.02249   36.0562  136.5870    7.75400    0.03696
 12.7167   41.70005  270.27780   36.0692  136.6036    7.65000   -0.00364
 12.7250   41.84743  270.53391   36.0821  136.6203    7.54600   -0.03450
 12.7333   41.99447  270.79086   36.0950  136.6368    7.44500   -0.05424
 12.7417   42.14118  271.04865   36.1078  136.6534    7.37500   -0.05051
 12.7500   42.28755  271.30728   36.1204  136.6698    7.35800   -0.02996
 12.7583   42.43359  271.56674   36.1330  136.6863    7.31600    0.00782
 12.7667   42.57929  271.82706   36.1456  136.7027    7.31300    0.03046
 12.7750   42.72464  272.08823   36.1580  136.7190    7.23000    0.03824
 12.7833   42.86966  272.35025   36.1704  136.7353    7.12800    0.02845
 12.7917   43.01433  272.61313   36.1826  136.7516    7.05600    0.01304
 12.8000   43.15866  272.87686   36.1948  136.7678    6.95800    0.00540
 12.8083   43.30265  273.14148   36.2069  136.7840    6.90000   -0.01070
 12.8167   43.44628  273.40692   36.2190  136.8002    6.80300   -0.02757
 12.8250   43.58957  273.67328   36.2309  136.8163    6.71000   -0.05093
 12.8333   43.73251  273.94049   36.2428  136.8324    6.62800   -0.05829
 12.8417   43.87509  274.20856   36.2546  136.8484    6.59800   -0.05050
 12.8500   44.01732  274.47754   36.2663  136.8645    6.56800   -0.03990
 12.8583   44.15920  274.74738   36.2780  136.8804    6.50400   -0.03767
 12.8667   44.30072  275.01813   36.2895  136.8964    6.44800   -0.04108
 12.8750   44.44188  275.28976   36.3010  136.9123    6.40200   -0.03586
 12.8833   44.58268  275.56229   36.3124  136.9281    6.37700   -0.02707
 12.8917   44.72313  275.83569   36.3238  136.9440    6.33200   -0.01918
 12.9000   44.86321  276.11002   36.3351  136.9598    6.27800   -0.01359
 12.9083   45.00292  276.38525   36.3462  136.9756    6.23900   -0.00441
 12.9167   45.14227  276.66141   36.3574  136.9913    6.20800    0.02007
 12.9250   45.28126  276.93848   36.3684  137.0070    6.22000    0.05726
 12.9333   45.41988  277.21646   36.3794  137.0227    6.23500    0.08880
 12.9417   45.55812  277.49536   36.3903  137.0384    6.18500    0.09610
 12.9500   45.69600  277.77518   36.4011  137.0540    6.10000    0.08170
 12.9583   45.83350  278.05594   36.4119  137.0696    6.03000    0.04484
 12.9667   45.97063  278.33762   36.4226  137.0852    5.89100   -0.00302
 12.9750   46.10739  278.62024   36.4332  137.1008    5.76700   -0.05281
 12.9833   46.24377  278.90381   36.4438  137.1163    5.69700   -0.09320
 12.9917   46.37976  279.18835   36.4543  137.1318    5.61000   -0.09962
 13.0000   46.51538  279.47379   36.4647  137.1472    5.63800   -0.09797
 13.0083   46.65062  279.76022   36.4750  137.1627    5.61100   -0.08623
 13.0167   46.78548  280.04761   36.4853  137.1781    5.57000   -0.09701
 13.0250   46.91995  280.33594   36.4955  137.1935    5.51300   -0.10940
 13.0333   47.05403  280.62527   36.5056  137.2089    5.49200   -0.12256
 13.0417   47.18773  280.91553   36.5157  137.2242    5.46300   -0.12099
 13.0500   47.32104  281.20679   36.5257  137.2395    5.48300   -0.11395
 13.0583   47.45396  281.49905   36.5357  137.2548    5.50100   -0.08124
 13.0667   47.58648  281.79227   36.5456  137.2701    5.58400   -0.03402
 13.0750   47.71862  282.08649   36.5554  137.2854    5.66200    0.00725
 13.0833   47.85036  282.38168   36.5651  137.3006    5.64800    0.04219
 13.0917   47.98170  282.67789   36.5748  137.3158    5.69300    0.07022
 13.1000   48.11264  282.97510   36.5844  137.3310    5.72400    0.11579
 13.1083   48.24319  283.27328   36.5940  137.3462    5.76000    0.15733
 13.1167   48.37333  283.57254   36.6035  137.3614    5.77100    0.19853
 13.1250   48.50308  283.87277   36.6129  137.3765    5.78500    0.22992
 13.1333   48.63241  284.17404   36.6223  137.3916    5.76000    0.23706
 13.1417   48.76135  284.47632   36.6315  137.4068    5.65200    0.21762
 13.1500   48.88987  284.77963   36.6408  137.4218    5.53300    0.19802
 13.1583   49.01799  285.08398   36.6500  137.4369    5.47900    0.17217
 13.1667   49.14570  285.38937   36.6591  137.4520    5.32400    0.12909
 13.1750   49.27300  285.69580   36.6681  137.4670    5.12200    0.07456
 13.1833   49.39988  286.00330   36.6771  137.4820    5.01300    0.02647
 13.1917   49.52635  286.31183   36.6861  137.4970    4.86900   -0.00213
 13.2000   49.65240  286.62143   36.6949  137.5120    4.72700   -0.04165
 13.2083   49.77804  286.93207   36.7037  137.5270    4.55600   -0.07743
 13.2167   49.90325  287.24380   36.7125  137.5420    4.40700   -0.10802
 13.2250   50.02805  287.55661   36.7212  137.5569    4.27300   -0.11434
 13.2333   50.15242  287.87048   36.7298  137.5719    4.19000   -0.10024
 13.2417   50.27637  288.18546   36.7383  137.5868    4.11300   -0.06318
 13.2500   50.39989  288.50150   36.7469  137.6017    4.05700   -0.00999
 13.2583   50.52299  288.81866   36.7553  137.6166    4.03000    0.04348
 13.2667   50.64566  289.13690   36.7637  137.6315    3.95300    0.08372
 13.2750   50.76790  289.45624   36.7720  137.6463    3.84800    0.09193
 13.2833   50.88970  289.77670   36.7803  137.6612    3.69800    0.08848
 13.2917   51.01107  290.09827   36.7885  137.6761    3.57800    0.09177
 13.3000   51.13201  290.42096   36.7967  137.6909    3.49700    0.09898
 13.3083   51.25251  290.74475   36.8048  137.7057    3.36000    0.09494
 13.3167   51.37257  291.06970   36.8128  137.7205    3.19200    0.06348
 13.3250   51.49219  291.39578   36.8208  137.7353    3.00200    0.03374
 13.3333   51.61137  291.72299   36.8287  137.7502    2.86300    0.01153
 13.3417   51.73011  292.05136   36.8366  137.7649    2.71700    0.00089
 13.3500   51.84840  292.38086   36.8444  137.7797    2.57500   -0.01677
 13.3583   51.96624  292.71152   36.8521  137.7945    2.43100   -0.04671
 13.3667   52.08364  293.04337   36.8598  137.8092    2.27700   -0.10091
 13.3750   52.20059  293.37637   36.8675  137.8240    2.08800   -0.16512
 13.3833   52.31708  293.71051   36.8751  137.8387    1.94500   -0.23512
 13.3917   52.43312  294.04587   36.8826  137.8535    1.80100   -0.29801
 13.4000   52.54870  294.38239   36.8901  137.8682    1.66800   -0.35977
 13.4083   52.66383  294.72012   36.8975  137.8829    1.56300   -0.40391
 13.4167   52.77850  295.05902   36.9048  137.8977    1.52000   -0.40028
 13.4250   52.89271  295.39911   36.9121  137.9124    1.59700   -0.33315
 13.4333   53.00646  295.74042   36.9194  137.9271    1.75300   -0.22086
 13.4417   53.11974  296.08295   36.9266  137.9418    1.89800   -0.09828
 13.4500   53.23256  296.42670   36.9337  137.9565    2.03100   -0.00122
 13.4583   53.34490  296.77164   36.9408  137.9712    2.11400    0.05909
 13.4667   53.45678  297.11783   36.9478  137.9859    2.14500    0.09136
 13.4750   53.56819  297.46524   36.9548  138.0006    2.19700    0.11057
 13.4833   53.67912  297.81390   36.9617  138.0152    2.25000    0.13764
 13.4917   53.78958  298.16379   36.9686  138.0299    2.32400    0.16051
 13.5000   53.89957  298.51492   36.9754  138.0446    2.36800    0.16613
 13.5083   54.00907  298.86731   36.9821  138.0592    2.35500    0.14931
 13.5167   54.11809  299.22098   36.9888  138.0739    2.33100    0.11789
 13.5250   54.22663  299.57590   36.9955  138.0886    2.29600    0.09269
 13.5333   54.33469  299.93210   37.0021  138.1032    2.27700    0.07162
 13.5417   54.44226  300.28955   37.0086  138.1179    2.24500    0.06183
 13.5500   54.54934  300.64828   37.0151  138.1325    2.23500    0.04957
 13.5583   54.65593  301.00833   37.0215  138.1472    2.19700    0.03273
 13.5667   54.76203  301.36966   37.0279  138.1618    2.13900    0.01037
 13.5750   54.86763  301.73227   37.0342  138.1765    2.09700   -0.00639
 13.5833   54.97274  302.09619   37.0405  138.1911    2.06500   -0.01836
 13.5917   55.07735  302.46143   37.0467  138.2058    2.01300   -0.02704
 13.6000   55.18146  302.82797   37.0529  138.2204    1.97600   -0.03326
 13.6083   55.28507  303.19586   37.0590  138.2350    1.95200   -0.03017
 13.6167   55.38817  303.56503   37.0650  138.2497    1.93400   -0.02088
 13.6250   55.49077  303.93555   37.0711  138.2643    1.92200   -0.00471
 13.6333   55.59286  304.30743   37.0770  138.2790    1.92400    0.00557
 13.6417   55.69443  304.68063   37.0829  138.2936    1.88800    0.01226
 13.6500   55.79550  305.05515   37.0887  138.3082    1.86700    0.00450
 13.6583   55.89605  305.43106   37.0945  138.3229    1.82300   -0.00708
 13.6667   55.99608  305.80829   37.1003  138.3375    1.77800   -0.02342
 13.6750   56.09559  306.18692   37.1060  138.3522    1.74400   -0.03070
 13.6833   56.19458  306.56689   37.1116  138.3668    1.73400   -0.03154
 13.6917   56.29305  306.94824   37.1172  138.3815    1.71200   -0.02118
 13.7000   56.39099  307.33096   37.1227  138.3961    1.71400   -0.01029
 13.7083   56.48840  307.71506   37.1282  138.4108    1.70100    0.00574
 13.7167   56.58529  308.10056   37.1336  138.4254    1.69200    0.01891
 13.7250   56.68164  308.48743   37.1389  138.4401    1.68100    0.03189
 13.7333   56.77745  308.87570   37.1443  138.4547    1.66600    0.04080
 13.7417   56.87273  309.26538   37.1495  138.4694    1.64600    0.04645
 13.7500   56.96747  309.65646   37.1547  138.4840    1.62700    0.04128
 13.7583   57.06166  310.04898   37.1599  138.4987    1.57900    0.02898
 13.7667   57.15532  310.44287   37.1650  138.5134    1.53500    0.00603
 13.7750   57.24842  310.83820   37.1700  138.5280    1.48000   -0.01643
 13.7833   57.34098  311.23495   37.1750  138.5427    1.43300   -0.03265
 13.7917   57.43298  311.63312   37.1800  138.5574    1.41100   -0.04147
 13.8000   57.52443  312.03271   37.1849  138.5721    1.38100   -0.04419
 13.8083   57.61532  312.43378   37.1897  138.5867    1.35400   -0.03371
 13.8167   57.70566  312.83627   37.1945  138.6014    1.37500   -0.02417
 13.8250   57.79543  313.24017   37.1992  138.6161    1.33800   -0.00894
 13.8333   57.88464  313.64557   37.2039  138.6308    1.32700   -0.00606
 13.8417   57.97328  314.05237   37.2085  138.6455    1.30500    0.00402
 13.8500   58.06136  314.46066   37.2131  138.6602    1.29600    0.01101
 13.8583   58.14886  314.87039   37.2176  138.6749    1.28100    0.02002
 13.8667   58.23579  315.28159   37.2221  138.6896    1.27200    0.02624
 13.8750   58.32214  315.69427   37.2265  138.7043    1.25700    0.02632
 13.8833   58.40791  316.10840   37.2308  138.7191    1.22200    0.01630
 13.8917   58.49310  316.52399   37.2351  138.7338    1.17800    0.00073
 13.9000   58.57770  316.94107   37.2394  138.7485    1.14200   -0.01765
 13.9083   58.66172  317.35962   37.2436  138.7632    1.09600   -0.02313
 13.9167   58.74515  317.77966   37.2477  138.7780    1.09300   -0.01940
 13.9250   58.82798  318.20117   37.2518  138.7927    1.08700   -0.00403
 13.9333   58.91022  318.62418   37.2559  138.8075    1.07900    0.00684
 13.9417   58.99186  319.04865   37.2598  138.8222    1.06100    0.01135
 13.9500   59.07289  319.47464   37.2638  138.8370    1.03400    0.00975
 13.9583   59.15333  319.90210   37.2677  138.8518    1.00500    0.00658
 13.9667   59.23315  320.33105   37.2715  138.8666    0.98200    0.00548
 13.9750   59.31237  320.76151   37.2752  138.8813    0.96300    0.00447
 13.9833   59.39097  321.19345   37.2789  138.8961    0.93600   -0.00523
 13.9917   59.46896  321.62689   37.2826  138.9109    0.88500   -0.01750
 14.0000   59.54633  322.06180   37.2862  138.9257    0.85800   -0.02366
 14.0083   59.62308  322.49823   37.2898  138.9405    0.85300   -0.01552
 14.0167   59.69921  322.93616   37.2933  138.9553    0.85100   -0.00175
 14.0250   59.77470  323.37558   37.2967  138.9701    0.84300    0.00575
 14.0333   59.84957  323.81650   37.3001  138.9850    0.81500    0.00976
 14.0417   59.92380  324.25894   37.3034  138.9998    0.80000    0.00531
 14.0500   59.99740  324.70285   37.3067  139.0146    0.76500   -0.00109
 14.0583   60.07036  325.14828   37.3099  139.0295    0.73200   -0.00989
 14.0667   60.14267  325.59518   37.3131  139.0443    0.70900   -0.01270
 14.0750   60.21434  326.04358   37.3162  139.0592    0.69500   -0.00609
 14.0833   60.28536  326.49347   37.3192  139.0740    0.69500    0.00572
 14.0917   60.35573  326.94489   37.3222  139.0889    0.69200    0.01198
 14.1000   60.42545  327.39777   37.3251  139.1038    0.65900    0.00460
 14.1083   60.49450  327.85214   37.3280  139.1187    0.61300   -0.00622
 14.1167   60.56290  328.30798   37.3309  139.1335    0.59900   -0.00283
 14.1250   60.63063  328.76532   37.3336  139.1484    0.61600    0.00023
 14.1333   60.69770  329.22415   37.3364  139.1633    0.57400   -0.00672
 14.1417   60.76409  329.68442   37.3390  139.1782    0.53200   -0.02114
 14.1500   60.82981  330.14621   37.3416  139.1931    0.53000   -0.03692
 14.1583   60.89485  330.60944   37.3442  139.2081    0.48500   -0.03710
 14.1667   60.95922  331.07416   37.3466  139.2230    0.49400   -0.03504
 14.1750   61.02289  331.54031   37.3491  139.2379    0.49400   -0.02366
 14.1833   61.08589  332.00793   37.3514  139.2528    0.47900   -0.01883
 14.1917   61.14819  332.47702   37.3538  139.2678    0.46800   -0.01381
 14.2000   61.20980  332.94754   37.3560  139.2827    0.47500    0.00164
 14.2083   61.27071  333.41949   37.3582  139.2977    0.49800    0.02036
 14.2167   61.33093  333.89291   37.3604  139.3127    0.49900    0.03794
 14.2250   61.39044  334.36774   37.3624  139.3276    0.50400    0.03461
 14.2333   61.44924  334.84399   37.3645  139.3426    0.45800    0.01995
 14.2417   61.50733  335.32166   37.3664  139.3576    0.42500   -0.00945
 14.2500   61.56471  335.80072   37.3684  139.3725    0.38100   -0.02222
 14.2583   61.62138  336.28119   37.3702  139.3875    0.39300   -0.02672
 14.2667   61.67732  336.76306   37.3720  139.4025    0.38500   -0.00982
 14.2750   61.73255  337.24631   37.3737  139.4175    0.40900    0.00329
 14.2833   61.78704  337.73093   37.3754  139.4325    0.40300    0.00911
 14.2917   61.84081  338.21692   37.3770  139.4475    0.36500    0.01250
 14.3000   61.89384  338.70428   37.3786  139.4625    0.37800    0.00935
 14.3083   61.94613  339.19296   37.3801  139.4775    0.34800    0.01912
 14.3167   61.99769  339.68298   37.3815  139.4925    0.35500    0.02349
 14.3250   62.04850  340.17435   37.3829  139.5076    0.35200    0.03436
 14.3333   62.09857  340.66702   37.3842  139.5226    0.34800    0.02630
 14.3417   62.14788  341.16098   37.3854  139.5376    0.29400    0.00589
 14.3500   62.19645  341.65625   37.3866  139.5526    0.25000   -0.01875
 14.3583   62.24425  342.15280   37.3878  139.5677    0.23000   -0.03349
 14.3667   62.29130  342.65060   37.3888  139.5827    0.20900   -0.03013
 14.3750   62.33758  343.14966   37.3899  139.5977    0.22800   -0.02469
 14.3833   62.38310  343.64999   37.3908  139.6128    0.22000   -0.01996
 14.3917   62.42784  344.15152   37.3917  139.6278    0.20000   -0.02266
 14.4000   62.47181  344.65424   37.3925  139.6429    0.19500   -0.02830
 14.4083   62.51501  345.15820   37.3933  139.6579    0.17700   -0.02657
 14.4167   62.55742  345.66333   37.3940  139.6730    0.18200   -0.03067
 14.4250   62.59906  346.16962   37.3946  139.6880    0.16300   -0.03019
 14.4333   62.63990  346.67706   37.3952  139.7030    0.16900   -0.02902
 14.4417   62.67996  347.18564   37.3957  139.7181    0.18700   -0.02452
 14.4500   62.71922  347.69531   37.3962  139.7331    0.18900   -0.01052
 14.4583   62.75768  348.20612   37.3966  139.7482    0.23300   -0.01431
 14.4667   62.79535  348.71802   37.3969  139.7632    0.19700   -0.02093
 14.4750   62.83221  349.23096   37.3972  139.7783    0.19500   -0.04095
 14.4833   62.86827  349.74496   37.3974  139.7934    0.20400   -0.05333
 14.4917   62.90351  350.25998   37.3975  139.8084    0.20300   -0.05752
 14.5000   62.93795  350.77603   37.3976  139.8234    0.23900   -0.05867
 14.5083   62.97157  351.29303   37.3977  139.8385    0.26700   -0.05606
 14.5167   63.00437  351.81104   37.3976  139.8535    0.28800   -0.05005
 14.5250   63.03634  352.32999   37.3975  139.8685    0.34200   -0.04687
 14.5333   63.06750  352.84988   37.3973  139.8836    0.36500   -0.04684
 14.5417   63.09782  353.37067   37.3971  139.8986    0.38000   -0.04708
 14.5500   63.12731  353.89236   37.3968  139.9136    0.43600   -0.03048
 14.5583   63.15597  354.41489   37.3965  139.9286    0.51600   -0.01755
 14.5667   63.18379  354.93829   37.3960  139.9437    0.51700    0.01024
 14.5750   63.21077  355.46249   37.3955  139.9587    0.62100    0.02405
 14.5833   63.23691  355.98749   37.3950  139.9737    0.65300    0.04793
 14.5917   63.26220  356.51328   37.3944  139.9887    0.68900    0.05914
 14.6000   63.28665  357.03983   37.3937  140.0037    0.75300    0.06365
 14.6083   63.31024  357.56711   37.3930  140.0187    0.76300    0.07981
 14.6167   63.33297  358.09506   37.3922  140.0337    0.83800    0.07085
 14.6250   63.35485  358.62372   37.3913  140.0486    0.81900    0.04962
 14.6333   63.37587  359.15302   37.3904  140.0636    0.78700    0.00412
 14.6417   63.39603  359.68298   37.3894  140.0786    0.77600   -0.02818
 14.6500   63.41532    0.21351   37.3883  140.0935    0.79800   -0.04891
 14.6583   63.43374    0.74463   37.3872  140.1084    0.80300   -0.04696
 14.6667   63.45129    1.27630   37.3860  140.1234    0.86900   -0.03446
 14.6750   63.46797    1.80850   37.3848  140.1383    0.92300   -0.02802
 14.6833   63.48377    2.34121   37.3835  140.1532    0.91100   -0.02355
 14.6917   63.49870    2.87438   37.3821  140.1681    0.97300   -0.02049
 14.7000   63.51274    3.40800   37.3807  140.1830    1.02300   -0.02744
 14.7083   63.52590    3.94204   37.3792  140.1979    0.98100   -0.04332
 14.7167   63.53818    4.47647   37.3776  140.2128    1.02000   -0.05196
 14.7250   63.54957    5.01127   37.3760  140.2276    1.10600   -0.04079
 14.7333   63.56007    5.54640   37.3743  140.2425    1.13900   -0.02863
 14.7417   63.56967    6.08184   37.3725  140.2573    1.18900   -0.03320
 14.7500   63.57839    6.61757   37.3707  140.2721    1.22200   -0.01463
 14.7583   63.58620    7.15354   37.3688  140.2869    1.33000   -0.00561
 14.7667   63.59312    7.68973   37.3669  140.3017    1.34700    0.00500
 14.7750   63.59914    8.22612   37.3649  140.3165    1.38400    0.00602
 14.7833   63.60425    8.76268   37.3628  140.3313    1.45700    0.01393
 14.7917   63.60847    9.29937   37.3607  140.3460    1.49600    0.02697
 14.8000   63.61177    9.83616   37.3585  140.3607    1.55000    0.03689
 14.8083   63.61417   10.37304   37.3562  140.3755    1.61300    0.05110
 14.8167   63.61566   10.90997   37.3539  140.3902    1.65900    0.06111
 14.8250   63.61624   11.44691   37.3515  140.4048    1.69000    0.05927
 14.8333   63.61590   11.98385   37.3491  140.4195    1.70500    0.05894
 14.8417   63.61466   12.52074   37.3466  140.4342    1.74200    0.06143
 14.8500   63.61249   13.05757   37.3440  140.4488    1.77000    0.05471
 14.8583   63.60941   13.59430   37.3414  140.4634    1.74400    0.05444
 14.8667   63.60541   14.13090   37.3387  140.4780    1.79600    0.05421
 14.8750   63.60050   14.66735   37.3360  140.4926    1.81700    0.06932
 14.8833   63.59466   15.20360   37.3332  140.5071    1.83400    0.06536
 14.8917   63.58790   15.73965   37.3303  140.5217    1.81600    0.05641
 14.9000   63.58021   16.27545   37.3274  140.5362    1.81400    0.03507
 14.9083   63.57161   16.81097   37.3244  140.5507    1.78400    0.00734
 14.9167   63.56207   17.34619   37.3213  140.5652    1.74100   -0.02023
 14.9250   63.55162   17.88108   37.3182  140.5796    1.73700   -0.03566
 14.9333   63.54023   18.41560   37.3151  140.5941    1.74700   -0.03839
 14.9417   63.52792   18.94974   37.3118  140.6085    1.74700   -0.03927
 14.9500   63.51468   19.48346   37.3085  140.6229    1.75000   -0.03884
 14.9583   63.50051   20.01672   37.3052  140.6373    1.76500   -0.03595
 14.9667   63.48541   20.54952   37.3018  140.6516    1.77300   -0.02890
 14.9750   63.46938   21.08180   37.2983  140.6659    1.79000   -0.02556
 14.9833   63.45243   21.61356   37.2948  140.6803    1.79300   -0.02637
 14.9917   63.43454   22.14475   37.2912  140.6945    1.79200   -0.02476
 15.0000   63.41572   22.67536   37.2876  140.7088    1.82500   -0.01209
 15.0083   63.39596   23.20535   37.2839  140.7230    1.86900   -0.00534
 15.0167   63.37528   23.73470   37.2802  140.7373    1.84800    0.00756
 15.0250   63.35367   24.26337   37.2764  140.7514    1.89600    0.01796
 15.0333   63.33112   24.79135   37.2725  140.7656    1.92800    0.03867
 15.0417   63.30764   25.31861   37.2686  140.7798    1.93500    0.04230
 15.0500   63.28323   25.84512   37.2646  140.7939    1.92000    0.04132
 15.0583   63.25789   26.37084   37.2606  140.8080    1.93100    0.05255
 15.0667   63.23162   26.89577   37.2565  140.8221    1.97500    0.07567
 15.0750   63.20442   27.41987   37.2523  140.8361    1.99700    0.07794
 15.0833   63.17628   27.94312   37.2481  140.8501    1.93500    0.06716
 15.0917   63.14722   28.46549   37.2439  140.8641    1.93200    0.04044
 15.1000   63.11723   28.98696   37.2396  140.8781    1.89900    0.02655
 15.1083   63.08630   29.50750   37.2352  140.8920    1.87800    0.00003
 15.1167   63.05445   30.02710   37.2308  140.9060    1.83100   -0.02428
 15.1250   63.02168   30.54572   37.2263  140.9199    1.80600   -0.04280
 15.1333   62.98797   31.06334   37.2218  140.9338    1.80900   -0.05400
 15.1417   62.95334   31.57994   37.2172  140.9476    1.79200   -0.06323
 15.1500   62.91778   32.09550   37.2126  140.9614    1.77600   -0.07389
 15.1583   62.88130   32.61000   37.2079  140.9752    1.77400   -0.07319
 15.1667   62.84390   33.12341   37.2032  140.9890    1.79900   -0.07105
 15.1750   62.80557   33.63571   37.1984  141.0027    1.79400   -0.06514
 15.1833   62.76632   34.14689   37.1936  141.0165    1.81400   -0.06768
 15.1917   62.72615   34.65691   37.1887  141.0302    1.82100   -0.05051
 15.2000   62.68506   35.16577   37.1837  141.0439    1.89400   -0.03226
 15.2083   62.64306   35.67343   37.1787  141.0575    1.92900   -0.01791
 15.2167   62.60014   36.17989   37.1737  141.0711    1.93100   -0.01220
 15.2250   62.55630   36.68512   37.1686  141.0847    1.98100   -0.01207
 15.2333   62.51155   37.18911   37.1635  141.0983    2.00200   -0.01099
 15.2417   62.46589   37.69183   37.1583  141.1118    2.01400   -0.01423
 15.2500   62.41932   38.19327   37.1530  141.1254    2.05600   -0.01884
 15.2583   62.37183   38.69340   37.1477  141.1389    2.08300   -0.00985
 15.2667   62.32345   39.19222   37.1424  141.1523    2.15000   -0.00484
 15.2750   62.27415   39.68971   37.1370  141.1658    2.18800   -0.00325
 15.2833   62.22396   40.18585   37.1316  141.1792    2.20600   -0.01400
 15.2917   62.17286   40.68062   37.1261  141.1926    2.23200   -0.02743
 15.3000   62.12086   41.17401   37.1205  141.2060    2.26000   -0.04434
 15.3083   62.06797   41.66601   37.1149  141.2193    2.26400   -0.04906
 15.3167   62.01418   42.15659   37.1093  141.2327    2.32700   -0.04261
 15.3250   61.95949   42.64575   37.1036  141.2460    2.38900   -0.00901
 15.3333   61.90392   43.13348   37.0979  141.2592    2.48300    0.02504
 15.3417   61.84745   43.61975   37.0921  141.2725    2.54800    0.05381
 15.3500   61.79010   44.10455   37.0863  141.2857    2.58800    0.06805
 15.3583   61.73186   44.58789   37.0804  141.2989    2.62900    0.07640
 15.3667   61.67274   45.06973   37.0745  141.3121    2.66900    0.07658
 15.3750   61.61274   45.55007   37.0685  141.3253    2.68000    0.06246
 15.3833   61.55186   46.02890   37.0625  141.3384    2.67200    0.03501
 15.3917   61.49011   46.50620   37.0565  141.3515    2.66900    0.01220
 15.4000   61.42748   46.98198   37.0504  141.3646    2.69700   -0.00014
 15.4083   61.36399   47.45620   37.0442  141.3777    2.72500   -0.00073
 15.4167   61.29962   47.92888   37.0380  141.3907    2.75700   -0.01010
 15.4250   61.23439   48.40000   37.0318  141.4038    2.75000   -0.01786
 15.4333   61.16830   48.86954   37.0255  141.4168    2.77700   -0.03304
 15.4417   61.10134   49.33750   37.0191  141.4297    2.78000   -0.03858
 15.4500   61.03353   49.80388   37.0128  141.4427    2.80300   -0.04385
 15.4583   60.96487   50.26866   37.0063  141.4556    2.83300   -0.03925
 15.4667   60.89535   50.73183   36.9999  141.4686    2.87500   -0.02868
 15.4750   60.82498   51.19340   36.9934  141.4815    2.92600   -0.01365
 15.4833   60.75377   51.65335   36.9868  141.4944    2.97600   -0.00208
 15.4917   60.68171   52.11167   36.9802  141.5072    3.00700    0.00653
 15.5000   60.60882   52.56837   36.9735  141.5201    3.04500    0.00293
 15.5083   60.53508   53.02343   36.9668  141.5329    3.05300   -0.00200
 15.5167   60.46051   53.47685   36.9601  141.5457    3.08000   -0.00864
 15.5250   60.38511   53.92863   36.9533  141.5584    3.11700    0.00203
 15.5333   60.30888   54.37875   36.9465  141.5712    3.18500    0.01870
 15.5417   60.23183   54.82722   36.9396  141.5840    3.23000    0.03616
 15.5500   60.15395   55.27404   36.9327  141.5967    3.26400    0.04396
 15.5583   60.07525   55.71919   36.9257  141.6094    3.29400    0.03993
 15.5667   59.99574   56.16267   36.9187  141.6221    3.29600    0.02648
 15.5750   59.91541   56.60449   36.9117  141.6348    3.29500    0.01668
 15.5833   59.83427   57.04464   36.9046  141.6474    3.33600    0.01207
 15.5917   59.75233   57.48311   36.8974  141.6600    3.35800    0.02130
 15.6000   59.66958   57.91990   36.8903  141.6727    3.41000    0.01761
 15.6083   59.58603   58.35502   36.8830  141.6853    3.41100   -0.00544
 15.6167   59.50169   58.78846   36.8758  141.6978    3.36600   -0.03354
 15.6250   59.41655   59.22022   36.8684  141.7104    3.39600   -0.04937
 15.6333   59.33062   59.65029   36.8611  141.7230    3.43600   -0.04553
 15.6417   59.24390   60.07869   36.8537  141.7355    3.45800   -0.04605
 15.6500   59.15640   60.50540   36.8462  141.7480    3.47500   -0.04363
 15.6583   59.06812   60.93042   36.8387  141.7606    3.52800   -0.03311
 15.6667   58.97906   61.35377   36.8312  141.7730    3.57900   -0.00574
 15.6750   58.88923   61.77542   36.8236  141.7855    3.65500    0.01305
 15.6833   58.79862   62.19540   36.8160  141.7980    3.68000    0.02092
 15.6917   58.70725   62.61369   36.8083  141.8105    3.69900    0.00995
 15.7000   58.61512   63.03030   36.8006  141.8229    3.71900    0.00479
 15.7083   58.52222   63.44523   36.7928  141.8353    3.77000    0.00219
 15.7167   58.42857   63.85848   36.7850  141.8478    3.79900    0.00102
 15.7250   58.33416   64.27006   36.7772  141.8602    3.82200   -0.00443
 15.7333   58.23901   64.67995   36.7693  141.8725    3.85600   -0.01536
 15.7417   58.14310   65.08818   36.7614  141.8849    3.86200   -0.02082
 15.7500   58.04646   65.49472   36.7534  141.8973    3.90100   -0.00612
 15.7583   57.94907   65.89960   36.7454  141.9097    3.99800    0.02154
 15.7667   57.85095   66.30282   36.7373  141.9220    4.04300    0.05198
 15.7750   57.75209   66.70436   36.7292  141.9344    4.08100    0.06024
 15.7833   57.65251   67.10425   36.7210  141.9467    4.09700    0.05408
 15.7917   57.55220   67.50247   36.7128  141.9590    4.09100    0.05024
 15.8000   57.45116   67.89904   36.7046  141.9713    4.13600    0.04333
 15.8083   57.34941   68.29395   36.6963  141.9836    4.13500    0.03398
 15.8167   57.24694   68.68722   36.6879  141.9959    4.10800    0.04231
 15.8250   57.14376   69.07884   36.6795  142.0082    4.20100    0.04886
 15.8333   57.03988   69.46881   36.6711  142.0205    4.18100    0.05603
 15.8417   56.93528   69.85715   36.6626  142.0327    4.14300    0.03163
 15.8500   56.82999   70.24385   36.6541  142.0450    4.11400    0.03252
 15.8583   56.72400   70.62893   36.6455  142.0572    4.17100    0.06037
 15.8667   56.61731   71.01237   36.6369  142.0695    4.22000    0.09165
 15.8750   56.50993   71.39419   36.6283  142.0817    4.19300    0.10102
 15.8833   56.40187   71.77440   36.6195  142.0940    4.15600    0.07725
 15.8917   56.29312   72.15299   36.6108  142.1062    4.07000    0.04227
 15.9000   56.18369   72.52998   36.6020  142.1184    3.99200    0.02020
 15.9083   56.07359   72.90536   36.5931  142.1306    3.99200    0.01490
 15.9167   55.96281   73.27914   36.5842  142.1428    3.96000    0.03504
 15.9250   55.85136   73.65133   36.5753  142.1550    3.96300    0.05066
 15.9333   55.73925   74.02193   36.5663  142.1673    3.94700    0.06519
 15.9417   55.62647   74.39094   36.5573  142.1794    3.90800    0.05422
 15.9500   55.51304   74.75838   36.5482  142.1917    3.81500    0.01305
 15.9583   55.39895   75.12424   36.5391  142.2038    3.68100   -0.03661
 15.9667   55.28421   75.48854   36.5299  142.2160    3.60400   -0.05556
 15.9750   55.16881   75.85127   36.5206  142.2282    3.62100   -0.04798
 15.9833   55.05278   76.21245   36.5114  142.2404    3.58500   -0.02996
 15.9917   54.93610   76.57208   36.5020  142.2526    3.54900   -0.03613
 16.0000   54.81878   76.93016   36.4927  142.2648    3.48100   -0.02849
 16.0083   54.70083   77.28670   36.4832  142.2769    3.49500   -0.01639
 16.0167   54.58225   77.64170   36.4738  142.2891    3.47800    0.00868
 16.0250   54.46304   77.99518   36.4642  142.3013    3.45700    0.00731
 16.0333   54.34321   78.34713   36.4547  142.3135    3.38100   -0.00802
 16.0417   54.22275   78.69757   36.4450  142.3257    3.32300   -0.02212
 16.0500   54.10168   79.04650   36.4353  142.3378    3.31900   -0.03922
 16.0583   53.97999   79.39392   36.4256  142.3500    3.24100   -0.04606
 16.0667   53.85770   79.73985   36.4158  142.3622    3.22600   -0.04887
 16.0750   53.73479   80.08428   36.4060  142.3744    3.24000   -0.03804
 16.0833   53.61129   80.42723   36.3961  142.3866    3.22100   -0.02057
 16.0917   53.48718   80.76869   36.3862  142.3987    3.23500   -0.01956
 16.1000   53.36248   81.10869   36.3762  142.4109    3.19200   -0.01860
 16.1083   53.23718   81.44721   36.3662  142.4231    3.17000   -0.02791
 16.1167   53.11130   81.78427   36.3561  142.4353    3.14800   -0.03210
 16.1250   52.98483   82.11988   36.3460  142.4475    3.13000   -0.02742
 16.1333   52.85777   82.45404   36.3358  142.4597    3.14600   -0.01312
 16.1417   52.73014   82.78676   36.3255  142.4720    3.16600   -0.00232
 16.1500   52.60193   83.11803   36.3152  142.4842    3.14000    0.01526
 16.1583   52.47314   83.44788   36.3048  142.4964    3.18600    0.02168
 16.1667   52.34379   83.77631   36.2944  142.5086    3.16500    0.02407
 16.1750   52.21387   84.10332   36.2840  142.5208    3.12300    0.00855
 16.1833   52.08339   84.42892   36.2735  142.5331    3.10800   -0.01125
 16.1917   51.95235   84.75311   36.2629  142.5453    3.08100   -0.02075
 16.2000   51.82075   85.07590   36.2523  142.5576    3.08800   -0.03076
 16.2083   51.68860   85.39731   36.2416  142.5698    3.07500   -0.03546
 16.2167   51.55590   85.71732   36.2308  142.5821    3.06700   -0.03703
 16.2250   51.42266   86.03596   36.2200  142.5944    3.08100   -0.03239
 16.2333   51.28887   86.35323   36.2092  142.6067    3.08900   -0.03609
 16.2417   51.15455   86.66913   36.1983  142.6189    3.04700   -0.03856
 16.2500   51.01968   86.98367   36.1873  142.6312    3.06700   -0.02485
 16.2583   50.88429   87.29685   36.1763  142.6436    3.14000    0.01025
 16.2667   50.74836   87.60869   36.1652  142.6559    3.18700    0.03795
 16.2750   50.61191   87.91919   36.1540  142.6682    3.18900    0.03499
 16.2833   50.47494   88.22835   36.1428  142.6806    3.15400    0.01747
 16.2917   50.33744   88.53619   36.1316  142.6929    3.15100   -0.00985
 16.3000   50.19943   88.84270   36.1202  142.7053    3.11900   -0.02734
 16.3083   50.06091   89.14790   36.1088  142.7177    3.12300   -0.04127
 16.3167   49.92187   89.45179   36.0974  142.7301    3.13700   -0.04669
 16.3250   49.78233   89.75438   36.0859  142.7425    3.14500   -0.04373
 16.3333   49.64229   90.05566   36.0743  142.7549    3.18800   -0.03773
 16.3417   49.50174   90.35566   36.0627  142.7673    3.21900   -0.02869
 16.3500   49.36070   90.65438   36.0510  142.7798    3.24000   -0.01936
 16.3583   49.21917   90.95182   36.0393  142.7922    3.29200   -0.02457
 16.3667   49.07714   91.24798   36.0274  142.8047    3.28100   -0.03739
 16.3750   48.93462   91.54288   36.0156  142.8172    3.28900   -0.05855
 16.3833   48.79162   91.83652   36.0036  142.8297    3.32500   -0.06923
 16.3917   48.64814   92.12891   35.9916  142.8423    3.36600   -0.07163
 16.4000   48.50418   92.42005   35.9795  142.8548    3.41700   -0.07760
 16.4083   48.35975   92.70995   35.9674  142.8674    3.44600   -0.07588
 16.4167   48.21484   92.99861   35.9552  142.8800    3.52000   -0.07252
 16.4250   48.06947   93.28605   35.9429  142.8926    3.58100   -0.04380
 16.4333   47.92363   93.57226   35.9306  142.9052    3.71500   -0.01566
 16.4417   47.77732   93.85726   35.9182  142.9178    3.79500    0.01043
 16.4500   47.63056   94.14105   35.9057  142.9305    3.85500    0.02648
 16.4583   47.48334   94.42363   35.8931  142.9432    3.95500    0.02850
 16.4667   47.33567   94.70501   35.8805  142.9559    3.98900    0.02893
 16.4750   47.18755   94.98520   35.8678  142.9686    4.05300    0.01694
 16.4833   47.03897   95.26420   35.8551  142.9814    4.11100   -0.00352
 16.4917   46.88996   95.54202   35.8423  142.9941    4.11600   -0.01770
 16.5000   46.74050   95.81866   35.8294  143.0069    4.20400   -0.01578
 16.5083   46.59061   96.09414   35.8164  143.0197    4.32200   -0.00150
 16.5167   46.44028   96.36845   35.8034  143.0326    4.36900   -0.00295
 16.5250   46.28952   96.64160   35.7902  143.0455    4.39100   -0.01620
 16.5333   46.13833   96.91360   35.7771  143.0583    4.46500   -0.01599
 16.5417   45.98671   97.18445   35.7638  143.0713    4.57000    0.00272
 16.5500   45.83467   97.45416   35.7505  143.0842    4.67100    0.01536
 16.5583   45.68221   97.72274   35.7370  143.0972    4.72500    0.01375
 16.5667   45.52933   97.99018   35.7236  143.1102    4.77900   -0.00563
 16.5750   45.37604   98.25650   35.7100  143.1232    4.81600   -0.03845
 16.5833   45.22233   98.52170   35.6964  143.1363    4.81900   -0.06179
 16.5917   45.06822   98.78579   35.6826  143.1494    4.91100   -0.06568
 16.6000   44.91370   99.04877   35.6688  143.1625    5.02400   -0.03785
 16.6083   44.75878   99.31064   35.6550  143.1757    5.15300   -0.01178
 16.6167   44.60347   99.57142   35.6410  143.1889    5.23400    0.00719
 16.6250   44.44775   99.83111   35.6270  143.2021    5.30900    0.02661
 16.6333   44.29164  100.08971   35.6128  143.2153    5.42800    0.04756
 16.6417   44.13514  100.34723   35.5986  143.2286    5.50800    0.06865
 16.6500   43.97825  100.60367   35.5844  143.2419    5.58300    0.07533
 16.6583   43.82098  100.85904   35.5700  143.2553    5.64900    0.07848
 16.6667   43.66332  101.11334   35.5555  143.2687    5.72300    0.07785
 16.6750   43.50528  101.36658   35.5410  143.2821    5.78600    0.06066
 16.6833   43.34687  101.61877   35.5264  143.2956    5.77700    0.03144
 16.6917   43.18809  101.86991   35.5117  143.3091    5.78400   -0.00285
 16.7000   43.02893  102.12000   35.4969  143.3226    5.80700   -0.02636
 16.7083   42.86941  102.36905   35.4820  143.3362    5.82600   -0.03086
 16.7167   42.70952  102.61706   35.4670  143.3498    5.89800   -0.01379
 16.7250   42.54926  102.86405   35.4519  143.3635    5.99700    0.02310
 16.7333   42.38865  103.11000   35.4368  143.3772    6.08700    0.06138
 16.7417   42.22768  103.35494   35.4215  143.3910    6.15300    0.08987
 16.7500   42.06636  103.59886   35.4062  143.4047    6.19800    0.09605
 16.7583   41.90469  103.84177   35.3907  143.4186    6.17900    0.08746
 16.7667   41.74267  104.08367   35.3752  143.4324    6.17300    0.06996
 16.7750   41.58030  104.32457   35.3596  143.4464    6.17500    0.05248
 16.7833   41.41759  104.56447   35.3439  143.4604    6.15200    0.04284
 16.7917   41.25454  104.80338   35.3280  143.4744    6.17400    0.03403
 16.8000   41.09115  105.04130   35.3121  143.4884    6.16900    0.03588
 16.8083   40.92743  105.27824   35.2961  143.5025    6.17900    0.03079
 16.8167   40.76338  105.51420   35.2800  143.5167    6.15400    0.02527
 16.8250   40.59899  105.74918   35.2638  143.5309    6.13200    0.01342
 16.8333   40.43428  105.98320   35.2474  143.5452    6.10200    0.01004
 16.8417   40.26925  106.21624   35.2310  143.5595    6.10800    0.01151
 16.8500   40.10390  106.44833   35.2145  143.5739    6.10300    0.00870
 16.8583   39.93823  106.67946   35.1979  143.5883    6.05300    0.00587
 16.8667   39.77224  106.90964   35.1811  143.6028    6.05600   -0.00329
 16.8750   39.60594  107.13887   35.1643  143.6173    6.02000   -0.00498
 16.8833   39.43933  107.36716   35.1473  143.6319    5.99900   -0.00730
 16.8917   39.27241  107.59451   35.1302  143.6466    5.99400   -0.00197
 16.9000   39.10518  107.82092   35.1131  143.6613    5.99000    0.00254
 16.9083   38.93766  108.04640   35.0958  143.6761    5.96600    0.01064
 16.9167   38.76983  108.27096   35.0784  143.6909    5.97800    0.00919
 16.9250   38.60171  108.49459   35.0608  143.7058    5.93000    0.01205
 16.9333   38.43329  108.71730   35.0432  143.7207    5.92000    0.00786
 16.9417   38.26458  108.93910   35.0254  143.7358    5.89700    0.00972
 16.9500   38.09559  109.15998   35.0076  143.7509    5.87400    0.00601
 16.9583   37.92630  109.37997   34.9896  143.7660    5.84100    0.00355
 16.9667   37.75673  109.59904   34.9715  143.7812    5.82600    0.00342
 16.9750   37.58688  109.81722   34.9532  143.7965    5.81600    0.00943
 16.9833   37.41675  110.03451   34.9349  143.8119    5.81300    0.00815
 16.9917   37.24635  110.25090   34.9164  143.8273    5.76500    0.00479
 17.0000   37.07567  110.46641   34.8978  143.8428    5.74500   -0.01130
 17.0083   36.90472  110.68103   34.8790  143.8584    5.68200   -0.02215
 17.0167   36.73350  110.89477   34.8601  143.8740    5.65500   -0.03000
 17.0250   36.56202  111.10764   34.8411  143.8898    5.64900   -0.02566
 17.0333   36.39027  111.31963   34.8220  143.9056    5.64200   -0.01534
 17.0417   36.21827  111.53076   34.8027  143.9215    5.64600   -0.00663
 17.0500   36.04600  111.74102   34.7833  143.9374    5.63400    0.00547
 17.0583   35.87348  111.95042   34.7638  143.9535    5.64600    0.01102
 17.0667   35.70070  112.15896   34.7441  143.9696    5.62000    0.01720
 17.0750   35.52768  112.36665   34.7242  143.9858    5.61200    0.01148
 17.0833   35.35440  112.57349   34.7043  144.0021    5.56800    0.00031
 17.0917   35.18088  112.77948   34.6842  144.0185    5.51900   -0.00563
 17.1000   35.00712  112.98463   34.6639  144.0349    5.53700   -0.01083
 17.1083   34.83311  113.18893   34.6435  144.0515    5.49800   -0.00715
 17.1167   34.65887  113.39240   34.6229  144.0681    5.49300   -0.00785
 17.1250   34.48439  113.59504   34.6022  144.0849    5.49100    0.00004
 17.1333   34.30968  113.79685   34.5814  144.1017    5.49100    0.00707
 17.1417   34.13473  113.99783   34.5603  144.1186    5.47800    0.00766
 17.1500   33.95956  114.19798   34.5392  144.1356    5.44600    0.00366
 17.1583   33.78416  114.39732   34.5178  144.1527    5.43000   -0.00378
 17.1667   33.60854  114.59584   34.4963  144.1700    5.40900   -0.01643
 17.1750   33.43269  114.79354   34.4747  144.1873    5.35900   -0.02537
 17.1833   33.25663  114.99044   34.4529  144.2047    5.36600   -0.02550
 17.1917   33.08035  115.18653   34.4309  144.2222    5.39200   -0.01939
 17.2000   32.90386  115.38181   34.4087  144.2398    5.37200   -0.02922
 17.2083   32.72715  115.57629   34.3864  144.2576    5.29800   -0.03916
 17.2167   32.55024  115.76998   34.3638  144.2754    5.31900   -0.03418
 17.2250   32.37311  115.96286   34.3412  144.2934    5.37100   -0.00875
 17.2333   32.19579  116.15496   34.3183  144.3114    5.40000    0.01495
 17.2417   32.01826  116.34627   34.2953  144.3296    5.41400    0.02968
 17.2500   31.84053  116.53679   34.2720  144.3479    5.42300    0.03719
 17.2583   31.66260  116.72653   34.2486  144.3663    5.42000    0.03942
 17.2667   31.48448  116.91549   34.2250  144.3848    5.40900    0.03335
 17.2750   31.30616  117.10367   34.2012  144.4035    5.37400    0.02417
 17.2833   31.12766  117.29108   34.1772  144.4223    5.35100    0.01150
 17.2917   30.94896  117.47771   34.1530  144.4412    5.32500   -0.00006
 17.3000   30.77008  117.66358   34.1287  144.4602    5.30000   -0.00937
 17.3083   30.59101  117.84868   34.1041  144.4794    5.28800   -0.01385
 17.3167   30.41177  118.03301   34.0793  144.4987    5.28000   -0.01377
 17.3250   30.23234  118.21659   34.0543  144.5181    5.26900   -0.00717
 17.3333   30.05274  118.39941   34.0291  144.5376    5.28600   -0.00478
 17.3417   29.87296  118.58147   34.0037  144.5573    5.25200   -0.00478
 17.3500   29.69301  118.76278   33.9780  144.5772    5.23000   -0.00898
 17.3583   29.51289  118.94334   33.9522  144.5972    5.23000   -0.00437
 17.3667   29.33260  119.12315   33.9261  144.6173    5.25100    0.00196
 17.3750   29.15215  119.30222   33.8998  144.6375    5.24600    0.00320
 17.3833   28.97153  119.48055   33.8733  144.6580    5.22300   -0.00069
 17.3917   28.79075  119.65814   33.8465  144.6785    5.21800   -0.01543
 17.4000   28.60981  119.83499   33.8196  144.6992    5.15200   -0.02233
 17.4083   28.42871  120.01110   33.7923  144.7201    5.16800   -0.02758
 17.4167   28.24746  120.18648   33.7649  144.7412    5.16600   -0.01823
 17.4250   28.06606  120.36114   33.7371  144.7623    5.17900   -0.00297
 17.4333   27.88450  120.53506   33.7092  144.7837    5.22500    0.01609
 17.4417   27.70280  120.70826   33.6810  144.8052    5.24200    0.03305
 17.4500   27.52095  120.88074   33.6525  144.8269    5.23700    0.04246
 17.4583   27.33896  121.05250   33.6238  144.8488    5.23500    0.04629
 17.4667   27.15683  121.22354   33.5948  144.8708    5.21700    0.04220
 17.4750   26.97455  121.39387   33.5655  144.8930    5.16500    0.03338
 17.4833   26.79214  121.56348   33.5360  144.9154    5.13800    0.02178
 17.4917   26.60959  121.73238   33.5062  144.9380    5.10500    0.01887
 17.5000   26.42691  121.90057   33.4761  144.9607    5.10300    0.00956
 17.5083   26.24410  122.06806   33.4458  144.9837    5.03500   -0.00005
 17.5167   26.06115  122.23484   33.4151  145.0068    4.99300   -0.01289
 17.5250   25.87808  122.40092   33.3842  145.0301    4.96700   -0.01920
 17.5333   25.69489  122.56630   33.3529  145.0536    4.93400   -0.02197
 17.5417   25.51157  122.73098   33.3214  145.0773    4.91200   -0.02296
 17.5500   25.32813  122.89496   33.2895  145.1013    4.89400   -0.02026
 17.5583   25.14458  123.05825   33.2574  145.1254    4.88300   -0.01456
 17.5667   24.96090  123.22085   33.2249  145.1497    4.88200   -0.01203
 17.5750   24.77711  123.38277   33.1921  145.1743    4.85200   -0.01073
 17.5833   24.59321  123.54399   33.1590  145.1990    4.83600   -0.01399
 17.5917   24.40919  123.70453   33.1256  145.2240    4.81200   -0.00846
 17.6000   24.22507  123.86438   33.0918  145.2492    4.83800   -0.00009
 17.6083   24.04084  124.02355   33.0577  145.2746    4.84400    0.00729
 17.6167   23.85651  124.18205   33.0233  145.3002    4.81300    0.00355
 17.6250   23.67207  124.33986   32.9884  145.3261    4.76700    0.00096
 17.6333   23.48753  124.49700   32.9533  145.3522    4.77500    0.00362
 17.6417   23.30289  124.65347   32.9178  145.3786    4.77100    0.01635
 17.6500   23.11816  124.80926   32.8819  145.4052    4.78300    0.02399
 17.6583   22.93333  124.96438   32.8456  145.4320    4.75700    0.03167
 17.6667   22.74840  125.11884   32.8090  145.4591    4.75300    0.03300
 17.6750   22.56339  125.27263   32.7720  145.4864    4.72400    0.03617
 17.6833   22.37828  125.42575   32.7346  145.5140    4.70300    0.02840
 17.6917   22.19309  125.57821   32.6967  145.5419    4.62600    0.01664
 17.7000   22.00781  125.73001   32.6585  145.5700    4.57000    0.00231
 17.7083   21.82245  125.88115   32.6199  145.5984    4.53500   -0.00936
 17.7167   21.63701  126.03163   32.5809  145.6270    4.47100   -0.01559
 17.7250   21.45149  126.18146   32.5414  145.6560    4.44500   -0.01614
 17.7333   21.26589  126.33063   32.5016  145.6852    4.43900   -0.01078
 17.7417   21.08021  126.47915   32.4612  145.7147    4.41000   -0.00958
 17.7500   20.89446  126.62702   32.4205  145.7445    4.35200   -0.01564
 17.7583   20.70863  126.77423   32.3793  145.7746    4.29600   -0.00752
 17.7667   20.52274  126.92081   32.3376  145.8050    4.35700    0.00617
 17.7750   20.33677  127.06673   32.2954  145.8357    4.33500    0.02144
 17.7833   20.15074  127.21201   32.2528  145.8667    4.28800    0.01837
 17.7917   19.96464  127.35664   32.2098  145.8980    4.22300    0.01659
 17.8000   19.77848  127.50064   32.1662  145.9296    4.20400    0.01514
 17.8083   19.59226  127.64399   32.1221  145.9616    4.15600    0.02004
 17.8167   19.40598  127.78671   32.0775  145.9939    4.13200    0.02192
 17.8250   19.21964  127.92879   32.0325  146.0265    4.09300    0.02589
 17.8333   19.03324  128.07024   31.9868  146.0594    4.06300    0.02300
 17.8417   18.84679  128.21104   31.9407  146.0927    3.99700    0.01597
 17.8500   18.66028  128.35121   31.8940  146.1263    3.93000    0.00379
 17.8583   18.47372  128.49075   31.8468  146.1603    3.86000   -0.01044
 17.8667   18.28712  128.62967   31.7990  146.1946    3.77700   -0.03093
 17.8750   18.10046  128.76796   31.7507  146.2293    3.66800   -0.04058
 17.8833   17.91376  128.90561   31.7018  146.2644    3.67600   -0.04451
 17.8917   17.72702  129.04265   31.6523  146.2998    3.63300   -0.03477
 17.9000   17.54023  129.17905   31.6022  146.3356    3.61600   -0.02126
 17.9083   17.35340  129.31483   31.5515  146.3718    3.64700   -0.00792
 17.9167   17.16654  129.45000   31.5002  146.4084    3.59600    0.00757
 17.9250   16.97963  129.58453   31.4483  146.4453    3.58700    0.01743
 17.9333   16.79269  129.71846   31.3957  146.4827    3.56800    0.03320
 17.9417   16.60571  129.85176   31.3425  146.5205    3.55600    0.04518
 17.9500   16.41870  129.98445   31.2887  146.5587    3.52200    0.05167
 17.9583   16.23166  130.11652   31.2341  146.5972    3.47300    0.05071
 17.9667   16.04459  130.24799   31.1789  146.6363    3.41600    0.03888
 17.9750   15.85749  130.37881   31.1231  146.6757    3.30900    0.02835
 17.9833   15.67037  130.50905   31.0665  146.7156    3.26600    0.01431
 17.9917   15.48322  130.63866   31.0092  146.7559    3.17500   -0.00585
 18.0000   15.29604  130.76767   30.9512  146.7967    3.00900   -0.03053
 18.0083   15.10885  130.89607   30.8924  146.8379    2.91900   -0.04850
 18.0167   14.92163  131.02386   30.8329  146.8795    2.86700   -0.04873
 18.0250   14.73440  131.15105   30.7727  146.9217    2.82800   -0.03405
 18.0333   14.54715  131.27763   30.7117  146.9642    2.85000   -0.00795
 18.0417   14.35988  131.40359   30.6499  147.0073    2.88300    0.02052
 18.0500   14.17260  131.52898   30.5873  147.0509    2.85900    0.03177
 18.0583   13.98531  131.65375   30.5239  147.0949    2.74200    0.03819
 18.0667   13.79801  131.77789   30.4596  147.1394    2.73200    0.03301
 18.0750   13.61069  131.90147   30.3946  147.1845    2.61300    0.03010
 18.0833   13.42337  132.02444   30.3287  147.2300    2.51200    0.01934
 18.0917   13.23604  132.14680   30.2619  147.2760    2.44200    0.01643
 18.1000   13.04871  132.26857   30.1943  147.3226    2.38800    0.02224
 18.1083   12.86137  132.38974   30.1258  147.3697    2.35800    0.02224
 18.1167   12.67404  132.51031   30.0563  147.4173    2.23300    0.01880
 18.1250   12.48670  132.63029   29.9860  147.4654    2.13900    0.01147
 18.1333   12.29936  132.74969   29.9147  147.5141    2.06100    0.00356
 18.1417   12.11202  132.86848   29.8425  147.5634    1.92400   -0.00111
 18.1500   11.92469  132.98668   29.7693  147.6131    1.85100   -0.01131
 18.1583   11.73736  133.10429   29.6952  147.6635    1.72700   -0.01470
 18.1667   11.55004  133.22131   29.6200  147.7144    1.64800   -0.01798
 18.1750   11.36273  133.33774   29.5439  147.7659    1.58100   -0.01161
 18.1833   11.17542  133.45358   29.4667  147.8180    1.54300   -0.00876
 18.1917   10.98813  133.56883   29.3885  147.8706    1.43400   -0.00529
 18.2000   10.80085  133.68349   29.3093  147.9238    1.37500   -0.00839
 18.2083   10.61358  133.79758   29.2289  147.9777    1.28300   -0.00944
 18.2167   10.42633  133.91106   29.1475  148.0321    1.20000   -0.01409
 18.2250   10.23909  134.02397   29.0651  148.0871    1.11800   -0.01619
 18.2333   10.05187  134.13629   28.9814  148.1428    1.05700   -0.01740
 18.2417    9.86467  134.24802   28.8967  148.1991    0.99200   -0.01767
 18.2500    9.67749  134.35918   28.8108  148.2560    0.92800   -0.01385
 18.2583    9.49033  134.46974   28.7238  148.3135    0.90600   -0.01039
 18.2667    9.30320  134.57973   28.6356  148.3716    0.83300   -0.00714
 18.2750    9.11608  134.68913   28.5462  148.4305    0.76300   -0.00668
 18.2833    8.92900  134.79796   28.4556  148.4899    0.70900    0.00026
 18.2917    8.74194  134.90620   28.3637  148.5500    0.69400    0.00235
 18.3000    8.55490  135.01387   28.2707  148.6107    0.61800   -0.00211
 18.3083    8.36790  135.12096   28.1763  148.6721    0.59100    0.00016
 18.3167    8.18093  135.22746   28.0807  148.7342    0.55600    0.00676
 18.3250    7.99399  135.33339   27.9838  148.7969    0.52700   -0.00077
 18.3333    7.80708  135.43874   27.8856  148.8603    0.37200   -0.01603
 18.3417    7.62020  135.54352   27.7861  148.9244    0.27400   -0.03259
 18.3500    7.43336  135.64772   27.6852  148.9891    0.23000   -0.05234
 18.3583    7.24656  135.75134   27.5830  149.0546    0.03200   -0.06905
 18.3667    7.05980  135.85439   27.4794  149.1207    0.00000   -0.03217
 18.3750    6.87307  135.95686   27.3745  149.1875    0.71000    0.00000

