hmax        =    300
wind_bottom =      2
wind_top    =     10
critlon     =      0
tbeg, h     =   0.00
tend, h     =  24.00
c_ionex     =      0
c_vert      =      1
time, gamma, az, latp, lonp, tec, tec_filtered
  2.4250   10.04418  227.64996   29.1840  131.7711   61.51500    0.00000
  2.4333   10.23398  227.76025   29.2670  131.8309   61.22500   -0.00232
  2.4417   10.42381  227.87112   29.3488  131.8900   60.92700   -0.00899
  2.4500   10.61368  227.98257   29.4295  131.9485   60.69800   -0.02091
  2.4583   10.80357  228.09457   29.5091  132.0063   60.46800   -0.01859
  2.4667   10.99350  228.20715   29.5877  132.0635   60.32200   -0.01708
  2.4750   11.18345  228.32031   29.6652  132.1201   60.13800   -0.02006
  2.4833   11.37344  228.43405   29.7417  132.1760   59.89400   -0.02777
  2.4917   11.56344  228.54836   29.8171  132.2313   59.72000   -0.03901
  2.5000   11.75347  228.66322   29.8915  132.2860   59.55000   -0.03671
  2.5083   11.94353  228.77869   29.9649  132.3400   59.44900   -0.02744
  2.5167   12.13361  228.89471   30.0374  132.3935   59.26900   -0.02383
  2.5250   12.32370  229.01134   30.1089  132.4463   59.07500   -0.03449
  2.5333   12.51382  229.12851   30.1794  132.4986   58.87500   -0.03895
  2.5417   12.70395  229.24628   30.2490  132.5503   58.76200   -0.03441
  2.5500   12.89410  229.36462   30.3177  132.6014   58.64800   -0.01727
  2.5583   13.08426  229.48355   30.3855  132.6519   58.55400   -0.00262
  2.5667   13.27444  229.60306   30.4523  132.7018   58.42200    0.01048
  2.5750   13.46463  229.72316   30.5183  132.7512   58.29800    0.01544
  2.5833   13.65482  229.84383   30.5835  132.8001   58.14200    0.02243
  2.5917   13.84503  229.96509   30.6478  132.8484   58.02500    0.02654
  2.6000   14.03524  230.08694   30.7112  132.8961   57.87900    0.02873
  2.6083   14.22546  230.20937   30.7738  132.9433   57.71000    0.02422
  2.6167   14.41569  230.33240   30.8357  132.9900   57.54800    0.01552
  2.6250   14.60591  230.45599   30.8967  133.0362   57.37500    0.00649
  2.6333   14.79614  230.58018   30.9569  133.0819   57.20400   -0.00375
  2.6417   14.98636  230.70499   31.0164  133.1270   57.02600   -0.01375
  2.6500   15.17659  230.83035   31.0751  133.1717   56.84500   -0.01735
  2.6583   15.36681  230.95633   31.1331  133.2158   56.71000   -0.01494
  2.6667   15.55702  231.08289   31.1903  133.2595   56.56400   -0.00497
  2.6750   15.74723  231.21005   31.2468  133.3027   56.42400    0.00672
  2.6833   15.93743  231.33781   31.3026  133.3454   56.28500    0.02238
  2.6917   16.12762  231.46616   31.3577  133.3877   56.14900    0.04296
  2.7000   16.31780  231.59511   31.4121  133.4295   56.02600    0.06129
  2.7083   16.50797  231.72466   31.4658  133.4708   55.85400    0.07773
  2.7167   16.69812  231.85481   31.5189  133.5117   55.69200    0.08371
  2.7250   16.88825  231.98557   31.5713  133.5521   55.48200    0.08038
  2.7333   17.07837  232.11691   31.6230  133.5922   55.23300    0.06891
  2.7417   17.26847  232.24887   31.6742  133.6317   55.00400    0.05470
  2.7500   17.45854  232.38144   31.7247  133.6709   54.76700    0.04007
  2.7583   17.64860  232.51460   31.7746  133.7096   54.50400    0.01785
  2.7667   17.83863  232.64838   31.8238  133.7480   54.20800   -0.00832
  2.7750   18.02863  232.78278   31.8725  133.7859   53.93100   -0.02510
  2.7833   18.21860  232.91777   31.9207  133.8234   53.72300   -0.02884
  2.7917   18.40855  233.05338   31.9682  133.8605   53.50400   -0.02640
  2.8000   18.59846  233.18961   32.0152  133.8972   53.25400   -0.02193
  2.8083   18.78834  233.32643   32.0616  133.9336   53.04600   -0.01006
  2.8167   18.97819  233.46388   32.1075  133.9696   52.86900    0.00634
  2.8250   19.16800  233.60194   32.1528  134.0052   52.64200    0.01857
  2.8333   19.35777  233.74065   32.1976  134.0404   52.39600    0.02875
  2.8417   19.54750  233.87994   32.2419  134.0753   52.19600    0.04068
  2.8500   19.73719  234.01988   32.2857  134.1098   51.97500    0.05306
  2.8583   19.92684  234.16043   32.3290  134.1439   51.72900    0.05274
  2.8667   20.11644  234.30161   32.3717  134.1777   51.43800    0.04993
  2.8750   20.30599  234.44341   32.4140  134.2112   51.19400    0.04310
  2.8833   20.49550  234.58585   32.4558  134.2444   50.91500    0.03869
  2.8917   20.68495  234.72890   32.4972  134.2772   50.63500    0.03035
  2.9000   20.87435  234.87259   32.5381  134.3096   50.35700    0.01917
  2.9083   21.06370  235.01691   32.5785  134.3418   50.05100    0.00634
  2.9167   21.25299  235.16187   32.6185  134.3736   49.75500   -0.00879
  2.9250   21.44223  235.30746   32.6580  134.4052   49.45900   -0.02048
  2.9333   21.63140  235.45369   32.6971  134.4364   49.17200   -0.02716
  2.9417   21.82052  235.60056   32.7357  134.4673   48.90400   -0.02902
  2.9500   22.00957  235.74806   32.7740  134.4979   48.63900   -0.02670
  2.9583   22.19855  235.89621   32.8118  134.5282   48.38000   -0.02401
  2.9667   22.38747  236.04501   32.8493  134.5583   48.11700   -0.02149
  2.9750   22.57632  236.19444   32.8863  134.5880   47.85200   -0.01779
  2.9833   22.76510  236.34453   32.9229  134.6175   47.60300   -0.01213
  2.9917   22.95380  236.49527   32.9592  134.6467   47.35600   -0.00405
  3.0000   23.14243  236.64667   32.9950  134.6756   47.11000    0.00177
  3.0083   23.33099  236.79871   33.0305  134.7043   46.84900    0.00539
  3.0167   23.51946  236.95140   33.0656  134.7326   46.58700    0.00928
  3.0250   23.70786  237.10475   33.1004  134.7608   46.33900    0.01517
  3.0333   23.89617  237.25876   33.1348  134.7886   46.08500    0.02248
  3.0417   24.08440  237.41344   33.1688  134.8162   45.82600    0.02752
  3.0500   24.27254  237.56876   33.2025  134.8436   45.55900    0.03216
  3.0583   24.46059  237.72476   33.2358  134.8707   45.29900    0.03679
  3.0667   24.64856  237.88142   33.2688  134.8976   45.03600    0.03976
  3.0750   24.83643  238.03876   33.3015  134.9243   44.75500    0.03636
  3.0833   25.02421  238.19676   33.3339  134.9507   44.45200    0.02503
  3.0917   25.21189  238.35544   33.3659  134.9768   44.14000    0.00988
  3.1000   25.39947  238.51479   33.3976  135.0028   43.83700   -0.00551
  3.1083   25.58695  238.67482   33.4290  135.0285   43.53600   -0.01802
  3.1167   25.77433  238.83553   33.4601  135.0540   43.24400   -0.02740
  3.1250   25.96161  238.99690   33.4909  135.0793   42.96200   -0.03302
  3.1333   26.14878  239.15898   33.5214  135.1044   42.68600   -0.03882
  3.1417   26.33584  239.32175   33.5515  135.1292   42.39700   -0.04260
  3.1500   26.52279  239.48518   33.5814  135.1539   42.13100   -0.04695
  3.1583   26.70963  239.64932   33.6111  135.1783   41.85700   -0.04526
  3.1667   26.89636  239.81413   33.6404  135.2026   41.61000   -0.04152
  3.1750   27.08296  239.97966   33.6695  135.2267   41.36600   -0.03224
  3.1833   27.26945  240.14587   33.6982  135.2505   41.13500   -0.02522
  3.1917   27.45582  240.31281   33.7268  135.2742   40.88700   -0.02081
  3.2000   27.64207  240.48041   33.7550  135.2977   40.64100   -0.01989
  3.2083   27.82819  240.64873   33.7830  135.3210   40.40400   -0.01886
  3.2167   28.01418  240.81776   33.8107  135.3441   40.17200   -0.02076
  3.2250   28.20004  240.98750   33.8382  135.3670   39.92700   -0.02506
  3.2333   28.38578  241.15794   33.8654  135.3897   39.69600   -0.03387
  3.2417   28.57138  241.32912   33.8924  135.4123   39.46000   -0.04391
  3.2500   28.75684  241.50098   33.9192  135.4347   39.22800   -0.05721
  3.2583   28.94217  241.67358   33.9457  135.4569   38.99800   -0.07051
  3.2667   29.12735  241.84689   33.9719  135.4790   38.77800   -0.08029
  3.2750   29.31239  242.02094   33.9980  135.5009   38.58100   -0.08640
  3.2833   29.49729  242.19571   34.0238  135.5226   38.38600   -0.08489
  3.2917   29.68205  242.37120   34.0493  135.5442   38.22100   -0.07772
  3.3000   29.86665  242.54742   34.0747  135.5656   38.06500   -0.06278
  3.3083   30.05110  242.72440   34.0998  135.5869   37.92100   -0.04388
  3.3167   30.23540  242.90210   34.1247  135.6080   37.78500   -0.02283
  3.3250   30.41955  243.08054   34.1494  135.6290   37.64700   -0.00174
  3.3333   30.60353  243.25972   34.1739  135.6498   37.50700    0.01583
  3.3417   30.78736  243.43967   34.1982  135.6704   37.35500    0.03267
  3.3500   30.97102  243.62033   34.2223  135.6909   37.21400    0.04714
  3.3583   31.15452  243.80177   34.2462  135.7113   37.06000    0.05770
  3.3667   31.33786  243.98395   34.2698  135.7316   36.88400    0.06168
  3.3750   31.52102  244.16689   34.2933  135.7517   36.70200    0.06401
  3.3833   31.70401  244.35060   34.3166  135.7717   36.53000    0.06590
  3.3917   31.88683  244.53506   34.3397  135.7915   36.33900    0.06522
  3.4000   32.06948  244.72031   34.3626  135.8112   36.13000    0.06001
  3.4083   32.25194  244.90630   34.3853  135.8307   35.92100    0.05263
  3.4167   32.43423  245.09308   34.4078  135.8502   35.70500    0.04451
  3.4250   32.61633  245.28062   34.4302  135.8695   35.47900    0.03617
  3.4333   32.79825  245.46896   34.4523  135.8887   35.25600    0.02900
  3.4417   32.97998  245.65807   34.4743  135.9078   35.03400    0.02265
  3.4500   33.16152  245.84798   34.4961  135.9268   34.80100    0.01473
  3.4583   33.34287  246.03867   34.5178  135.9456   34.56100    0.00645
  3.4667   33.52402  246.23013   34.5392  135.9643   34.32900    0.00120
  3.4750   33.70498  246.42241   34.5605  135.9829   34.10400   -0.00002
  3.4833   33.88574  246.61549   34.5817  136.0014   33.87900   -0.00110
  3.4917   34.06629  246.80936   34.6026  136.0198   33.64500   -0.00262
  3.5000   34.24664  247.00404   34.6235  136.0381   33.41700   -0.00329
  3.5083   34.42679  247.19952   34.6441  136.0563   33.19600   -0.00351
  3.5167   34.60673  247.39583   34.6646  136.0743   32.96500   -0.00543
  3.5250   34.78645  247.59296   34.6849  136.0923   32.73000   -0.00844
  3.5333   34.96596  247.79089   34.7051  136.1102   32.50500   -0.01184
  3.5417   35.14526  247.98965   34.7251  136.1279   32.27400   -0.01429
  3.5500   35.32434  248.18924   34.7450  136.1456   32.04600   -0.01412
  3.5583   35.50319  248.38966   34.7647  136.1631   31.83600   -0.01281
  3.5667   35.68183  248.59093   34.7843  136.1806   31.61300   -0.01022
  3.5750   35.86024  248.79301   34.8038  136.1980   31.39500   -0.00929
  3.5833   36.03841  248.99594   34.8231  136.2152   31.18200   -0.00903
  3.5917   36.21636  249.19972   34.8422  136.2324   30.96200   -0.00924
  3.6000   36.39408  249.40434   34.8612  136.2495   30.74800   -0.01295
  3.6083   36.57156  249.60983   34.8801  136.2665   30.52600   -0.01909
  3.6167   36.74880  249.81618   34.8988  136.2834   30.30200   -0.02708
  3.6250   36.92580  250.02338   34.9174  136.3003   30.08700   -0.03456
  3.6333   37.10256  250.23145   34.9359  136.3170   29.87400   -0.03915
  3.6417   37.27907  250.44038   34.9542  136.3337   29.66900   -0.03953
  3.6500   37.45533  250.65019   34.9724  136.3503   29.47800   -0.03703
  3.6583   37.63134  250.86089   34.9905  136.3668   29.28200   -0.02992
  3.6667   37.80710  251.07245   35.0084  136.3832   29.10200   -0.02234
  3.6750   37.98260  251.28490   35.0263  136.3995   28.91700   -0.01237
  3.6833   38.15785  251.49825   35.0440  136.4158   28.73600   -0.00520
  3.6917   38.33283  251.71249   35.0615  136.4320   28.54900    0.00120
  3.7000   38.50755  251.92763   35.0790  136.4481   28.36700    0.00314
  3.7083   38.68200  252.14368   35.0963  136.4641   28.17300    0.00283
  3.7167   38.85618  252.36063   35.1135  136.4801   27.98300   -0.00157
  3.7250   39.03010  252.57849   35.1306  136.4960   27.79000   -0.00807
  3.7333   39.20373  252.79727   35.1476  136.5118   27.59400   -0.01645
  3.7417   39.37710  253.01697   35.1644  136.5275   27.40300   -0.02507
  3.7500   39.55018  253.23759   35.1812  136.5432   27.21600   -0.03297
  3.7583   39.72298  253.45917   35.1978  136.5589   27.03000   -0.03711
  3.7667   39.89549  253.68166   35.2143  136.5744   26.86100   -0.04022
  3.7750   40.06772  253.90509   35.2308  136.5899   26.68300   -0.04188
  3.7833   40.23966  254.12947   35.2471  136.6053   26.50800   -0.04340
  3.7917   40.41130  254.35480   35.2632  136.6207   26.34500   -0.04079
  3.8000   40.58265  254.58109   35.2793  136.6360   26.19000   -0.03405
  3.8083   40.75370  254.80832   35.2953  136.6512   26.03700   -0.02428
  3.8167   40.92445  255.03653   35.3112  136.6664   25.89000   -0.01060
  3.8250   41.09490  255.26570   35.3270  136.6815   25.75400    0.00274
  3.8333   41.26504  255.49585   35.3426  136.6966   25.60000    0.01378
  3.8417   41.43487  255.72697   35.3582  136.7116   25.44200    0.02053
  3.8500   41.60439  255.95911   35.3736  136.7265   25.28500    0.02892
  3.8583   41.77360  256.19220   35.3890  136.7414   25.13600    0.03826
  3.8667   41.94249  256.42630   35.4043  136.7562   24.98000    0.04559
  3.8750   42.11105  256.66141   35.4194  136.7710   24.81300    0.04679
  3.8833   42.27930  256.89752   35.4345  136.7858   24.63600    0.04339
  3.8917   42.44722  257.13461   35.4495  136.8004   24.45900    0.03638
  3.9000   42.61481  257.37277   35.4644  136.8151   24.27600    0.02437
  3.9083   42.78207  257.61191   35.4791  136.8297   24.07700    0.00798
  3.9167   42.94900  257.85211   35.4938  136.8442   23.88100   -0.01023
  3.9250   43.11559  258.09332   35.5084  136.8587   23.69000   -0.02477
  3.9333   43.28184  258.33557   35.5229  136.8731   23.50800   -0.03685
  3.9417   43.44774  258.57886   35.5374  136.8875   23.32400   -0.04520
  3.9500   43.61330  258.82321   35.5517  136.9018   23.15100   -0.05122
  3.9583   43.77852  259.06863   35.5659  136.9161   22.98100   -0.05114
  3.9667   43.94338  259.31509   35.5801  136.9304   22.82500   -0.04487
  3.9750   44.10789  259.56262   35.5941  136.9446   22.68000   -0.03561
  3.9833   44.27204  259.81122   35.6081  136.9588   22.52500   -0.02648
  3.9917   44.43583  260.06091   35.6220  136.9729   22.37200   -0.02070
  4.0000   44.59926  260.31168   35.6358  136.9870   22.21800   -0.01209
  4.0083   44.76232  260.56354   35.6495  137.0010   22.08000   -0.00268
  4.0167   44.92502  260.81650   35.6632  137.0150   21.93500    0.00986
  4.0250   45.08734  261.07056   35.6767  137.0290   21.79800    0.01894
  4.0333   45.24929  261.32574   35.6902  137.0429   21.64900    0.02276
  4.0417   45.41086  261.58203   35.7036  137.0568   21.48500    0.02019
  4.0500   45.57205  261.83945   35.7169  137.0706   21.32300    0.01554
  4.0583   45.73286  262.09799   35.7301  137.0845   21.16500    0.01011
  4.0667   45.89328  262.35767   35.7433  137.0982   20.99700    0.00575
  4.0750   46.05331  262.61850   35.7564  137.1120   20.83800    0.00273
  4.0833   46.21295  262.88046   35.7694  137.1257   20.68500    0.00092
  4.0917   46.37219  263.14359   35.7823  137.1394   20.52100    0.00009
  4.1000   46.53103  263.40787   35.7951  137.1530   20.36500   -0.00099
  4.1083   46.68947  263.67334   35.8079  137.1666   20.20900   -0.00290
  4.1167   46.84751  263.93997   35.8206  137.1802   20.04100   -0.00553
  4.1250   47.00514  264.20779   35.8332  137.1937   19.88400   -0.01000
  4.1333   47.16236  264.47678   35.8457  137.2072   19.72500   -0.01322
  4.1417   47.31916  264.74698   35.8582  137.2207   19.56700   -0.01936
  4.1500   47.47555  265.01837   35.8706  137.2342   19.40400   -0.02433
  4.1583   47.63151  265.29099   35.8829  137.2476   19.25500   -0.02861
  4.1667   47.78705  265.56482   35.8952  137.2610   19.10500   -0.03248
  4.1750   47.94217  265.83987   35.9074  137.2744   18.94900   -0.03871
  4.1833   48.09685  266.11615   35.9195  137.2877   18.79700   -0.04344
  4.1917   48.25111  266.39368   35.9315  137.3010   18.66000   -0.04262
  4.2000   48.40492  266.67245   35.9435  137.3143   18.53300   -0.03800
  4.2083   48.55830  266.95248   35.9554  137.3276   18.40300   -0.03400
  4.2167   48.71123  267.23376   35.9672  137.3408   18.27100   -0.03051
  4.2250   48.86372  267.51630   35.9790  137.3540   18.14800   -0.02832
  4.2333   49.01576  267.80014   35.9907  137.3672   18.01900   -0.02667
  4.2417   49.16734  268.08524   36.0023  137.3804   17.89000   -0.02476
  4.2500   49.31847  268.37164   36.0139  137.3935   17.77300   -0.01909
  4.2583   49.46914  268.65933   36.0254  137.4066   17.66300   -0.01099
  4.2667   49.61935  268.94833   36.0368  137.4197   17.54800   -0.00350
  4.2750   49.76909  269.23865   36.0482  137.4328   17.43300    0.00256
  4.2833   49.91836  269.53030   36.0595  137.4458   17.32000    0.00872
  4.2917   50.06716  269.82327   36.0707  137.4589   17.20600    0.01049
  4.3000   50.21548  270.11758   36.0819  137.4719   17.07400    0.01104
  4.3083   50.36332  270.41321   36.0930  137.4849   16.95500    0.00988
  4.3167   50.51068  270.71024   36.1041  137.4979   16.83300    0.01093
  4.3250   50.65756  271.00858   36.1150  137.5108   16.70800    0.01173
  4.3333   50.80394  271.30832   36.1260  137.5238   16.58700    0.01353
  4.3417   50.94983  271.60944   36.1368  137.5367   16.46700    0.01764
  4.3500   51.09523  271.91193   36.1476  137.5496   16.34700    0.02144
  4.3583   51.24012  272.21582   36.1584  137.5625   16.22000    0.02294
  4.3667   51.38451  272.52112   36.1691  137.5753   16.08600    0.02227
  4.3750   51.52839  272.82785   36.1797  137.5882   15.95300    0.01826
  4.3833   51.67176  273.13596   36.1902  137.6010   15.81000    0.01405
  4.3917   51.81462  273.44550   36.2008  137.6138   15.67300    0.01168
  4.4000   51.95696  273.75650   36.2112  137.6267   15.54600    0.01248
  4.4083   52.09878  274.06894   36.2216  137.6395   15.41500    0.01452
  4.4167   52.24007  274.38281   36.2319  137.6522   15.28400    0.00983
  4.4250   52.38084  274.69815   36.2422  137.6650   15.13400   -0.00020
  4.4333   52.52107  275.01498   36.2524  137.6777   14.98500   -0.01484
  4.4417   52.66076  275.33328   36.2625  137.6905   14.83900   -0.02759
  4.4500   52.79992  275.65305   36.2726  137.7032   14.69900   -0.03898
  4.4583   52.93853  275.97433   36.2827  137.7159   14.55900   -0.04719
  4.4667   53.07660  276.29712   36.2927  137.7286   14.43000   -0.05166
  4.4750   53.21411  276.62140   36.3026  137.7413   14.30900   -0.04965
  4.4833   53.35107  276.94720   36.3125  137.7540   14.19700   -0.04278
  4.4917   53.48748  277.27457   36.3223  137.7667   14.08900   -0.03374
  4.5000   53.62331  277.60345   36.3321  137.7793   13.97900   -0.02565
  4.5083   53.75859  277.93387   36.3418  137.7920   13.86800   -0.01984
  4.5167   53.89329  278.26587   36.3514  137.8046   13.75700   -0.01402
  4.5250   54.02742  278.59943   36.3611  137.8173   13.65300   -0.00842
  4.5333   54.16098  278.93454   36.3706  137.8299   13.54700   -0.00159
  4.5417   54.29395  279.27127   36.3801  137.8425   13.44600    0.00306
  4.5500   54.42633  279.60956   36.3895  137.8551   13.33900    0.00318
  4.5583   54.55813  279.94949   36.3989  137.8677   13.22100    0.00064
  4.5667   54.68934  280.29099   36.4083  137.8803   13.11300   -0.00108
  4.5750   54.81994  280.63412   36.4176  137.8929   13.01000   -0.00189
  4.5833   54.94995  280.97888   36.4268  137.9055   12.89600   -0.00380
  4.5917   55.07935  281.32529   36.4360  137.9181   12.78500   -0.00665
  4.6000   55.20815  281.67334   36.4451  137.9307   12.68000   -0.00807
  4.6083   55.33633  282.02304   36.4542  137.9432   12.57200   -0.00847
  4.6167   55.46389  282.37439   36.4632  137.9558   12.46500   -0.00690
  4.6250   55.59084  282.72742   36.4722  137.9684   12.36600   -0.00295
  4.6333   55.71715  283.08215   36.4812  137.9809   12.26500   -0.00065
  4.6417   55.84284  283.43854   36.4900  137.9935   12.15200   -0.00102
  4.6500   55.96790  283.79666   36.4989  138.0060   12.04500   -0.00099
  4.6583   56.09232  284.15646   36.5077  138.0186   11.94800   -0.00007
  4.6667   56.21610  284.51797   36.5164  138.0311   11.84100    0.00149
  4.6750   56.33923  284.88126   36.5251  138.0436   11.73900    0.00118
  4.6833   56.46171  285.24622   36.5337  138.0562   11.63800   -0.00127
  4.6917   56.58354  285.61295   36.5423  138.0687   11.52600   -0.00889
  4.7000   56.70471  285.98141   36.5508  138.0813   11.40900   -0.02096
  4.7083   56.82522  286.35168   36.5593  138.0938   11.29600   -0.03015
  4.7167   56.94507  286.72366   36.5678  138.1063   11.19800   -0.03365
  4.7250   57.06424  287.09744   36.5762  138.1189   11.10500   -0.03144
  4.7333   57.18274  287.47302   36.5845  138.1314   11.01600   -0.02759
  4.7417   57.30056  287.85037   36.5928  138.1439   10.92700   -0.02595
  4.7500   57.41769  288.22952   36.6011  138.1565   10.82900   -0.02622
  4.7583   57.53414  288.61047   36.6093  138.1690   10.73600   -0.02607
  4.7667   57.64990  288.99326   36.6175  138.1815   10.65100   -0.02153
  4.7750   57.76496  289.37784   36.6256  138.1941   10.57100   -0.01449
  4.7833   57.87932  289.76428   36.6336  138.2066   10.49000   -0.00558
  4.7917   57.99298  290.15256   36.6417  138.2192   10.41600    0.00097
  4.8000   58.10592  290.54266   36.6496  138.2317   10.33200    0.00445
  4.8083   58.21816  290.93466   36.6576  138.2443   10.24400    0.00444
  4.8167   58.32967  291.32849   36.6654  138.2568   10.16100    0.00261
  4.8250   58.44046  291.72418   36.6733  138.2694   10.07400    0.00041
  4.8333   58.55053  292.12177   36.6811  138.2820    9.98900   -0.00516
  4.8417   58.65986  292.52124   36.6888  138.2945    9.89900   -0.01267
  4.8500   58.76846  292.92258   36.6965  138.3071    9.81000   -0.02202
  4.8583   58.87632  293.32584   36.7042  138.3197    9.72200   -0.02887
  4.8667   58.98344  293.73099   36.7118  138.3323    9.64300   -0.03316
  4.8750   59.08981  294.13806   36.7193  138.3448    9.56400   -0.03432
  4.8833   59.19542  294.54703   36.7269  138.3574    9.48800   -0.03171
  4.8917   59.30028  294.95792   36.7343  138.3700    9.42300   -0.02587
  4.9000   59.40437  295.37076   36.7418  138.3826    9.35600   -0.01631
  4.9083   59.50770  295.78552   36.7492  138.3953    9.29300   -0.00577
  4.9167   59.61025  296.20221   36.7565  138.4079    9.23100    0.00639
  4.9250   59.71204  296.62085   36.7638  138.4205    9.16900    0.01628
  4.9333   59.81304  297.04144   36.7711  138.4332    9.09800    0.02376
  4.9417   59.91325  297.46399   36.7783  138.4458    9.02800    0.02816
  4.9500   60.01268  297.88849   36.7854  138.4585    8.95600    0.03148
  4.9583   60.11132  298.31494   36.7925  138.4711    8.88200    0.03131
  4.9667   60.20915  298.74338   36.7996  138.4838    8.80100    0.02786
  4.9750   60.30619  299.17377   36.8067  138.4965    8.71900    0.01927
  4.9833   60.40241  299.60614   36.8136  138.5092    8.62900    0.00783
  4.9917   60.49783  300.04050   36.8206  138.5219    8.54000   -0.00722
  5.0000   60.59243  300.47681   36.8275  138.5346    8.44800   -0.02193
  5.0083   60.68621  300.91513   36.8344  138.5473    8.36200   -0.03603
  5.0167   60.77916  301.35541   36.8412  138.5601    8.27900   -0.04689
  5.0250   60.87129  301.79770   36.8479  138.5728    8.20300   -0.05595
  5.0333   60.96258  302.24197   36.8547  138.5856    8.12900   -0.06190
  5.0417   61.05304  302.68823   36.8613  138.5984    8.06300   -0.06480
  5.0500   61.14265  303.13647   36.8680  138.6112    8.00500   -0.06494
  5.0583   61.23141  303.58670   36.8746  138.6240    7.94900   -0.06298
  5.0667   61.31932  304.03894   36.8811  138.6368    7.90000   -0.06041
  5.0750   61.40638  304.49316   36.8876  138.6496    7.85400   -0.05578
  5.0833   61.49258  304.94937   36.8941  138.6625    7.81500   -0.05036
  5.0917   61.57791  305.40756   36.9005  138.6753    7.77800   -0.04357
  5.1000   61.66238  305.86774   36.9069  138.6882    7.74500   -0.03681
  5.1083   61.74597  306.32993   36.9132  138.7011    7.71300   -0.02959
  5.1167   61.82868  306.79407   36.9195  138.7140    7.68400   -0.02062
  5.1250   61.91051  307.26022   36.9257  138.7269    7.66300   -0.01030
  5.1333   61.99145  307.72833   36.9319  138.7398    7.64100    0.00083
  5.1417   62.07151  308.19843   36.9381  138.7528    7.61900    0.00907
  5.1500   62.15067  308.67053   36.9442  138.7657    7.59100    0.01481
  5.1583   62.22893  309.14456   36.9503  138.7787    7.56200    0.01714
  5.1667   62.30629  309.62057   36.9563  138.7917    7.52900    0.01619
  5.1750   62.38274  310.09854   36.9622  138.8047    7.49000    0.01268
  5.1833   62.45828  310.57843   36.9682  138.8178    7.45300    0.00856
  5.1917   62.53290  311.06030   36.9741  138.8308    7.41900    0.00728
  5.2000   62.60660  311.54410   36.9799  138.8439    7.39100    0.00727
  5.2083   62.67938  312.02985   36.9857  138.8570    7.35900    0.00612
  5.2167   62.75124  312.51752   36.9915  138.8701    7.32200    0.00068
  5.2250   62.82216  313.00708   36.9972  138.8832    7.28000   -0.00903
  5.2333   62.89214  313.49857   37.0028  138.8963    7.23500   -0.01981
  5.2417   62.96119  313.99197   37.0084  138.9095    7.19600   -0.03023
  5.2500   63.02929  314.48724   37.0140  138.9227    7.15800   -0.03446
  5.2583   63.09645  314.98441   37.0195  138.9359    7.13700   -0.03528
  5.2667   63.16265  315.48343   37.0250  138.9491    7.11300   -0.03163
  5.2750   63.22790  315.98431   37.0304  138.9623    7.09300   -0.02943
  5.2833   63.29220  316.48703   37.0358  138.9756    7.06900   -0.02416
  5.2917   63.35553  316.99158   37.0411  138.9889    7.05600   -0.01958
  5.3000   63.41789  317.49796   37.0464  139.0022    7.03400   -0.01223
  5.3083   63.47929  318.00613   37.0517  139.0155    7.02000   -0.00568
  5.3167   63.53971  318.51611   37.0569  139.0288    7.00600    0.00408
  5.3250   63.59916  319.02786   37.0620  139.0422    6.99700    0.01275
  5.3333   63.65763  319.54135   37.0671  139.0556    6.98200    0.02063
  5.3417   63.71512  320.05658   37.0722  139.0690    6.96700    0.02459
  5.3500   63.77162  320.57358   37.0772  139.0824    6.94600    0.02453
  5.3583   63.82713  321.09225   37.0821  139.0958    6.91800    0.02005
  5.3667   63.88165  321.61261   37.0870  139.1093    6.88900    0.01137
  5.3750   63.93518  322.13467   37.0919  139.1228    6.85400    0.00202
  5.3833   63.98771  322.65836   37.0967  139.1363    6.82300   -0.00586
  5.3917   64.03923  323.18369   37.1015  139.1498    6.79700   -0.00996
  5.4000   64.08976  323.71060   37.1062  139.1634    6.77300   -0.01078
  5.4083   64.13927  324.23914   37.1108  139.1770    6.75100   -0.00941
  5.4167   64.18778  324.76923   37.1154  139.1906    6.73100   -0.00726
  5.4250   64.23528  325.30087   37.1200  139.2042    6.70800   -0.00284
  5.4333   64.28176  325.83401   37.1245  139.2178    6.69300    0.00172
  5.4417   64.32722  326.36868   37.1290  139.2315    6.67400    0.00503
  5.4500   64.37167  326.90482   37.1334  139.2452    6.64900    0.00245
  5.4583   64.41509  327.44241   37.1377  139.2589    6.61800   -0.00422
  5.4667   64.45749  327.98141   37.1420  139.2726    6.59000   -0.01079
  5.4750   64.49887  328.52182   37.1463  139.2864    6.57000   -0.01657
  5.4833   64.53921  329.06360   37.1505  139.3002    6.54600   -0.02019
  5.4917   64.57853  329.60672   37.1546  139.3140    6.52900   -0.02727
  5.5000   64.61681  330.15115   37.1587  139.3278    6.50100   -0.03249
  5.5083   64.65406  330.69687   37.1628  139.3416    6.48600   -0.03662
  5.5167   64.69028  331.24384   37.1668  139.3555    6.47500   -0.03642
  5.5250   64.72546  331.79202   37.1707  139.3694    6.46400   -0.03396
  5.5333   64.75959  332.34143   37.1746  139.3833    6.45900   -0.02750
  5.5417   64.79269  332.89200   37.1784  139.3972    6.46400   -0.01960
  5.5500   64.82475  333.44370   37.1822  139.4112    6.46100   -0.01114
  5.5583   64.85577  333.99649   37.1859  139.4252    6.46100   -0.00340
  5.5667   64.88574  334.55038   37.1896  139.4392    6.46600    0.00273
  5.5750   64.91466  335.10529   37.1932  139.4532    6.45900    0.00602
  5.5833   64.94254  335.66119   37.1967  139.4672    6.45100    0.00826
  5.5917   64.96937  336.21808   37.2002  139.4813    6.45300    0.01356
  5.6000   64.99516  336.77588   37.2037  139.4954    6.45500    0.01754
  5.6083   65.01989  337.33463   37.2070  139.5095    6.44100    0.01875
  5.6167   65.04358  337.89420   37.2104  139.5236    6.43200    0.02116
  5.6250   65.06622  338.45462   37.2136  139.5378    6.43400    0.02549
  5.6333   65.08781  339.01584   37.2169  139.5519    6.42200    0.02885
  5.6417   65.10834  339.57779   37.2200  139.5661    6.40500    0.03049
  5.6500   65.12783  340.14047   37.2231  139.5803    6.39800    0.03093
  5.6583   65.14627  340.70386   37.2261  139.5945    6.37800    0.02989
  5.6667   65.16365  341.26788   37.2291  139.6088    6.35300    0.02322
  5.6750   65.17999  341.83249   37.2320  139.6230    6.32500    0.01851
  5.6833   65.19527  342.39771   37.2349  139.6373    6.30900    0.01638
  5.6917   65.20950  342.96344   37.2377  139.6516    6.29000    0.00797
  5.7000   65.22269  343.52966   37.2405  139.6659    6.23900    0.00101
  5.7083   65.23482  344.09634   37.2431  139.6803    6.22500   -0.00675
  5.7167   65.24591  344.66345   37.2458  139.6946    6.20000   -0.00508
  5.7250   65.25595  345.23090   37.2483  139.7090    6.17700   -0.00806
  5.7333   65.26494  345.79874   37.2508  139.7234    6.14600   -0.00846
  5.7417   65.27289  346.36685   37.2533  139.7378    6.13000   -0.00667
  5.7500   65.27979  346.93521   37.2557  139.7522    6.11500   -0.00159
  5.7583   65.28564  347.50381   37.2580  139.7666    6.09600    0.00161
  5.7667   65.29046  348.07257   37.2603  139.7811    6.07400    0.00138
  5.7750   65.29423  348.64148   37.2625  139.7955    6.04700   -0.00063
  5.7833   65.29696  349.21048   37.2646  139.8100    6.02300   -0.00547
  5.7917   65.29865  349.77957   37.2667  139.8245    5.99100   -0.00991
  5.8000   65.29931  350.34866   37.2687  139.8390    5.96500   -0.00981
  5.8083   65.29893  350.91772   37.2707  139.8535    5.95300    0.00214
  5.8167   65.29751  351.48672   37.2725  139.8680    5.95800    0.01374
  5.8250   65.29507  352.05566   37.2744  139.8826    5.92900    0.02133
  5.8333   65.29159  352.62442   37.2761  139.8971    5.90300    0.02448
  5.8417   65.28709  353.19302   37.2779  139.9117    5.89200    0.02406
  5.8500   65.28156  353.76141   37.2795  139.9263    5.85100    0.02620
  5.8583   65.27500  354.32953   37.2811  139.9409    5.83300    0.01972
  5.8667   65.26743  354.89737   37.2826  139.9555    5.79400    0.01254
  5.8750   65.25884  355.46487   37.2841  139.9701    5.75500   -0.00265
  5.8833   65.24923  356.03201   37.2855  139.9847    5.71700   -0.01989
  5.8917   65.23860  356.59872   37.2868  139.9993    5.68100   -0.03600
  5.9000   65.22697  357.16498   37.2881  140.0139    5.65000   -0.04053
  5.9083   65.21433  357.73077   37.2893  140.0286    5.63800   -0.03558
  5.9167   65.20068  358.29605   37.2904  140.0432    5.60300   -0.01383
  5.9250   65.18603  358.86075   37.2915  140.0579    5.58800    0.01485
  5.9333   65.17038  359.42484   37.2925  140.0725    5.56300    0.05381
  5.9417   65.15373  359.98831   37.2935  140.0872    5.53400    0.12219
  5.9500   65.13609    0.55113   37.2944  140.1019    5.58600    0.20971
  5.9583   65.11745    1.11323   37.2952  140.1165    5.60000    0.32646
  5.9667   65.09784    1.67460   37.2960  140.1312    5.64800    0.42663
  5.9750   65.07723    2.23519   37.2967  140.1459    5.63500    0.43209
  5.9833   65.05565    2.79497   37.2973  140.1606    5.33800    0.32146
  5.9917   65.03309    3.35391   37.2979  140.1753    5.02700    0.14263
  6.0000   65.00956    3.91198   37.2984  140.1900    4.82800   -0.03042
  6.0083   64.98506    4.46913   37.2989  140.2047    4.58200   -0.15600
  6.0167   64.95959    5.02535   37.2993  140.2194    4.43100   -0.29524
  6.0250   64.93316    5.58060   37.2996  140.2341    4.17100   -0.39308
  6.0333   64.90577    6.13485   37.2999  140.2488    4.03500   -0.46272
  6.0417   64.87743    6.68806   37.3001  140.2635    3.95700   -0.48119
  6.0500   64.84813    7.24021   37.3002  140.2782    3.85300   -0.43847
  6.0583   64.81789    7.79126   37.3003  140.2930    3.91600   -0.26219
  6.0667   64.78671    8.34119   37.3003  140.3076    4.28600    0.00370
  6.0750   64.75458    8.88997   37.3003  140.3224    4.49100    0.23814
  6.0833   64.72153    9.43758   37.3002  140.3371    4.46700    0.30394
  6.0917   64.68754    9.98397   37.3000  140.3518    4.29700    0.24731
  6.1000   64.65263   10.52914   37.2998  140.3665    4.11700    0.14658
  6.1083   64.61679   11.07304   37.2995  140.3812    3.97800    0.08461
  6.1167   64.58004   11.61566   37.2992  140.3959    3.96500    0.08220
  6.1250   64.54237   12.15697   37.2987  140.4106    4.00700    0.11373
  6.1333   64.50379   12.69695   37.2983  140.4253    3.99200    0.11585
  6.1417   64.46431   13.23557   37.2977  140.4400    3.88200    0.04678
  6.1500   64.42393   13.77281   37.2972  140.4547    3.66100   -0.05581
  6.1583   64.38265   14.30865   37.2965  140.4694    3.48700   -0.14168
  6.1667   64.34048   14.84306   37.2958  140.4841    3.38700   -0.15673
  6.1750   64.29743   15.37603   37.2950  140.4987    3.39200   -0.12288
  6.1833   64.25349   15.90753   37.2942  140.5134    3.40200   -0.06591
  6.1917   64.20867   16.43754   37.2933  140.5281    3.40400   -0.00828
  6.2000   64.16298   16.96605   37.2924  140.5427    3.41600    0.01945
  6.2083   64.11643   17.49303   37.2913  140.5574    3.31900    0.03768
  6.2167   64.06900   18.01847   37.2903  140.5721    3.27900    0.02997
  6.2250   64.02072   18.54235   37.2891  140.5867    3.20100    0.00072
  6.2333   63.97159   19.06466   37.2880  140.6014    3.03600   -0.03745
  6.2417   63.92160   19.58537   37.2867  140.6160    2.97700   -0.02841
  6.2500   63.87077   20.10447   37.2854  140.6306    3.07600    0.02892
  6.2583   63.81910   20.62195   37.2841  140.6452    3.09600    0.06320
  6.2667   63.76659   21.13779   37.2826  140.6599    2.97700    0.02424
  6.2750   63.71325   21.65197   37.2812  140.6745    2.83300   -0.01865
  6.2833   63.65908   22.16449   37.2796  140.6891    2.82500   -0.03575
  6.2917   63.60409   22.67534   37.2780  140.7037    2.78700   -0.05013
  6.3000   63.54829   23.18449   37.2764  140.7183    2.66700   -0.11046
  6.3083   63.49167   23.69194   37.2747  140.7329    2.53900   -0.18587
  6.3167   63.43425   24.19768   37.2729  140.7474    2.48200   -0.20026
  6.3250   63.37602   24.70169   37.2711  140.7620    2.57200   -0.11459
  6.3333   63.31699   25.20397   37.2692  140.7766    2.75100   -0.01410
  6.3417   63.25717   25.70451   37.2673  140.7911    2.70300    0.02839
  6.3500   63.19656   26.20329   37.2653  140.8057    2.57500   -0.01063
  6.3583   63.13517   26.70032   37.2633  140.8202    2.49200   -0.02828
  6.3667   63.07300   27.19557   37.2612  140.8347    2.53900    0.04631
  6.3750   63.01005   27.68906   37.2590  140.8493    2.73500    0.19176
  6.3833   62.94633   28.18076   37.2568  140.8638    2.89200    0.31139
  6.3917   62.88185   28.67067   37.2545  140.8783    2.84900    0.29387
  6.4000   62.81660   29.15879   37.2522  140.8928    2.58000    0.14935
  6.4083   62.75060   29.64511   37.2498  140.9073    2.29100   -0.02015
  6.4167   62.68385   30.12963   37.2474  140.9217    2.14000   -0.12415
  6.4250   62.61636   30.61233   37.2449  140.9362    2.09300   -0.11382
  6.4333   62.54812   31.09323   37.2424  140.9507    2.21500   -0.03468
  6.4417   62.47914   31.57231   37.2398  140.9651    2.32700    0.02876
  6.4500   62.40943   32.04957   37.2372  140.9796    2.22800    0.03347
  6.4583   62.33899   32.52501   37.2345  140.9940    2.12300   -0.03164
  6.4667   62.26783   32.99862   37.2317  141.0084    1.95600   -0.11583
  6.4750   62.19594   33.47041   37.2289  141.0229    1.76300   -0.21787
  6.4833   62.12335   33.94037   37.2260  141.0373    1.60000   -0.24683
  6.4917   62.05004   34.40851   37.2231  141.0517    1.70900   -0.12326
  6.5000   61.97603   34.87481   37.2202  141.0661    2.06000    0.07444
  6.5083   61.90131   35.33929   37.2172  141.0805    2.16500    0.21563
  6.5167   61.82590   35.80193   37.2141  141.0948    2.07800    0.20606
  6.5250   61.74980   36.26275   37.2110  141.1092    1.89900    0.12378
  6.5333   61.67301   36.72174   37.2078  141.1236    1.74100    0.03001
  6.5417   61.59553   37.17890   37.2046  141.1379    1.61600   -0.01066
  6.5500   61.51737   37.63424   37.2013  141.1523    1.64200   -0.01838
  6.5583   61.43854   38.08775   37.1980  141.1666    1.62700   -0.00267
  6.5667   61.35904   38.53945   37.1946  141.1809    1.61100   -0.01560
  6.5750   61.27887   38.98932   37.1911  141.1953    1.54900   -0.03306
  6.5833   61.19804   39.43737   37.1877  141.2096    1.49400   -0.06131
  6.5917   61.11655   39.88361   37.1841  141.2239    1.40200   -0.09984
  6.6000   61.03441   40.32804   37.1805  141.2382    1.28300   -0.12649
  6.6083   60.95161   40.77066   37.1769  141.2525    1.27800   -0.11782
  6.6167   60.86817   41.21148   37.1732  141.2668    1.33000   -0.05234
  6.6250   60.78409   41.65049   37.1695  141.2810    1.41700    0.01748
  6.6333   60.69937   42.08771   37.1657  141.2953    1.42400    0.06088
  6.6417   60.61401   42.52314   37.1618  141.3096    1.37700    0.06886
  6.6500   60.52803   42.95678   37.1579  141.3238    1.33300    0.05033
  6.6583   60.44142   43.38864   37.1540  141.3381    1.25300    0.02476
  6.6667   60.35419   43.81871   37.1500  141.3523    1.19200    0.03284
  6.6750   60.26634   44.24702   37.1460  141.3666    1.28200    0.05989
  6.6833   60.17788   44.67356   37.1419  141.3808    1.28200    0.09021
  6.6917   60.08880   45.09834   37.1377  141.3950    1.23400    0.05228
  6.7000   59.99912   45.52136   37.1335  141.4092    1.07600   -0.00886
  6.7083   59.90884   45.94263   37.1293  141.4234    0.96700   -0.05833
  6.7167   59.81796   46.36215   37.1250  141.4376    0.93600   -0.08309
  6.7250   59.72648   46.77994   37.1206  141.4518    0.86300   -0.06246
  6.7333   59.63441   47.19599   37.1162  141.4660    0.93200   -0.02305
  6.7417   59.54175   47.61032   37.1118  141.4802    0.99400    0.04409
  6.7500   59.44851   48.02293   37.1073  141.4944    1.02600    0.07611
  6.7583   59.35469   48.43383   37.1027  141.5086    0.95800    0.05515
  6.7667   59.26029   48.84302   37.0981  141.5228    0.81000   -0.01199
  6.7750   59.16531   49.25051   37.0935  141.5369    0.66300   -0.10007
  6.7833   59.06977   49.65631   37.0888  141.5511    0.53100   -0.15453
  6.7917   58.97366   50.06043   37.0841  141.5653    0.52700   -0.11901
  6.8000   58.87698   50.46287   37.0793  141.5794    0.72500   -0.00865
  6.8083   58.77975   50.86364   37.0744  141.5936    0.88000    0.10571
  6.8167   58.68196   51.26274   37.0695  141.6077    0.89800    0.11511
  6.8250   58.58362   51.66019   37.0646  141.6219    0.72500    0.02298
  6.8333   58.48472   52.05600   37.0596  141.6360    0.50800   -0.10433
  6.8417   58.38528   52.45016   37.0545  141.6501    0.39000   -0.18355
  6.8500   58.28530   52.84269   37.0495  141.6643    0.38500   -0.18200
  6.8583   58.18478   53.23359   37.0443  141.6784    0.46200   -0.10571
  6.8667   58.08372   53.62288   37.0391  141.6925    0.62200    0.00674
  6.8750   57.98212   54.01056   37.0339  141.7067    0.75600    0.10952
  6.8833   57.88000   54.39664   37.0286  141.7208    0.79300    0.15582
  6.8917   57.77735   54.78113   37.0232  141.7349    0.72900    0.14892
  6.9000   57.67417   55.16403   37.0178  141.7490    0.64400    0.11016
  6.9083   57.57047   55.54535   37.0124  141.7631    0.55900    0.06755
  6.9167   57.46626   55.92510   37.0069  141.7773    0.49600    0.04486
  6.9250   57.36152   56.30330   37.0014  141.7914    0.50200    0.03453
  6.9333   57.25628   56.67994   36.9958  141.8055    0.46800    0.03000
  6.9417   57.15053   57.05503   36.9901  141.8196    0.42100    0.03957
  6.9500   57.04427   57.42859   36.9845  141.8337    0.46200    0.04358
  6.9583   56.93750   57.80062   36.9787  141.8478    0.39500    0.01891
  6.9667   56.83024   58.17113   36.9729  141.8620    0.23700   -0.03083
  6.9750   56.72247   58.54013   36.9671  141.8761    0.19000   -0.06416
  6.9833   56.61422   58.90762   36.9612  141.8902    0.19000   -0.06948
  6.9917   56.50547   59.27362   36.9552  141.9043    0.14400   -0.07944
  7.0000   56.39623   59.63813   36.9492  141.9184    0.09400   -0.11904
  7.0083   56.28650   60.00116   36.9432  141.9325    0.00000   -0.14426
  7.0167   56.17629   60.36273   36.9371  141.9466    0.01700   -0.15020
  7.0250   56.06559   60.72282   36.9310  141.9607    0.05200   -0.11760
  7.0333   55.95442   61.08147   36.9248  141.9749    0.11400   -0.08455
  7.0417   55.84277   61.43866   36.9185  141.9890    0.15300   -0.06224
  7.0500   55.73065   61.79442   36.9122  142.0031    0.16700   -0.05461
  7.0583   55.61806   62.14875   36.9059  142.0172    0.18400   -0.05918
  7.0667   55.50500   62.50166   36.8995  142.0313    0.17500   -0.06165
  7.0750   55.39147   62.85315   36.8930  142.0455    0.18900   -0.05198
  7.0833   55.27748   63.20323   36.8865  142.0596    0.24800   -0.02338
  7.0917   55.16302   63.55192   36.8800  142.0737    0.32000    0.02779
  7.1000   55.04811   63.89922   36.8734  142.0879    0.43600    0.09495
  7.1083   54.93274   64.24514   36.8667  142.1020    0.57600    0.15436
  7.1167   54.81692   64.58968   36.8600  142.1162    0.63000    0.16744
  7.1250   54.70065   64.93286   36.8532  142.1303    0.57300    0.10925
  7.1333   54.58392   65.27468   36.8464  142.1445    0.43800    0.01366
  7.1417   54.46675   65.61515   36.8396  142.1586    0.33800   -0.06306
  7.1500   54.34914   65.95427   36.8327  142.1728    0.33800   -0.10914
  7.1583   54.23109   66.29207   36.8257  142.1870    0.31700   -0.10784
  7.1667   54.11259   66.62853   36.8187  142.2011    0.39900   -0.05213
  7.1750   53.99366   66.96368   36.8116  142.2153    0.61000    0.03770
  7.1833   53.87429   67.29752   36.8045  142.2295    0.71600    0.10019
  7.1917   53.75449   67.63005   36.7973  142.2437    0.68900    0.08898
  7.2000   53.63425   67.96129   36.7901  142.2579    0.61100    0.01530
  7.2083   53.51359   68.29124   36.7828  142.2721    0.47500   -0.07136
  7.2167   53.39250   68.61990   36.7754  142.2863    0.40200   -0.12990
  7.2250   53.27099   68.94730   36.7680  142.3005    0.44000   -0.11817
  7.2333   53.14905   69.27343   36.7606  142.3147    0.57400   -0.06172
  7.2417   53.02670   69.59830   36.7531  142.3290    0.67800    0.02957
  7.2500   52.90393   69.92192   36.7455  142.3432    0.85000    0.09187
  7.2583   52.78074   70.24430   36.7379  142.3575    0.87400    0.11183
  7.2667   52.65713   70.56544   36.7303  142.3717    0.80500    0.07395
  7.2750   52.53312   70.88535   36.7226  142.3860    0.74700    0.02773
  7.2833   52.40869   71.20404   36.7148  142.4003    0.73500   -0.01087
  7.2917   52.28386   71.52152   36.7070  142.4146    0.70600   -0.03290
  7.3000   52.15862   71.83778   36.6991  142.4289    0.72500   -0.04484
  7.3083   52.03298   72.15285   36.6911  142.4432    0.76200   -0.02876
  7.3167   51.90693   72.46673   36.6832  142.4575    0.83600   -0.00017
  7.3250   51.78049   72.77941   36.6751  142.4718    0.89500    0.03612
  7.3333   51.65364   73.09092   36.6670  142.4862    0.94800    0.03878
  7.3417   51.52641   73.40125   36.6588  142.5005    0.89200    0.01621
  7.3500   51.39877   73.71042   36.6506  142.5149    0.85600   -0.02173
  7.3583   51.27075   74.01843   36.6423  142.5293    0.85600   -0.03697
  7.3667   51.14233   74.32529   36.6340  142.5437    0.88600   -0.04592
  7.3750   51.01353   74.63100   36.6256  142.5581    0.87700   -0.04764
  7.3833   50.88433   74.93557   36.6172  142.5725    0.91000   -0.04377
  7.3917   50.75476   75.23901   36.6087  142.5869    0.97100   -0.02467
  7.4000   50.62480   75.54132   36.6001  142.6013    1.02700   -0.00286
  7.4083   50.49446   75.84251   36.5915  142.6158    1.07400    0.03084
  7.4167   50.36374   76.14259   36.5828  142.6303    1.17300    0.04083
  7.4250   50.23264   76.44156   36.5741  142.6448    1.13600    0.01786
  7.4333   50.10117   76.73944   36.5653  142.6593    1.06000   -0.03207
  7.4417   49.96932   77.03621   36.5565  142.6738    1.06300   -0.06217
  7.4500   49.83710   77.33190   36.5475  142.6883    1.10500   -0.06197
  7.4583   49.70451   77.62650   36.5386  142.7029    1.15200   -0.03229
  7.4667   49.57155   77.92003   36.5295  142.7174    1.28000    0.00964
  7.4750   49.43823   78.21249   36.5204  142.7320    1.38000    0.04061
  7.4833   49.30453   78.50389   36.5113  142.7466    1.38900    0.02338
  7.4917   49.17048   78.79422   36.5021  142.7612    1.33000   -0.00913
  7.5000   49.03606   79.08351   36.4928  142.7759    1.36500   -0.03811
  7.5083   48.90129   79.37175   36.4835  142.7905    1.38400   -0.05760
  7.5167   48.76615   79.65894   36.4741  142.8052    1.36400   -0.06821
  7.5250   48.63066   79.94511   36.4646  142.8199    1.43900   -0.05401
  7.5333   48.49481   80.23024   36.4551  142.8346    1.55700   -0.00978
  7.5417   48.35861   80.51435   36.4455  142.8493    1.65600    0.03391
  7.5500   48.22206   80.79744   36.4359  142.8641    1.73000    0.05864
  7.5583   48.08515   81.07951   36.4262  142.8789    1.77200    0.05881
  7.5667   47.94790   81.36058   36.4164  142.8937    1.77000    0.05217
  7.5750   47.81030   81.64065   36.4065  142.9085    1.81600    0.03652
  7.5833   47.67236   81.91973   36.3966  142.9233    1.82200    0.01843
  7.5917   47.53407   82.19781   36.3867  142.9382    1.80900   -0.00894
  7.6000   47.39544   82.47490   36.3766  142.9531    1.82000   -0.03206
  7.6083   47.25647   82.75102   36.3666  142.9680    1.85100   -0.02908
  7.6167   47.11716   83.02616   36.3564  142.9829    1.94800   -0.00435
  7.6250   46.97752   83.30033   36.3462  142.9979    2.04600    0.01914
  7.6333   46.83753   83.57353   36.3359  143.0129    2.07100    0.01946
  7.6417   46.69722   83.84577   36.3255  143.0279    2.07800   -0.00884
  7.6500   46.55657   84.11706   36.3151  143.0429    2.06800   -0.05114
  7.6583   46.41559   84.38740   36.3046  143.0580    2.04400   -0.09637
  7.6667   46.27428   84.65679   36.2940  143.0731    2.04900   -0.12036
  7.6750   46.13264   84.92525   36.2834  143.0882    2.13500   -0.10456
  7.6833   45.99068   85.19276   36.2727  143.1033    2.28200   -0.07220
  7.6917   45.84839   85.45935   36.2619  143.1185    2.36600   -0.04328
  7.7000   45.70578   85.72501   36.2511  143.1337    2.44700   -0.02733
  7.7083   45.56285   85.98975   36.2402  143.1490    2.54600   -0.01680
  7.7167   45.41959   86.25357   36.2292  143.1642    2.60800   -0.01237
  7.7250   45.27602   86.51648   36.2181  143.1795    2.66800   -0.01086
  7.7333   45.13213   86.77848   36.2070  143.1949    2.76700   -0.00717
  7.7417   44.98793   87.03958   36.1958  143.2102    2.85500   -0.00339
  7.7500   44.84341   87.29978   36.1845  143.2256    2.93300   -0.00935
  7.7583   44.69858   87.55909   36.1732  143.2410    3.00200   -0.00918
  7.7667   44.55344   87.81750   36.1618  143.2565    3.11900   -0.00146
  7.7750   44.40799   88.07503   36.1503  143.2720    3.22900    0.00626
  7.7833   44.26223   88.33168   36.1387  143.2875    3.30000   -0.00741
  7.7917   44.11616   88.58745   36.1271  143.3031    3.33100   -0.02472
  7.8000   43.96979   88.84235   36.1153  143.3186    3.42500   -0.02917
  7.8083   43.82312   89.09638   36.1036  143.3343    3.54600   -0.02052
  7.8167   43.67614   89.34954   36.0917  143.3499    3.62900   -0.01035
  7.8250   43.52887   89.60185   36.0797  143.3656    3.73000   -0.01440
  7.8333   43.38129   89.85330   36.0677  143.3814    3.79600   -0.00342
  7.8417   43.23342   90.10389   36.0556  143.3972    3.94500    0.01198
  7.8500   43.08525   90.35364   36.0434  143.4130    4.06700    0.02933
  7.8583   42.93678   90.60254   36.0312  143.4289    4.14300    0.03445
  7.8667   42.78803   90.85060   36.0188  143.4448    4.24400    0.02141
  7.8750   42.63898   91.09782   36.0064  143.4607    4.29500   -0.00735
  7.8833   42.48964   91.34421   35.9939  143.4767    4.31000   -0.03342
  7.8917   42.34001   91.58977   35.9813  143.4927    4.42500   -0.04205
  7.9000   42.19010   91.83451   35.9687  143.5088    4.55200   -0.03212
  7.9083   42.03990   92.07842   35.9559  143.5249    4.65000   -0.03335
  7.9167   41.88942   92.32152   35.9431  143.5411    4.72500   -0.03297
  7.9250   41.73865   92.56380   35.9301  143.5573    4.86000   -0.02718
  7.9333   41.58760   92.80526   35.9171  143.5735    4.97600   -0.01341
  7.9417   41.43627   93.04592   35.9040  143.5898    5.07900   -0.00851
  7.9500   41.28467   93.28578   35.8909  143.6062    5.17300   -0.00681
  7.9583   41.13278   93.52484   35.8776  143.6226    5.27700   -0.00445
  7.9667   40.98063   93.76310   35.8643  143.6391    5.38500    0.00858
  7.9750   40.82819   94.00056   35.8508  143.6555    5.52200    0.03210
  7.9833   40.67549   94.23724   35.8373  143.6721    5.66500    0.05741
  7.9917   40.52251   94.47312   35.8237  143.6887    5.77400    0.07112
  8.0000   40.36927   94.70823   35.8099  143.7054    5.85900    0.06336
  8.0083   40.21575   94.94255   35.7961  143.7221    5.90500    0.05453
  8.0167   40.06197   95.17609   35.7822  143.7388    6.00100    0.05103
  8.0250   39.90793   95.40887   35.7683  143.7556    6.09800    0.05467
  8.0333   39.75362   95.64087   35.7542  143.7725    6.16400    0.04932
  8.0417   39.59905   95.87210   35.7400  143.7894    6.20900    0.02669
  8.0500   39.44422   96.10257   35.7257  143.8064    6.21700    0.00899
  8.0583   39.28913   96.33227   35.7113  143.8235    6.29200    0.01040
  8.0667   39.13378   96.56122   35.6969  143.8406    6.41000    0.02757
  8.0750   38.97817   96.78941   35.6823  143.8578    6.47900    0.04177
  8.0833   38.82231   97.01685   35.6676  143.8750    6.53600    0.04057
  8.0917   38.66620   97.24354   35.6529  143.8923    6.58100    0.03413
  8.1000   38.50983   97.46948   35.6380  143.9096    6.62000    0.02037
  8.1083   38.35321   97.69468   35.6230  143.9271    6.63200    0.00715
  8.1167   38.19635   97.91914   35.6079  143.9445    6.66600   -0.00658
  8.1250   38.03924   98.14286   35.5928  143.9621    6.69200   -0.01023
  8.1333   37.88188   98.36585   35.5775  143.9797    6.74600   -0.00219
  8.1417   37.72427   98.58810   35.5621  143.9974    6.83200    0.01627
  8.1500   37.56643   98.80962   35.5466  144.0152    6.90200    0.04245
  8.1583   37.40834   99.03042   35.5310  144.0330    6.98500    0.05313
  8.1667   37.25001   99.25049   35.5153  144.0509    6.99300    0.05254
  8.1750   37.09144   99.46984   35.4994  144.0688    7.00700    0.03364
  8.1833   36.93263   99.68847   35.4835  144.0869    7.00100    0.01396
  8.1917   36.77359   99.90638   35.4674  144.1050    7.00200   -0.00449
  8.2000   36.61432  100.12358   35.4513  144.1232    7.01900   -0.01447
  8.2083   36.45481  100.34007   35.4350  144.1415    7.05200   -0.01294
  8.2167   36.29507  100.55585   35.4186  144.1598    7.10600   -0.00583
  8.2250   36.13510  100.77092   35.4021  144.1783    7.14600    0.00295
  8.2333   35.97490  100.98529   35.3854  144.1968    7.18200    0.00789
  8.2417   35.81447  101.19896   35.3687  144.2154    7.21100    0.01053
  8.2500   35.65382  101.41193   35.3518  144.2341    7.23600    0.00797
  8.2583   35.49294  101.62420   35.3348  144.2528    7.24400    0.00109
  8.2667   35.33184  101.83578   35.3177  144.2717    7.25200   -0.00533
  8.2750   35.17052  102.04666   35.3005  144.2906    7.27900   -0.00567
  8.2833   35.00898  102.25686   35.2831  144.3096    7.31500    0.00092
  8.2917   34.84722  102.46637   35.2656  144.3287    7.35400    0.00927
  8.3000   34.68525  102.67520   35.2480  144.3479    7.38300    0.02087
  8.3083   34.52306  102.88334   35.2302  144.3672    7.42800    0.03270
  8.3167   34.36065  103.09080   35.2123  144.3866    7.45800    0.04165
  8.3250   34.19803  103.29759   35.1943  144.4061    7.46400    0.04517
  8.3333   34.03521  103.50370   35.1761  144.4257    7.47000    0.04416
  8.3417   33.87217  103.70913   35.1579  144.4453    7.46700    0.04591
  8.3500   33.70892  103.91389   35.1394  144.4651    7.47400    0.04608
  8.3583   33.54547  104.11799   35.1209  144.4850    7.46200    0.05150
  8.3667   33.38181  104.32141   35.1021  144.5050    7.47400    0.05236
  8.3750   33.21795  104.52418   35.0833  144.5251    7.45000    0.05859
  8.3833   33.05389  104.72627   35.0643  144.5452    7.45700    0.05334
  8.3917   32.88962  104.92771   35.0452  144.5655    7.40400    0.04940
  8.4000   32.72516  105.12849   35.0259  144.5860    7.37800    0.03165
  8.4083   32.56050  105.32861   35.0064  144.6065    7.30500    0.01777
  8.4167   32.39564  105.52808   34.9868  144.6271    7.26000   -0.00440
  8.4250   32.23059  105.72689   34.9671  144.6478    7.18000   -0.01534
  8.4333   32.06534  105.92505   34.9472  144.6687    7.15300   -0.02198
  8.4417   31.89990  106.12256   34.9271  144.6897    7.12200   -0.01278
  8.4500   31.73427  106.31943   34.9069  144.7108    7.11900   -0.00017
  8.4583   31.56846  106.51565   34.8866  144.7319    7.11000    0.01332
  8.4667   31.40245  106.71122   34.8660  144.7533    7.08600    0.02206
  8.4750   31.23626  106.90615   34.8453  144.7747    7.06400    0.01860
  8.4833   31.06989  107.10045   34.8245  144.7963    6.99600    0.00351
  8.4917   30.90333  107.29410   34.8034  144.8180    6.91900   -0.02068
  8.5000   30.73659  107.48712   34.7822  144.8399    6.85500   -0.04255
  8.5083   30.56967  107.67951   34.7608  144.8618    6.80900   -0.05952
  8.5167   30.40257  107.87126   34.7393  144.8840    6.76600   -0.06151
  8.5250   30.23529  108.06238   34.7176  144.9062    6.78800   -0.05546
  8.5333   30.06784  108.25287   34.6957  144.9286    6.78700   -0.03948
  8.5417   29.90022  108.44273   34.6736  144.9511    6.79900   -0.02530
  8.5500   29.73242  108.63197   34.6513  144.9738    6.81500   -0.01594
  8.5583   29.56445  108.82059   34.6288  144.9966    6.79300   -0.00931
  8.5667   29.39631  109.00858   34.6062  145.0195    6.79500   -0.00832
  8.5750   29.22800  109.19594   34.5834  145.0426    6.78900   -0.00330
  8.5833   29.05953  109.38269   34.5603  145.0658    6.79800    0.00257
  8.5917   28.89089  109.56883   34.5371  145.0892    6.81400    0.00415
  8.6000   28.72208  109.75434   34.5137  145.1128    6.79100    0.00203
  8.6083   28.55312  109.93924   34.4901  145.1365    6.78300    0.00096
  8.6167   28.38399  110.12353   34.4663  145.1604    6.80700    0.00497
  8.6250   28.21470  110.30721   34.4422  145.1844    6.81100    0.01079
  8.6333   28.04526  110.49027   34.4180  145.2086    6.81100    0.00589
  8.6417   27.87566  110.67273   34.3935  145.2330    6.77500    0.00494
  8.6500   27.70590  110.85458   34.3689  145.2575    6.80100   -0.00128
  8.6583   27.53599  111.03583   34.3440  145.2822    6.77400   -0.00306
  8.6667   27.36593  111.21647   34.3189  145.3071    6.76300   -0.00879
  8.6750   27.19572  111.39650   34.2935  145.3321    6.76600   -0.00970
  8.6833   27.02535  111.57594   34.2680  145.3573    6.76800   -0.00571
  8.6917   26.85484  111.75477   34.2422  145.3827    6.78600   -0.00394
  8.7000   26.68419  111.93301   34.2162  145.4083    6.77800   -0.00678
  8.7083   26.51339  112.11065   34.1899  145.4341    6.75200   -0.00675
  8.7167   26.34244  112.28770   34.1634  145.4601    6.78400   -0.00681
  8.7250   26.17136  112.46415   34.1367  145.4862    6.77600   -0.00212
  8.7333   26.00013  112.64000   34.1097  145.5126    6.77600   -0.00021
  8.7417   25.82877  112.81527   34.0825  145.5392    6.79300    0.00216
  8.7500   25.65726  112.98994   34.0550  145.5659    6.78500    0.00928
  8.7583   25.48562  113.16403   34.0273  145.5929    6.81300    0.01102
  8.7667   25.31385  113.33752   33.9993  145.6200    6.79800    0.01624
  8.7750   25.14194  113.51043   33.9710  145.6474    6.80800    0.01650
  8.7833   24.96991  113.68276   33.9425  145.6750    6.80300    0.01601
  8.7917   24.79774  113.85450   33.9137  145.7028    6.78000    0.01493
  8.8000   24.62544  114.02566   33.8846  145.7308    6.78500    0.01125
  8.8083   24.45301  114.19623   33.8552  145.7591    6.76300    0.01162
  8.8167   24.28046  114.36623   33.8256  145.7876    6.76100    0.00495
  8.8250   24.10779  114.53564   33.7957  145.8163    6.72100    0.00322
  8.8333   23.93499  114.70448   33.7654  145.8452    6.72500    0.00593
  8.8417   23.76207  114.87274   33.7349  145.8744    6.74600    0.00721
  8.8500   23.58903  115.04042   33.7041  145.9038    6.69200    0.00429
  8.8583   23.41587  115.20753   33.6730  145.9335    6.66600   -0.00121
  8.8667   23.24259  115.37407   33.6415  145.9633    6.66500    0.00180
  8.8750   23.06920  115.54003   33.6098  145.9935    6.66100    0.00661
  8.8833   22.89570  115.70542   33.5777  146.0239    6.64200    0.00897
  8.8917   22.72208  115.87024   33.5453  146.0546    6.62400    0.01335
  8.9000   22.54834  116.03450   33.5126  146.0855    6.62900    0.01285
  8.9083   22.37450  116.19818   33.4796  146.1167    6.57800    0.01584
  8.9167   22.20055  116.36129   33.4462  146.1481    6.58100    0.01116
  8.9250   22.02650  116.52384   33.4124  146.1799    6.53300    0.01390
  8.9333   21.85233  116.68583   33.3783  146.2119    6.52500    0.00681
  8.9417   21.67806  116.84725   33.3439  146.2442    6.46000    0.00735
  8.9500   21.50369  117.00810   33.3091  146.2767    6.46000    0.00270
  8.9583   21.32922  117.16840   33.2739  146.3096    6.41700    0.00351
  8.9667   21.15465  117.32813   33.2384  146.3428    6.38600    0.00140
  8.9750   20.97998  117.48730   33.2025  146.3762    6.36500    0.00187
  8.9833   20.80521  117.64592   33.1662  146.4100    6.33100    0.00686
  8.9917   20.63034  117.80397   33.1295  146.4440    6.32500    0.00849
  9.0000   20.45538  117.96147   33.0924  146.4784    6.27400    0.00689
  9.0083   20.28033  118.11841   33.0549  146.5131    6.21500    0.00218
  9.0167   20.10518  118.27479   33.0170  146.5481    6.18200    0.00300
  9.0250   19.92995  118.43062   32.9787  146.5835    6.16800    0.01200
  9.0333   19.75462  118.58590   32.9400  146.6191    6.16400    0.02038
  9.0417   19.57921  118.74062   32.9009  146.6551    6.12700    0.02608
  9.0500   19.40371  118.89479   32.8613  146.6914    6.09300    0.01598
  9.0583   19.22813  119.04841   32.8213  146.7281    5.98100    0.00850
  9.0667   19.05246  119.20148   32.7808  146.7651    5.96600   -0.00403
  9.0750   18.87671  119.35400   32.7399  146.8025    5.90100   -0.01320
  9.0833   18.70088  119.50597   32.6985  146.8403    5.82000   -0.02403
  9.0917   18.52497  119.65739   32.6566  146.8784    5.80200   -0.03119
  9.1000   18.34898  119.80827   32.6143  146.9168    5.77400   -0.03373
  9.1083   18.17292  119.95859   32.5715  146.9557    5.73400   -0.04097
  9.1167   17.99678  120.10838   32.5281  146.9949    5.68700   -0.04853
  9.1250   17.82056  120.25761   32.4843  147.0345    5.66000   -0.05142
  9.1333   17.64428  120.40631   32.4400  147.0745    5.65400   -0.04417
  9.1417   17.46792  120.55446   32.3952  147.1148    5.68500   -0.03304
  9.1500   17.29149  120.70206   32.3498  147.1556    5.68900   -0.01768
  9.1583   17.11499  120.84913   32.3039  147.1968    5.72000   -0.00369
  9.1667   16.93843  120.99565   32.2575  147.2384    5.74600    0.01188
  9.1750   16.76180  121.14163   32.2105  147.2804    5.76900    0.02327
  9.1833   16.58510  121.28707   32.1630  147.3229    5.77800    0.03082
  9.1917   16.40834  121.43198   32.1149  147.3657    5.78600    0.03325
  9.2000   16.23152  121.57634   32.0662  147.4090    5.78500    0.02412
  9.2083   16.05464  121.72017   32.0169  147.4528    5.72000    0.00925
  9.2167   15.87770  121.86345   31.9671  147.4970    5.69400   -0.00951
  9.2250   15.70070  122.00621   31.9166  147.5416    5.66700   -0.02467
  9.2333   15.52364  122.14842   31.8655  147.5867    5.63000   -0.03893
  9.2417   15.34653  122.29010   31.8138  147.6322    5.60900   -0.04743
  9.2500   15.16936  122.43125   31.7615  147.6783    5.62400   -0.04737
  9.2583   14.99214  122.57186   31.7085  147.7247    5.65300   -0.03752
  9.2667   14.81487  122.71194   31.6548  147.7717    5.70900   -0.02202
  9.2750   14.63754  122.85148   31.6005  147.8192    5.77000   -0.00907
  9.2833   14.46017  122.99049   31.5455  147.8672    5.78200    0.00072
  9.2917   14.28275  123.12897   31.4899  147.9156    5.81900    0.00642
  9.3000   14.10529  123.26692   31.4335  147.9646    5.85500    0.00924
  9.3083   13.92778  123.40434   31.3764  148.0140    5.84800    0.00950
  9.3167   13.75022  123.54123   31.3186  148.0640    5.86900    0.00743
  9.3250   13.57262  123.67758   31.2601  148.1145    5.89200    0.01026
  9.3333   13.39498  123.81341   31.2008  148.1656    5.93500    0.01069
  9.3417   13.21730  123.94871   31.1408  148.2172    5.94500    0.00830
  9.3500   13.03958  124.08348   31.0800  148.2693    5.95200    0.00451
  9.3583   12.86182  124.21772   31.0184  148.3220    5.98800   -0.00221
  9.3667   12.68403  124.35144   30.9560  148.3752    5.98100   -0.00985
  9.3750   12.50620  124.48463   30.8929  148.4290    5.98700   -0.02848
  9.3833   12.32833  124.61729   30.8289  148.4834    5.93600   -0.04224
  9.3917   12.15044  124.74942   30.7641  148.5383    5.97100   -0.05230
  9.4000   11.97251  124.88103   30.6984  148.5938    6.01200   -0.04771
  9.4083   11.79455  125.01212   30.6319  148.6499    6.09300   -0.04147
  9.4167   11.61656  125.14268   30.5645  148.7066    6.15200   -0.03042
  9.4250   11.43854  125.27271   30.4962  148.7639    6.24300   -0.02003
  9.4333   11.26050  125.40223   30.4271  148.8218    6.32800   -0.00679
  9.4417   11.08243  125.53121   30.3570  148.8803    6.42100    0.00204
  9.4500   10.90433  125.65968   30.2860  148.9394    6.48700    0.00189
  9.4583   10.72621  125.78762   30.2141  148.9992    6.50400   -0.00666
  9.4667   10.54807  125.91504   30.1413  149.0596    6.54200   -0.01378
  9.4750   10.36991  126.04194   30.0674  149.1206    6.63100   -0.01326
  9.4833   10.19173  126.16831   29.9926  149.1822    6.72400   -0.00628
  9.4917   10.01353  126.29417   29.9169  149.2445    6.81200   -0.00233
  9.5000    9.83531  126.41950   29.8401  149.3075    6.87300    0.00018
  9.5083    9.65708  126.54431   29.7622  149.3711    6.95100    0.00034
  9.5167    9.47883  126.66860   29.6834  149.4353    7.03200    0.00462
  9.5250    9.30056  126.79238   29.6035  149.5003    7.13500    0.00206
  9.5333    9.12228  126.91563   29.5225  149.5659    7.15700    0.00800
  9.5417    8.94399  127.03836   29.4405  149.6322    7.31900    0.00264
  9.5500    8.76569  127.16057   29.3574  149.6992    7.33800   -0.00030
  9.5583    8.58738  127.28226   29.2732  149.7668    7.36600   -0.02286
  9.5667    8.40907  127.40344   29.1878  149.8352    7.34500   -0.03201
  9.5750    8.23074  127.52409   29.1013  149.9042    7.48600   -0.03708
  9.5833    8.05241  127.64423   29.0137  149.9740    7.54900   -0.00757
  9.5917    7.87407  127.76385   28.9249  150.0444    7.84000    0.00417
  9.6000    7.69573  127.88295   28.8349  150.1156    7.85400    0.00142
  9.6083    7.51738  128.00153   28.7437  150.1875    7.89000   -0.00708
  9.6167    7.33904  128.11960   28.6514  150.2601    8.10200    0.00000

