hmax        =    300
wind_bottom =      2
wind_top    =     10
critlon     =      0
tbeg, h     =   0.00
tend, h     =  24.00
c_ionex     =      0
c_vert      =      1
time, gamma, az, latp, lonp, tec, tec_filtered
  4.1250    9.36752  198.78799   26.4001  136.4396  131.74200    0.00000
  4.1333    9.57604  198.80524   26.5071  136.4723  129.84100   -0.00209
  4.1417    9.78491  198.82301   26.6126  136.5047  127.96900   -0.01233
  4.1500    9.99412  198.84129   26.7168  136.5365  126.12400   -0.02951
  4.1583   10.20366  198.86008   26.8196  136.5680  124.34600   -0.05247
  4.1667   10.41354  198.87936   26.9210  136.5990  122.59600   -0.07000
  4.1750   10.62376  198.89917   27.0211  136.6296  120.93100   -0.08488
  4.1833   10.83431  198.91949   27.1198  136.6598  119.28000   -0.09806
  4.1917   11.04520  198.94031   27.2172  136.6895  117.64600   -0.11294
  4.2000   11.25642  198.96164   27.3134  136.7189  116.06400   -0.12928
  4.2083   11.46798  198.98349   27.4082  136.7478  114.47200   -0.12038
  4.2167   11.67987  199.00584   27.5018  136.7764  112.87400   -0.11016
  4.2250   11.89210  199.02870   27.5941  136.8046  111.37100   -0.10607
  4.2333   12.10466  199.05206   27.6852  136.8323  109.79300   -0.09330
  4.2417   12.31755  199.07594   27.7751  136.8597  108.33000   -0.08142
  4.2500   12.53077  199.10036   27.8638  136.8867  106.87801   -0.06503
  4.2583   12.74432  199.12524   27.9513  136.9134  105.39000   -0.05676
  4.2667   12.95820  199.15067   28.0377  136.9396  103.91000   -0.05497
  4.2750   13.17241  199.17659   28.1229  136.9655  102.45500   -0.05386
  4.2833   13.38695  199.20303   28.2069  136.9911  101.01601   -0.06014
  4.2917   13.60182  199.22998   28.2899  137.0163   99.53500   -0.07428
  4.3000   13.81701  199.25745   28.3717  137.0411   98.08500   -0.09492
  4.3083   14.03253  199.28542   28.4525  137.0656   96.66300   -0.11922
  4.3167   14.24837  199.31390   28.5321  137.0898   95.23000   -0.14515
  4.3250   14.46454  199.34290   28.6108  137.1136   93.84200   -0.17241
  4.3333   14.68104  199.37242   28.6884  137.1371   92.49200   -0.20006
  4.3417   14.89786  199.40245   28.7650  137.1603   91.14000   -0.22551
  4.3500   15.11500  199.43298   28.8405  137.1832   89.86000   -0.24295
  4.3583   15.33246  199.46405   28.9151  137.2057   88.66400   -0.25433
  4.3667   15.55024  199.49564   28.9887  137.2279   87.45500   -0.25255
  4.3750   15.76835  199.52773   29.0613  137.2499   86.37500   -0.25404
  4.3833   15.98677  199.56033   29.1330  137.2715   85.26000   -0.24888
  4.3917   16.20551  199.59346   29.2038  137.2928   84.20800   -0.24687
  4.4000   16.42457  199.62711   29.2736  137.3139   83.21300   -0.23396
  4.4083   16.64395  199.66127   29.3425  137.3346   82.28800   -0.21940
  4.4167   16.86364  199.69595   29.4106  137.3551   81.35500   -0.20350
  4.4250   17.08365  199.73116   29.4778  137.3753   80.47400   -0.19816
  4.4333   17.30398  199.76688   29.5441  137.3952   79.56900   -0.18555
  4.4417   17.52462  199.80312   29.6095  137.4149   78.78000   -0.17466
  4.4500   17.74557  199.83989   29.6742  137.4343   77.96800   -0.15251
  4.4583   17.96683  199.87720   29.7380  137.4534   77.21300   -0.13473
  4.4667   18.18841  199.91499   29.8010  137.4723   76.45200   -0.10994
  4.4750   18.41030  199.95334   29.8632  137.4909   75.73801   -0.08366
  4.4833   18.63249  199.99220   29.9246  137.5092   75.03500   -0.05370
  4.4917   18.85500  200.03162   29.9852  137.5274   74.33200   -0.02291
  4.5000   19.07781  200.07153   30.0451  137.5453   73.65000    0.00326
  4.5083   19.30093  200.11198   30.1043  137.5629   72.93500    0.02799
  4.5167   19.52435  200.15295   30.1627  137.5803   72.24100    0.04743
  4.5250   19.74808  200.19447   30.2204  137.5975   71.53400    0.05906
  4.5333   19.97212  200.23651   30.2773  137.6145   70.77400    0.05891
  4.5417   20.19646  200.27908   30.3336  137.6312   70.00200    0.04860
  4.5500   20.42110  200.32220   30.3892  137.6477   69.22800    0.03413
  4.5583   20.64604  200.36584   30.4441  137.6640   68.44000    0.02136
  4.5667   20.87128  200.41002   30.4984  137.6801   67.68000    0.01099
  4.5750   21.09682  200.45474   30.5520  137.6960   66.92101    0.00062
  4.5833   21.32266  200.50000   30.6050  137.7117   66.13300   -0.01170
  4.5917   21.54880  200.54581   30.6573  137.7272   65.36200   -0.02494
  4.6000   21.77523  200.59213   30.7090  137.7425   64.60201   -0.03853
  4.6083   22.00196  200.63902   30.7601  137.7576   63.82000   -0.05232
  4.6167   22.22898  200.68645   30.8106  137.7725   63.06100   -0.06803
  4.6250   22.45629  200.73442   30.8605  137.7872   62.30800   -0.07990
  4.6333   22.68390  200.78294   30.9098  137.8017   61.57500   -0.08752
  4.6417   22.91180  200.83200   30.9585  137.8161   60.87100   -0.09444
  4.6500   23.13999  200.88162   31.0067  137.8302   60.15100   -0.09699
  4.6583   23.36846  200.93179   31.0543  137.8442   59.47400   -0.10112
  4.6667   23.59722  200.98251   31.1014  137.8580   58.78800   -0.09889
  4.6750   23.82627  201.03378   31.1479  137.8717   58.13700   -0.09552
  4.6833   24.05561  201.08562   31.1940  137.8852   57.49700   -0.08957
  4.6917   24.28523  201.13802   31.2395  137.8985   56.86000   -0.08308
  4.7000   24.51513  201.19096   31.2844  137.9117   56.24500   -0.07728
  4.7083   24.74531  201.24448   31.3289  137.9247   55.63500   -0.06907
  4.7167   24.97577  201.29855   31.3729  137.9375   55.04400   -0.06140
  4.7250   25.20651  201.35320   31.4164  137.9502   54.45500   -0.05576
  4.7333   25.43753  201.40842   31.4594  137.9628   53.86100   -0.05534
  4.7417   25.66883  201.46419   31.5019  137.9751   53.26500   -0.05686
  4.7500   25.90040  201.52054   31.5440  137.9874   52.69200   -0.05932
  4.7583   26.13225  201.57747   31.5856  137.9995   52.11700   -0.05522
  4.7667   26.36437  201.63496   31.6268  138.0115   51.58600   -0.05404
  4.7750   26.59676  201.69304   31.6675  138.0233   51.02100   -0.05105
  4.7833   26.82941  201.75169   31.7078  138.0350   50.48200   -0.05298
  4.7917   27.06234  201.81094   31.7477  138.0466   49.94700   -0.05673
  4.8000   27.29554  201.87077   31.7872  138.0580   49.39700   -0.06303
  4.8083   27.52900  201.93118   31.8262  138.0693   48.87000   -0.07235
  4.8167   27.76273  201.99219   31.8648  138.0805   48.34500   -0.07931
  4.8250   27.99671  202.05377   31.9030  138.0915   47.83600   -0.08896
  4.8333   28.23096  202.11597   31.9409  138.1024   47.32100   -0.08941
  4.8417   28.46547  202.17874   31.9783  138.1133   46.87400   -0.09024
  4.8500   28.70024  202.24213   32.0153  138.1239   46.38600   -0.08696
  4.8583   28.93527  202.30611   32.0520  138.1345   45.91700   -0.08657
  4.8667   29.17055  202.37070   32.0883  138.1450   45.47600   -0.07905
  4.8750   29.40609  202.43590   32.1243  138.1553   45.05000   -0.06728
  4.8833   29.64188  202.50171   32.1599  138.1656   44.62600   -0.05529
  4.8917   29.87792  202.56813   32.1951  138.1757   44.20800   -0.04630
  4.9000   30.11421  202.63518   32.2300  138.1857   43.78800   -0.04032
  4.9083   30.35075  202.70282   32.2645  138.1956   43.37000   -0.03641
  4.9167   30.58753  202.77110   32.2987  138.2055   42.96400   -0.03554
  4.9250   30.82456  202.84001   32.3326  138.2152   42.54800   -0.03566
  4.9333   31.06183  202.90955   32.3661  138.2248   42.14400   -0.03760
  4.9417   31.29934  202.97971   32.3993  138.2343   41.74600   -0.03860
  4.9500   31.53710  203.05051   32.4322  138.2438   41.35300   -0.04322
  4.9583   31.77509  203.12195   32.4648  138.2531   40.94700   -0.04858
  4.9667   32.01331  203.19403   32.4971  138.2623   40.56001   -0.05322
  4.9750   32.25178  203.26675   32.5291  138.2715   40.18400   -0.05336
  4.9833   32.49047  203.34013   32.5607  138.2805   39.81400   -0.05097
  4.9917   32.72940  203.41417   32.5921  138.2895   39.45300   -0.04695
  5.0000   32.96855  203.48885   32.6232  138.2984   39.09900   -0.04581
  5.0083   33.20793  203.56419   32.6540  138.3072   38.72900   -0.04505
  5.0167   33.44754  203.64021   32.6845  138.3159   38.38100   -0.04389
  5.0250   33.68737  203.71690   32.7148  138.3246   38.04400   -0.03841
  5.0333   33.92743  203.79425   32.7448  138.3331   37.70900   -0.03446
  5.0417   34.16770  203.87228   32.7745  138.3416   37.36700   -0.03449
  5.0500   34.40819  203.95100   32.8039  138.3500   37.02400   -0.03650
  5.0583   34.64890  204.03040   32.8331  138.3583   36.69200   -0.03827
  5.0667   34.88982  204.11047   32.8620  138.3666   36.36200   -0.03663
  5.0750   35.13095  204.19127   32.8907  138.3748   36.04400   -0.03264
  5.0833   35.37230  204.27275   32.9191  138.3829   35.73100   -0.02609
  5.0917   35.61385  204.35493   32.9473  138.3909   35.42000   -0.01877
  5.1000   35.85561  204.43784   32.9752  138.3989   35.11200   -0.01314
  5.1083   36.09757  204.52144   33.0029  138.4068   34.79601   -0.00809
  5.1167   36.33974  204.60577   33.0304  138.4146   34.48600   -0.00211
  5.1250   36.58210  204.69083   33.0576  138.4224   34.18600    0.00236
  5.1333   36.82466  204.77661   33.0846  138.4301   33.86700    0.00589
  5.1417   37.06742  204.86311   33.1114  138.4378   33.55700    0.00489
  5.1500   37.31037  204.95038   33.1379  138.4453   33.24001    0.00478
  5.1583   37.55351  205.03838   33.1643  138.4529   32.93000    0.00028
  5.1667   37.79684  205.12714   33.1904  138.4603   32.60500   -0.00435
  5.1750   38.04036  205.21664   33.2163  138.4677   32.29300   -0.01167
  5.1833   38.28406  205.30692   33.2420  138.4751   31.97600   -0.01817
  5.1917   38.52795  205.39796   33.2675  138.4824   31.66100   -0.02565
  5.2000   38.77201  205.48978   33.2928  138.4896   31.35201   -0.03390
  5.2083   39.01625  205.58238   33.3178  138.4968   31.03900   -0.04279
  5.2167   39.26067  205.67577   33.3427  138.5039   30.72900   -0.05179
  5.2250   39.50526  205.76994   33.3674  138.5110   30.42700   -0.05458
  5.2333   39.75001  205.86494   33.3919  138.5180   30.15000   -0.05289
  5.2417   39.99494  205.96072   33.4162  138.5250   29.86700   -0.04790
  5.2500   40.24003  206.05733   33.4403  138.5320   29.58700   -0.04354
  5.2583   40.48529  206.15475   33.4643  138.5388   29.31400   -0.03719
  5.2667   40.73070  206.25302   33.4880  138.5457   29.04700   -0.02745
  5.2750   40.97627  206.35213   33.5116  138.5524   28.78900   -0.01755
  5.2833   41.22200  206.45206   33.5350  138.5592   28.52400   -0.00851
  5.2917   41.46788  206.55286   33.5582  138.5659   28.26100   -0.00272
  5.3000   41.71391  206.65450   33.5813  138.5726   27.99700    0.00116
  5.3083   41.96009  206.75702   33.6041  138.5792   27.73200    0.00098
  5.3167   42.20641  206.86041   33.6269  138.5858   27.45900   -0.00234
  5.3250   42.45287  206.96471   33.6494  138.5923   27.18800   -0.00840
  5.3333   42.69947  207.06989   33.6718  138.5988   26.91800   -0.01601
  5.3417   42.94621  207.17596   33.6940  138.6052   26.64600   -0.02259
  5.3500   43.19308  207.28294   33.7161  138.6116   26.38700   -0.02952
  5.3583   43.44008  207.39085   33.7380  138.6180   26.12300   -0.03604
  5.3667   43.68721  207.49969   33.7597  138.6244   25.86100   -0.04219
  5.3750   43.93446  207.60950   33.7813  138.6307   25.61300   -0.04901
  5.3833   44.18184  207.72021   33.8028  138.6369   25.35700   -0.05417
  5.3917   44.42933  207.83191   33.8241  138.6432   25.11300   -0.06084
  5.4000   44.67694  207.94456   33.8452  138.6494   24.87100   -0.06470
  5.4083   44.92466  208.05823   33.8662  138.6556   24.64000   -0.06727
  5.4167   45.17249  208.17285   33.8871  138.6617   24.41600   -0.06904
  5.4250   45.42043  208.28848   33.9078  138.6678   24.19300   -0.07051
  5.4333   45.66847  208.40514   33.9284  138.6739   23.97900   -0.06972
  5.4417   45.91661  208.52281   33.9488  138.6800   23.78000   -0.06620
  5.4500   46.16485  208.64153   33.9692  138.6860   23.58300   -0.06163
  5.4583   46.41318  208.76128   33.9893  138.6920   23.38800   -0.05899
  5.4667   46.66160  208.88211   34.0094  138.6980   23.19600   -0.05691
  5.4750   46.91011  209.00400   34.0293  138.7039   23.01100   -0.05452
  5.4833   47.15870  209.12698   34.0491  138.7098   22.83100   -0.04971
  5.4917   47.40737  209.25107   34.0687  138.7157   22.66100   -0.04305
  5.5000   47.65612  209.37627   34.0883  138.7216   22.49500   -0.03543
  5.5083   47.90494  209.50259   34.1077  138.7274   22.33000   -0.02883
  5.5167   48.15383  209.63005   34.1270  138.7332   22.16700   -0.02573
  5.5250   48.40278  209.75867   34.1461  138.7390   21.99700   -0.02301
  5.5333   48.65180  209.88846   34.1652  138.7448   21.83900   -0.02040
  5.5417   48.90087  210.01944   34.1841  138.7505   21.68300   -0.01789
  5.5500   49.15001  210.15163   34.2029  138.7563   21.52000   -0.01752
  5.5583   49.39919  210.28500   34.2216  138.7620   21.36100   -0.01942
  5.5667   49.64842  210.41965   34.2402  138.7677   21.20300   -0.02062
  5.5750   49.89769  210.55553   34.2586  138.7733   21.04900   -0.02064
  5.5833   50.14700  210.69266   34.2770  138.7790   20.90000   -0.01873
  5.5917   50.39634  210.83109   34.2952  138.7846   20.75401   -0.01802
  5.6000   50.64572  210.97083   34.3134  138.7902   20.60000   -0.01841
  5.6083   50.89513  211.11188   34.3314  138.7958   20.45200   -0.02011
  5.6167   51.14455  211.25426   34.3493  138.8014   20.30600   -0.02159
  5.6250   51.39400  211.39801   34.3672  138.8070   20.15701   -0.02129
  5.6333   51.64346  211.54314   34.3849  138.8125   20.01900   -0.02121
  5.6417   51.89293  211.68967   34.4025  138.8181   19.87600   -0.01824
  5.6500   52.14241  211.83762   34.4200  138.8236   19.74200   -0.01589
  5.6583   52.39189  211.98700   34.4374  138.8291   19.60600   -0.01415
  5.6667   52.64136  212.13785   34.4548  138.8346   19.46500   -0.01238
  5.6750   52.89083  212.29019   34.4720  138.8401   19.33500   -0.00968
  5.6833   53.14029  212.44403   34.4891  138.8456   19.20600   -0.00736
  5.6917   53.38973  212.59941   34.5061  138.8510   19.06700   -0.00795
  5.7000   53.63914  212.75633   34.5231  138.8565   18.93000   -0.01212
  5.7083   53.88853  212.91486   34.5399  138.8619   18.79200   -0.01495
  5.7167   54.13789  213.07497   34.5567  138.8673   18.66200   -0.01738
  5.7250   54.38721  213.23671   34.5733  138.8728   18.53100   -0.01799
  5.7333   54.63649  213.40012   34.5899  138.8782   18.40400   -0.01746
  5.7417   54.88573  213.56522   34.6064  138.8836   18.28300   -0.01726
  5.7500   55.13491  213.73203   34.6228  138.8890   18.15600   -0.01996
  5.7583   55.38403  213.90057   34.6391  138.8943   18.02400   -0.02480
  5.7667   55.63309  214.07089   34.6553  138.8997   17.90100   -0.03051
  5.7750   55.88209  214.24303   34.6714  138.9051   17.77700   -0.03435
  5.7833   56.13101  214.41699   34.6875  138.9105   17.65800   -0.03732
  5.7917   56.37985  214.59282   34.7035  138.9158   17.54500   -0.03901
  5.8000   56.62860  214.77055   34.7194  138.9212   17.43200   -0.03853
  5.8083   56.87726  214.95021   34.7352  138.9265   17.32700   -0.03684
  5.8167   57.12583  215.13185   34.7509  138.9319   17.22400   -0.03402
  5.8250   57.37429  215.31551   34.7665  138.9372   17.12000   -0.03027
  5.8333   57.62265  215.50117   34.7821  138.9425   17.02300   -0.02492
  5.8417   57.87088  215.68895   34.7976  138.9479   16.93000   -0.01807
  5.8500   58.11900  215.87885   34.8130  138.9532   16.83600   -0.01326
  5.8583   58.36698  216.07089   34.8284  138.9585   16.73700   -0.00943
  5.8667   58.61483  216.26514   34.8436  138.9638   16.64600   -0.00684
  5.8750   58.86254  216.46164   34.8588  138.9692   16.55300   -0.00449
  5.8833   59.11010  216.66042   34.8739  138.9745   16.45800   -0.00295
  5.8917   59.35750  216.86154   34.8890  138.9798   16.36800   -0.00374
  5.9000   59.60474  217.06503   34.9039  138.9851   16.27000   -0.00539
  5.9083   59.85181  217.27098   34.9188  138.9904   16.17400   -0.01058
  5.9167   60.09869  217.47939   34.9337  138.9957   16.07300   -0.01373
  5.9250   60.34540  217.69032   34.9484  139.0011   15.98100   -0.01354
  5.9333   60.59190  217.90385   34.9631  139.0064   15.89301   -0.00468
  5.9417   60.83821  218.12000   34.9777  139.0117   15.81200    0.01020
  5.9500   61.08430  218.33885   34.9923  139.0170   15.72600    0.03179
  5.9583   61.33017  218.56046   35.0068  139.0223   15.64100    0.05790
  5.9667   61.57582  218.78487   35.0212  139.0277   15.55400    0.08843
  5.9750   61.82123  219.01215   35.0355  139.0330   15.46200    0.12032
  5.9833   62.06639  219.24236   35.0498  139.0383   15.36600    0.15241
  5.9917   62.31130  219.47556   35.0640  139.0437   15.27000    0.17687
  6.0000   62.55594  219.71182   35.0782  139.0490   15.14900    0.19075
  6.0083   62.80031  219.95123   35.0923  139.0543   15.01700    0.16881
  6.0167   63.04439  220.19385   35.1063  139.0597   14.80400    0.11824
  6.0250   63.28818  220.43974   35.1203  139.0650   14.59400    0.03505
  6.0333   63.53167  220.68900   35.1342  139.0704   14.36400   -0.05975
  6.0417   63.77483  220.94167   35.1480  139.0757   14.12700   -0.15641
  6.0500   64.01768  221.19786   35.1618  139.0811   13.92600   -0.22796
  6.0583   64.26018  221.45766   35.1756  139.0864   13.79300   -0.26968
  6.0667   64.50233  221.72113   35.1892  139.0918   13.66700   -0.28272
  6.0750   64.74412  221.98839   35.2028  139.0972   13.57401   -0.28390
  6.0833   64.98553  222.25951   35.2164  139.1026   13.49700   -0.27122
  6.0917   65.22656  222.53459   35.2299  139.1080   13.43600   -0.24105
  6.1000   65.46718  222.81374   35.2433  139.1134   13.42600   -0.19534
  6.1083   65.70740  223.09705   35.2567  139.1188   13.42700   -0.13571
  6.1167   65.94718  223.38463   35.2700  139.1242   13.43900   -0.08201
  6.1250   66.18652  223.67659   35.2832  139.1296   13.43300   -0.04320
  6.1333   66.42540  223.97304   35.2964  139.1350   13.40800   -0.02006
  6.1417   66.66381  224.27411   35.3096  139.1405   13.38800    0.00431
  6.1500   66.90174  224.57990   35.3227  139.1459   13.39900    0.03982
  6.1583   67.13916  224.89055   35.3357  139.1514   13.41600    0.07949
  6.1667   67.37605  225.20619   35.3487  139.1568   13.41100    0.12031
  6.1750   67.61241  225.52695   35.3616  139.1623   13.42500    0.14463
  6.1833   67.84821  225.85297   35.3745  139.1678   13.38500    0.14372
  6.1917   68.08344  226.18439   35.3873  139.1732   13.29200    0.11456
  6.2000   68.31807  226.52138   35.4001  139.1787   13.20400    0.08654
  6.2083   68.55209  226.86406   35.4128  139.1842   13.15400    0.07090
  6.2167   68.78547  227.21262   35.4255  139.1897   13.08700    0.05862
  6.2250   69.01820  227.56721   35.4381  139.1953   12.99700    0.04075
  6.2333   69.25025  227.92802   35.4507  139.2008   12.91900    0.01821
  6.2417   69.48160  228.29523   35.4632  139.2063   12.82800    0.00491
  6.2500   69.71222  228.66899   35.4757  139.2119   12.76000    0.00141
  6.2583   69.94210  229.04951   35.4881  139.2174   12.70500    0.00516
  6.2667   70.17120  229.43703   35.5004  139.2230   12.63200    0.00362
  6.2750   70.39951  229.83170   35.5127  139.2286   12.54800   -0.01462
  6.2833   70.62698  230.23376   35.5250  139.2341   12.44700   -0.04340
  6.2917   70.85360  230.64343   35.5372  139.2397   12.34900   -0.07851
  6.3000   71.07933  231.06094   35.5494  139.2453   12.25200   -0.09372
  6.3083   71.30414  231.48656   35.5615  139.2509   12.21800   -0.09037
  6.3167   71.52801  231.92049   35.5736  139.2566   12.18100   -0.07275
  6.3250   71.75090  232.36299   35.5856  139.2622   12.13000   -0.05794
  6.3333   71.97276  232.81436   35.5976  139.2678   12.08700   -0.04135
  6.3417   72.19358  233.27487   35.6095  139.2735   12.05400   -0.01666
  6.3500   72.41331  233.74480   35.6214  139.2791   12.02600    0.01304
  6.3583   72.63191  234.22444   35.6332  139.2848   11.99700    0.04742
  6.3667   72.84933  234.71413   35.6450  139.2904   11.97800    0.08292
  6.3750   73.06555  235.21416   35.6567  139.2961   11.95000    0.10261
  6.3833   73.28051  235.72487   35.6684  139.3018   11.86501    0.10751
  6.3917   73.49417  236.24661   35.6801  139.3075   11.78900    0.10059
  6.4000   73.70648  236.77975   35.6917  139.3132   11.71200    0.09778
  6.4083   73.91740  237.32465   35.7032  139.3189   11.62700    0.09684
  6.4167   74.12686  237.88168   35.7147  139.3246   11.54700    0.09834
  6.4250   74.33481  238.45126   35.7262  139.3303   11.47300    0.09865
  6.4333   74.54120  239.03378   35.7376  139.3360   11.38600    0.08883
  6.4417   74.74598  239.62971   35.7490  139.3417   11.28000    0.05235
  6.4500   74.94907  240.23944   35.7603  139.3475   11.12800   -0.00753
  6.4583   75.15041  240.86343   35.7716  139.3532   10.96900   -0.07234
  6.4667   75.34994  241.50220   35.7829  139.3589   10.84700   -0.12615
  6.4750   75.54759  242.15617   35.7941  139.3646   10.72900   -0.16999
  6.4833   75.74328  242.82588   35.8053  139.3703   10.60300   -0.19862
  6.4917   75.93693  243.51183   35.8164  139.3761   10.52900   -0.19302
  6.5000   76.12848  244.21454   35.8275  139.3818   10.51500   -0.13982
  6.5083   76.31784  244.93456   35.8386  139.3875   10.53100   -0.05679
  6.5167   76.50491  245.67245   35.8496  139.3932   10.54200    0.02754
  6.5250   76.68962  246.42879   35.8606  139.3989   10.52600    0.08554
  6.5333   76.87187  247.20415   35.8715  139.4046   10.46000    0.11581
  6.5417   77.05156  247.99910   35.8824  139.4104   10.39000    0.12973
  6.5500   77.22859  248.81429   35.8933  139.4160   10.33000    0.14076
  6.5583   77.40286  249.65028   35.9041  139.4217   10.25900    0.14410
  6.5667   77.57426  250.50775   35.9149  139.4274   10.16800    0.13006
  6.5750   77.74268  251.38728   35.9257  139.4330   10.05600    0.09918
  6.5833   77.90801  252.28951   35.9365  139.4387    9.93100    0.05908
  6.5917   78.07012  253.21507   35.9472  139.4443    9.80200    0.02129
  6.6000   78.22889  254.16458   35.9579  139.4500    9.68200   -0.00657
  6.6083   78.38419  255.13866   35.9686  139.4556    9.57300   -0.02271
  6.6167   78.53590  256.13791   35.9793  139.4611    9.47000   -0.03035
  6.6250   78.68387  257.16293   35.9899  139.4667    9.36900   -0.03938
  6.6333   78.82798  258.21432   36.0006  139.4723    9.24900   -0.04370
  6.6417   78.96808  259.29254   36.0112  139.4778    9.15300   -0.03831
  6.6500   79.10403  260.39819   36.0218  139.4833    9.07600   -0.02167
  6.6583   79.23568  261.53168   36.0324  139.4888    8.98800   -0.00495
  6.6667   79.36288  262.69348   36.0430  139.4943    8.89301    0.00532
  6.6750   79.48549  263.88394   36.0536  139.4998    8.80000    0.01791
  6.6833   79.60337  265.10333   36.0643  139.5052    8.72400    0.03019
  6.6917   79.71634  266.35196   36.0749  139.5107    8.63300    0.03286
  6.7000   79.82428  267.62991   36.0855  139.5161    8.51500    0.02111
  6.7083   79.92703  268.93729   36.0962  139.5215    8.39900    0.00209
  6.7167   80.02444  270.27402   36.1069  139.5269    8.29200   -0.01562
  6.7250   80.11637  271.63998   36.1176  139.5323    8.18501   -0.03134
  6.7333   80.20268  273.03485   36.1283  139.5378    8.08200   -0.04712
  6.7417   80.28325  274.45828   36.1390  139.5432    7.97900   -0.05797
  6.7500   80.35793  275.90970   36.1498  139.5486    7.88900   -0.06377
  6.7583   80.42660  277.38840   36.1607  139.5540    7.80200   -0.06371
  6.7667   80.48916  278.89355   36.1715  139.5595    7.71600   -0.05966
  6.7750   80.54550  280.42413   36.1824  139.5650    7.63800   -0.05253
  6.7833   80.59553  281.97900   36.1934  139.5705    7.56300   -0.03694
  6.7917   80.63915  283.55679   36.2044  139.5761    7.50800   -0.01496
  6.8000   80.67630  285.15604   36.2155  139.5817    7.45400    0.01361
  6.8083   80.70691  286.77509   36.2266  139.5874    7.40100    0.03574
  6.8167   80.73095  288.41211   36.2377  139.5931    7.32600    0.04499
  6.8250   80.74837  290.06516   36.2489  139.5989    7.23200    0.04126
  6.8333   80.75915  291.73218   36.2602  139.6048    7.13700    0.03348
  6.8417   80.76331  293.41092   36.2714  139.6108    7.04700    0.03185
  6.8500   80.76083  295.09909   36.2828  139.6169    6.97000    0.03895
  6.8583   80.75175  296.79434   36.2941  139.6231    6.90200    0.04911
  6.8667   80.73610  298.49414   36.3055  139.6294    6.82300    0.04899
  6.8750   80.71394  300.19608   36.3169  139.6358    6.71600    0.03635
  6.8833   80.68534  301.89758   36.3284  139.6424    6.61100    0.01203
  6.8917   80.65036  303.59619   36.3398  139.6491    6.49700   -0.01409
  6.9000   80.60910  305.28940   36.3513  139.6559    6.38700   -0.04702
  6.9083   80.56167  306.97479   36.3627  139.6628    6.26500   -0.07648
  6.9167   80.50818  308.65002   36.3742  139.6699    6.16600   -0.09558
  6.9250   80.44873  310.31284   36.3856  139.6771    6.09200   -0.09818
  6.9333   80.38348  311.96112   36.3970  139.6844    6.02300   -0.08944
  6.9417   80.31255  313.59283   36.4084  139.6919    5.96000   -0.07389
  6.9500   80.23608  315.20605   36.4198  139.6995    5.90701   -0.05280
  6.9583   80.15423  316.79913   36.4312  139.7073    5.85800   -0.02946
  6.9667   80.06715  318.37045   36.4425  139.7151    5.80700   -0.00196
  6.9750   79.97499  319.91861   36.4537  139.7231    5.77200    0.01858
  6.9833   79.87791  321.44235   36.4649  139.7312    5.70600    0.02887
  6.9917   79.77607  322.94061   36.4761  139.7395    5.62901    0.03247
  7.0000   79.66963  324.41248   36.4872  139.7478    5.57900    0.03056
  7.0083   79.55875  325.85718   36.4982  139.7562    5.49900    0.02832
  7.0167   79.44359  327.27408   36.5092  139.7648    5.42300    0.02263
  7.0250   79.32430  328.66272   36.5201  139.7734    5.36100    0.02599
  7.0333   79.20105  330.02277   36.5310  139.7821    5.30500    0.03153
  7.0417   79.07398  331.35403   36.5418  139.7910    5.22900    0.02902
  7.0500   78.94325  332.65637   36.5525  139.7999    5.13600    0.01975
  7.0583   78.80899  333.92984   36.5632  139.8088    5.05500    0.01224
  7.0667   78.67136  335.17453   36.5738  139.8179    4.98100    0.01042
  7.0750   78.53050  336.39066   36.5843  139.8270    4.90600    0.00405
  7.0833   78.38653  337.57846   36.5948  139.8362    4.81300    0.00869
  7.0917   78.23960  338.73831   36.6052  139.8454    4.77700    0.00269
  7.1000   78.08983  339.87057   36.6155  139.8547    4.67200   -0.01049
  7.1083   77.93734  340.97574   36.6258  139.8641    4.56001   -0.03648
  7.1167   77.78225  342.05429   36.6360  139.8735    4.48500   -0.05694
  7.1250   77.62468  343.10675   36.6462  139.8829    4.39700   -0.05907
  7.1333   77.46473  344.13367   36.6563  139.8925    4.34200   -0.06129
  7.1417   77.30252  345.13565   36.6663  139.9020    4.26900   -0.04774
  7.1500   77.13815  346.11325   36.6763  139.9117    4.23100   -0.03113
  7.1583   76.97171  347.06714   36.6863  139.9213    4.18600   -0.00509
  7.1667   76.80330  347.99789   36.6962  139.9310    4.14400    0.01098
  7.1750   76.63301  348.90616   36.7060  139.9407    4.07401    0.02517
  7.1833   76.46093  349.79257   36.7158  139.9505    4.02400    0.03092
  7.1917   76.28713  350.65775   36.7255  139.9603    3.95500    0.03500
  7.2000   76.11171  351.50229   36.7352  139.9702    3.88300    0.03325
  7.2083   75.93474  352.32684   36.7448  139.9801    3.81600    0.03176
  7.2167   75.75629  353.13202   36.7544  139.9900    3.74800    0.02742
  7.2250   75.57643  353.91837   36.7640  140.0000    3.66600    0.02339
  7.2333   75.39523  354.68655   36.7735  140.0100    3.59700    0.02520
  7.2417   75.21275  355.43707   36.7829  140.0200    3.54300    0.02142
  7.2500   75.02906  356.17056   36.7924  140.0301    3.43501    0.02361
  7.2583   74.84421  356.88751   36.8017  140.0402    3.37600    0.01150
  7.2667   74.65826  357.58847   36.8111  140.0504    3.27000    0.01290
  7.2750   74.47127  358.27396   36.8204  140.0606    3.20200    0.00635
  7.2833   74.28328  358.94452   36.8297  140.0708    3.11900    0.01320
  7.2917   74.09434  359.60062   36.8389  140.0811    3.05600    0.01096
  7.3000   73.90451    0.24270   36.8481  140.0914    2.96301    0.01257
  7.3083   73.71383    0.87127   36.8573  140.1018    2.89700    0.00911
  7.3167   73.52233    1.48676   36.8664  140.1122    2.82401   -0.01428
  7.3250   73.33008    2.08960   36.8755  140.1226    2.67200   -0.04704
  7.3333   73.13709    2.68020   36.8846  140.1331    2.57900   -0.07695
  7.3417   72.94341    3.25899   36.8936  140.1436    2.51600   -0.08178
  7.3500   72.74908    3.82634   36.9026  140.1541    2.44800   -0.07292
  7.3583   72.55413    4.38263   36.9116  140.1647    2.40100   -0.06700
  7.3667   72.35860    4.92823   36.9205  140.1753    2.33400   -0.05004
  7.3750   72.16252    5.46348   36.9294  140.1860    2.30300   -0.02716
  7.3833   71.96591    5.98874   36.9383  140.1967    2.27900   -0.00131
  7.3917   71.76881    6.50431   36.9472  140.2075    2.22500    0.01182
  7.4000   71.57125    7.01053   36.9560  140.2183    2.15800    0.00880
  7.4083   71.37325    7.50768   36.9648  140.2292    2.09200   -0.00058
  7.4167   71.17483    7.99608   36.9735  140.2400    2.02900   -0.00305
  7.4250   70.97604    8.47599   36.9823  140.2510    1.99500   -0.01000
  7.4333   70.77688    8.94769   36.9910  140.2620    1.92000   -0.01436
  7.4417   70.57738    9.41144   36.9997  140.2730    1.87000   -0.02407
  7.4500   70.37756    9.86750   37.0083  140.2841    1.82600   -0.03169
  7.4583   70.17745   10.31611   37.0170  140.2952    1.76300   -0.03809
  7.4667   69.97706   10.75751   37.0256  140.3064    1.71500   -0.04398
  7.4750   69.77641   11.19191   37.0342  140.3176    1.66701   -0.03819
  7.4833   69.57553   11.61955   37.0427  140.3289    1.63800   -0.02817
  7.4917   69.37443   12.04062   37.0512  140.3402    1.60699   -0.01467
  7.5000   69.17312   12.45534   37.0597  140.3515    1.57300   -0.01111
  7.5083   68.97164   12.86390   37.0682  140.3630    1.51201    0.00453
  7.5167   68.76998   13.26648   37.0767  140.3744    1.52100    0.03085
  7.5250   68.56816   13.66328   37.0851  140.3860    1.52400    0.05812
  7.5333   68.36621   14.05446   37.0935  140.3975    1.47000    0.04949
  7.5417   68.16414   14.44019   37.1019  140.4091    1.36501    0.02237
  7.5500   67.96195   14.82064   37.1102  140.4208    1.30901   -0.00285
  7.5583   67.75967   15.19597   37.1185  140.4326    1.26601   -0.00365
  7.5667   67.55730   15.56632   37.1268  140.4444    1.24500   -0.01274
  7.5750   67.35485   15.93185   37.1351  140.4562    1.16701   -0.03132
  7.5833   67.15235   16.29270   37.1434  140.4681    1.09500   -0.04233
  7.5917   66.94980   16.64899   37.1516  140.4800    1.10001   -0.04185
  7.6000   66.74721   17.00087   37.1598  140.4920    1.06000   -0.03812
  7.6083   66.54459   17.34847   37.1680  140.5041    0.99701   -0.04638
  7.6167   66.34196   17.69189   37.1761  140.5162    0.95900   -0.05699
  7.6250   66.13931   18.03128   37.1843  140.5284    0.91299   -0.04214
  7.6333   65.93667   18.36673   37.1924  140.5406    0.93500   -0.01540
  7.6417   65.73404   18.69836   37.2004  140.5529    0.94099    0.01087
  7.6500   65.53144   19.02628   37.2085  140.5652    0.89500    0.02169
  7.6583   65.32885   19.35059   37.2165  140.5776    0.87300    0.02082
  7.6667   65.12631   19.67139   37.2245  140.5901    0.84700    0.02707
  7.6750   64.92381   19.98878   37.2325  140.6026    0.82700    0.03118
  7.6833   64.72137   20.30285   37.2405  140.6152    0.79500    0.02406
  7.6917   64.51898   20.61370   37.2484  140.6279    0.72600    0.01735
  7.7000   64.31666   20.92141   37.2563  140.6406    0.70399   -0.00383
  7.7083   64.11442   21.22606   37.2642  140.6533    0.62300   -0.00420
  7.7167   63.91225   21.52774   37.2720  140.6662    0.62000   -0.00056
  7.7250   63.71018   21.82653   37.2799  140.6791    0.60800    0.02560
  7.7333   63.50819   22.12251   37.2877  140.6920    0.60001    0.04129
  7.7417   63.30631   22.41575   37.2955  140.7050    0.56500    0.04376
  7.7500   63.10453   22.70632   37.3032  140.7181    0.51401    0.02397
  7.7583   62.90287   22.99429   37.3109  140.7312    0.43500   -0.01107
  7.7667   62.70132   23.27973   37.3186  140.7445    0.35100   -0.04363
  7.7750   62.49989   23.56271   37.3263  140.7577    0.31000   -0.06654
  7.7833   62.29859   23.84329   37.3340  140.7711    0.26500   -0.07359
  7.7917   62.09742   24.12153   37.3416  140.7845    0.24100   -0.07340
  7.8000   61.89639   24.39749   37.3492  140.7980    0.23100   -0.06619
  7.8083   61.69550   24.67124   37.3568  140.8115    0.21700   -0.04941
  7.8167   61.49475   24.94282   37.3644  140.8251    0.22501   -0.02869
  7.8250   61.29416   25.21229   37.3719  140.8388    0.22701   -0.01010
  7.8333   61.09372   25.47970   37.3794  140.8525    0.20601   -0.00174
  7.8417   60.89344   25.74511   37.3869  140.8663    0.18600   -0.00929
  7.8500   60.69332   26.00857   37.3943  140.8802    0.14500   -0.02013
  7.8583   60.49336   26.27012   37.4017  140.8942    0.12401   -0.02098
  7.8667   60.29358   26.52982   37.4091  140.9082    0.14900   -0.00630
  7.8750   60.09397   26.78770   37.4165  140.9223    0.16901    0.01279
  7.8833   59.89453   27.04381   37.4239  140.9365    0.16800    0.01084
  7.8917   59.69528   27.29820   37.4312  140.9507    0.12201   -0.00741
  7.9000   59.49621   27.55090   37.4385  140.9650    0.08501   -0.02815
  7.9083   59.29732   27.80197   37.4457  140.9794    0.07401   -0.03406
  7.9167   59.09863   28.05143   37.4530  140.9939    0.07800   -0.02952
  7.9250   58.90012   28.29932   37.4602  141.0084    0.07600   -0.01979
  7.9333   58.70181   28.54569   37.4674  141.0230    0.08400   -0.00147
  7.9417   58.50370   28.79057   37.4745  141.0376    0.12000    0.01728
  7.9500   58.30579   29.03399   37.4817  141.0524    0.12100    0.02645
  7.9583   58.10808   29.27600   37.4888  141.0672    0.09500    0.02330
  7.9667   57.91057   29.51662   37.4958  141.0821    0.08501    0.01896
  7.9750   57.71327   29.75588   37.5029  141.0971    0.08301    0.01636
  7.9833   57.51619   29.99382   37.5099  141.1121    0.06801    0.01241
  7.9917   57.31931   30.23047   37.5169  141.1273    0.06000   -0.00177
  8.0000   57.12265   30.46585   37.5239  141.1424    0.02701   -0.01902
  8.0083   56.92620   30.70001   37.5308  141.1577    0.00600   -0.03152
  8.0167   56.72997   30.93296   37.5377  141.1731    0.01900   -0.03624
  8.0250   56.53396   31.16473   37.5446  141.1885    0.01500   -0.03615
  8.0333   56.33817   31.39536   37.5514  141.2040    0.01100   -0.04312
  8.0417   56.14261   31.62486   37.5583  141.2196    0.00000   -0.04690
  8.0500   55.94727   31.85326   37.5650  141.2353    0.00999   -0.04651
  8.0583   55.75216   32.08059   37.5718  141.2511    0.02200   -0.03952
  8.0667   55.55727   32.30688   37.5785  141.2669    0.03400   -0.02839
  8.0750   55.36262   32.53214   37.5853  141.2828    0.05901   -0.00819
  8.0833   55.16819   32.75639   37.5919  141.2988    0.10699    0.01312
  8.0917   54.97400   32.97967   37.5986  141.3149    0.13000    0.02643
  8.1000   54.78004   33.20199   37.6052  141.3311    0.13499    0.03003
  8.1083   54.58632   33.42338   37.6118  141.3473    0.15401    0.02848
  8.1167   54.39283   33.64385   37.6183  141.3636    0.15900    0.02502
  8.1250   54.19958   33.86342   37.6248  141.3801    0.15300    0.01451
  8.1333   54.00657   34.08212   37.6313  141.3966    0.14000   -0.00052
  8.1417   53.81380   34.29997   37.6378  141.4131    0.12300   -0.01074
  8.1500   53.62127   34.51697   37.6442  141.4298    0.13100   -0.01228
  8.1583   53.42898   34.73316   37.6506  141.4466    0.14900    0.00196
  8.1667   53.23693   34.94855   37.6570  141.4634    0.18900    0.03029
  8.1750   53.04513   35.16316   37.6633  141.4804    0.24901    0.05208
  8.1833   52.85357   35.37700   37.6696  141.4974    0.24500    0.05105
  8.1917   52.66226   35.59009   37.6759  141.5145    0.20399    0.01929
  8.2000   52.47119   35.80245   37.6821  141.5317    0.15201   -0.02063
  8.2083   52.28037   36.01409   37.6883  141.5490    0.11800   -0.05184
  8.2167   52.08980   36.22503   37.6945  141.5664    0.11101   -0.06668
  8.2250   51.89947   36.43529   37.7007  141.5838    0.12401   -0.06445
  8.2333   51.70940   36.64487   37.7068  141.6014    0.15900   -0.05437
  8.2417   51.51957   36.85379   37.7128  141.6190    0.18600   -0.03763
  8.2500   51.32999   37.06208   37.7189  141.6368    0.22501   -0.01862
  8.2583   51.14067   37.26973   37.7249  141.6546    0.26300   -0.00038
  8.2667   50.95159   37.47677   37.7309  141.6725    0.28000    0.00768
  8.2750   50.76277   37.68320   37.7368  141.6905    0.27501    0.01084
  8.2833   50.57419   37.88905   37.7427  141.7086    0.29300    0.01456
  8.2917   50.38587   38.09431   37.7486  141.7269    0.31200    0.02494
  8.3000   50.19780   38.29902   37.7544  141.7452    0.33200    0.04369
  8.3083   50.00999   38.50316   37.7602  141.7636    0.38200    0.06525
  8.3167   49.82243   38.70677   37.7660  141.7821    0.41200    0.08219
  8.3250   49.63512   38.90985   37.7717  141.8007    0.41600    0.07920
  8.3333   49.44806   39.11241   37.7774  141.8193    0.39101    0.06229
  8.3417   49.26126   39.31446   37.7831  141.8381    0.36600    0.03228
  8.3500   49.07471   39.51602   37.7887  141.8570    0.31599   -0.00442
  8.3583   48.88842   39.71708   37.7943  141.8760    0.26201   -0.04097
  8.3667   48.70238   39.91768   37.7998  141.8951    0.23500   -0.06856
  8.3750   48.51660   40.11780   37.8053  141.9143    0.21899   -0.07832
  8.3833   48.33107   40.31747   37.8108  141.9336    0.23500   -0.07085
  8.3917   48.14579   40.51669   37.8162  141.9529    0.27600   -0.04877
  8.4000   47.96077   40.71547   37.8216  141.9724    0.31700   -0.02184
  8.4083   47.77601   40.91383   37.8270  141.9920    0.35100   -0.00675
  8.4167   47.59150   41.11176   37.8323  142.0117    0.34801   -0.00386
  8.4250   47.40724   41.30928   37.8376  142.0315    0.34500   -0.01010
  8.4333   47.22324   41.50641   37.8428  142.0514    0.35001   -0.01974
  8.4417   47.03949   41.70313   37.8481  142.0714    0.34200   -0.02211
  8.4500   46.85600   41.89947   37.8532  142.0916    0.37801   -0.01418
  8.4583   46.67276   42.09544   37.8583  142.1118    0.43401   -0.00041
  8.4667   46.48978   42.29103   37.8634  142.1321    0.45601    0.00919
  8.4750   46.30705   42.48626   37.8685  142.1525    0.47800    0.00869
  8.4833   46.12457   42.68114   37.8735  142.1731    0.49200    0.00547
  8.4917   45.94235   42.87566   37.8785  142.1937    0.50000   -0.00288
  8.5000   45.76038   43.06985   37.8834  142.2145    0.49901   -0.00845
  8.5083   45.57867   43.26371   37.8883  142.2354    0.52200   -0.01345
  8.5167   45.39721   43.45723   37.8931  142.2564    0.53200   -0.01006
  8.5250   45.21600   43.65044   37.8979  142.2775    0.56801   -0.00066
  8.5333   45.03504   43.84333   37.9027  142.2987    0.61900    0.00892
  8.5417   44.85434   44.03592   37.9074  142.3200    0.63200    0.01502
  8.5500   44.67389   44.22821   37.9120  142.3414    0.65300    0.01628
  8.5583   44.49369   44.42020   37.9167  142.3630    0.68100    0.01744
  8.5667   44.31374   44.61191   37.9213  142.3847    0.68900    0.01334
  8.5750   44.13404   44.80333   37.9258  142.4064    0.68100    0.00121
  8.5833   43.95459   44.99448   37.9303  142.4284    0.67000   -0.00851
  8.5917   43.77540   45.18535   37.9347  142.4504    0.68500   -0.00437
  8.6000   43.59645   45.37596   37.9392  142.4725    0.73500    0.01120
  8.6083   43.41775   45.56631   37.9435  142.4948    0.77100    0.03292
  8.6167   43.23931   45.75640   37.9478  142.5171    0.80800    0.04932
  8.6250   43.06111   45.94625   37.9521  142.5396    0.83000    0.05351
  8.6333   42.88316   46.13585   37.9563  142.5623    0.80701    0.04417
  8.6417   42.70545   46.32521   37.9605  142.5850    0.77800    0.02074
  8.6500   42.52800   46.51434   37.9646  142.6079    0.73300   -0.00066
  8.6583   42.35079   46.70324   37.9687  142.6308    0.71800   -0.00785
  8.6667   42.17383   46.89191   37.9728  142.6540    0.75700   -0.00188
  8.6750   41.99711   47.08037   37.9768  142.6772    0.78000    0.00479
  8.6833   41.82064   47.26860   37.9807  142.7006    0.77600    0.00286
  8.6917   41.64441   47.45663   37.9846  142.7241    0.77901   -0.00752
  8.7000   41.46843   47.64445   37.9884  142.7477    0.75999   -0.02828
  8.7083   41.29269   47.83206   37.9922  142.7714    0.70500   -0.05811
  8.7167   41.11720   48.01948   37.9960  142.7953    0.66501   -0.08123
  8.7250   40.94195   48.20670   37.9997  142.8193    0.67500   -0.07942
  8.7333   40.76694   48.39373   38.0033  142.8434    0.73199   -0.05091
  8.7417   40.59217   48.58058   38.0069  142.8677    0.81300   -0.00428
  8.7500   40.41764   48.76724   38.0104  142.8921    0.90401    0.03699
  8.7583   40.24335   48.95372   38.0139  142.9167    0.93500    0.05864
  8.7667   40.06930   49.14003   38.0174  142.9413    0.92599    0.05818
  8.7750   39.89549   49.32616   38.0207  142.9661    0.91701    0.04953
  8.7833   39.72192   49.51212   38.0241  142.9911    0.91299    0.03828
  8.7917   39.54859   49.69792   38.0274  143.0162    0.89700    0.02831
  8.8000   39.37550   49.88356   38.0306  143.0414    0.90100    0.01807
  8.8083   39.20264   50.06904   38.0337  143.0667    0.90300    0.01077
  8.8167   39.03001   50.25436   38.0369  143.0922    0.90201    0.00457
  8.8250   38.85762   50.43954   38.0399  143.1179    0.90601   -0.00556
  8.8333   38.68547   50.62456   38.0429  143.1437    0.87900   -0.01614
  8.8417   38.51355   50.80943   38.0459  143.1696    0.86301   -0.02540
  8.8500   38.34186   50.99416   38.0488  143.1957    0.86400   -0.02471
  8.8583   38.17041   51.17876   38.0516  143.2219    0.88000   -0.02092
  8.8667   37.99918   51.36321   38.0544  143.2483    0.88200   -0.01544
  8.8750   37.82819   51.54753   38.0571  143.2748    0.89500   -0.00472
  8.8833   37.65743   51.73171   38.0597  143.3014    0.93600    0.00843
  8.8917   37.48690   51.91577   38.0623  143.3282    0.95000    0.01903
  8.9000   37.31659   52.09970   38.0649  143.3552    0.95399    0.01934
  8.9083   37.14651   52.28351   38.0674  143.3823    0.95100    0.00755
  8.9167   36.97666   52.46719   38.0698  143.4096    0.91200   -0.00686
  8.9250   36.80704   52.65075   38.0722  143.4370    0.90300   -0.01429
  8.9333   36.63764   52.83420   38.0744  143.4646    0.92900   -0.00436
  8.9417   36.46847   53.01753   38.0767  143.4923    0.96400    0.00646
  8.9500   36.29952   53.20075   38.0789  143.5202    0.95500    0.00634
  8.9583   36.13080   53.38385   38.0810  143.5482    0.92900    0.00578
  8.9667   35.96229   53.56685   38.0830  143.5765    0.96500    0.01479
  8.9750   35.79401   53.74975   38.0850  143.6048    1.00400    0.02680
  8.9833   35.62595   53.93253   38.0869  143.6334    0.99500    0.03152
  8.9917   35.45811   54.11522   38.0888  143.6621    0.99701    0.01945
  9.0000   35.29049   54.29781   38.0906  143.6909    0.95601   -0.00321
  9.0083   35.12309   54.48029   38.0923  143.7199    0.89400   -0.03028
  9.0167   34.95591   54.66268   38.0939  143.7491    0.86800   -0.04172
  9.0250   34.78894   54.84498   38.0955  143.7785    0.89000   -0.03444
  9.0333   34.62219   55.02718   38.0970  143.8080    0.90800   -0.00580
  9.0417   34.45565   55.20929   38.0985  143.8377    0.98199    0.02422
  9.0500   34.28933   55.39132   38.0999  143.8676    1.01100    0.05147
  9.0583   34.12322   55.57325   38.1012  143.8976    1.01401    0.06236
  9.0667   33.95732   55.75510   38.1024  143.9279    1.00400    0.06160
  9.0750   33.79164   55.93686   38.1036  143.9583    0.97301    0.05078
  9.0833   33.62616   56.11855   38.1047  143.9888    0.92599    0.02927
  9.0917   33.46090   56.30015   38.1057  144.0196    0.86600    0.00128
  9.1000   33.29584   56.48166   38.1067  144.0505    0.80701   -0.02280
  9.1083   33.13100   56.66311   38.1075  144.0816    0.78400   -0.03311
  9.1167   32.96636   56.84447   38.1083  144.1130    0.79401   -0.03118
  9.1250   32.80193   57.02576   38.1091  144.1445    0.79500   -0.02521
  9.1333   32.63770   57.20697   38.1097  144.1761    0.78700   -0.02294
  9.1417   32.47368   57.38811   38.1103  144.2080    0.77100   -0.02038
  9.1500   32.30986   57.56918   38.1108  144.2400    0.76801   -0.02331
  9.1583   32.14624   57.75017   38.1112  144.2723    0.73199   -0.02503
  9.1667   31.98283   57.93110   38.1116  144.3047    0.73100   -0.02879
  9.1750   31.81962   58.11196   38.1118  144.3373    0.73199   -0.02135
  9.1833   31.65661   58.29275   38.1120  144.3702    0.77000   -0.01406
  9.1917   31.49380   58.47348   38.1121  144.4032    0.78200    0.00026
  9.2000   31.33118   58.65414   38.1121  144.4364    0.82600    0.00023
  9.2083   31.16877   58.83473   38.1121  144.4698    0.79001   -0.00994
  9.2167   31.00655   59.01527   38.1119  144.5034    0.74400   -0.02764
  9.2250   30.84453   59.19574   38.1117  144.5373    0.74300   -0.03703
  9.2333   30.68270   59.37615   38.1114  144.5713    0.74901   -0.02360
  9.2417   30.52106   59.55650   38.1110  144.6056    0.82500   -0.00088
  9.2500   30.35962   59.73679   38.1105  144.6400    0.88100    0.02234
  9.2583   30.19837   59.91702   38.1099  144.6747    0.89900    0.03683
  9.2667   30.03731   60.09719   38.1092  144.7095    0.93900    0.03838
  9.2750   29.87645   60.27731   38.1085  144.7446    0.93201    0.02736
  9.2833   29.71577   60.45737   38.1076  144.7799    0.88400    0.00133
  9.2917   29.55528   60.63738   38.1067  144.8154    0.84399   -0.03091
  9.3000   29.39498   60.81733   38.1057  144.8512    0.80800   -0.05031
  9.3083   29.23486   60.99723   38.1045  144.8871    0.83900   -0.06546
  9.3167   29.07493   61.17707   38.1033  144.9233    0.83400   -0.06108
  9.3250   28.91519   61.35686   38.1020  144.9597    0.91000   -0.05252
  9.3333   28.75563   61.53660   38.1006  144.9964    0.96500   -0.02641
  9.3417   28.59625   61.71629   38.0991  145.0333    1.05301   -0.01206
  9.3500   28.43705   61.89593   38.0975  145.0704    1.06500   -0.00542
  9.3583   28.27804   62.07552   38.0958  145.1077    1.08200   -0.01407
  9.3667   28.11920   62.25506   38.0940  145.1453    1.09200   -0.01944
  9.3750   27.96055   62.43455   38.0921  145.1831    1.13100   -0.01653
  9.3833   27.80207   62.61399   38.0901  145.2211    1.20399   -0.00081
  9.3917   27.64377   62.79338   38.0880  145.2594    1.29201    0.01361
  9.4000   27.48565   62.97273   38.0858  145.2980    1.33000    0.02034
  9.4083   27.32770   63.15202   38.0835  145.3368    1.36000    0.01413
  9.4167   27.16992   63.33127   38.0810  145.3758    1.37401    0.01410
  9.4250   27.01232   63.51048   38.0785  145.4151    1.43900    0.01808
  9.4333   26.85489   63.68964   38.0759  145.4546    1.48700    0.01874
  9.4417   26.69764   63.86875   38.0731  145.4944    1.48300    0.01239
  9.4500   26.54055   64.04782   38.0703  145.5345    1.51801    0.00104
  9.4583   26.38364   64.22684   38.0673  145.5748    1.55099   -0.01103
  9.4667   26.22689   64.40582   38.0642  145.6154    1.55400   -0.01948
  9.4750   26.07031   64.58475   38.0610  145.6562    1.61600   -0.02847
  9.4833   25.91390   64.76364   38.0577  145.6973    1.65001   -0.03756
  9.4917   25.75765   64.94249   38.0543  145.7387    1.66100   -0.05482
  9.5000   25.60157   65.12129   38.0507  145.7804    1.68600   -0.07584
  9.5083   25.44565   65.30005   38.0470  145.8223    1.71201   -0.08707
  9.5167   25.28990   65.47876   38.0432  145.8645    1.79300   -0.08400
  9.5250   25.13431   65.65744   38.0393  145.9070    1.92200   -0.06746
  9.5333   24.97887   65.83606   38.0353  145.9498    2.04601   -0.05238
  9.5417   24.82360   66.01465   38.0311  145.9928    2.13600   -0.04196
  9.5500   24.66849   66.19319   38.0268  146.0362    2.24600   -0.03893
  9.5583   24.51354   66.37169   38.0224  146.0798    2.33000   -0.03053
  9.5667   24.35875   66.55015   38.0178  146.1237    2.46301   -0.02905
  9.5750   24.20411   66.72857   38.0132  146.1680    2.54500   -0.01494
  9.5833   24.04962   66.90694   38.0083  146.2125    2.72400   -0.00646
  9.5917   23.89530   67.08527   38.0034  146.2573    2.83500    0.01790
  9.6000   23.74112   67.26356   37.9983  146.3025    3.02400    0.02932
  9.6083   23.58710   67.44181   37.9931  146.3479    3.13500    0.03616
  9.6167   23.43323   67.62001   37.9877  146.3937    3.22200    0.01699
  9.6250   23.27951   67.79817   37.9822  146.4397    3.25300   -0.01083
  9.6333   23.12594   67.97629   37.9766  146.4861    3.31300   -0.02051
  9.6417   22.97252   68.15437   37.9708  146.5328    3.51600   -0.01853
  9.6500   22.81925   68.33240   37.9648  146.5799    3.62100   -0.00924
  9.6583   22.66612   68.51039   37.9587  146.6272    3.72200   -0.01913
  9.6667   22.51314   68.68834   37.9525  146.6749    3.80300   -0.02670
  9.6750   22.36031   68.86625   37.9461  146.7230    3.92101   -0.01093
  9.6833   22.20762   69.04411   37.9395  146.7713    4.16300    0.00039
  9.6917   22.05508   69.22193   37.9328  146.8200    4.21100    0.01256
  9.7000   21.90267   69.39971   37.9260  146.8690    4.33200    0.02148
  9.7083   21.75041   69.57744   37.9190  146.9184    4.56300    0.02090
  9.7167   21.59829   69.75513   37.9118  146.9682    4.56200    0.01849
  9.7250   21.44631   69.93278   37.9044  147.0183    4.67900   -0.00781
  9.7333   21.29447   70.11038   37.8969  147.0687    4.76000   -0.00548
  9.7417   21.14276   70.28794   37.8892  147.1195    4.94300   -0.00837
  9.7500   20.99120   70.46545   37.8814  147.1707    5.02700   -0.01317
  9.7583   20.83976   70.64292   37.8734  147.2223    5.08801   -0.01861
  9.7667   20.68847   70.82034   37.8652  147.2742    5.25401   -0.01927
  9.7750   20.53731   70.99772   37.8568  147.3264    5.35700   -0.00576
  9.7833   20.38628   71.17506   37.8483  147.3791    5.49700    0.01086
  9.7917   20.23538   71.35235   37.8395  147.4322    5.66400    0.03648
  9.8000   20.08462   71.52959   37.8306  147.4856    5.80200    0.07281
  9.8083   19.93398   71.70679   37.8215  147.5394    5.99100    0.09066
  9.8167   19.78348   71.88394   37.8122  147.5936    6.01801    0.10483
  9.8250   19.63310   72.06104   37.8027  147.6483    6.11400    0.09938
  9.8333   19.48285   72.23810   37.7930  147.7033    6.15400    0.10199
  9.8417   19.33273   72.41511   37.7832  147.7587    6.22300    0.10139
  9.8500   19.18274   72.59207   37.7731  147.8145    6.28100    0.09455
  9.8583   19.03287   72.76898   37.7628  147.8708    6.26100    0.07678
  9.8667   18.88312   72.94585   37.7523  147.9274    6.23100    0.03847
  9.8750   18.73350   73.12266   37.7416  147.9845    6.12400    0.00809
  9.8833   18.58400   73.29943   37.7307  148.0420    6.13300   -0.01542
  9.8917   18.43462   73.47614   37.7196  148.1000    6.12300   -0.01468
  9.9000   18.28536   73.65281   37.7083  148.1583    6.16600   -0.00850
  9.9083   18.13623   73.82943   37.6968  148.2172    6.19500    0.00116
  9.9167   17.98721   74.00599   37.6850  148.2764    6.19800    0.00392
  9.9250   17.83831   74.18251   37.6730  148.3361    6.17500    0.01046
  9.9333   17.68952   74.35897   37.6608  148.3963    6.20900    0.01689
  9.9417   17.54086   74.53538   37.6483  148.4569    6.18200    0.03221
  9.9500   17.39230   74.71174   37.6356  148.5180    6.20100    0.04273
  9.9583   17.24387   74.88804   37.6227  148.5795    6.18700    0.05499
  9.9667   17.09554   75.06429   37.6095  148.6415    6.16700    0.06566
  9.9750   16.94733   75.24049   37.5961  148.7040    6.16300    0.07847
  9.9833   16.79924   75.41663   37.5824  148.7670    6.14301    0.09194
  9.9917   16.65125   75.59271   37.5685  148.8304    6.09900    0.10172
 10.0000   16.50337   75.76874   37.5543  148.8943    6.04200    0.09629
 10.0083   16.35560   75.94472   37.5399  148.9588    5.88700    0.06691
 10.0167   16.20795   76.12064   37.5252  149.0237    5.64301    0.04484
 10.0250   16.06039   76.29650   37.5102  149.0891    5.61400    0.02804
 10.0333   15.91295   76.47230   37.4950  149.1550    5.46600    0.03836
 10.0417   15.76561   76.64804   37.4795  149.2215    5.39500    0.04076
 10.0500   15.61838   76.82373   37.4637  149.2884    5.27800    0.03903
 10.0583   15.47125   76.99935   37.4477  149.3559    5.08100    0.02361
 10.0667   15.32423   77.17492   37.4313  149.4239    4.89400    0.01898
 10.0750   15.17730   77.35042   37.4146  149.4925    4.85100    0.01754
 10.0833   15.03048   77.52587   37.3977  149.5615    4.67300    0.01999
 10.0917   14.88376   77.70125   37.3805  149.6312    4.52200    0.00461
 10.1000   14.73714   77.87657   37.3629  149.7013    4.35700   -0.02330
 10.1083   14.59062   78.05182   37.3451  149.7720    4.10000   -0.05909
 10.1167   14.44420   78.22702   37.3269  149.8433    3.89800   -0.08663
 10.1250   14.29788   78.40214   37.3084  149.9151    3.80400   -0.09201
 10.1333   14.15165   78.57721   37.2896  149.9875    3.72701   -0.08365
 10.1417   14.00552   78.75220   37.2704  150.0605    3.64900   -0.07399
 10.1500   13.85949   78.92714   37.2510  150.1340    3.58000   -0.06631
 10.1583   13.71355   79.10200   37.2312  150.2082    3.50500   -0.05144
 10.1667   13.56770   79.27680   37.2110  150.2829    3.50200   -0.03763
 10.1750   13.42195   79.45153   37.1905  150.3582    3.44600   -0.01704
 10.1833   13.27629   79.62619   37.1697  150.4341    3.45700   -0.01718
 10.1917   13.13072   79.80078   37.1485  150.5106    3.32000   -0.01108
 10.2000   12.98524   79.97530   37.1269  150.5877    3.35300   -0.02379
 10.2083   12.83985   80.14975   37.1049  150.6654    3.23800   -0.02399
 10.2167   12.69455   80.32413   37.0826  150.7438    3.22400   -0.04245
 10.2250   12.54934   80.49843   37.0599  150.8227    3.11900   -0.04622
 10.2333   12.40422   80.67266   37.0369  150.9023    3.14000   -0.05104
 10.2417   12.25918   80.84682   37.0134  150.9825    3.13200   -0.04418
 10.2500   12.11423   81.02091   36.9895  151.0634    3.14000   -0.03155
 10.2583   11.96936   81.19492   36.9652  151.1449    3.22000   -0.02238
 10.2667   11.82458   81.36885   36.9406  151.2270    3.19300   -0.01022
 10.2750   11.67988   81.54271   36.9155  151.3098    3.23900   -0.01468
 10.2833   11.53527   81.71649   36.8899  151.3933    3.19500   -0.01546
 10.2917   11.39073   81.89019   36.8640  151.4774    3.21600   -0.02139
 10.3000   11.24628   82.06381   36.8376  151.5622    3.23300   -0.02061
 10.3083   11.10191   82.23735   36.8108  151.6476    3.26400   -0.02196
 10.3167   10.95762   82.41082   36.7835  151.7337    3.27900   -0.01425
 10.3250   10.81341   82.58420   36.7558  151.8205    3.38500   -0.01754
 10.3333   10.66928   82.75750   36.7276  151.9080    3.32300   -0.01211
 10.3417   10.52523   82.93071   36.6990  151.9962    3.40800   -0.01523
 10.3500   10.38125   83.10385   36.6698  152.0851    3.43600   -0.00017
 10.3583   10.23735   83.27690   36.6402  152.1746    3.53400    0.00217
 10.3667   10.09352   83.44986   36.6101  152.2649    3.51300    0.01367
 10.3750    9.94977   83.62274   36.5795  152.3559    3.62500    0.01617
 10.3833    9.80610   83.79553   36.5484  152.4476    3.64000    0.02245
 10.3917    9.66250   83.96824   36.5168  152.5400    3.64800    0.02699
 10.4000    9.51897   84.14086   36.4847  152.6331    3.73900    0.02530
 10.4083    9.37551   84.31338   36.4520  152.7270    3.69600    0.01276
 10.4167    9.23212   84.48582   36.4188  152.8216    3.62200    0.00005
 10.4250    9.08881   84.65817   36.3851  152.9169    3.72701    0.00351
 10.4333    8.94557   84.83043   36.3508  153.0129    3.81800    0.00235
 10.4417    8.80239   85.00259   36.3160  153.1097    3.68600    0.00532
 10.4500    8.65928   85.17466   36.2806  153.2072    3.81001   -0.00814
 10.4583    8.51625   85.34664   36.2446  153.3055    3.73400   -0.01624
 10.4667    8.37328   85.51852   36.2081  153.4045    3.66800   -0.02679
 10.4750    8.23037   85.69031   36.1709  153.5043    3.75900   -0.02135
 10.4833    8.08753   85.86200   36.1332  153.6048    3.83700   -0.00322
 10.4917    7.94476   86.03359   36.0948  153.7061    4.01700    0.00000

