hmax        =    300
wind_bottom =      2
wind_top    =     10
critlon     =      0
tbeg, h     =   0.00
tend, h     =  24.00
c_ionex     =      0
c_vert      =      1
time, gamma, az, latp, lonp, tec, tec_filtered
 10.3750    9.79793  228.34483   29.1742  131.5719   28.65000    0.00000
 10.3833    9.98389  228.45923   29.2570  131.6317   28.41500   -0.00408
 10.3917   10.16990  228.57417   29.3388  131.6908   28.24400   -0.00644
 10.4000   10.35595  228.68970   29.4195  131.7493   28.11700   -0.00408
 10.4083   10.54205  228.80579   29.4992  131.8073   27.92900    0.00149
 10.4167   10.72818  228.92242   29.5777  131.8645   27.79200   -0.00644
 10.4250   10.91436  229.03966   29.6553  131.9212   27.58700   -0.01113
 10.4333   11.10058  229.15742   29.7318  131.9773   27.43000   -0.01370
 10.4417   11.28684  229.27579   29.8074  132.0327   27.27900   -0.00760
 10.4500   11.47313  229.39470   29.8819  132.0876   27.14000    0.00766
 10.4583   11.65946  229.51418   29.9555  132.1419   27.07400    0.01745
 10.4667   11.84582  229.63425   30.0281  132.1956   26.87100    0.02566
 10.4750   12.03221  229.75487   30.0997  132.2487   26.72700    0.01421
 10.4833   12.21864  229.87607   30.1704  132.3012   26.49400    0.00528
 10.4917   12.40510  229.99783   30.2402  132.3532   26.30800   -0.00966
 10.5000   12.59158  230.12019   30.3091  132.4046   26.10900   -0.01173
 10.5083   12.77810  230.24310   30.3771  132.4554   25.98400   -0.00885
 10.5167   12.96464  230.36661   30.4443  132.5057   25.83800   -0.00061
 10.5250   13.15120  230.49068   30.5105  132.5555   25.67900    0.01079
 10.5333   13.33779  230.61533   30.5760  132.6047   25.57000    0.01804
 10.5417   13.52440  230.74055   30.6405  132.6534   25.37800    0.02473
 10.5500   13.71103  230.86636   30.7043  132.7015   25.21000    0.02076
 10.5583   13.89768  230.99275   30.7672  132.7492   25.01500    0.01236
 10.5667   14.08435  231.11972   30.8293  132.7963   24.79800    0.00516
 10.5750   14.27103  231.24727   30.8907  132.8429   24.64800    0.00116
 10.5833   14.45773  231.37540   30.9513  132.8891   24.49100   -0.00320
 10.5917   14.64444  231.50412   31.0111  132.9347   24.28000   -0.01670
 10.6000   14.83117  231.63342   31.0701  132.9798   24.06400   -0.03480
 10.6083   15.01790  231.76331   31.1285  133.0245   23.87100   -0.04619
 10.6167   15.20465  231.89378   31.1861  133.0687   23.70800   -0.04570
 10.6250   15.39140  232.02486   31.2429  133.1124   23.58100   -0.03502
 10.6333   15.57816  232.15651   31.2991  133.1556   23.46300   -0.02160
 10.6417   15.76492  232.28876   31.3546  133.1984   23.32000   -0.01116
 10.6500   15.95169  232.42159   31.4094  133.2408   23.16800    0.00308
 10.6583   16.13846  232.55502   31.4635  133.2827   23.07300    0.02397
 10.6667   16.32523  232.68906   31.5170  133.3241   22.97200    0.04276
 10.6750   16.51200  232.82367   31.5698  133.3651   22.79900    0.05028
 10.6833   16.69876  232.95889   31.6220  133.4057   22.62200    0.04833
 10.6917   16.88552  233.09470   31.6735  133.4459   22.45500    0.04407
 10.7000   17.07228  233.23112   31.7244  133.4857   22.26700    0.04034
 10.7083   17.25903  233.36813   31.7748  133.5250   22.08900    0.03455
 10.7167   17.44577  233.50575   31.8245  133.5639   21.89900    0.02272
 10.7250   17.63249  233.64397   31.8736  133.6025   21.66100    0.00415
 10.7333   17.81921  233.78281   31.9222  133.6406   21.43300   -0.01443
 10.7417   18.00591  233.92223   31.9701  133.6784   21.24200   -0.02275
 10.7500   18.19260  234.06227   32.0176  133.7157   21.07300   -0.02052
 10.7583   18.37927  234.20293   32.0644  133.7527   20.91400   -0.01880
 10.7667   18.56592  234.34418   32.1107  133.7893   20.71600   -0.01853
 10.7750   18.75255  234.48604   32.1565  133.8256   20.53700   -0.02519
 10.7833   18.93916  234.62852   32.2018  133.8615   20.33200   -0.02960
 10.7917   19.12575  234.77162   32.2465  133.8970   20.15200   -0.02710
 10.8000   19.31231  234.91533   32.2907  133.9322   20.02600   -0.01712
 10.8083   19.49884  235.05966   32.3344  133.9670   19.88000   -0.00627
 10.8167   19.68535  235.20461   32.3777  134.0015   19.71800   -0.00080
 10.8250   19.87183  235.35017   32.4204  134.0356   19.56700   -0.00288
 10.8333   20.05827  235.49637   32.4627  134.0694   19.38000   -0.00789
 10.8417   20.24468  235.64319   32.5045  134.1029   19.20600   -0.01351
 10.8500   20.43105  235.79062   32.5458  134.1361   19.05800   -0.01597
 10.8583   20.61739  235.93869   32.5867  134.1689   18.89900   -0.02240
 10.8667   20.80369  236.08739   32.6271  134.2014   18.70700   -0.02525
 10.8750   20.98995  236.23671   32.6671  134.2337   18.59000   -0.02807
 10.8833   21.17617  236.38666   32.7066  134.2656   18.43400   -0.02334
 10.8917   21.36234  236.53725   32.7457  134.2972   18.29100   -0.01857
 10.9000   21.54847  236.68848   32.7844  134.3285   18.17300   -0.00860
 10.9083   21.73454  236.84035   32.8227  134.3595   18.05400    0.00101
 10.9167   21.92057  236.99284   32.8606  134.3903   17.91800    0.00535
 10.9250   22.10655  237.14598   32.8981  134.4207   17.77600    0.00602
 10.9333   22.29248  237.29976   32.9351  134.4509   17.64000    0.00543
 10.9417   22.47835  237.45418   32.9718  134.4808   17.49600    0.00243
 10.9500   22.66416  237.60925   33.0081  134.5104   17.33900   -0.00434
 10.9583   22.84992  237.76497   33.0441  134.5397   17.18000   -0.01311
 10.9667   23.03561  237.92134   33.0796  134.5688   17.02600   -0.01942
 10.9750   23.22125  238.07835   33.1148  134.5977   16.88600   -0.01697
 10.9833   23.40682  238.23602   33.1496  134.6263   16.78400   -0.00063
 10.9917   23.59232  238.39436   33.1841  134.6546   16.71600    0.01638
 11.0000   23.77776  238.55334   33.2182  134.6826   16.57700    0.02212
 11.0083   23.96312  238.71298   33.2520  134.7105   16.40600    0.01031
 11.0167   24.14842  238.87329   33.2854  134.7381   16.23800   -0.00614
 11.0250   24.33364  239.03426   33.3185  134.7654   16.08300   -0.01777
 11.0333   24.51878  239.19589   33.3513  134.7925   15.95300   -0.02571
 11.0417   24.70385  239.35818   33.3837  134.8194   15.81600   -0.03126
 11.0500   24.88884  239.52115   33.4159  134.8461   15.68500   -0.03558
 11.0583   25.07375  239.68478   33.4477  134.8725   15.57100   -0.04205
 11.0667   25.25857  239.84911   33.4792  134.8987   15.42800   -0.05327
 11.0750   25.44331  240.01410   33.5104  134.9247   15.27100   -0.05741
 11.0833   25.62797  240.17976   33.5413  134.9505   15.20300   -0.04484
 11.0917   25.81253  240.34612   33.5719  134.9761   15.16800   -0.02488
 11.1000   25.99700  240.51314   33.6022  135.0015   15.07300   -0.01412
 11.1083   26.18138  240.68085   33.6322  135.0266   14.96900   -0.01853
 11.1167   26.36567  240.84924   33.6620  135.0516   14.86000   -0.02273
 11.1250   26.54986  241.01834   33.6914  135.0764   14.77600   -0.02790
 11.1333   26.73395  241.18813   33.7206  135.1009   14.67500   -0.03006
 11.1417   26.91793  241.35860   33.7495  135.1253   14.59000   -0.03353
 11.1500   27.10182  241.52975   33.7782  135.1495   14.50300   -0.03275
 11.1583   27.28560  241.70163   33.8065  135.1735   14.43100   -0.02505
 11.1667   27.46927  241.87421   33.8347  135.1973   14.38800   -0.00123
 11.1750   27.65283  242.04747   33.8625  135.2209   14.39000    0.01918
 11.1833   27.83628  242.22145   33.8901  135.2444   14.29500    0.03394
 11.1917   28.01962  242.39613   33.9175  135.2677   14.21800    0.03579
 11.2000   28.20284  242.57153   33.9446  135.2907   14.15000    0.03739
 11.2083   28.38595  242.74765   33.9715  135.3137   14.05600    0.03488
 11.2167   28.56893  242.92448   33.9981  135.3365   13.95900    0.02427
 11.2250   28.75180  243.10202   34.0245  135.3591   13.84500    0.01051
 11.2333   28.93453  243.28029   34.0507  135.3815   13.73000   -0.00035
 11.2417   29.11715  243.45927   34.0767  135.4038   13.64300   -0.00655
 11.2500   29.29963  243.63901   34.1024  135.4259   13.55400   -0.00452
 11.2583   29.48198  243.81944   34.1279  135.4478   13.48100   -0.00433
 11.2667   29.66421  244.00063   34.1531  135.4697   13.38300   -0.00284
 11.2750   29.84629  244.18254   34.1782  135.4913   13.29600    0.00103
 11.2833   30.02824  244.36519   34.2030  135.5128   13.23200    0.00702
 11.2917   30.21005  244.54858   34.2277  135.5342   13.14300    0.00129
 11.3000   30.39172  244.73273   34.2521  135.5554   12.99600   -0.01584
 11.3083   30.57324  244.91760   34.2763  135.5765   12.88000   -0.03740
 11.3167   30.75462  245.10324   34.3003  135.5974   12.77600   -0.03207
 11.3250   30.93585  245.28963   34.3241  135.6182   12.77800   -0.01888
 11.3333   31.11694  245.47676   34.3478  135.6388   12.71200   -0.00508
 11.3417   31.29786  245.66466   34.3712  135.6594   12.62200   -0.01476
 11.3500   31.47864  245.85332   34.3944  135.6798   12.51300   -0.03465
 11.3583   31.65925  246.04274   34.4175  135.7000   12.40200   -0.04923
 11.3667   31.83971  246.23293   34.4403  135.7202   12.34300   -0.05110
 11.3750   32.02000  246.42390   34.4630  135.7402   12.30100   -0.04140
 11.3833   32.20013  246.61563   34.4855  135.7601   12.25100   -0.03853
 11.3917   32.38010  246.80814   34.5078  135.7798   12.16200   -0.03737
 11.4000   32.55990  247.00143   34.5299  135.7995   12.11700   -0.02373
 11.4083   32.73952  247.19551   34.5519  135.8190   12.13200    0.00750
 11.4167   32.91897  247.39038   34.5737  135.8384   12.13000    0.03732
 11.4250   33.09825  247.58603   34.5953  135.8577   12.07400    0.05199
 11.4333   33.27735  247.78249   34.6167  135.8769   12.01400    0.05057
 11.4417   33.45627  247.97972   34.6380  135.8959   11.93600    0.04319
 11.4500   33.63500  248.17776   34.6591  135.9149   11.85700    0.02503
 11.4583   33.81355  248.37662   34.6801  135.9337   11.74800    0.00912
 11.4667   33.99192  248.57626   34.7009  135.9525   11.68300   -0.00899
 11.4750   34.17009  248.77673   34.7215  135.9711   11.59900   -0.01211
 11.4833   34.34807  248.97803   34.7420  135.9896   11.56800   -0.01710
 11.4917   34.52586  249.18011   34.7623  136.0081   11.49300   -0.02392
 11.5000   34.70345  249.38304   34.7824  136.0264   11.39300   -0.03478
 11.5083   34.88084  249.58679   34.8025  136.0446   11.33800   -0.04312
 11.5167   35.05803  249.79137   34.8223  136.0628   11.27300   -0.03758
 11.5250   35.23501  249.99678   34.8420  136.0808   11.23700   -0.02651
 11.5333   35.41179  250.20302   34.8616  136.0987   11.20300   -0.01403
 11.5417   35.58836  250.41011   34.8810  136.1166   11.14700    0.00717
 11.5500   35.76472  250.61804   34.9003  136.1344   11.15500    0.02161
 11.5583   35.94086  250.82683   34.9195  136.1520   11.09500    0.03067
 11.5667   36.11678  251.03645   34.9385  136.1696   11.01000    0.03362
 11.5750   36.29249  251.24695   34.9573  136.1871   10.98400    0.04636
 11.5833   36.46798  251.45830   34.9761  136.2045   10.96400    0.05141
 11.5917   36.64324  251.67052   34.9947  136.2218   10.84400    0.03653
 11.6000   36.81827  251.88361   35.0131  136.2391   10.73200    0.00689
 11.6083   36.99308  252.09756   35.0315  136.2562   10.64600   -0.00178
 11.6167   37.16765  252.31239   35.0497  136.2733   10.62800   -0.00727
 11.6250   37.34199  252.52811   35.0677  136.2903   10.53300    0.00191
 11.6333   37.51609  252.74471   35.0857  136.3072   10.51700   -0.01288
 11.6417   37.68996  252.96220   35.1035  136.3241   10.38900   -0.03727
 11.6500   37.86358  253.18059   35.1212  136.3408   10.25000   -0.06997
 11.6583   38.03695  253.39987   35.1388  136.3575   10.19800   -0.07687
 11.6667   38.21008  253.62006   35.1562  136.3741   10.18600   -0.05768
 11.6750   38.38296  253.84116   35.1736  136.3907   10.16700   -0.04527
 11.6833   38.55559  254.06316   35.1908  136.4072   10.08500   -0.02338
 11.6917   38.72796  254.28609   35.2079  136.4236   10.12300   -0.00771
 11.7000   38.90007  254.50993   35.2249  136.4399   10.08000    0.01658
 11.7083   39.07192  254.73471   35.2417  136.4562   10.04500    0.02688
 11.7167   39.24352  254.96040   35.2585  136.4724   10.02300    0.02553
 11.7250   39.41484  255.18706   35.2751  136.4885    9.93400    0.02230
 11.7333   39.58590  255.41463   35.2916  136.5046    9.89800    0.01005
 11.7417   39.75668  255.64316   35.3080  136.5206    9.84700    0.00505
 11.7500   39.92719  255.87263   35.3243  136.5365    9.79500   -0.01978
 11.7583   40.09743  256.10306   35.3405  136.5524    9.66900   -0.03078
 11.7667   40.26738  256.33447   35.3566  136.5682    9.67300   -0.02969
 11.7750   40.43705  256.56683   35.3726  136.5840    9.66600   -0.00501
 11.7833   40.60644  256.80014   35.3885  136.5997    9.63600    0.01405
 11.7917   40.77554  257.03445   35.4043  136.6154    9.60600    0.02220
 11.8000   40.94435  257.26974   35.4199  136.6310    9.54400    0.02570
 11.8083   41.11287  257.50601   35.4355  136.6465    9.49200    0.03655
 11.8167   41.28109  257.74326   35.4510  136.6620    9.49400    0.04625
 11.8250   41.44902  257.98151   35.4663  136.6774    9.42900    0.05184
 11.8333   41.61664  258.22079   35.4816  136.6927    9.35700    0.03444
 11.8417   41.78396  258.46106   35.4968  136.7081    9.25900    0.02190
 11.8500   41.95097  258.70233   35.5119  136.7234    9.21000    0.01108
 11.8583   42.11767  258.94464   35.5268  136.7386    9.13700    0.00544
 11.8667   42.28406  259.18796   35.5417  136.7537    9.04900   -0.00355
 11.8750   42.45013  259.43231   35.5565  136.7689    8.97500    0.00281
 11.8833   42.61588  259.67770   35.5712  136.7839    8.95900    0.01938
 11.8917   42.78131  259.92413   35.5858  136.7990    8.90800    0.03955
 11.9000   42.94642  260.17160   35.6003  136.8139    8.84100    0.05112
 11.9083   43.11120  260.42014   35.6147  136.8289    8.78000    0.04623
 11.9167   43.27565  260.66974   35.6291  136.8437    8.65300    0.03709
 11.9250   43.43977  260.92038   35.6433  136.8586    8.56900    0.02193
 11.9333   43.60355  261.17209   35.6575  136.8734    8.48700    0.01191
 11.9417   43.76699  261.42490   35.6715  136.8882    8.38700   -0.00112
 11.9500   43.93009  261.67880   35.6855  136.9029    8.29400   -0.01444
 11.9583   44.09285  261.93375   35.6994  136.9175    8.21100   -0.02252
 11.9667   44.25526  262.18982   35.7132  136.9322    8.13100   -0.03006
 11.9750   44.41731  262.44699   35.7269  136.9468    8.03400   -0.04031
 11.9833   44.57902  262.70529   35.7406  136.9613    7.93500   -0.04678
 11.9917   44.74036  262.96466   35.7541  136.9758    7.86500   -0.04308
 12.0000   44.90135  263.22519   35.7676  136.9903    7.81100   -0.02036
 12.0083   45.06197  263.48682   35.7810  137.0048    7.79000    0.00834
 12.0167   45.22222  263.74960   35.7943  137.0192    7.74600    0.02948
 12.0250   45.38211  264.01352   35.8075  137.0335    7.66300    0.02700
 12.0333   45.54162  264.27859   35.8207  137.0479    7.55400    0.02773
 12.0417   45.70076  264.54480   35.8337  137.0622    7.53200    0.01446
 12.0500   45.85952  264.81219   35.8467  137.0764    7.40100    0.00727
 12.0583   46.01790  265.08072   35.8596  137.0907    7.32400   -0.01555
 12.0667   46.17589  265.35046   35.8725  137.1049    7.24600   -0.02561
 12.0750   46.33350  265.62134   35.8852  137.1190    7.17100   -0.04478
 12.0833   46.49071  265.89343   35.8979  137.1332    7.06400   -0.06406
 12.0917   46.64753  266.16672   35.9105  137.1473    6.99300   -0.07787
 12.1000   46.80395  266.44122   35.9230  137.1614    6.94700   -0.06754
 12.1083   46.95997  266.71692   35.9355  137.1754    6.94000   -0.05321
 12.1167   47.11559  266.99384   35.9479  137.1895    6.88800   -0.03665
 12.1250   47.27080  267.27197   35.9602  137.2035    6.85000   -0.02512
 12.1333   47.42559  267.55133   35.9724  137.2174    6.81900   -0.01996
 12.1417   47.57998  267.83194   35.9846  137.2314    6.73600   -0.02101
 12.1500   47.73394  268.11380   35.9967  137.2453    6.67100   -0.00242
 12.1583   47.88749  268.39691   36.0087  137.2592    6.71300    0.04073
 12.1667   48.04061  268.68130   36.0207  137.2730    6.72600    0.09051
 12.1750   48.19330  268.96692   36.0326  137.2868    6.68400    0.12006
 12.1833   48.34556  269.25385   36.0444  137.3007    6.64200    0.12747
 12.1917   48.49739  269.54205   36.0561  137.3145    6.55400    0.12452
 12.2000   48.64878  269.83154   36.0678  137.3282    6.46000    0.09553
 12.2083   48.79973  270.12234   36.0794  137.3420    6.30500    0.06877
 12.2167   48.95024  270.41446   36.0910  137.3557    6.21500    0.04579
 12.2250   49.10030  270.70786   36.1024  137.3694    6.12500    0.03273
 12.2333   49.24990  271.00262   36.1138  137.3831    6.00100    0.03513
 12.2417   49.39905  271.29871   36.1252  137.3967    5.96200    0.02984
 12.2500   49.54774  271.59613   36.1365  137.4104    5.83100    0.02355
 12.2583   49.69598  271.89487   36.1477  137.4240    5.69200   -0.00550
 12.2667   49.84374  272.19501   36.1588  137.4376    5.56000   -0.01518
 12.2750   49.99104  272.49649   36.1699  137.4512    5.50300   -0.02800
 12.2833   50.13786  272.79935   36.1809  137.4647    5.36000   -0.04586
 12.2917   50.28421  273.10361   36.1919  137.4783    5.22900   -0.07771
 12.3000   50.43007  273.40924   36.2028  137.4918    5.14300   -0.10514
 12.3083   50.57546  273.71628   36.2136  137.5053    5.03800   -0.12211
 12.3167   50.72035  274.02472   36.2244  137.5188    4.96200   -0.13324
 12.3250   50.86476  274.33456   36.2351  137.5323    4.91400   -0.14183
 12.3333   51.00867  274.64587   36.2457  137.5457    4.83700   -0.15294
 12.3417   51.15208  274.95856   36.2563  137.5592    4.77200   -0.16512
 12.3500   51.29499  275.27274   36.2668  137.5726    4.73800   -0.15416
 12.3583   51.43740  275.58832   36.2773  137.5860    4.76200   -0.11622
 12.3667   51.57929  275.90540   36.2877  137.5994    4.81400   -0.06506
 12.3750   51.72067  276.22394   36.2981  137.6128    4.84900   -0.03310
 12.3833   51.86154  276.54395   36.3083  137.6262    4.82400   -0.02672
 12.3917   52.00188  276.86545   36.3186  137.6395    4.79800   -0.00624
 12.4000   52.14170  277.18845   36.3287  137.6529    4.89600    0.01537
 12.4083   52.28099  277.51294   36.3389  137.6662    4.87800    0.04348
 12.4167   52.41975  277.83893   36.3489  137.6796    4.87500    0.03478
 12.4250   52.55797  278.16647   36.3589  137.6929    4.83400    0.02841
 12.4333   52.69565  278.49554   36.3688  137.7062    4.82200    0.03372
 12.4417   52.83279  278.82614   36.3787  137.7195    4.85500    0.06216
 12.4500   52.96938  279.15829   36.3886  137.7328    4.88700    0.10158
 12.4583   53.10541  279.49200   36.3983  137.7460    4.90000    0.12589
 12.4667   53.24089  279.82727   36.4080  137.7593    4.86500    0.13195
 12.4750   53.37581  280.16412   36.4177  137.7726    4.82500    0.10991
 12.4833   53.51017  280.50256   36.4273  137.7858    4.72900    0.07720
 12.4917   53.64395  280.84262   36.4369  137.7991    4.64900    0.04059
 12.5000   53.77717  281.18427   36.4464  137.8123    4.58200    0.01086
 12.5083   53.90980  281.52750   36.4558  137.8255    4.50200   -0.01137
 12.5167   54.04186  281.87238   36.4652  137.8387    4.44000   -0.02481
 12.5250   54.17333  282.21890   36.4745  137.8520    4.39800   -0.03327
 12.5333   54.30421  282.56705   36.4838  137.8652    4.32900   -0.03871
 12.5417   54.43450  282.91684   36.4930  137.8784    4.27000   -0.02588
 12.5500   54.56419  283.26831   36.5022  137.8916    4.28600   -0.00032
 12.5583   54.69328  283.62143   36.5113  137.9048    4.25600    0.02780
 12.5667   54.82176  283.97623   36.5204  137.9180    4.20300    0.02619
 12.5750   54.94964  284.33273   36.5294  137.9312    4.11200    0.00549
 12.5833   55.07690  284.69092   36.5384  137.9443    4.01600   -0.01522
 12.5917   55.20353  285.05084   36.5473  137.9575    3.96600   -0.01400
 12.6000   55.32955  285.41245   36.5561  137.9707    3.95700    0.00708
 12.6083   55.45494  285.77579   36.5650  137.9839    3.93300    0.03140
 12.6167   55.57969  286.14087   36.5737  137.9970    3.89200    0.03838
 12.6250   55.70381  286.50769   36.5824  138.0102    3.81600    0.03342
 12.6333   55.82729  286.87625   36.5911  138.0234    3.74300    0.01959
 12.6417   55.95012  287.24658   36.5997  138.0365    3.66500    0.01021
 12.6500   56.07231  287.61868   36.6082  138.0497    3.60100    0.00597
 12.6583   56.19384  287.99258   36.6167  138.0629    3.54800    0.00572
 12.6667   56.31471  288.36823   36.6252  138.0760    3.49100    0.01186
 12.6750   56.43491  288.74570   36.6336  138.0892    3.45600    0.01253
 12.6833   56.55445  289.12497   36.6420  138.1024    3.38300    0.00057
 12.6917   56.67332  289.50607   36.6503  138.1155    3.27400   -0.02322
 12.7000   56.79151  289.88898   36.6585  138.1287    3.19100   -0.03856
 12.7083   56.90902  290.27371   36.6668  138.1419    3.14900   -0.04005
 12.7167   57.02584  290.66028   36.6749  138.1551    3.09600   -0.03414
 12.7250   57.14197  291.04871   36.6830  138.1682    3.04900   -0.03032
 12.7333   57.25740  291.43900   36.6911  138.1814    3.00800   -0.01923
 12.7417   57.37214  291.83115   36.6991  138.1946    2.98500   -0.00947
 12.7500   57.48617  292.22519   36.7071  138.2078    2.93400   -0.01454
 12.7583   57.59949  292.62109   36.7150  138.2209    2.84100   -0.03666
 12.7667   57.71209  293.01889   36.7229  138.2341    2.76100   -0.05286
 12.7750   57.82398  293.41858   36.7307  138.2473    2.73800   -0.05014
 12.7833   57.93514  293.82016   36.7385  138.2606    2.72000   -0.03008
 12.7917   58.04557  294.22366   36.7462  138.2738    2.70700   -0.00571
 12.8000   58.15527  294.62909   36.7539  138.2870    2.70200    0.01241
 12.8083   58.26424  295.03644   36.7615  138.3002    2.66400    0.01426
 12.8167   58.37246  295.44574   36.7691  138.3134    2.59800    0.00087
 12.8250   58.47993  295.85696   36.7767  138.3266    2.54300   -0.01079
 12.8333   58.58665  296.27011   36.7842  138.3399    2.51700   -0.01730
 12.8417   58.69261  296.68524   36.7916  138.3531    2.48000   -0.01752
 12.8500   58.79781  297.10233   36.7990  138.3664    2.46300   -0.02685
 12.8583   58.90224  297.52139   36.8064  138.3796    2.42200   -0.04362
 12.8667   59.00590  297.94241   36.8137  138.3929    2.37300   -0.06645
 12.8750   59.10878  298.36539   36.8210  138.4062    2.34500   -0.08836
 12.8833   59.21088  298.79037   36.8282  138.4195    2.31600   -0.10413
 12.8917   59.31219  299.21735   36.8353  138.4328    2.30000   -0.12082
 12.9000   59.41271  299.64630   36.8425  138.4461    2.28800   -0.12866
 12.9083   59.51244  300.07727   36.8495  138.4594    2.31300   -0.12942
 12.9167   59.61136  300.51022   36.8566  138.4727    2.34400   -0.12442
 12.9250   59.70948  300.94519   36.8636  138.4861    2.37200   -0.11392
 12.9333   59.80679  301.38217   36.8705  138.4994    2.43000   -0.10068
 12.9417   59.90328  301.82114   36.8774  138.5127    2.48100   -0.09020
 12.9500   59.99894  302.26215   36.8842  138.5261    2.50400   -0.08034
 12.9583   60.09379  302.70517   36.8910  138.5395    2.55900   -0.05663
 12.9667   60.18780  303.15024   36.8978  138.5529    2.64800   -0.00249
 12.9750   60.28097  303.59732   36.9045  138.5663    2.75700    0.06846
 12.9833   60.37330  304.04642   36.9112  138.5797    2.84700    0.14688
 12.9917   60.46479  304.49753   36.9178  138.5931    2.93200    0.23084
 13.0000   60.55543  304.95071   36.9244  138.6066    3.02400    0.30421
 13.0083   60.64521  305.40591   36.9309  138.6200    3.03700    0.36572
 13.0167   60.73413  305.86313   36.9374  138.6335    3.04000    0.40150
 13.0250   60.82218  306.32239   36.9438  138.6470    3.00300    0.41506
 13.0333   60.90937  306.78369   36.9502  138.6605    2.90300    0.39544
 13.0417   60.99568  307.24701   36.9565  138.6740    2.76000    0.34714
 13.0500   61.08111  307.71237   36.9628  138.6875    2.59500    0.28962
 13.0583   61.16565  308.17975   36.9691  138.7011    2.43000    0.21771
 13.0667   61.24930  308.64917   36.9753  138.7147    2.20500    0.13361
 13.0750   61.33206  309.12061   36.9814  138.7282    1.96600    0.04192
 13.0833   61.41392  309.59406   36.9875  138.7418    1.74300   -0.03541
 13.0917   61.49487  310.06955   36.9936  138.7554    1.53700   -0.09991
 13.1000   61.57492  310.54706   36.9996  138.7691    1.31600   -0.13904
 13.1083   61.65405  311.02655   37.0056  138.7827    1.16200   -0.15407
 13.1167   61.73226  311.50809   37.0115  138.7964    1.02900   -0.14558
 13.1250   61.80955  311.99161   37.0174  138.8101    0.89300   -0.13481
 13.1333   61.88591  312.47714   37.0232  138.8238    0.76800   -0.12089
 13.1417   61.96134  312.96463   37.0290  138.8375    0.67700   -0.11635
 13.1500   62.03584  313.45413   37.0347  138.8512    0.54700   -0.12723
 13.1583   62.10939  313.94562   37.0404  138.8650    0.41200   -0.15782
 13.1667   62.18199  314.43906   37.0460  138.8787    0.29900   -0.20184
 13.1750   62.25364  314.93445   37.0516  138.8925    0.16900   -0.24684
 13.1833   62.32434  315.43182   37.0572  138.9063    0.07300   -0.28851
 13.1917   62.39407  315.93112   37.0627  138.9202    0.00700   -0.30178
 13.2000   62.46285  316.43234   37.0681  138.9340    0.00000   -0.27072
 13.2083   62.53065  316.93552   37.0735  138.9479    0.07100   -0.20659
 13.2167   62.59748  317.44058   37.0788  138.9618    0.13200   -0.13751
 13.2250   62.66334  317.94754   37.0841  138.9757    0.15900   -0.07347
 13.2333   62.72821  318.45639   37.0894  138.9896    0.23500   -0.02193
 13.2417   62.79209  318.96713   37.0946  139.0036    0.28200    0.03114
 13.2500   62.85499  319.47971   37.0997  139.0176    0.34400    0.06427
 13.2583   62.91689  319.99414   37.1048  139.0316    0.38500    0.07316
 13.2667   62.97780  320.51041   37.1099  139.0456    0.37900    0.05257
 13.2750   63.03770  321.02850   37.1149  139.0596    0.36500    0.00187
 13.2833   63.09660  321.54837   37.1198  139.0737    0.31800   -0.05232
 13.2917   63.15449  322.07004   37.1247  139.0878    0.30100   -0.08606
 13.3000   63.21136  322.59348   37.1296  139.1019    0.34900   -0.09097
 13.3083   63.26722  323.11865   37.1344  139.1160    0.39200   -0.06453
 13.3167   63.32205  323.64554   37.1391  139.1301    0.47500   -0.03091
 13.3250   63.37586  324.17416   37.1438  139.1443    0.54300    0.01362
 13.3333   63.42865  324.70447   37.1485  139.1585    0.61500    0.05008
 13.3417   63.48040  325.23642   37.1530  139.1727    0.66500    0.06982
 13.3500   63.53111  325.77005   37.1576  139.1870    0.67300    0.06983
 13.3583   63.58079  326.30530   37.1621  139.2012    0.67700    0.05266
 13.3667   63.62943  326.84213   37.1665  139.2155    0.67100    0.03516
 13.3750   63.67702  327.38055   37.1709  139.2298    0.68100    0.02875
 13.3833   63.72356  327.92050   37.1752  139.2441    0.72400    0.03350
 13.3917   63.76906  328.46201   37.1795  139.2585    0.75500    0.03877
 13.4000   63.81350  329.00500   37.1837  139.2729    0.76000    0.03774
 13.4083   63.85688  329.54947   37.1878  139.2873    0.77400    0.03570
 13.4167   63.89920  330.09540   37.1919  139.3017    0.78900    0.02971
 13.4250   63.94046  330.64276   37.1960  139.3161    0.77200    0.01319
 13.4333   63.98066  331.19150   37.2000  139.3306    0.74700   -0.01035
 13.4417   64.01979  331.74161   37.2039  139.3450    0.74000   -0.02626
 13.4500   64.05785  332.29303   37.2078  139.3596    0.75200   -0.02887
 13.4583   64.09483  332.84579   37.2116  139.3741    0.77300   -0.01613
 13.4667   64.13075  333.39981   37.2154  139.3886    0.81500   -0.01091
 13.4750   64.16558  333.95508   37.2191  139.4032    0.79800   -0.00579
 13.4833   64.19934  334.51157   37.2228  139.4178    0.81300   -0.01757
 13.4917   64.23202  335.06924   37.2264  139.4324    0.79700   -0.01783
 13.5000   64.26361  335.62805   37.2299  139.4471    0.81800   -0.00990
 13.5083   64.29412  336.18796   37.2334  139.4617    0.86300    0.00743
 13.5167   64.32355  336.74896   37.2368  139.4764    0.88100    0.02163
 13.5250   64.35189  337.31100   37.2402  139.4911    0.89500    0.02673
 13.5333   64.37913  337.87405   37.2435  139.5058    0.91000    0.02263
 13.5417   64.40529  338.43808   37.2467  139.5206    0.89700    0.01537
 13.5500   64.43036  339.00305   37.2499  139.5354    0.89900   -0.00134
 13.5583   64.45434  339.56891   37.2531  139.5501    0.88200   -0.00668
 13.5667   64.47722  340.13565   37.2561  139.5649    0.90400   -0.00305
 13.5750   64.49901  340.70322   37.2591  139.5798    0.93300    0.01294
 13.5833   64.51970  341.27158   37.2621  139.5946    0.95100    0.01889
 13.5917   64.53930  341.84067   37.2650  139.6095    0.93500    0.02136
 13.6000   64.55780  342.41049   37.2678  139.6244    0.94700    0.01344
 13.6083   64.57520  342.98096   37.2706  139.6393    0.93100    0.01515
 13.6167   64.59150  343.55209   37.2733  139.6542    0.94800    0.02545
 13.6250   64.60671  344.12381   37.2759  139.6691    0.99100    0.03089
 13.6333   64.62082  344.69608   37.2785  139.6841    0.96100    0.02388
 13.6417   64.63384  345.26886   37.2810  139.6990    0.94100   -0.00171
 13.6500   64.64575  345.84210   37.2835  139.7140    0.92500   -0.03466
 13.6583   64.65657  346.41580   37.2858  139.7290    0.87300   -0.05442
 13.6667   64.66629  346.98987   37.2882  139.7440    0.89700   -0.06808
 13.6750   64.67491  347.56430   37.2904  139.7591    0.90400   -0.05188
 13.6833   64.68243  348.13907   37.2926  139.7741    0.95300   -0.03947
 13.6917   64.68886  348.71408   37.2948  139.7892    0.96900   -0.02862
 13.7000   64.69420  349.28931   37.2969  139.8043    0.97300   -0.02703
 13.7083   64.69844  349.86472   37.2989  139.8194    0.99400   -0.02532
 13.7167   64.70159  350.44028   37.3008  139.8345    1.01600   -0.02609
 13.7250   64.70364  351.01596   37.3027  139.8496    1.02000   -0.02089
 13.7333   64.70461  351.59167   37.3045  139.8647    1.06900   -0.01645
 13.7417   64.70448  352.16742   37.3063  139.8799    1.09700   -0.01195
 13.7500   64.70327  352.74316   37.3080  139.8951    1.10700   -0.01443
 13.7583   64.70096  353.31882   37.3096  139.9102    1.13700   -0.01690
 13.7667   64.69758  353.89435   37.3111  139.9254    1.16200   -0.02274
 13.7750   64.69311  354.46976   37.3126  139.9406    1.16000   -0.01694
 13.7833   64.68755  355.04498   37.3141  139.9558    1.22800    0.00141
 13.7917   64.68092  355.61996   37.3154  139.9710    1.29800    0.02218
 13.8000   64.67321  356.19467   37.3167  139.9862    1.30800    0.02466
 13.8083   64.66442  356.76907   37.3180  140.0015    1.32100    0.02128
 13.8167   64.65456  357.34311   37.3191  140.0167    1.37200    0.01526
 13.8250   64.64363  357.91675   37.3202  140.0320    1.37400    0.00562
 13.8333   64.63163  358.48996   37.3213  140.0472    1.37500   -0.01426
 13.8417   64.61856  359.06271   37.3222  140.0625    1.39400   -0.02411
 13.8500   64.60443  359.63495   37.3232  140.0777    1.42900   -0.03158
 13.8583   64.58924    0.20661   37.3240  140.0930    1.43900   -0.02543
 13.8667   64.57299    0.77770   37.3248  140.1083    1.50600   -0.01671
 13.8750   64.55568    1.34815   37.3255  140.1236    1.55300   -0.00429
 13.8833   64.53732    1.91794   37.3261  140.1389    1.58300   -0.01398
 13.8917   64.51791    2.48702   37.3267  140.1542    1.58600   -0.02223
 13.9000   64.49746    3.05536   37.3272  140.1695    1.64700   -0.03502
 13.9083   64.47596    3.62292   37.3277  140.1848    1.66800   -0.04506
 13.9167   64.45342    4.18966   37.3281  140.2001    1.68600   -0.06783
 13.9250   64.42984    4.75555   37.3284  140.2154    1.71200   -0.08878
 13.9333   64.40524    5.32055   37.3286  140.2307    1.74400   -0.08900
 13.9417   64.37960    5.88464   37.3288  140.2460    1.83800   -0.07468
 13.9500   64.35293    6.44776   37.3289  140.2613    1.91500   -0.03120
 13.9583   64.32525    7.00989   37.3290  140.2766    2.04100    0.00264
 13.9667   64.29654    7.57100   37.3290  140.2919    2.09700    0.03385
 13.9750   64.26682    8.13106   37.3289  140.3073    2.16500    0.04379
 13.9833   64.23609    8.69002   37.3288  140.3226    2.22000    0.05087
 13.9917   64.20435    9.24787   37.3286  140.3379    2.26400    0.05639
 14.0000   64.17161    9.80456   37.3283  140.3532    2.31900    0.06257
 14.0083   64.13787   10.36007   37.3280  140.3685    2.37000    0.08971
 14.0167   64.10314   10.91437   37.3276  140.3838    2.47600    0.10752
 14.0250   64.06741   11.46743   37.3272  140.3991    2.49000    0.10229
 14.0333   64.03070   12.01922   37.3267  140.4144    2.45400    0.08405
 14.0417   63.99301   12.56971   37.3261  140.4297    2.50100    0.08450
 14.0500   63.95434   13.11888   37.3254  140.4450    2.56200    0.09015
 14.0583   63.91470   13.66670   37.3247  140.4603    2.53100    0.08604
 14.0667   63.87409   14.21314   37.3240  140.4756    2.53700    0.05824
 14.0750   63.83251   14.75817   37.3231  140.4909    2.51200    0.03329
 14.0833   63.78997   15.30178   37.3222  140.5062    2.47900    0.00978
 14.0917   63.74648   15.84394   37.3213  140.5214    2.47600   -0.00312
 14.1000   63.70204   16.38463   37.3202  140.5367    2.47000   -0.00135
 14.1083   63.65666   16.92382   37.3192  140.5520    2.47300    0.00238
 14.1167   63.61033   17.46149   37.3180  140.5672    2.46900    0.00284
 14.1250   63.56306   17.99761   37.3168  140.5825    2.44900    0.01683
 14.1333   63.51487   18.53218   37.3156  140.5977    2.49200    0.02900
 14.1417   63.46575   19.06517   37.3142  140.6130    2.48100    0.04448
 14.1500   63.41570   19.59655   37.3128  140.6282    2.47100    0.03397
 14.1583   63.36474   20.12632   37.3114  140.6434    2.43000    0.00883
 14.1667   63.31287   20.65445   37.3099  140.6587    2.37000   -0.01090
 14.1750   63.26009   21.18093   37.3083  140.6739    2.37800   -0.02313
 14.1833   63.20641   21.70573   37.3067  140.6891    2.36300   -0.03245
 14.1917   63.15183   22.22885   37.3050  140.7043    2.31100   -0.03401
 14.2000   63.09636   22.75026   37.3032  140.7195    2.34300   -0.03122
 14.2083   63.04000   23.26995   37.3014  140.7347    2.34300   -0.00603
 14.2167   62.98276   23.78792   37.2996  140.7498    2.36900    0.00512
 14.2250   62.92464   24.30414   37.2976  140.7650    2.36000    0.00807
 14.2333   62.86565   24.81860   37.2956  140.7802    2.33400   -0.00442
 14.2417   62.80580   25.33129   37.2936  140.7953    2.31000   -0.01744
 14.2500   62.74508   25.84219   37.2915  140.8105    2.30100   -0.01949
 14.2583   62.68350   26.35131   37.2893  140.8256    2.31300   -0.02627
 14.2667   62.62107   26.85862   37.2871  140.8407    2.27300   -0.03415
 14.2750   62.55780   27.36411   37.2848  140.8559    2.26100   -0.03384
 14.2833   62.49368   27.86779   37.2825  140.8710    2.30100   -0.00556
 14.2917   62.42873   28.36963   37.2801  140.8861    2.35800    0.03280
 14.3000   62.36295   28.86962   37.2777  140.9012    2.38100    0.04681
 14.3083   62.29634   29.36778   37.2751  140.9163    2.34700    0.03411
 14.3167   62.22890   29.86407   37.2726  140.9313    2.32400    0.00489
 14.3250   62.16065   30.35851   37.2700  140.9464    2.30400   -0.02420
 14.3333   62.09159   30.85107   37.2673  140.9615    2.28100   -0.05669
 14.3417   62.02173   31.34176   37.2645  140.9765    2.25400   -0.08427
 14.3500   61.95106   31.83058   37.2618  140.9915    2.25800   -0.10744
 14.3583   61.87959   32.31751   37.2589  141.0066    2.25800   -0.11095
 14.3667   61.80734   32.80255   37.2560  141.0216    2.30100   -0.10363
 14.3750   61.73430   33.28570   37.2531  141.0366    2.33900   -0.07271
 14.3833   61.66047   33.76696   37.2500  141.0516    2.41400   -0.03867
 14.3917   61.58587   34.24632   37.2470  141.0666    2.47000   -0.00408
 14.4000   61.51050   34.72378   37.2439  141.0816    2.51600    0.01799
 14.4083   61.43437   35.19934   37.2407  141.0966    2.55700    0.03234
 14.4167   61.35747   35.67300   37.2374  141.1116    2.59200    0.04143
 14.4250   61.27981   36.14475   37.2342  141.1265    2.62500    0.05290
 14.4333   61.20141   36.61460   37.2308  141.1415    2.67400    0.04922
 14.4417   61.12225   37.08254   37.2274  141.1564    2.65700    0.03957
 14.4500   61.04236   37.54858   37.2240  141.1714    2.66500    0.03063
 14.4583   60.96173   38.01272   37.2205  141.1863    2.71000    0.04118
 14.4667   60.88036   38.47495   37.2169  141.2012    2.74800    0.05105
 14.4750   60.79827   38.93528   37.2133  141.2161    2.74500    0.06164
 14.4833   60.71546   39.39371   37.2096  141.2310    2.78600    0.05871
 14.4917   60.63193   39.85025   37.2059  141.2459    2.77600    0.05407
 14.5000   60.54768   40.30488   37.2021  141.2608    2.76400    0.03110
 14.5083   60.46273   40.75762   37.1983  141.2757    2.73800    0.01288
 14.5167   60.37707   41.20848   37.1944  141.2906    2.73700   -0.00608
 14.5250   60.29072   41.65744   37.1905  141.3054    2.72000   -0.02443
 14.5333   60.20367   42.10452   37.1865  141.3203    2.69800   -0.04739
 14.5417   60.11593   42.54972   37.1825  141.3351    2.68500   -0.05408
 14.5500   60.02750   42.99304   37.1784  141.3500    2.72300   -0.04647
 14.5583   59.93839   43.43450   37.1743  141.3648    2.75100   -0.02579
 14.5667   59.84861   43.87408   37.1701  141.3797    2.78700   -0.01987
 14.5750   59.75816   44.31180   37.1658  141.3945    2.78500   -0.02933
 14.5833   59.66703   44.74766   37.1615  141.4093    2.77000   -0.05202
 14.5917   59.57525   45.18167   37.1572  141.4241    2.77100   -0.06674
 14.6000   59.48281   45.61383   37.1528  141.4389    2.80400   -0.06646
 14.6083   59.38971   46.04415   37.1483  141.4538    2.84900   -0.06072
 14.6167   59.29596   46.47264   37.1438  141.4686    2.87900   -0.06479
 14.6250   59.20157   46.89929   37.1393  141.4833    2.88800   -0.06522
 14.6333   59.10653   47.32412   37.1346  141.4981    2.95200   -0.04978
 14.6417   59.01086   47.74713   37.1300  141.5129    3.03700   -0.01363
 14.6500   58.91456   48.16833   37.1253  141.5277    3.11300    0.01679
 14.6583   58.81763   48.58772   37.1205  141.5424    3.15300    0.03254
 14.6667   58.72007   49.00532   37.1157  141.5572    3.18600    0.03582
 14.6750   58.62190   49.42112   37.1108  141.5720    3.22200    0.04193
 14.6833   58.52310   49.83515   37.1059  141.5867    3.27400    0.05779
 14.6917   58.42370   50.24739   37.1009  141.6015    3.34000    0.06796
 14.7000   58.32368   50.65787   37.0959  141.6162    3.35400    0.07618
 14.7083   58.22307   51.06658   37.0908  141.6310    3.40100    0.06401
 14.7167   58.12185   51.47354   37.0857  141.6457    3.40000    0.03863
 14.7250   58.02004   51.87876   37.0805  141.6605    3.37100    0.00291
 14.7333   57.91763   52.28223   37.0753  141.6752    3.37900   -0.02835
 14.7417   57.81463   52.68397   37.0700  141.6900    3.38900   -0.04332
 14.7500   57.71106   53.08400   37.0646  141.7047    3.41200   -0.05166
 14.7583   57.60690   53.48230   37.0592  141.7194    3.43900   -0.05751
 14.7667   57.50216   53.87890   37.0538  141.7341    3.45400   -0.06353
 14.7750   57.39685   54.27380   37.0483  141.7489    3.47400   -0.05403
 14.7833   57.29097   54.66701   37.0428  141.7636    3.55500   -0.02769
 14.7917   57.18452   55.05854   37.0372  141.7783    3.62800    0.00965
 14.8000   57.07752   55.44839   37.0315  141.7930    3.68800    0.03419
 14.8083   56.96995   55.83658   37.0258  141.8078    3.72600    0.04290
 14.8167   56.86183   56.22312   37.0201  141.8225    3.74700    0.03471
 14.8250   56.75316   56.60800   37.0143  141.8372    3.75100    0.01708
 14.8333   56.64394   56.99124   37.0084  141.8519    3.75900    0.00436
 14.8417   56.53417   57.37286   37.0025  141.8667    3.79800    0.00895
 14.8500   56.42386   57.75285   36.9965  141.8814    3.86100    0.01957
 14.8583   56.31302   58.13123   36.9905  141.8961    3.88600    0.02568
 14.8667   56.20164   58.50800   36.9845  141.9108    3.90500    0.02669
 14.8750   56.08974   58.88318   36.9784  141.9256    3.94400    0.01997
 14.8833   55.97730   59.25677   36.9722  141.9403    3.93500    0.01302
 14.8917   55.86434   59.62878   36.9660  141.9550    3.94800    0.00998
 14.9000   55.75086   59.99922   36.9597  141.9697    3.99700    0.02204
 14.9083   55.63686   60.36810   36.9534  141.9845    4.03900    0.02712
 14.9167   55.52235   60.73542   36.9470  141.9992    4.02400    0.01944
 14.9250   55.40733   61.10121   36.9405  142.0139    4.02400   -0.00024
 14.9333   55.29180   61.46546   36.9341  142.0287    4.01800   -0.00177
 14.9417   55.17576   61.82818   36.9275  142.0434    4.06200    0.00396
 14.9500   55.05923   62.18938   36.9209  142.0582    4.08400    0.01909
 14.9583   54.94219   62.54908   36.9143  142.0729    4.10700    0.03023
 14.9667   54.82466   62.90728   36.9076  142.0877    4.13500    0.03433
 14.9750   54.70664   63.26398   36.9008  142.1024    4.13000    0.02900
 14.9833   54.58813   63.61920   36.8940  142.1172    4.11900    0.01422
 14.9917   54.46913   63.97295   36.8872  142.1320    4.10700    0.00442
 15.0000   54.34965   64.32524   36.8802  142.1467    4.11300    0.00401
 15.0083   54.22969   64.67606   36.8733  142.1615    4.13200    0.00472
 15.0167   54.10925   65.02544   36.8662  142.1763    4.12600    0.00910
 15.0250   53.98833   65.37338   36.8592  142.1911    4.14500    0.00353
 15.0333   53.86695   65.71989   36.8520  142.2059    4.12400    0.00648
 15.0417   53.74509   66.06498   36.8448  142.2207    4.14100    0.00960
 15.0500   53.62278   66.40866   36.8376  142.2355    4.15400    0.02415
 15.0583   53.49999   66.75092   36.8303  142.2503    4.17400    0.02173
 15.0667   53.37675   67.09180   36.8230  142.2651    4.13300    0.00483
 15.0750   53.25305   67.43128   36.8155  142.2800    4.10000   -0.01119
 15.0833   53.12889   67.76938   36.8081  142.2948    4.12900   -0.01254
 15.0917   53.00429   68.10612   36.8006  142.3096    4.14900   -0.01143
 15.1000   52.87923   68.44149   36.7930  142.3245    4.13200   -0.02379
 15.1083   52.75373   68.77550   36.7854  142.3394    4.11400   -0.04866
 15.1167   52.62778   69.10817   36.7777  142.3542    4.08800   -0.07085
 15.1250   52.50139   69.43950   36.7699  142.3691    4.07900   -0.06943
 15.1333   52.37456   69.76949   36.7621  142.3840    4.14800   -0.05448
 15.1417   52.24730   70.09817   36.7543  142.3989    4.17000   -0.03437
 15.1500   52.11960   70.42553   36.7464  142.4138    4.18200   -0.01708
 15.1583   51.99147   70.75158   36.7384  142.4288    4.24400    0.01533
 15.1667   51.86291   71.07634   36.7304  142.4437    4.32500    0.04660
 15.1750   51.73393   71.39980   36.7223  142.4586    4.33400    0.05800
 15.1833   51.60452   71.72198   36.7141  142.4736    4.32200    0.04634
 15.1917   51.47469   72.04289   36.7059  142.4886    4.32000    0.03049
 15.2000   51.34444   72.36253   36.6977  142.5036    4.31800    0.02084
 15.2083   51.21378   72.68091   36.6893  142.5186    4.33500    0.01047
 15.2167   51.08270   72.99804   36.6810  142.5336    4.33200    0.00427
 15.2250   50.95122   73.31392   36.6725  142.5486    4.34400   -0.00647
 15.2333   50.81932   73.62856   36.6640  142.5636    4.34200   -0.01690
 15.2417   50.68701   73.94198   36.6555  142.5787    4.33900   -0.01936
 15.2500   50.55430   74.25417   36.6469  142.5938    4.37600   -0.02277
 15.2583   50.42119   74.56515   36.6382  142.6088    4.36600   -0.02187
 15.2667   50.28768   74.87492   36.6295  142.6239    4.37700   -0.02396
 15.2750   50.15378   75.18349   36.6207  142.6391    4.40600   -0.01748
 15.2833   50.01947   75.49087   36.6118  142.6542    4.42700   -0.00862
 15.2917   49.88478   75.79706   36.6029  142.6693    4.44500   -0.00195
 15.3000   49.74969   76.10208   36.5939  142.6845    4.46000    0.00941
 15.3083   49.61422   76.40592   36.5849  142.6997    4.49400    0.02415
 15.3167   49.47836   76.70860   36.5758  142.7149    4.52100    0.03582
 15.3250   49.34211   77.01012   36.5666  142.7301    4.52200    0.05072
 15.3333   49.20549   77.31048   36.5574  142.7453    4.56300    0.05886
 15.3417   49.06848   77.60971   36.5481  142.7606    4.55600    0.07549
 15.3500   48.93110   77.90779   36.5387  142.7759    4.58000    0.06783
 15.3583   48.79334   78.20475   36.5293  142.7912    4.51900    0.06574
 15.3667   48.65521   78.50058   36.5198  142.8065    4.52800    0.04662
 15.3750   48.51671   78.79529   36.5103  142.8218    4.48300    0.03505
 15.3833   48.37784   79.08890   36.5007  142.8372    4.45000    0.02388
 15.3917   48.23860   79.38139   36.4910  142.8525    4.45900    0.02070
 15.4000   48.09900   79.67280   36.4813  142.8679    4.44200    0.00919
 15.4083   47.95904   79.96310   36.4714  142.8834    4.37800   -0.01776
 15.4167   47.81871   80.25233   36.4616  142.8988    4.32600   -0.04977
 15.4250   47.67803   80.54047   36.4516  142.9143    4.29400   -0.07930
 15.4333   47.53699   80.82754   36.4416  142.9298    4.24400   -0.08856
 15.4417   47.39560   81.11355   36.4316  142.9453    4.28400   -0.08732
 15.4500   47.25386   81.39849   36.4214  142.9608    4.30300   -0.08201
 15.4583   47.11176   81.68238   36.4112  142.9764    4.27900   -0.07744
 15.4667   46.96932   81.96522   36.4009  142.9920    4.32500   -0.08024
 15.4750   46.82653   82.24702   36.3906  143.0076    4.32400   -0.06829
 15.4833   46.68340   82.52778   36.3802  143.0232    4.36900   -0.06647
 15.4917   46.53992   82.80750   36.3697  143.0389    4.38300   -0.04835
 15.5000   46.39611   83.08621   36.3592  143.0546    4.45700   -0.02899
 15.5083   46.25195   83.36389   36.3485  143.0703    4.51800    0.00059
 15.5167   46.10746   83.64056   36.3378  143.0861    4.58400    0.01777
 15.5250   45.96264   83.91623   36.3271  143.1019    4.61600    0.01721
 15.5333   45.81748   84.19089   36.3162  143.1177    4.61000    0.01689
 15.5417   45.67200   84.46455   36.3053  143.1335    4.68300    0.01568
 15.5500   45.52618   84.73722   36.2944  143.1494    4.72000    0.02622
 15.5583   45.38004   85.00890   36.2833  143.1653    4.77000    0.01603
 15.5667   45.23358   85.27961   36.2722  143.1813    4.76400   -0.00044
 15.5750   45.08679   85.54933   36.2610  143.1972    4.77900   -0.01752
 15.5833   44.93968   85.81809   36.2497  143.2132    4.82700   -0.02982
 15.5917   44.79225   86.08588   36.2384  143.2293    4.83600   -0.03550
 15.6000   44.64450   86.35271   36.2269  143.2453    4.87300   -0.04333
 15.6083   44.49644   86.61859   36.2154  143.2615    4.91000   -0.03510
 15.6167   44.34807   86.88352   36.2039  143.2776    4.98600   -0.01457
 15.6250   44.19938   87.14750   36.1922  143.2938    5.07700   -0.00050
 15.6333   44.05039   87.41054   36.1805  143.3100    5.09400    0.01100
 15.6417   43.90109   87.67265   36.1687  143.3262    5.16500    0.00836
 15.6500   43.75148   87.93382   36.1568  143.3425    5.20400    0.00992
 15.6583   43.60157   88.19408   36.1448  143.3589    5.24100   -0.00743
 15.6667   43.45135   88.45341   36.1328  143.3752    5.23600   -0.01572
 15.6750   43.30084   88.71182   36.1206  143.3916    5.31300   -0.02181
 15.6833   43.15002   88.96932   36.1084  143.4081    5.36000   -0.02824
 15.6917   42.99891   89.22592   36.0961  143.4246    5.35400   -0.02320
 15.7000   42.84751   89.48162   36.0838  143.4411    5.47500   -0.00209
 15.7083   42.69581   89.73641   36.0713  143.4577    5.58200    0.02900
 15.7167   42.54382   89.99032   36.0588  143.4743    5.61600    0.04508
 15.7250   42.39154   90.24333   36.0462  143.4910    5.67400    0.03916
 15.7333   42.23897   90.49547   36.0335  143.5077    5.69200    0.03145
 15.7417   42.08612   90.74672   36.0207  143.5244    5.72000    0.01782
 15.7500   41.93298   90.99709   36.0078  143.5412    5.75800    0.01110
 15.7583   41.77956   91.24660   35.9948  143.5581    5.80500    0.00044
 15.7667   41.62586   91.49524   35.9818  143.5750    5.81300   -0.01360
 15.7750   41.47188   91.74301   35.9686  143.5919    5.83300   -0.03074
 15.7833   41.31763   91.98993   35.9554  143.6089    5.86400   -0.02837
 15.7917   41.16310   92.23599   35.9421  143.6259    5.95000   -0.01562
 15.8000   41.00829   92.48121   35.9287  143.6430    6.00800    0.00327
 15.8083   40.85322   92.72557   35.9152  143.6601    6.06200    0.01706
 15.8167   40.69787   92.96910   35.9016  143.6774    6.13000    0.02782
 15.8250   40.54225   93.21178   35.8879  143.6946    6.18000    0.02228
 15.8333   40.38637   93.45363   35.8741  143.7119    6.16800    0.00674
 15.8417   40.23023   93.69465   35.8603  143.7292    6.19100   -0.00916
 15.8500   40.07382   93.93484   35.8463  143.7466    6.23600   -0.01084
 15.8583   39.91715   94.17421   35.8323  143.7641    6.28400   -0.01264
 15.8667   39.76022   94.41276   35.8181  143.7816    6.30700   -0.01066
 15.8750   39.60303   94.65050   35.8038  143.7992    6.36700   -0.00871
 15.8833   39.44558   94.88742   35.7895  143.8169    6.41000    0.00685
 15.8917   39.28788   95.12353   35.7750  143.8346    6.48800    0.02741
 15.9000   39.12993   95.35884   35.7605  143.8523    6.56300    0.04487
 15.9083   38.97173   95.59335   35.7458  143.8701    6.58600    0.04432
 15.9167   38.81328   95.82706   35.7311  143.8880    6.57900    0.03164
 15.9250   38.65458   96.05998   35.7162  143.9060    6.59800    0.01955
 15.9333   38.49564   96.29211   35.7013  143.9240    6.62000    0.01723
 15.9417   38.33645   96.52344   35.6862  143.9421    6.64900    0.02472
 15.9500   38.17702   96.75400   35.6710  143.9602    6.70400    0.02868
 15.9583   38.01734   96.98377   35.6558  143.9785    6.70100    0.03771
 15.9667   37.85743   97.21277   35.6404  143.9967    6.74300    0.03656
 15.9750   37.69728   97.44099   35.6249  144.0151    6.73800    0.04117
 15.9833   37.53690   97.66844   35.6093  144.0335    6.74700    0.04184
 15.9917   37.37628   97.89513   35.5936  144.0520    6.75900    0.04760
 16.0000   37.21543   98.12105   35.5778  144.0706    6.76900    0.04612
 16.0083   37.05435   98.34621   35.5618  144.0892    6.74000    0.04016
 16.0167   36.89304   98.57061   35.5458  144.1080    6.72700    0.03275
 16.0250   36.73150   98.79426   35.5296  144.1268    6.72500    0.02670
 16.0333   36.56974   99.01715   35.5133  144.1456    6.69700    0.01639
 16.0417   36.40776   99.23929   35.4969  144.1646    6.66000    0.00420
 16.0500   36.24555   99.46069   35.4804  144.1836    6.64400   -0.00566
 16.0583   36.08312   99.68135   35.4638  144.2028    6.62100   -0.00921
 16.0667   35.92047   99.90127   35.4470  144.2219    6.60700   -0.01515
 16.0750   35.75761  100.12045   35.4301  144.2412    6.57400   -0.01708
 16.0833   35.59453  100.33889   35.4131  144.2606    6.56700   -0.01740
 16.0917   35.43124  100.55660   35.3960  144.2801    6.56100   -0.01421
 16.1000   35.26773  100.77359   35.3787  144.2996    6.54700   -0.00414
 16.1083   35.10401  100.98985   35.3613  144.3192    6.57500    0.00608
 16.1167   34.94009  101.20539   35.3438  144.3389    6.56800    0.01480
 16.1250   34.77596  101.42020   35.3262  144.3588    6.54800    0.00789
 16.1333   34.61162  101.63430   35.3084  144.3787    6.50200   -0.00067
 16.1417   34.44708  101.84768   35.2905  144.3987    6.49100   -0.01240
 16.1500   34.28234  102.06035   35.2724  144.4188    6.45700   -0.00975
 16.1583   34.11740  102.27231   35.2543  144.4389    6.48000   -0.00230
 16.1667   33.95225  102.48357   35.2359  144.4593    6.49000    0.00895
 16.1750   33.78691  102.69412   35.2175  144.4796    6.46900    0.01640
 16.1833   33.62138  102.90396   35.1989  144.5001    6.47200    0.00998
 16.1917   33.45565  103.11311   35.1801  144.5207    6.40900    0.01055
 16.2000   33.28973  103.32156   35.1613  144.5414    6.41900    0.01141
 16.2083   33.12362  103.52932   35.1422  144.5622    6.41700    0.02377
 16.2167   32.95732  103.73638   35.1231  144.5831    6.41300    0.03009
 16.2250   32.79083  103.94276   35.1037  144.6042    6.39800    0.02234
 16.2333   32.62416  104.14844   35.0842  144.6253    6.33100    0.01081
 16.2417   32.45731  104.35345   35.0646  144.6466    6.30900   -0.01049
 16.2500   32.29027  104.55777   35.0448  144.6679    6.24000   -0.01182
 16.2583   32.12305  104.76140   35.0249  144.6894    6.27300   -0.01703
 16.2667   31.95565  104.96436   35.0048  144.7110    6.23000   -0.01951
 16.2750   31.78808  105.16665   34.9845  144.7327    6.18000   -0.03379
 16.2833   31.62032  105.36826   34.9641  144.7546    6.15100   -0.03269
 16.2917   31.45240  105.56920   34.9435  144.7765    6.18600   -0.01987
 16.3000   31.28430  105.76947   34.9228  144.7986    6.19500   -0.00753
 16.3083   31.11603  105.96908   34.9019  144.8208    6.16600    0.00118
 16.3167   30.94760  106.16801   34.8808  144.8432    6.19000   -0.00760
 16.3250   30.77899  106.36629   34.8595  144.8656    6.11600   -0.00403
 16.3333   30.61022  106.56391   34.8381  144.8882    6.16300   -0.00641
 16.3417   30.44128  106.76086   34.8165  144.9110    6.16000   -0.00056
 16.3500   30.27219  106.95716   34.7947  144.9338    6.13400   -0.01279
 16.3583   30.10293  107.15281   34.7727  144.9568    6.08800   -0.02468
 16.3667   29.93351  107.34780   34.7506  144.9800    6.09100   -0.02907
 16.3750   29.76393  107.54214   34.7282  145.0033    6.10600   -0.02520
 16.3833   29.59420  107.73584   34.7057  145.0267    6.10600   -0.01526
 16.3917   29.42431  107.92889   34.6830  145.0503    6.14600   -0.00668
 16.4000   29.25427  108.12129   34.6601  145.0741    6.15700    0.00266
 16.4083   29.08408  108.31305   34.6370  145.0979    6.16700    0.00465
 16.4167   28.91374  108.50417   34.6137  145.1220    6.16700    0.00419
 16.4250   28.74325  108.69465   34.5902  145.1462    6.16600    0.00093
 16.4333   28.57261  108.88449   34.5665  145.1705    6.15800   -0.00718
 16.4417   28.40183  109.07370   34.5426  145.1950    6.13400   -0.01307
 16.4500   28.23090  109.26228   34.5185  145.2197    6.14800   -0.00634
 16.4583   28.05983  109.45022   34.4942  145.2445    6.20900    0.00844
 16.4667   27.88863  109.63753   34.4697  145.2695    6.22700    0.01834
 16.4750   27.71728  109.82422   34.4449  145.2947    6.20900    0.02239
 16.4833   27.54580  110.01028   34.4199  145.3201    6.23500    0.02045
 16.4917   27.37418  110.19571   34.3947  145.3456    6.21700    0.01932
 16.5000   27.20243  110.38052   34.3693  145.3713    6.20400    0.01316
 16.5083   27.03054  110.56471   34.3437  145.3972    6.20300    0.00844
 16.5167   26.85853  110.74828   34.3178  145.4232    6.19700    0.00415
 16.5250   26.68638  110.93124   34.2917  145.4495    6.19200   -0.00625
 16.5333   26.51411  111.11357   34.2653  145.4759    6.16100   -0.01691
 16.5417   26.34171  111.29529   34.2388  145.5025    6.15400   -0.02810
 16.5500   26.16919  111.47640   34.2119  145.5294    6.14600   -0.03138
 16.5583   25.99654  111.65690   34.1848  145.5564    6.16300   -0.03316
 16.5667   25.82377  111.83679   34.1575  145.5836    6.17000   -0.03358
 16.5750   25.65089  112.01607   34.1299  145.6110    6.17600   -0.03352
 16.5833   25.47788  112.19474   34.1021  145.6386    6.20300   -0.02998
 16.5917   25.30476  112.37280   34.0740  145.6664    6.23800   -0.02631
 16.6000   25.13152  112.55026   34.0456  145.6945    6.25200   -0.02186
 16.6083   24.95817  112.72712   34.0170  145.7227    6.28700   -0.02096
 16.6167   24.78471  112.90338   33.9880  145.7512    6.30800   -0.01562
 16.6250   24.61113  113.07904   33.9589  145.7799    6.35600   -0.01109
 16.6333   24.43745  113.25410   33.9294  145.8088    6.39400   -0.00346
 16.6417   24.26366  113.42857   33.8996  145.8379    6.43700    0.00011
 16.6500   24.08976  113.60244   33.8696  145.8673    6.46300    0.00708
 16.6583   23.91576  113.77571   33.8392  145.8969    6.52400    0.01042
 16.6667   23.74166  113.94840   33.8086  145.9268    6.54700    0.01431
 16.6750   23.56746  114.12049   33.7776  145.9568    6.57600    0.00807
 16.6833   23.39315  114.29199   33.7464  145.9872    6.57300    0.00929
 16.6917   23.21875  114.46290   33.7148  146.0177    6.63900    0.01069
 16.7000   23.04425  114.63323   33.6830  146.0486    6.67000    0.01306
 16.7083   22.86965  114.80297   33.6508  146.0797    6.67200    0.00901
 16.7167   22.69496  114.97213   33.6182  146.1110    6.69700    0.00657
 16.7250   22.52018  115.14070   33.5854  146.1426    6.73100    0.00610
 16.7333   22.34531  115.30869   33.5522  146.1745    6.74000    0.00788
 16.7417   22.17034  115.47610   33.5187  146.2066    6.77400    0.00666
 16.7500   21.99529  115.64293   33.4848  146.2390    6.78800    0.00474
 16.7583   21.82016  115.80918   33.4506  146.2717    6.79100   -0.00200
 16.7667   21.64494  115.97485   33.4160  146.3046    6.79700    0.00103
 16.7750   21.46963  116.13995   33.3810  146.3379    6.87400    0.00310
 16.7833   21.29424  116.30448   33.3457  146.3714    6.87200    0.00746
 16.7917   21.11878  116.46843   33.3100  146.4053    6.89300   -0.00355
 16.8000   20.94323  116.63180   33.2740  146.4394    6.87000   -0.01318
 16.8083   20.76760  116.79461   33.2375  146.4738    6.87600   -0.01856
 16.8167   20.59190  116.95684   33.2007  146.5086    6.92200   -0.01392
 16.8250   20.41613  117.11851   33.1635  146.5437    6.96300   -0.00996
 16.8333   20.24028  117.27961   33.1258  146.5790    6.96300   -0.00203
 16.8417   20.06436  117.44014   33.0878  146.6147    7.03500    0.00204
 16.8500   19.88837  117.60010   33.0493  146.6507    7.05000    0.01046
 16.8583   19.71231  117.75950   33.0105  146.6871    7.07800    0.01641
 16.8667   19.53618  117.91834   32.9711  146.7237    7.13100    0.02041
 16.8750   19.35999  118.07661   32.9314  146.7608    7.13100    0.02011
 16.8833   19.18373  118.23432   32.8912  146.7981    7.13000    0.01456
 16.8917   19.00741  118.39147   32.8506  146.8358    7.14800    0.00977
 16.9000   18.83102  118.54806   32.8095  146.8739    7.15400    0.00522
 16.9083   18.65458  118.70410   32.7679  146.9123    7.15500    0.00144
 16.9167   18.47807  118.85957   32.7259  146.9511    7.17900   -0.00392
 16.9250   18.30151  119.01449   32.6834  146.9902    7.17100   -0.00425
 16.9333   18.12490  119.16885   32.6404  147.0297    7.20400   -0.00590
 16.9417   17.94822  119.32265   32.5970  147.0696    7.21200   -0.00331
 16.9500   17.77150  119.47590   32.5530  147.1099    7.22800   -0.00667
 16.9583   17.59472  119.62860   32.5085  147.1506    7.21100   -0.00544
 16.9667   17.41789  119.78075   32.4635  147.1916    7.24300   -0.00083
 16.9750   17.24101  119.93234   32.4180  147.2331    7.27700    0.01253
 16.9833   17.06409  120.08338   32.3719  147.2749    7.31700    0.02595
 16.9917   16.88711  120.23388   32.3253  147.3172    7.34500    0.03459
 17.0000   16.71009  120.38382   32.2782  147.3599    7.34200    0.03732
 17.0083   16.53303  120.53322   32.2305  147.4030    7.33900    0.03583
 17.0167   16.35592  120.68207   32.1822  147.4466    7.33600    0.03275
 17.0250   16.17878  120.83037   32.1333  147.4905    7.31800    0.02546
 17.0333   16.00159  120.97813   32.0839  147.5349    7.28100    0.01024
 17.0417   15.82437  121.12534   32.0338  147.5798    7.21700   -0.00361
 17.0500   15.64710  121.27201   31.9832  147.6251    7.20800   -0.01779
 17.0583   15.46980  121.41813   31.9319  147.6708    7.16400   -0.02582
 17.0667   15.29247  121.56371   31.8801  147.7170    7.14000   -0.02546
 17.0750   15.11510  121.70875   31.8275  147.7637    7.18900   -0.01910
 17.0833   14.93770  121.85325   31.7744  147.8108    7.18500   -0.00774
 17.0917   14.76027  121.99721   31.7206  147.8585    7.19500   -0.00588
 17.1000   14.58281  122.14063   31.6661  147.9066    7.16600    0.00171
 17.1083   14.40532  122.28351   31.6109  147.9552    7.20200    0.00724
 17.1167   14.22781  122.42585   31.5551  148.0043    7.19200    0.01706
 17.1250   14.05026  122.56766   31.4986  148.0539    7.19100    0.02219
 17.1333   13.87270  122.70892   31.4413  148.1039    7.18500    0.02883
 17.1417   13.69511  122.84965   31.3834  148.1546    7.18200    0.03534
 17.1500   13.51750  122.98985   31.3247  148.2057    7.17600    0.03760
 17.1583   13.33987  123.12951   31.2652  148.2574    7.12700    0.03833
 17.1667   13.16222  123.26863   31.2050  148.3096    7.10100    0.03875
 17.1750   12.98455  123.40723   31.1441  148.3623    7.08100    0.03649
 17.1833   12.80686  123.54529   31.0823  148.4156    7.00500    0.03310
 17.1917   12.62916  123.68281   31.0198  148.4694    6.96100    0.01860
 17.2000   12.45144  123.81981   30.9565  148.5238    6.84000    0.00893
 17.2083   12.27371  123.95627   30.8924  148.5787    6.79200   -0.00036
 17.2167   12.09597  124.09220   30.8274  148.6342    6.74200   -0.00186
 17.2250   11.91821  124.22760   30.7616  148.6903    6.67700   -0.00594
 17.2333   11.74045  124.36247   30.6950  148.7469    6.59900   -0.00793
 17.2417   11.56268  124.49682   30.6275  148.8042    6.56000   -0.00737
 17.2500   11.38490  124.63063   30.5591  148.8620    6.51200   -0.00068
 17.2583   11.20711  124.76392   30.4898  148.9205    6.48000    0.00363
 17.2667   11.02932  124.89667   30.4196  148.9795    6.41500    0.00549
 17.2750   10.85153  125.02891   30.3485  149.0392    6.34200    0.00543
 17.2833   10.67373  125.16061   30.2765  149.0994    6.29400    0.00646
 17.2917   10.49593  125.29179   30.2035  149.1603    6.23800    0.00829
 17.3000   10.31813  125.42244   30.1296  149.2218    6.16800    0.01139
 17.3083   10.14033  125.55257   30.0547  149.2839    6.12400    0.01413
 17.3167    9.96253  125.68217   29.9788  149.3467    6.06000    0.01894
 17.3250    9.78474  125.81125   29.9020  149.4101    6.00000    0.01913
 17.3333    9.60695  125.93980   29.8241  149.4742    5.90800    0.01851
 17.3417    9.42917  126.06783   29.7452  149.5389    5.82300    0.02090
 17.3500    9.25139  126.19534   29.6652  149.6042    5.77900    0.02340
 17.3583    9.07362  126.32233   29.5842  149.6702    5.67600    0.02798
 17.3667    8.89586  126.44879   29.5021  149.7369    5.60000    0.02107
 17.3750    8.71810  126.57473   29.4190  149.8043    5.48400    0.01544
 17.3833    8.54036  126.70015   29.3347  149.8723    5.37600    0.01321
 17.3917    8.36263  126.82505   29.2493  149.9410    5.31000    0.00680
 17.4000    8.18492  126.94942   29.1629  150.0104    5.14000    0.00761
 17.4083    8.00721  127.07328   29.0752  150.0805    5.07200    0.00204
 17.4167    7.82953  127.19661   28.9865  150.1513    4.92800    0.00201
 17.4250    7.65186  127.31943   28.8965  150.2227    4.78900   -0.00093
 17.4333    7.47420  127.44173   28.8054  150.2949    4.67100    0.00000

