hmax        =    300
wind_bottom =      2
wind_top    =     10
critlon     =      0
tbeg, h     =   0.00
tend, h     =  24.00
c_ionex     =      0
c_vert      =      1
time, gamma, az, latp, lonp, tec, tec_filtered
  1.5000   10.53973  321.74332   43.3724  131.9292    1.31400    0.00000
  1.5083   10.68582  321.62585   43.3071  131.9776    1.26700    0.00058
  1.5167   10.83144  321.50742   43.2425  132.0250    1.24100   -0.00060
  1.5250   10.97661  321.38806   43.1787  132.0717    1.17900   -0.00002
  1.5333   11.12130  321.26776   43.1156  132.1175    1.14900   -0.00266
  1.5417   11.26553  321.14651   43.0532  132.1625    1.11300   -0.00603
  1.5500   11.40928  321.02435   42.9915  132.2068    1.06400   -0.01358
  1.5583   11.55255  320.90125   42.9305  132.2502    1.02000   -0.01601
  1.5667   11.69534  320.77716   42.8702  132.2929    1.04300   -0.01768
  1.5750   11.83763  320.65216   42.8106  132.3348    1.00100   -0.01581
  1.5833   11.97943  320.52621   42.7516  132.3760    0.98200   -0.01639
  1.5917   12.12073  320.39929   42.6933  132.4165    0.97000   -0.00950
  1.6000   12.26153  320.27145   42.6356  132.4562    0.99600   -0.00071
  1.6083   12.40181  320.14264   42.5786  132.4953    0.99900    0.00442
  1.6167   12.54157  320.01291   42.5221  132.5336    0.96000    0.00646
  1.6250   12.68082  319.88220   42.4664  132.5713    0.96600    0.00535
  1.6333   12.81954  319.75055   42.4112  132.6083    0.94800    0.00248
  1.6417   12.95773  319.61795   42.3566  132.6446    0.89900   -0.00206
  1.6500   13.09538  319.48438   42.3026  132.6803    0.89100   -0.00716
  1.6583   13.23250  319.34985   42.2492  132.7154    0.86700   -0.00422
  1.6667   13.36906  319.21439   42.1964  132.7498    0.88100   -0.00132
  1.6750   13.50507  319.07794   42.1441  132.7836    0.87200    0.00325
  1.6833   13.64053  318.94055   42.0924  132.8168    0.85700    0.00451
  1.6917   13.77543  318.80222   42.0412  132.8495    0.84000    0.00926
  1.7000   13.90975  318.66290   41.9906  132.8815    0.85400    0.01451
  1.7083   14.04351  318.52264   41.9405  132.9129    0.84100    0.01587
  1.7167   14.17669  318.38141   41.8910  132.9438    0.79500    0.01224
  1.7250   14.30928  318.23923   41.8419  132.9741    0.77500    0.00572
  1.7333   14.44128  318.09610   41.7934  133.0039    0.74600   -0.00093
  1.7417   14.57269  317.95200   41.7454  133.0331    0.70400   -0.00642
  1.7500   14.70350  317.80692   41.6978  133.0618    0.69300   -0.01256
  1.7583   14.83371  317.66089   41.6508  133.0899    0.65800   -0.01493
  1.7667   14.96331  317.51392   41.6042  133.1176    0.64300   -0.02262
  1.7750   15.09228  317.36597   41.5581  133.1447    0.59000   -0.02482
  1.7833   15.22064  317.21704   41.5125  133.1713    0.59600   -0.02008
  1.7917   15.34837  317.06717   41.4673  133.1975    0.63400   -0.00810
  1.8000   15.47547  316.91635   41.4226  133.2231    0.63800    0.00407
  1.8083   15.60194  316.76456   41.3783  133.2483    0.64900    0.00964
  1.8167   15.72775  316.61179   41.3345  133.2730    0.64100    0.00992
  1.8250   15.85292  316.45807   41.2911  133.2972    0.61000    0.00766
  1.8333   15.97744  316.30341   41.2481  133.3210    0.60700    0.00203
  1.8417   16.10130  316.14777   41.2055  133.3443    0.57900   -0.00326
  1.8500   16.22449  315.99118   41.1634  133.3672    0.55600   -0.00971
  1.8583   16.34700  315.83365   41.1216  133.3896    0.55000   -0.01298
  1.8667   16.46885  315.67514   41.0803  133.4116    0.54900   -0.01405
  1.8750   16.59001  315.51566   41.0393  133.4332    0.54100   -0.01252
  1.8833   16.71048  315.35526   40.9987  133.4543    0.55000   -0.01021
  1.8917   16.83026  315.19388   40.9585  133.4751    0.55100   -0.00610
  1.9000   16.94934  315.03156   40.9187  133.4954    0.55600   -0.00181
  1.9083   17.06771  314.86829   40.8793  133.5154    0.56800    0.00200
  1.9167   17.18538  314.70407   40.8402  133.5349    0.56700    0.00888
  1.9250   17.30233  314.53888   40.8014  133.5540    0.59300    0.01137
  1.9333   17.41855  314.37277   40.7631  133.5728    0.56800    0.01355
  1.9417   17.53405  314.20569   40.7250  133.5912    0.55900    0.01192
  1.9500   17.64882  314.03769   40.6873  133.6092    0.55300    0.01140
  1.9583   17.76285  313.86874   40.6500  133.6268    0.53400    0.01328
  1.9667   17.87613  313.69882   40.6130  133.6441    0.54000    0.01887
  1.9750   17.98867  313.52798   40.5763  133.6610    0.55600    0.02629
  1.9833   18.10045  313.35620   40.5399  133.6776    0.54300    0.03221
  1.9917   18.21146  313.18350   40.5038  133.6938    0.52900    0.02890
  2.0000   18.32172  313.00986   40.4681  133.7097    0.47000    0.01922
  2.0083   18.43119  312.83527   40.4326  133.7252    0.40100    0.00762
  2.0167   18.53989  312.65979   40.3975  133.7404    0.36600    0.00397
  2.0250   18.64781  312.48334   40.3626  133.7552    0.35900    0.00823
  2.0333   18.75494  312.30600   40.3281  133.7697    0.34500    0.01412
  2.0417   18.86127  312.12772   40.2938  133.7839    0.32200    0.01381
  2.0500   18.96680  311.94852   40.2598  133.7978    0.27300    0.00908
  2.0583   19.07152  311.76840   40.2261  133.8114    0.23000   -0.00167
  2.0667   19.17543  311.58740   40.1927  133.8246    0.16900   -0.01315
  2.0750   19.27853  311.40546   40.1595  133.8376    0.12000   -0.02876
  2.0833   19.38080  311.22263   40.1266  133.8502    0.06000   -0.04328
  2.0917   19.48224  311.03888   40.0940  133.8626    0.02100   -0.05283
  2.1000   19.58285  310.85422   40.0616  133.8746    0.02300   -0.05822
  2.1083   19.68262  310.66870   40.0295  133.8864    0.00300   -0.05977
  2.1167   19.78154  310.48224   39.9976  133.8978    0.00000   -0.05751
  2.1250   19.87962  310.29492   39.9660  133.9090    0.03700   -0.05368
  2.1333   19.97683  310.10672   39.9346  133.9199    0.04100   -0.04587
  2.1417   20.07319  309.91763   39.9034  133.9305    0.08100   -0.04121
  2.1500   20.16867  309.72766   39.8725  133.9409    0.11400   -0.03165
  2.1583   20.26329  309.53680   39.8418  133.9509    0.16900   -0.02578
  2.1667   20.35702  309.34509   39.8114  133.9607    0.20100   -0.01878
  2.1750   20.44987  309.15250   39.7811  133.9702    0.26000   -0.02126
  2.1833   20.54184  308.95905   39.7511  133.9795    0.26700   -0.02193
  2.1917   20.63291  308.76477   39.7213  133.9885    0.32700   -0.02486
  2.2000   20.72307  308.56961   39.6917  133.9972    0.38300   -0.02223
  2.2083   20.81234  308.37360   39.6623  134.0057    0.43700   -0.01792
  2.2167   20.90069  308.17676   39.6331  134.0139    0.51600   -0.01517
  2.2250   20.98813  307.97906   39.6042  134.0219    0.56600   -0.01234
  2.2333   21.07465  307.78055   39.5754  134.0297    0.62600   -0.01445
  2.2417   21.16024  307.58121   39.5468  134.0372    0.67400   -0.01003
  2.2500   21.24490  307.38104   39.5184  134.0444    0.77100   -0.00568
  2.2583   21.32862  307.18005   39.4902  134.0514    0.83200    0.00353
  2.2667   21.41141  306.97824   39.4622  134.0582    0.91700    0.00664
  2.2750   21.49324  306.77563   39.4344  134.0647    0.97900    0.00790
  2.2833   21.57413  306.57224   39.4067  134.0710    1.03300    0.00680
  2.2917   21.65406  306.36804   39.3793  134.0770    1.10600    0.00188
  2.3000   21.73303  306.16302   39.3520  134.0829    1.14400   -0.00041
  2.3083   21.81103  305.95724   39.3248  134.0885    1.21700   -0.00639
  2.3167   21.88806  305.75070   39.2979  134.0939    1.26600   -0.00743
  2.3250   21.96412  305.54337   39.2711  134.0990    1.33800   -0.01121
  2.3333   22.03919  305.33527   39.2445  134.1039    1.39300   -0.01195
  2.3417   22.11328  305.12643   39.2180  134.1087    1.46400   -0.00885
  2.3500   22.18638  304.91681   39.1917  134.1132    1.56200   -0.00658
  2.3583   22.25848  304.70648   39.1655  134.1174    1.61500   -0.00249
  2.3667   22.32959  304.49539   39.1395  134.1215    1.70000   -0.00362
  2.3750   22.39969  304.28357   39.1137  134.1254    1.76600   -0.00342
  2.3833   22.46879  304.07101   39.0880  134.1290    1.83300   -0.00941
  2.3917   22.53687  303.85773   39.0624  134.1324    1.88600   -0.01620
  2.4000   22.60394  303.64377   39.0370  134.1357    1.95900   -0.02359
  2.4083   22.66998  303.42908   39.0117  134.1387    2.03200   -0.02434
  2.4167   22.73500  303.21371   38.9866  134.1415    2.13600   -0.02345
  2.4250   22.79899  302.99762   38.9616  134.1441    2.22700   -0.02291
  2.4333   22.86194  302.78088   38.9367  134.1465    2.30300   -0.02696
  2.4417   22.92386  302.56345   38.9119  134.1488    2.38300   -0.03623
  2.4500   22.98474  302.34534   38.8873  134.1508    2.44500   -0.03850
  2.4583   23.04457  302.12659   38.8628  134.1526    2.57200   -0.03270
  2.4667   23.10335  301.90720   38.8385  134.1542    2.71000   -0.01895
  2.4750   23.16108  301.68713   38.8142  134.1557    2.83100   -0.00785
  2.4833   23.21775  301.46646   38.7901  134.1569    2.95000   -0.00386
  2.4917   23.27336  301.24515   38.7661  134.1579    3.05200   -0.00104
  2.5000   23.32790  301.02322   38.7422  134.1588    3.17300   -0.00218
  2.5083   23.38138  300.80066   38.7184  134.1595    3.27400   -0.00554
  2.5167   23.43378  300.57751   38.6947  134.1599    3.36900   -0.01155
  2.5250   23.48512  300.35379   38.6711  134.1602    3.48100   -0.01499
  2.5333   23.53537  300.12946   38.6477  134.1603    3.60700   -0.01634
  2.5417   23.58454  299.90457   38.6243  134.1603    3.72400   -0.01780
  2.5500   23.63263  299.67908   38.6010  134.1600    3.84200   -0.01991
  2.5583   23.67962  299.45306   38.5779  134.1595    3.96900   -0.02229
  2.5667   23.72553  299.22647   38.5548  134.1589    4.08800   -0.02122
  2.5750   23.77035  298.99936   38.5318  134.1581    4.23300   -0.02029
  2.5833   23.81406  298.77170   38.5090  134.1571    4.36400   -0.01941
  2.5917   23.85668  298.54352   38.4862  134.1560    4.49000   -0.02202
  2.6000   23.89820  298.31482   38.4635  134.1546    4.62100   -0.02632
  2.6083   23.93861  298.08563   38.4409  134.1531    4.75200   -0.02381
  2.6167   23.97791  297.85593   38.4183  134.1514    4.92900   -0.02043
  2.6250   24.01610  297.62573   38.3959  134.1495    5.07500   -0.01380
  2.6333   24.05318  297.39508   38.3735  134.1474    5.23300   -0.01381
  2.6417   24.08915  297.16394   38.3513  134.1452    5.37600   -0.01436
  2.6500   24.12400  296.93237   38.3291  134.1428    5.52400   -0.01800
  2.6583   24.15773  296.70032   38.3069  134.1402    5.66800   -0.01795
  2.6667   24.19034  296.46786   38.2849  134.1375    5.84000   -0.01999
  2.6750   24.22182  296.23495   38.2629  134.1346    5.98200   -0.01538
  2.6833   24.25219  296.00162   38.2410  134.1315    6.17500   -0.01246
  2.6917   24.28142  295.76788   38.2191  134.1282    6.34400   -0.00460
  2.7000   24.30953  295.53375   38.1974  134.1248    6.52200   -0.00478
  2.7083   24.33650  295.29922   38.1757  134.1211    6.67100   -0.00645
  2.7167   24.36235  295.06430   38.1540  134.1174    6.83500   -0.01370
  2.7250   24.38706  294.82901   38.1324  134.1134    6.98600   -0.01881
  2.7333   24.41064  294.59338   38.1109  134.1093    7.15600   -0.02008
  2.7417   24.43308  294.35739   38.0894  134.1050    7.35200   -0.02009
  2.7500   24.45439  294.12106   38.0680  134.1006    7.51600   -0.01825
  2.7583   24.47455  293.88440   38.0467  134.0960    7.70300   -0.01994
  2.7667   24.49358  293.64740   38.0254  134.0912    7.88000   -0.01818
  2.7750   24.51147  293.41010   38.0041  134.0862    8.06800   -0.01683
  2.7833   24.52822  293.17249   37.9829  134.0811    8.25200   -0.01444
  2.7917   24.54383  292.93460   37.9618  134.0758    8.43900   -0.00948
  2.8000   24.55830  292.69644   37.9407  134.0704    8.64700   -0.00228
  2.8083   24.57162  292.45801   37.9196  134.0647    8.85100    0.00422
  2.8167   24.58381  292.21930   37.8986  134.0590    9.03800    0.00478
  2.8250   24.59485  291.98035   37.8776  134.0530    9.21300    0.00537
  2.8333   24.60474  291.74115   37.8567  134.0469    9.41900    0.00319
  2.8417   24.61350  291.50174   37.8357  134.0406    9.59100    0.00191
  2.8500   24.62111  291.26208   37.8149  134.0342    9.77500   -0.00529
  2.8583   24.62758  291.02222   37.7940  134.0276    9.94900   -0.00665
  2.8667   24.63290  290.78217   37.7732  134.0208   10.15900   -0.00709
  2.8750   24.63709  290.54193   37.7525  134.0138   10.34900   -0.00503
  2.8833   24.64013  290.30151   37.7317  134.0067   10.53600   -0.00575
  2.8917   24.64203  290.06091   37.7110  133.9995   10.72600   -0.00474
  2.9000   24.64279  289.82016   37.6903  133.9920   10.92200   -0.00468
  2.9083   24.64241  289.57925   37.6697  133.9844   11.10000   -0.00146
  2.9167   24.64089  289.33820   37.6491  133.9767   11.30600    0.00484
  2.9250   24.63823  289.09702   37.6284  133.9687   11.51800    0.01654
  2.9333   24.63443  288.85574   37.6078  133.9606   11.72500    0.02464
  2.9417   24.62950  288.61435   37.5873  133.9524   11.90500    0.02852
  2.9500   24.62343  288.37283   37.5667  133.9439   12.08500    0.02887
  2.9583   24.61623  288.13123   37.5462  133.9353   12.26500    0.03010
  2.9667   24.60789  287.88956   37.5256  133.9266   12.44200    0.02869
  2.9750   24.59843  287.64783   37.5051  133.9177   12.60000    0.02656
  2.9833   24.58783  287.40601   37.4846  133.9086   12.76900    0.02621
  2.9917   24.57611  287.16418   37.4641  133.8993   12.95200    0.02531
  3.0000   24.56326  286.92227   37.4436  133.8899   13.10200    0.02398
  3.0083   24.54928  286.68033   37.4231  133.8803   13.26300    0.01634
  3.0167   24.53419  286.43839   37.4026  133.8705   13.40100    0.00896
  3.0250   24.51797  286.19644   37.3822  133.8606   13.54600    0.00634
  3.0333   24.50064  285.95447   37.3617  133.8505   13.72900   -0.00176
  3.0417   24.48219  285.71249   37.3412  133.8403   13.83000   -0.00585
  3.0500   24.46262  285.47055   37.3207  133.8298   13.99800   -0.01132
  3.0583   24.44195  285.22864   37.3002  133.8192   14.17600   -0.01322
  3.0667   24.42016  284.98676   37.2797  133.8085   14.30400   -0.01291
  3.0750   24.39727  284.74490   37.2592  133.7975   14.48900   -0.01285
  3.0833   24.37328  284.50311   37.2387  133.7864   14.66800   -0.01262
  3.0917   24.34819  284.26138   37.2182  133.7751   14.80200   -0.01801
  3.1000   24.32200  284.01974   37.1976  133.7637   14.96200   -0.03043
  3.1083   24.29471  283.77814   37.1771  133.7521   15.10700   -0.03935
  3.1167   24.26633  283.53665   37.1565  133.7403   15.27000   -0.04280
  3.1250   24.23687  283.29526   37.1359  133.7283   15.47400   -0.03684
  3.1333   24.20632  283.05396   37.1153  133.7162   15.68700   -0.02869
  3.1417   24.17468  282.81281   37.0947  133.7039   15.87600   -0.02657
  3.1500   24.14197  282.57172   37.0740  133.6914   16.05200   -0.03060
  3.1583   24.10818  282.33081   37.0534  133.6787   16.23700   -0.02932
  3.1667   24.07333  282.09003   37.0327  133.6659   16.46500   -0.02378
  3.1750   24.03740  281.84937   37.0119  133.6529   16.67500   -0.02132
  3.1833   24.00041  281.60889   36.9912  133.6397   16.84900   -0.01965
  3.1917   23.96236  281.36856   36.9704  133.6264   17.08000   -0.01656
  3.2000   23.92325  281.12842   36.9496  133.6128   17.30600   -0.01075
  3.2083   23.88310  280.88846   36.9287  133.5991   17.50400   -0.00166
  3.2167   23.84189  280.64865   36.9078  133.5852   17.76500   -0.00100
  3.2250   23.79964  280.40906   36.8869  133.5712   17.94800    0.00309
  3.2333   23.75635  280.16968   36.8659  133.5569   18.17700   -0.00380
  3.2417   23.71202  279.93051   36.8449  133.5424   18.38100   -0.00685
  3.2500   23.66666  279.69153   36.8239  133.5278   18.59600   -0.01516
  3.2583   23.62028  279.45279   36.8028  133.5130   18.79800   -0.02916
  3.2667   23.57287  279.21429   36.7816  133.4981   18.97000   -0.04129
  3.2750   23.52445  278.97601   36.7604  133.4829   19.20100   -0.04693
  3.2833   23.47501  278.73798   36.7392  133.4675   19.44800   -0.03470
  3.2917   23.42457  278.50021   36.7179  133.4520   19.73500   -0.02152
  3.3000   23.37312  278.26270   36.6965  133.4363   19.97500   -0.01061
  3.3083   23.32067  278.02542   36.6751  133.4204   20.21300   -0.00210
  3.3167   23.26723  277.78845   36.6536  133.4043   20.48900    0.00450
  3.3250   23.21280  277.55176   36.6321  133.3880   20.72300    0.00707
  3.3333   23.15739  277.31534   36.6105  133.3715   20.94200   -0.00016
  3.3417   23.10100  277.07919   36.5888  133.3548   21.16600   -0.00548
  3.3500   23.04363  276.84338   36.5671  133.3380   21.42400   -0.00865
  3.3583   22.98530  276.60785   36.5453  133.3209   21.66700   -0.01242
  3.3667   22.92601  276.37262   36.5235  133.3036   21.89600   -0.01496
  3.3750   22.86576  276.13770   36.5015  133.2862   22.16300   -0.01835
  3.3833   22.80455  275.90311   36.4795  133.2686   22.40400   -0.02077
  3.3917   22.74240  275.66885   36.4574  133.2507   22.64100   -0.02663
  3.4000   22.67931  275.43491   36.4353  133.2327   22.89000   -0.02697
  3.4083   22.61528  275.20132   36.4130  133.2144   23.16700   -0.02196
  3.4167   22.55033  274.96808   36.3907  133.1960   23.44100   -0.01454
  3.4250   22.48445  274.73517   36.3683  133.1774   23.71000   -0.00995
  3.4333   22.41765  274.50262   36.3458  133.1585   23.97200   -0.00310
  3.4417   22.34994  274.27042   36.3232  133.1395   24.26000   -0.00137
  3.4500   22.28132  274.03857   36.3005  133.1202   24.49900    0.00808
  3.4583   22.21181  273.80710   36.2778  133.1008   24.81200    0.01084
  3.4667   22.14139  273.57599   36.2549  133.0811   25.06100    0.01753
  3.4750   22.07009  273.34525   36.2319  133.0612   25.32700    0.01375
  3.4833   21.99791  273.11490   36.2089  133.0412   25.58000    0.01204
  3.4917   21.92485  272.88492   36.1857  133.0209   25.84700    0.00652
  3.5000   21.85092  272.65536   36.1624  133.0004   26.09100   -0.00012
  3.5083   21.77613  272.42615   36.1390  132.9796   26.33500   -0.01283
  3.5167   21.70048  272.19736   36.1155  132.9587   26.56300   -0.01540
  3.5250   21.62397  271.96896   36.0919  132.9375   26.87100   -0.02007
  3.5333   21.54662  271.74097   36.0682  132.9162   27.10100   -0.01751
  3.5417   21.46843  271.51337   36.0444  132.8946   27.37200   -0.01970
  3.5500   21.38941  271.28619   36.0205  132.8728   27.64600   -0.00727
  3.5583   21.30957  271.05942   35.9964  132.8507   27.96900    0.00251
  3.5667   21.22890  270.83307   35.9722  132.8285   28.22300    0.01236
  3.5750   21.14742  270.60712   35.9479  132.8060   28.49800    0.01248
  3.5833   21.06513  270.38162   35.9234  132.7833   28.75800    0.01596
  3.5917   20.98204  270.15652   35.8988  132.7603   29.03900    0.01362
  3.6000   20.89816  269.93185   35.8741  132.7372   29.28600    0.00954
  3.6083   20.81349  269.70761   35.8493  132.7138   29.54200    0.00131
  3.6167   20.72804  269.48380   35.8243  132.6902   29.80100   -0.01001
  3.6250   20.64181  269.26044   35.7991  132.6663   30.03100   -0.01771
  3.6333   20.55482  269.03751   35.7738  132.6422   30.31600   -0.02594
  3.6417   20.46706  268.81503   35.7484  132.6178   30.57000   -0.03010
  3.6500   20.37856  268.59296   35.7228  132.5933   30.82400   -0.03593
  3.6583   20.28930  268.37137   35.6971  132.5685   31.09600   -0.03254
  3.6667   20.19930  268.15021   35.6712  132.5434   31.41600   -0.01966
  3.6750   20.10857  267.92950   35.6452  132.5181   31.74000   -0.00629
  3.6833   20.01711  267.70923   35.6189  132.4926   32.02000   -0.00053
  3.6917   19.92493  267.48941   35.5926  132.4668   32.29100    0.00612
  3.7000   19.83204  267.27005   35.5660  132.4407   32.62300    0.01009
  3.7083   19.73844  267.05112   35.5393  132.4144   32.89200    0.00907
  3.7167   19.64414  266.83267   35.5124  132.3879   33.13600   -0.00046
  3.7250   19.54915  266.61469   35.4854  132.3611   33.41600   -0.00663
  3.7333   19.45347  266.39713   35.4581  132.3341   33.71300   -0.00734
  3.7417   19.35711  266.18005   35.4307  132.3068   34.00000    0.00067
  3.7500   19.26008  265.96341   35.4031  132.2792   34.34000    0.00181
  3.7583   19.16238  265.74725   35.3753  132.2514   34.58200   -0.00220
  3.7667   19.06402  265.53156   35.3473  132.2233   34.82900   -0.01153
  3.7750   18.96501  265.31628   35.3191  132.1949   35.13400   -0.00924
  3.7833   18.86535  265.10150   35.2907  132.1663   35.46200   -0.00392
  3.7917   18.76506  264.88718   35.2621  132.1374   35.73600   -0.00169
  3.8000   18.66413  264.67334   35.2332  132.1083   36.02600   -0.00093
  3.8083   18.56258  264.45993   35.2042  132.0788   36.35400   -0.00235
  3.8167   18.46042  264.24701   35.1750  132.0491   36.62100   -0.01073
  3.8250   18.35764  264.03452   35.1455  132.0191   36.86700   -0.02955
  3.8333   18.25426  263.82251   35.1159  131.9889   37.12500   -0.03960
  3.8417   18.15028  263.61099   35.0860  131.9584   37.46300   -0.04077
  3.8500   18.04571  263.39990   35.0559  131.9276   37.78600   -0.03535
  3.8583   17.94055  263.18927   35.0255  131.8965   38.10500   -0.03128
  3.8667   17.83482  262.97913   34.9949  131.8651   38.44300   -0.02987
  3.8750   17.72853  262.76944   34.9641  131.8334   38.75400   -0.02659
  3.8833   17.62167  262.56021   34.9330  131.8015   39.09500   -0.02598
  3.8917   17.51425  262.35144   34.9017  131.7692   39.42200   -0.02886
  3.9000   17.40628  262.14313   34.8701  131.7367   39.71900   -0.02725
  3.9083   17.29778  261.93530   34.8382  131.7038   40.10500   -0.02314
  3.9167   17.18874  261.72791   34.8061  131.6707   40.46800   -0.01459
  3.9250   17.07917  261.52100   34.7738  131.6373   40.81200   -0.01213
  3.9333   16.96908  261.31451   34.7412  131.6035   41.16300   -0.01044
  3.9417   16.85847  261.10852   34.7083  131.5695   41.52700   -0.01216
  3.9500   16.74736  260.90295   34.6751  131.5352   41.85300   -0.01356
  3.9583   16.63575  260.69785   34.6416  131.5005   42.21700   -0.01730
  3.9667   16.52364  260.49323   34.6079  131.4656   42.57300   -0.01451
  3.9750   16.41104  260.28903   34.5738  131.4303   42.95400   -0.01645
  3.9833   16.29797  260.08530   34.5395  131.3947   43.29300   -0.01563
  3.9917   16.18442  259.88199   34.5049  131.3589   43.68000   -0.01552
  4.0000   16.07041  259.67917   34.4700  131.3226   44.06900   -0.01942
  4.0083   15.95594  259.47678   34.4347  131.2861   44.38900   -0.02386
  4.0167   15.84101  259.27484   34.3991  131.2493   44.78500   -0.02898
  4.0250   15.72564  259.07333   34.3633  131.2121   45.18500   -0.02856
  4.0333   15.60983  258.87228   34.3271  131.1746   45.56100   -0.03039
  4.0417   15.49358  258.67166   34.2906  131.1368   45.95400   -0.04238
  4.0500   15.37691  258.47147   34.2537  131.0987   46.28600   -0.04745
  4.0583   15.25982  258.27176   34.2165  131.0602   46.72300   -0.04748
  4.0667   15.14232  258.07245   34.1790  131.0214   47.16100   -0.03667
  4.0750   15.02441  257.87357   34.1411  130.9823   47.58300   -0.02538
  4.0833   14.90610  257.67514   34.1028  130.9428   48.03100   -0.01505
  4.0917   14.78740  257.47714   34.0642  130.9030   48.47200    0.00194
  4.1000   14.66831  257.27957   34.0253  130.8628   48.95300    0.01031
  4.1083   14.54885  257.08243   33.9860  130.8224   49.33800    0.02039
  4.1167   14.42901  256.88571   33.9462  130.7815   49.79600    0.01871
  4.1250   14.30880  256.68939   33.9062  130.7403   50.18800    0.01921
  4.1333   14.18824  256.49353   33.8657  130.6988   50.59900    0.01113
  4.1417   14.06732  256.29807   33.8248  130.6570   50.99300    0.00613
  4.1500   13.94605  256.10300   33.7836  130.6147   51.40900    0.00450
  4.1583   13.82444  255.90839   33.7419  130.5722   51.84300    0.00836
  4.1667   13.70250  255.71416   33.6998  130.5293   52.27800    0.00446
  4.1750   13.58024  255.52036   33.6574  130.4860   52.63600   -0.00487
  4.1833   13.45765  255.32693   33.6145  130.4423   53.03100   -0.00980
  4.1917   13.33474  255.13394   33.5711  130.3983   53.50900   -0.01624
  4.2000   13.21153  254.94133   33.5274  130.3540   53.86600   -0.01909
  4.2083   13.08802  254.74913   33.4832  130.3093   54.30100   -0.02681
  4.2167   12.96421  254.55733   33.4385  130.2642   54.74900   -0.04028
  4.2250   12.84011  254.36591   33.3935  130.2188   55.07100   -0.05353
  4.2333   12.71573  254.17490   33.3479  130.1730   55.52700   -0.06575
  4.2417   12.59107  253.98425   33.3019  130.1268   56.00100   -0.06350
  4.2500   12.46614  253.79401   33.2554  130.0803   56.46300   -0.05456
  4.2583   12.34094  253.60414   33.2085  130.0334   56.99200   -0.04968
  4.2667   12.21549  253.41466   33.1610  129.9861   57.45900   -0.03707
  4.2750   12.08979  253.22556   33.1131  129.9385   58.00400   -0.03856
  4.2833   11.96384  253.03680   33.0647  129.8905   58.43900   -0.04192
  4.2917   11.83765  252.84845   33.0158  129.8422   58.90800   -0.04951
  4.3000   11.71123  252.66045   32.9664  129.7934   59.44000   -0.04015
  4.3083   11.58457  252.47282   32.9165  129.7443   60.03900   -0.03477
  4.3167   11.45770  252.28555   32.8660  129.6948   60.49700   -0.02068
  4.3250   11.33062  252.09865   32.8150  129.6449   61.12200   -0.02394
  4.3333   11.20332  251.91211   32.7635  129.5947   61.59400   -0.01333
  4.3417   11.07582  251.72591   32.7114  129.5441   62.18600   -0.01816
  4.3500   10.94812  251.54007   32.6588  129.4931   62.69600   -0.01176
  4.3583   10.82023  251.35457   32.6057  129.4417   63.27400   -0.01554
  4.3667   10.69215  251.16942   32.5520  129.3900   63.79300   -0.01268
  4.3750   10.56390  250.98460   32.4977  129.3379   64.37300   -0.02050
  4.3833   10.43547  250.80014   32.4428  129.2854   64.87300   -0.02318
  4.3917   10.30687  250.61600   32.3874  129.2326   65.44500   -0.03210
  4.4000   10.17811  250.43221   32.3313  129.1793   65.97600   -0.02022
  4.4083   10.04920  250.24872   32.2747  129.1257   66.65500   -0.01191
  4.4167    9.92013  250.06557   32.2175  129.0717   67.19900   -0.00054
  4.4250    9.79092  249.88275   32.1596  129.0174   67.76300    0.00088
  4.4333    9.66157  249.70024   32.1012  128.9627   68.37200    0.00215
  4.4417    9.53208  249.51805   32.0421  128.9076   68.92800   -0.00317
  4.4500    9.40247  249.33618   31.9824  128.8521   69.45100   -0.00697
  4.4583    9.27273  249.15462   31.9220  128.7963   70.09000   -0.00895
  4.4667    9.14288  248.97334   31.8610  128.7401   70.68900   -0.02011
  4.4750    9.01292  248.79239   31.7994  128.6836   71.15200   -0.04354
  4.4833    8.88285  248.61174   31.7371  128.6266   71.70600   -0.06966
  4.4917    8.75268  248.43138   31.6741  128.5694   72.29700   -0.06683
  4.5000    8.62241  248.25131   31.6104  128.5117   72.94800   -0.05251
  4.5083    8.49206  248.07153   31.5461  128.4537   73.61600   -0.03852
  4.5167    8.36162  247.89204   31.4811  128.3954   74.22800   -0.02593
  4.5250    8.23110  247.71284   31.4154  128.3367   74.89200   -0.01739
  4.5333    8.10051  247.53392   31.3489  128.2776   75.61000   -0.00512
  4.5417    7.96986  247.35527   31.2818  128.2182   76.33600   -0.00093
  4.5500    7.83914  247.17690   31.2140  128.1585   76.97900   -0.00036
  4.5583    7.70836  246.99879   31.1454  128.0984   77.71500    0.00000

  9.3333    9.90001  152.71693   27.1859  145.1767   30.47200    0.00000
  9.3417   10.07171  152.58527   27.2753  145.1584   29.94100   -0.00026
  9.3500   10.24378  152.45354   27.3637  145.1402   29.45300    0.00517
  9.3583   10.41621  152.32175   27.4512  145.1219   28.92900    0.01142
  9.3667   10.58899  152.18990   27.5378  145.1036   28.34500    0.00531
  9.3750   10.76213  152.05797   27.6235  145.0853   27.78200   -0.01430
  9.3833   10.93563  151.92596   27.7083  145.0669   27.19200   -0.02771
  9.3917   11.10947  151.79388   27.7922  145.0486   26.70900   -0.04641
  9.4000   11.28366  151.66171   27.8751  145.0303   26.18600   -0.06918
  9.4083   11.45819  151.52946   27.9572  145.0119   25.71600   -0.10481
  9.4167   11.63307  151.39711   28.0385  144.9936   25.21900   -0.12286
  9.4250   11.80828  151.26465   28.1188  144.9753   24.72900   -0.14022
  9.4333   11.98383  151.13210   28.1983  144.9570   24.30500   -0.15954
  9.4417   12.15971  150.99942   28.2770  144.9388   23.82900   -0.16313
  9.4500   12.33592  150.86664   28.3548  144.9205   23.50700   -0.14191
  9.4583   12.51246  150.73373   28.4317  144.9023   23.32400   -0.09323
  9.4667   12.68933  150.60069   28.5079  144.8841   23.11000   -0.04784
  9.4750   12.86651  150.46754   28.5832  144.8660   22.78900   -0.02106
  9.4833   13.04401  150.33424   28.6577  144.8478   22.48000   -0.00933
  9.4917   13.22183  150.20081   28.7314  144.8297   22.16900    0.00754
  9.5000   13.39996  150.06721   28.8043  144.8117   21.92000    0.02714
  9.5083   13.57840  149.93349   28.8764  144.7937   21.66600    0.03791
  9.5167   13.75714  149.79958   28.9477  144.7757   21.31500    0.03464
  9.5250   13.93619  149.66553   29.0183  144.7578   20.98500    0.01707
  9.5333   14.11554  149.53130   29.0881  144.7400   20.63900   -0.00623
  9.5417   14.29518  149.39690   29.1571  144.7222   20.25900   -0.02702
  9.5500   14.47512  149.26231   29.2254  144.7044   19.95300   -0.04712
  9.5583   14.65535  149.12756   29.2929  144.6867   19.62100   -0.05972
  9.5667   14.83586  148.99260   29.3597  144.6691   19.31800   -0.06977
  9.5750   15.01666  148.85745   29.4258  144.6515   19.05400   -0.07048
  9.5833   15.19774  148.72211   29.4912  144.6340   18.81200   -0.07025
  9.5917   15.37909  148.58655   29.5559  144.6165   18.52900   -0.06989
  9.6000   15.56072  148.45078   29.6199  144.5992   18.28300   -0.07577
  9.6083   15.74262  148.31477   29.6831  144.5818   18.01000   -0.06971
  9.6167   15.92479  148.17857   29.7457  144.5646   17.83800   -0.06420
  9.6250   16.10722  148.04211   29.8076  144.5474   17.60900   -0.05064
  9.6333   16.28990  147.90544   29.8689  144.5303   17.42400   -0.03285
  9.6417   16.47285  147.76851   29.9295  144.5133   17.31100   -0.02017
  9.6500   16.65605  147.63133   29.9894  144.4963   17.07000   -0.01285
  9.6583   16.83950  147.49390   30.0487  144.4794   16.87200   -0.01207
  9.6667   17.02319  147.35620   30.1074  144.4626   16.73700   -0.00878
  9.6750   17.20712  147.21825   30.1654  144.4459   16.54000   -0.02046
  9.6833   17.39130  147.08000   30.2228  144.4292   16.25800   -0.04182
  9.6917   17.57571  146.94148   30.2796  144.4127   16.08000   -0.06416
  9.7000   17.76034  146.80267   30.3358  144.3962   15.89700   -0.06985
  9.7083   17.94521  146.66357   30.3914  144.3798   15.75100   -0.07276
  9.7167   18.13030  146.52419   30.4464  144.3634   15.59900   -0.06696
  9.7250   18.31561  146.38448   30.5009  144.3472   15.47800   -0.05440
  9.7333   18.50113  146.24445   30.5547  144.3310   15.38000   -0.03158
  9.7417   18.68686  146.10411   30.6080  144.3150   15.30100   -0.01014
  9.7500   18.87281  145.96344   30.6607  144.2990   15.17600    0.01388
  9.7583   19.05895  145.82243   30.7129  144.2831   15.10000    0.03393
  9.7667   19.24530  145.68111   30.7645  144.2672   15.00800    0.04736
  9.7750   19.43184  145.53941   30.8156  144.2515   14.85500    0.04642
  9.7833   19.61857  145.39735   30.8661  144.2358   14.69900    0.03191
  9.7917   19.80548  145.25496   30.9161  144.2203   14.52700    0.00862
  9.8000   19.99258  145.11218   30.9656  144.2048   14.32100   -0.01571
  9.8083   20.17986  144.96902   31.0146  144.1894   14.16600   -0.03939
  9.8167   20.36732  144.82549   31.0631  144.1741   13.99900   -0.04937
  9.8250   20.55494  144.68156   31.1111  144.1589   13.88800   -0.05890
  9.8333   20.74273  144.53725   31.1586  144.1437   13.73700   -0.04983
  9.8417   20.93067  144.39252   31.2056  144.1287   13.69600   -0.03939
  9.8500   21.11878  144.24738   31.2521  144.1138   13.59900   -0.02537
  9.8583   21.30703  144.10181   31.2981  144.0989   13.47500   -0.01156
  9.8667   21.49544  143.95583   31.3437  144.0841   13.43800   -0.01510
  9.8750   21.68398  143.80939   31.3888  144.0694   13.23300   -0.00973
  9.8833   21.87267  143.66252   31.4335  144.0548   13.18000   -0.02144
  9.8917   22.06149  143.51520   31.4777  144.0403   13.04700   -0.01778
  9.9000   22.25043  143.36742   31.5215  144.0259   12.95800   -0.01883
  9.9083   22.43950  143.21918   31.5648  144.0116   12.88400   -0.01484
  9.9167   22.62869  143.07045   31.6077  143.9973   12.79200   -0.00063
  9.9250   22.81799  142.92123   31.6502  143.9832   12.76900    0.00495
  9.9333   23.00740  142.77155   31.6923  143.9691   12.64100    0.00411
  9.9417   23.19691  142.62135   31.7339  143.9551   12.50900   -0.00881
  9.9500   23.38652  142.47066   31.7751  143.9413   12.41100   -0.01249
  9.9583   23.57623  142.31943   31.8160  143.9275   12.34800   -0.00930
  9.9667   23.76602  142.16769   31.8564  143.9137   12.26200   -0.00357
  9.9750   23.95590  142.01541   31.8964  143.9001   12.19000   -0.00488
  9.9833   24.14586  141.86259   31.9361  143.8866   12.09400   -0.00963
  9.9917   24.33588  141.70923   31.9754  143.8731   12.00000   -0.01864
 10.0000   24.52598  141.55531   32.0143  143.8598   11.91200   -0.02508
 10.0083   24.71613  141.40082   32.0528  143.8465   11.83200   -0.02925
 10.0167   24.90634  141.24574   32.0910  143.8333   11.75200   -0.03313
 10.0250   25.09660  141.09010   32.1287  143.8202   11.66700   -0.03778
 10.0333   25.28691  140.93385   32.1662  143.8072   11.59000   -0.04212
 10.0417   25.47726  140.77701   32.2033  143.7943   11.51800   -0.04010
 10.0500   25.66763  140.61955   32.2400  143.7814   11.47600   -0.01830
 10.0583   25.85804  140.46147   32.2764  143.7687   11.51600    0.00799
 10.0667   26.04847  140.30276   32.3125  143.7560   11.46800    0.03177
 10.0750   26.23891  140.14342   32.3482  143.7434   11.40500    0.03610
 10.0833   26.42936  139.98341   32.3836  143.7309   11.32600    0.03091
 10.0917   26.61982  139.82277   32.4187  143.7185   11.22300    0.02211
 10.1000   26.81027  139.66145   32.4534  143.7062   11.14200    0.02052
 10.1083   27.00071  139.49945   32.4878  143.6939   11.10900    0.02483
 10.1167   27.19114  139.33678   32.5220  143.6818   11.04200    0.03411
 10.1250   27.38155  139.17339   32.5558  143.6697   10.99100    0.03290
 10.1333   27.57193  139.00929   32.5893  143.6577   10.89900    0.02087
 10.1417   27.76227  138.84451   32.6225  143.6458   10.76600   -0.00441
 10.1500   27.95257  138.67899   32.6554  143.6339   10.63500   -0.03054
 10.1583   28.14283  138.51273   32.6880  143.6222   10.53300   -0.03718
 10.1667   28.33303  138.34572   32.7204  143.6105   10.51000   -0.03490
 10.1750   28.52317  138.17796   32.7524  143.5989   10.43400   -0.02743
 10.1833   28.71324  138.00943   32.7842  143.5874   10.36800   -0.02686
 10.1917   28.90324  137.84013   32.8157  143.5760   10.31100   -0.02691
 10.2000   29.09315  137.67004   32.8469  143.5647   10.23600   -0.02298
 10.2083   29.28298  137.49916   32.8779  143.5534   10.19300   -0.01858
 10.2167   29.47270  137.32747   32.9086  143.5422   10.14100   -0.01441
 10.2250   29.66233  137.15495   32.9390  143.5311   10.06700   -0.01571
 10.2333   29.85184  136.98163   32.9692  143.5201    9.99900   -0.01635
 10.2417   30.04124  136.80746   32.9991  143.5091    9.95700   -0.00985
 10.2500   30.23051  136.63243   33.0288  143.4983    9.92200    0.00089
 10.2583   30.41965  136.45654   33.0582  143.4875    9.87800    0.00902
 10.2667   30.60864  136.27980   33.0874  143.4768    9.82200    0.02313
 10.2750   30.79749  136.10217   33.1163  143.4661    9.82400    0.03071
 10.2833   30.98618  135.92365   33.1450  143.4556    9.75200    0.03066
 10.2917   31.17471  135.74422   33.1735  143.4451    9.66300    0.01632
 10.3000   31.36307  135.56387   33.2017  143.4347    9.59400   -0.00573
 10.3083   31.55124  135.38261   33.2297  143.4244    9.48400   -0.02336
 10.3167   31.73923  135.20039   33.2575  143.4141    9.41800   -0.03928
 10.3250   31.92702  135.01724   33.2851  143.4040    9.35600   -0.04044
 10.3333   32.11460  134.83315   33.3124  143.3938    9.31600   -0.03912
 10.3417   32.30197  134.64806   33.3395  143.3838    9.25900   -0.02408
 10.3500   32.48912  134.46201   33.3664  143.3739    9.26700   -0.00503
 10.3583   32.67604  134.27493   33.3931  143.3640    9.24900    0.01868
 10.3667   32.86273  134.08688   33.4196  143.3542    9.22000    0.02836
 10.3750   33.04916  133.89780   33.4459  143.3445    9.16100    0.02950
 10.3833   33.23534  133.70770   33.4720  143.3348    9.10600    0.01704
 10.3917   33.42125  133.51656   33.4979  143.3252    9.01300   -0.00170
 10.4000   33.60688  133.32436   33.5235  143.3157    8.92800   -0.02793
 10.4083   33.79224  133.13110   33.5490  143.3063    8.84300   -0.04048
 10.4167   33.97730  132.93677   33.5743  143.2969    8.82200   -0.04098
 10.4250   34.16205  132.74133   33.5994  143.2876    8.79800   -0.02410
 10.4333   34.34650  132.54483   33.6244  143.2784    8.79000    0.00025
 10.4417   34.53063  132.34720   33.6491  143.2692    8.79500    0.01736
 10.4500   34.71442  132.14845   33.6736  143.2602    8.72300    0.02798
 10.4583   34.89788  131.94856   33.6980  143.2511    8.67500    0.02311
 10.4667   35.08098  131.74753   33.7222  143.2422    8.60100    0.02693
 10.4750   35.26372  131.54533   33.7462  143.2333    8.56800    0.03888
 10.4833   35.44610  131.34198   33.7701  143.2245    8.55900    0.05293
 10.4917   35.62809  131.13744   33.7938  143.2158    8.50000    0.05884
 10.5000   35.80970  130.93170   33.8173  143.2071    8.43500    0.04069
 10.5083   35.99090  130.72476   33.8406  143.1985    8.31600    0.02006
 10.5167   36.17169  130.51659   33.8638  143.1900    8.24600   -0.00298
 10.5250   36.35206  130.30721   33.8868  143.1815    8.16900   -0.02473
 10.5333   36.53200  130.09656   33.9097  143.1732    8.05800   -0.03731
 10.5417   36.71149  129.88467   33.9324  143.1648    8.03000   -0.06057
 10.5500   36.89053  129.67152   33.9550  143.1566    7.90500   -0.07704
 10.5583   37.06911  129.45708   33.9774  143.1484    7.82900   -0.07852
 10.5667   37.24721  129.24135   33.9996  143.1403    7.86900   -0.05594
 10.5750   37.42483  129.02432   34.0217  143.1322    7.85000   -0.02999
 10.5833   37.60194  128.80597   34.0437  143.1242    7.78100   -0.00459
 10.5917   37.77855  128.58629   34.0655  143.1163    7.81800    0.01990
 10.6000   37.95463  128.36528   34.0871  143.1084    7.79800    0.04298
 10.6083   38.13019  128.14291   34.1086  143.1006    7.72900    0.04434
 10.6167   38.30520  127.91918   34.1300  143.0929    7.67300    0.04003
 10.6250   38.47965  127.69408   34.1513  143.0853    7.63100    0.04892
 10.6333   38.65353  127.46758   34.1724  143.0777    7.62600    0.04677
 10.6417   38.82684  127.23969   34.1933  143.0701    7.52000    0.03581
 10.6500   38.99955  127.01039   34.2142  143.0627    7.43200    0.00917
 10.6583   39.17166  126.77966   34.2349  143.0553    7.34500   -0.00584
 10.6667   39.34316  126.54750   34.2555  143.0479    7.28200   -0.00550
 10.6750   39.51402  126.31390   34.2759  143.0406    7.25300    0.00751
 10.6833   39.68424  126.07883   34.2963  143.0334    7.21400    0.02047
 10.6917   39.85381  125.84230   34.3165  143.0263    7.14500    0.03128
 10.7000   40.02272  125.60429   34.3366  143.0192    7.10800    0.03302
 10.7083   40.19094  125.36478   34.3565  143.0122    7.03000    0.02545
 10.7167   40.35847  125.12378   34.3764  143.0052    6.91600    0.00588
 10.7250   40.52529  124.88126   34.3961  142.9983    6.82300   -0.01384
 10.7333   40.69140  124.63722   34.4157  142.9915    6.74500   -0.02194
 10.7417   40.85678  124.39164   34.4352  142.9847    6.68500   -0.03126
 10.7500   41.02140  124.14451   34.4546  142.9780    6.58800   -0.03356
 10.7583   41.18527  123.89583   34.4739  142.9714    6.53700   -0.02296
 10.7667   41.34837  123.64559   34.4930  142.9648    6.52900   -0.00105
 10.7750   41.51068  123.39377   34.5121  142.9583    6.47800    0.01361
 10.7833   41.67220  123.14036   34.5310  142.9518    6.39200    0.02069
 10.7917   41.83290  122.88535   34.5499  142.9454    6.34800    0.01802
 10.8000   41.99277  122.62874   34.5686  142.9391    6.25400    0.02192
 10.8083   42.15180  122.37052   34.5873  142.9328    6.19700    0.01861
 10.8167   42.30997  122.11067   34.6058  142.9266    6.12300    0.01769
 10.8250   42.46727  121.84918   34.6243  142.9205    6.03800    0.00910
 10.8333   42.62369  121.58606   34.6426  142.9144    5.94900    0.01264
 10.8417   42.77921  121.32129   34.6608  142.9084    5.92100    0.02407
 10.8500   42.93382  121.05485   34.6790  142.9024    5.85600    0.03205
 10.8583   43.08750  120.78675   34.6970  142.8965    5.73900    0.03396
 10.8667   43.24024  120.51698   34.7150  142.8906    5.67600    0.03531
 10.8750   43.39201  120.24552   34.7329  142.8849    5.60400    0.03399
 10.8833   43.54282  119.97237   34.7507  142.8791    5.47200    0.03298
 10.8917   43.69264  119.69753   34.7683  142.8735    5.40500    0.03662
 10.9000   43.84146  119.42099   34.7859  142.8679    5.35000    0.04562
 10.9083   43.98926  119.14273   34.8035  142.8623    5.24400    0.03263
 10.9167   44.13603  118.86277   34.8209  142.8568    5.09600   -0.00586
 10.9250   44.28175  118.58108   34.8382  142.8514    4.94500   -0.03469
 10.9333   44.42640  118.29767   34.8555  142.8461    4.88200   -0.05499
 10.9417   44.56998  118.01252   34.8727  142.8408    4.77100   -0.06228
 10.9500   44.71247  117.72564   34.8898  142.8355    4.67600   -0.07557
 10.9583   44.85384  117.43703   34.9068  142.8304    4.58500   -0.08777
 10.9667   44.99409  117.14667   34.9238  142.8252    4.47500   -0.09324
 10.9750   45.13320  116.85456   34.9406  142.8202    4.40700   -0.06920
 10.9833   45.27116  116.56071   34.9574  142.8152    4.44300   -0.02586
 10.9917   45.40794  116.26511   34.9741  142.8102    4.41600    0.02148
 11.0000   45.54353  115.96775   34.9908  142.8053    4.37300    0.04119
 11.0083   45.67793  115.66864   35.0074  142.8005    4.31000    0.04570
 11.0167   45.81110  115.36777   35.0239  142.7958    4.23400    0.04450
 11.0250   45.94304  115.06515   35.0403  142.7911    4.17400    0.01224
 11.0333   46.07373  114.76077   35.0566  142.7864    3.98900   -0.02578
 11.0417   46.20315  114.45464   35.0729  142.7819    3.89800   -0.05300
 11.0500   46.33129  114.14675   35.0892  142.7773    3.89200   -0.04203
 11.0583   46.45813  113.83711   35.1053  142.7729    3.87000   -0.03388
 11.0667   46.58366  113.52572   35.1214  142.7685    3.76900   -0.02475
 11.0750   46.70786  113.21258   35.1374  142.7641    3.76400   -0.02079
 11.0833   46.83071  112.89770   35.1534  142.7598    3.71700   -0.00962
 11.0917   46.95221  112.58108   35.1693  142.7556    3.64500   -0.02063
 11.1000   47.07232  112.26272   35.1852  142.7515    3.55300   -0.03374
 11.1083   47.19104  111.94263   35.2009  142.7473    3.49800   -0.03147
 11.1167   47.30835  111.62082   35.2167  142.7433    3.49200   -0.01821
 11.1250   47.42424  111.29729   35.2323  142.7393    3.45200   -0.00021
 11.1333   47.53869  110.97204   35.2479  142.7354    3.42300    0.00663
 11.1417   47.65168  110.64510   35.2635  142.7315    3.37600    0.01328
 11.1500   47.76321  110.31646   35.2790  142.7277    3.34100    0.01696
 11.1583   47.87324  109.98613   35.2944  142.7240    3.30600    0.01782
 11.1667   47.98177  109.65412   35.3098  142.7203    3.25200    0.00880
 11.1750   48.08879  109.32045   35.3252  142.7167    3.17700   -0.00943
 11.1833   48.19427  108.98513   35.3405  142.7131    3.10900   -0.03499
 11.1917   48.29820  108.64816   35.3557  142.7096    3.03000   -0.04793
 11.2000   48.40057  108.30956   35.3709  142.7062    3.00700   -0.05273
 11.2083   48.50136  107.96935   35.3860  142.7028    2.97100   -0.03786
 11.2167   48.60056  107.62753   35.4011  142.6995    2.96800   -0.01196
 11.2250   48.69815  107.28413   35.4162  142.6962    2.98800    0.01384
 11.2333   48.79411  106.93915   35.4312  142.6930    2.95200    0.02466
 11.2417   48.88844  106.59262   35.4461  142.6899    2.89200    0.01610
 11.2500   48.98112  106.24455   35.4610  142.6868    2.83700    0.00503
 11.2583   49.07213  105.89496   35.4759  142.6838    2.79300   -0.00619
 11.2667   49.16146  105.54387   35.4907  142.6808    2.73600   -0.00447
 11.2750   49.24910  105.19129   35.5055  142.6779    2.73600   -0.00213
 11.2833   49.33503  104.83726   35.5202  142.6751    2.69700    0.00400
 11.2917   49.41924  104.48178   35.5350  142.6723    2.65600    0.00356
 11.3000   49.50171  104.12489   35.5496  142.6696    2.62900    0.00692
 11.3083   49.58244  103.76660   35.5642  142.6669    2.59900    0.01232
 11.3167   49.66140  103.40693   35.5788  142.6643    2.55900    0.01073
 11.3250   49.73859  103.04592   35.5934  142.6618    2.50100    0.00726
 11.3333   49.81400  102.68359   35.6079  142.6593    2.46500    0.00381
 11.3417   49.88760  102.31996   35.6224  142.6569    2.42800    0.00149
 11.3500   49.95940  101.95506   35.6369  142.6545    2.37800   -0.00015
 11.3583   50.02937  101.58891   35.6513  142.6522    2.34500    0.00170
 11.3667   50.09751  101.22156   35.6657  142.6500    2.31900    0.00754
 11.3750   50.16380  100.85301   35.6800  142.6478    2.28100    0.00648
 11.3833   50.22823  100.48332   35.6943  142.6457    2.22100   -0.00082
 11.3917   50.29080  100.11249   35.7086  142.6437    2.17200   -0.01162
 11.4000   50.35149   99.74058   35.7229  142.6417    2.12300   -0.01590
 11.4083   50.41029   99.36760   35.7372  142.6398    2.09200   -0.01510
 11.4167   50.46719   98.99359   35.7514  142.6379    2.06800   -0.01063
 11.4250   50.52218   98.61859   35.7656  142.6361    2.03700   -0.00927
 11.4333   50.57525   98.24263   35.7797  142.6344    1.99900   -0.02179
 11.4417   50.62640   97.86574   35.7939  142.6327    1.92800   -0.03545
 11.4500   50.67561   97.48796   35.8080  142.6311    1.89800   -0.04550
 11.4583   50.72288   97.10933   35.8221  142.6295    1.87700   -0.04718
 11.4667   50.76820   96.72988   35.8361  142.6280    1.84200   -0.04225
 11.4750   50.81155   96.34965   35.8502  142.6266    1.84300   -0.03681
 11.4833   50.85294   95.96868   35.8642  142.6252    1.83000   -0.02617
 11.4917   50.89235   95.58701   35.8782  142.6239    1.81800   -0.02382
 11.5000   50.92978   95.20468   35.8922  142.6227    1.79000   -0.01643
 11.5083   50.96522   94.82172   35.9062  142.6215    1.79800   -0.00642
 11.5167   50.99867   94.43818   35.9201  142.6204    1.80000    0.00423
 11.5250   51.03012   94.05410   35.9341  142.6193    1.78100    0.00658
 11.5333   51.05957   93.66951   35.9480  142.6183    1.76400    0.00634
 11.5417   51.08701   93.28447   35.9619  142.6174    1.76000    0.00818
 11.5500   51.11243   92.89902   35.9758  142.6165    1.75100    0.00647
 11.5583   51.13583   92.51319   35.9896  142.6157    1.72100   -0.00051
 11.5667   51.15721   92.12703   36.0035  142.6150    1.69800   -0.00736
 11.5750   51.17657   91.74059   36.0174  142.6143    1.68800   -0.00984
 11.5833   51.19389   91.35390   36.0312  142.6137    1.67500   -0.00318
 11.5917   51.20919   90.96702   36.0450  142.6131    1.68400    0.00441
 11.6000   51.22245   90.57998   36.0588  142.6126    1.67400    0.01129
 11.6083   51.23368   90.19284   36.0726  142.6122    1.65400    0.01049
 11.6167   51.24287   89.80563   36.0864  142.6118    1.63200    0.01215
 11.6250   51.25003   89.41840   36.1002  142.6115    1.63000    0.01315
 11.6333   51.25514   89.03121   36.1140  142.6113    1.60500    0.01888
 11.6417   51.25822   88.64408   36.1278  142.6111    1.59900    0.01947
 11.6500   51.25926   88.25707   36.1415  142.6110    1.57800    0.02213
 11.6583   51.25826   87.87023   36.1553  142.6110    1.56300    0.01605
 11.6667   51.25523   87.48360   36.1691  142.6110    1.52500    0.00761
 11.6750   51.25016   87.09723   36.1828  142.6111    1.49400   -0.00228
 11.6833   51.24306   86.71116   36.1966  142.6112    1.47200   -0.00856
 11.6917   51.23393   86.32543   36.2103  142.6114    1.44800   -0.01187
 11.7000   51.22277   85.94010   36.2240  142.6117    1.43100   -0.01966
 11.7083   51.20959   85.55521   36.2378  142.6120    1.39400   -0.02706
 11.7167   51.19438   85.17080   36.2515  142.6125    1.37300   -0.02975
 11.7250   51.17716   84.78693   36.2653  142.6129    1.37300   -0.02203
 11.7333   51.15792   84.40363   36.2790  142.6134    1.37400   -0.01704
 11.7417   51.13667   84.02095   36.2928  142.6140    1.34000   -0.01264
 11.7500   51.11342   83.63894   36.3065  142.6147    1.33700   -0.01074
 11.7583   51.08817   83.25764   36.3202  142.6154    1.33000   -0.00060
 11.7667   51.06093   82.87709   36.3340  142.6162    1.32900    0.01281
 11.7750   51.03170   82.49734   36.3477  142.6171    1.33900    0.02310
 11.7833   51.00049   82.11843   36.3615  142.6180    1.32000    0.03093
 11.7917   50.96730   81.74041   36.3752  142.6190    1.31000    0.03189
 11.8000   50.93215   81.36331   36.3890  142.6201    1.29400    0.02621
 11.8083   50.89504   80.98718   36.4028  142.6212    1.24900    0.01476
 11.8167   50.85597   80.61207   36.4166  142.6224    1.21500    0.00507
 11.8250   50.81497   80.23801   36.4303  142.6237    1.20500    0.00348
 11.8333   50.77203   79.86504   36.4441  142.6250    1.19100    0.00338
 11.8417   50.72716   79.49321   36.4579  142.6264    1.16400    0.00001
 11.8500   50.68037   79.12255   36.4717  142.6278    1.14100   -0.00401
 11.8583   50.63168   78.75311   36.4855  142.6294    1.12200   -0.00899
 11.8667   50.58109   78.38492   36.4994  142.6310    1.09000   -0.01544
 11.8750   50.52861   78.01801   36.5132  142.6326    1.06200   -0.02267
 11.8833   50.47425   77.65244   36.5271  142.6344    1.04300   -0.02696
 11.8917   50.41803   77.28823   36.5409  142.6362    1.02700   -0.02784
 11.9000   50.35995   76.92543   36.5548  142.6380    1.01800   -0.02581
 11.9083   50.30002   76.56405   36.5687  142.6400    1.01700   -0.02267
 11.9167   50.23826   76.20415   36.5826  142.6420    1.01000   -0.02253
 11.9250   50.17468   75.84576   36.5965  142.6440    0.99400   -0.02973
 11.9333   50.10929   75.48890   36.6104  142.6462    0.97100   -0.03613
 11.9417   50.04210   75.13362   36.6243  142.6484    0.97400   -0.03727
 11.9500   49.97312   74.77994   36.6383  142.6507    0.98600   -0.03554
 11.9583   49.90237   74.42789   36.6523  142.6531    0.98200   -0.03303
 11.9667   49.82986   74.07751   36.6662  142.6555    0.99700   -0.03326
 11.9750   49.75560   73.72883   36.6803  142.6580    1.00800   -0.03043
 11.9833   49.67961   73.38186   36.6943  142.6606    1.02500   -0.03214
 11.9917   49.60189   73.03665   36.7083  142.6632    1.03100   -0.03645
 12.0000   49.52247   72.69322   36.7224  142.6659    1.03900   -0.03820
 12.0083   49.44135   72.35160   36.7365  142.6687    1.07200   -0.03739
 12.0167   49.35855   72.01180   36.7505  142.6716    1.09500   -0.03418
 12.0250   49.27408   71.67387   36.7647  142.6746    1.11900   -0.03415
 12.0333   49.18796   71.33781   36.7788  142.6776    1.14600   -0.03095
 12.0417   49.10021   71.00366   36.7930  142.6807    1.18800   -0.02359
 12.0500   49.01083   70.67144   36.8072  142.6838    1.23500   -0.01385
 12.0583   48.91984   70.34116   36.8214  142.6871    1.27900   -0.00586
 12.0667   48.82725   70.01286   36.8356  142.6904    1.32000   -0.00372
 12.0750   48.73309   69.68654   36.8498  142.6938    1.35000   -0.00842
 12.0833   48.63736   69.36224   36.8641  142.6973    1.37400   -0.01558
 12.0917   48.54008   69.03996   36.8784  142.7008    1.41100   -0.02355
 12.1000   48.44126   68.71973   36.8927  142.7045    1.44300   -0.02800
 12.1083   48.34092   68.40157   36.9071  142.7082    1.48400   -0.02578
 12.1167   48.23908   68.08548   36.9215  142.7120    1.55100   -0.02020
 12.1250   48.13575   67.77149   36.9359  142.7158    1.59900   -0.01137
 12.1333   48.03095   67.45961   36.9503  142.7198    1.65400   -0.00791
 12.1417   47.92468   67.14986   36.9648  142.7238    1.70100   -0.00762
 12.1500   47.81697   66.84224   36.9793  142.7279    1.73800   -0.00474
 12.1583   47.70783   66.53677   36.9938  142.7321    1.80600   -0.00273
 12.1667   47.59728   66.23347   37.0084  142.7364    1.85400    0.00036
 12.1750   47.48533   65.93234   37.0229  142.7408    1.90100   -0.00272
 12.1833   47.37200   65.63340   37.0376  142.7452    1.95100   -0.00471
 12.1917   47.25730   65.33665   37.0522  142.7497    2.00700   -0.00836
 12.2000   47.14125   65.04210   37.0669  142.7543    2.04900   -0.01401
 12.2083   47.02387   64.74976   37.0816  142.7590    2.09200   -0.01767
 12.2167   46.90516   64.45965   37.0963  142.7639    2.15600   -0.01950
 12.2250   46.78515   64.17176   37.1111  142.7687    2.20600   -0.01828
 12.2333   46.66385   63.88610   37.1259  142.7737    2.26200   -0.01537
 12.2417   46.54128   63.60269   37.1408  142.7787    2.33400   -0.00763
 12.2500   46.41744   63.32151   37.1557  142.7839    2.40600    0.00203
 12.2583   46.29237   63.04259   37.1706  142.7891    2.47300    0.00293
 12.2667   46.16606   62.76592   37.1856  142.7944    2.51500   -0.00005
 12.2750   46.03855   62.49150   37.2006  142.7999    2.57600   -0.00331
 12.2833   45.90984   62.21935   37.2156  142.8054    2.64600   -0.00701
 12.2917   45.77994   61.94946   37.2307  142.8110    2.69000   -0.01367
 12.3000   45.64888   61.68183   37.2458  142.8167    2.74100   -0.02240
 12.3083   45.51666   61.41646   37.2610  142.8225    2.80200   -0.02493
 12.3167   45.38331   61.15336   37.2762  142.8284    2.86700   -0.01921
 12.3250   45.24884   60.89252   37.2915  142.8344    2.94600   -0.00723
 12.3333   45.11326   60.63396   37.3067  142.8405    3.02600    0.00991
 12.3417   44.97659   60.37765   37.3221  142.8467    3.10500    0.02874
 12.3500   44.83884   60.12361   37.3375  142.8529    3.18400    0.04753
 12.3583   44.70003   59.87183   37.3529  142.8593    3.25300    0.06703
 12.3667   44.56018   59.62231   37.3684  142.8658    3.31900    0.08483
 12.3750   44.41928   59.37504   37.3839  142.8724    3.37000    0.09809
 12.3833   44.27737   59.13003   37.3994  142.8791    3.39900    0.10410
 12.3917   44.13446   58.88727   37.4151  142.8859    3.41500    0.11102
 12.4000   43.99056   58.64676   37.4307  142.8928    3.44700    0.12594
 12.4083   43.84568   58.40849   37.4464  142.8999    3.47700    0.14913
 12.4167   43.69984   58.17245   37.4622  142.9070    3.48900    0.17564
 12.4250   43.55305   57.93865   37.4780  142.9142    3.49300    0.19015
 12.4333   43.40532   57.70708   37.4939  142.9216    3.43500    0.19126
 12.4417   43.25668   57.47773   37.5098  142.9290    3.35400    0.17767
 12.4500   43.10713   57.25060   37.5258  142.9366    3.26100    0.16896
 12.4583   42.95669   57.02567   37.5418  142.9443    3.18900    0.17115
 12.4667   42.80537   56.80295   37.5579  142.9521    3.12100    0.17454
 12.4750   42.65318   56.58243   37.5741  142.9600    3.00400    0.14890
 12.4833   42.50015   56.36409   37.5903  142.9680    2.78300    0.10489
 12.4917   42.34627   56.14794   37.6065  142.9762    2.61300    0.05329
 12.5000   42.19157   55.93396   37.6228  142.9844    2.44000    0.02233
 12.5083   42.03605   55.72215   37.6392  142.9928    2.28700   -0.00352
 12.5167   41.87973   55.51249   37.6557  143.0013    2.12800   -0.02346
 12.5250   41.72263   55.30499   37.6722  143.0099    1.97700   -0.04442
 12.5333   41.56475   55.09963   37.6887  143.0187    1.82300   -0.06871
 12.5417   41.40611   54.89640   37.7054  143.0276    1.65500   -0.09104
 12.5500   41.24672   54.69530   37.7220  143.0366    1.52000   -0.11006
 12.5583   41.08659   54.49631   37.7388  143.0457    1.39200   -0.12137
 12.5667   40.92574   54.29942   37.7556  143.0550    1.27900   -0.13596
 12.5750   40.76417   54.10463   37.7725  143.0644    1.15800   -0.14524
 12.5833   40.60191   53.91193   37.7895  143.0740    1.08500   -0.14459
 12.5917   40.43895   53.72130   37.8065  143.0836    1.04500   -0.14023
 12.6000   40.27532   53.53274   37.8236  143.0934    0.97200   -0.13732
 12.6083   40.11102   53.34624   37.8408  143.1034    0.92500   -0.13658
 12.6167   39.94606   53.16178   37.8580  143.1135    0.90800   -0.12981
 12.6250   39.78046   52.97936   37.8754  143.1237    0.89400   -0.11806
 12.6333   39.61423   52.79896   37.8927  143.1341    0.90000   -0.10439
 12.6417   39.44738   52.62058   37.9102  143.1446    0.92200   -0.09298
 12.6500   39.27992   52.44420   37.9278  143.1552    0.92800   -0.08504
 12.6583   39.11187   52.26982   37.9454  143.1660    0.94900   -0.07800
 12.6667   38.94322   52.09741   37.9631  143.1770    0.99500   -0.06608
 12.6750   38.77400   51.92698   37.9809  143.1881    1.04800   -0.05331
 12.6833   38.60421   51.75851   37.9987  143.1994    1.09800   -0.04493
 12.6917   38.43386   51.59199   38.0167  143.2108    1.14900   -0.04413
 12.7000   38.26297   51.42741   38.0347  143.2223    1.19100   -0.05095
 12.7083   38.09154   51.26475   38.0528  143.2341    1.22800   -0.05964
 12.7167   37.91959   51.10401   38.0710  143.2459    1.29100   -0.06234
 12.7250   37.74712   50.94518   38.0893  143.2580    1.38000   -0.06416
 12.7333   37.57414   50.78823   38.1077  143.2702    1.44000   -0.06803
 12.7417   37.40067   50.63317   38.1262  143.2826    1.51200   -0.07116
 12.7500   37.22672   50.47998   38.1447  143.2951    1.62100   -0.06757
 12.7583   37.05228   50.32865   38.1634  143.3078    1.72600   -0.06262
 12.7667   36.87738   50.17917   38.1821  143.3207    1.81700   -0.06140
 12.7750   36.70203   50.03152   38.2010  143.3338    1.92200   -0.05693
 12.7833   36.52622   49.88569   38.2199  143.3470    2.05700   -0.04811
 12.7917   36.34997   49.74168   38.2389  143.3604    2.18500   -0.03737
 12.8000   36.17330   49.59947   38.2581  143.3740    2.31500   -0.02840
 12.8083   35.99620   49.45906   38.2773  143.3878    2.45300   -0.02046
 12.8167   35.81869   49.32042   38.2966  143.4018    2.58500   -0.01632
 12.8250   35.64077   49.18354   38.3161  143.4159    2.70500   -0.01426
 12.8333   35.46246   49.04843   38.3356  143.4302    2.84100   -0.01315
 12.8417   35.28376   48.91505   38.3553  143.4448    2.97300   -0.00910
 12.8500   35.10469   48.78341   38.3750  143.4595    3.11000   -0.00159
 12.8583   34.92524   48.65349   38.3949  143.4744    3.26500    0.00977
 12.8667   34.74543   48.52529   38.4148  143.4895    3.41700    0.02060
 12.8750   34.56527   48.39878   38.4349  143.5049    3.55100    0.02349
 12.8833   34.38476   48.27395   38.4551  143.5204    3.66400    0.02244
 12.8917   34.20391   48.15081   38.4754  143.5361    3.79100    0.02182
 12.9000   34.02273   48.02933   38.4959  143.5520    3.92000    0.02664
 12.9083   33.84123   47.90950   38.5164  143.5682    4.05300    0.02925
 12.9167   33.65941   47.79131   38.5371  143.5846    4.16200    0.03107
 12.9250   33.47729   47.67476   38.5579  143.6012    4.27900    0.03193
 12.9333   33.29486   47.55983   38.5788  143.6180    4.39700    0.03702
 12.9417   33.11214   47.44650   38.5999  143.6350    4.51600    0.04422
 12.9500   32.92914   47.33478   38.6210  143.6523    4.63100    0.04760
 12.9583   32.74586   47.22464   38.6423  143.6698    4.71700    0.04633
 12.9667   32.56230   47.11608   38.6637  143.6875    4.80100    0.04335
 12.9750   32.37848   47.00908   38.6853  143.7054    4.89600    0.04223
 12.9833   32.19440   46.90364   38.7070  143.7236    4.98000    0.04096
 12.9917   32.01007   46.79974   38.7288  143.7421    5.05100    0.03823
 13.0000   31.82550   46.69737   38.7508  143.7608    5.12800    0.03275
 13.0083   31.64069   46.59653   38.7729  143.7797    5.18900    0.03014
 13.0167   31.45564   46.49720   38.7951  143.7989    5.26500    0.02716
 13.0250   31.27037   46.39937   38.8175  143.8183    5.32900    0.02478
 13.0333   31.08488   46.30303   38.8401  143.8380    5.38100    0.02126
 13.0417   30.89918   46.20817   38.8628  143.8580    5.44100    0.01640
 13.0500   30.71327   46.11479   38.8856  143.8782    5.48900    0.01176
 13.0583   30.52716   46.02286   38.9086  143.8987    5.53400    0.00944
 13.0667   30.34086   45.93238   38.9317  143.9195    5.59900    0.01067
 13.0750   30.15437   45.84335   38.9550  143.9406    5.66000    0.01682
 13.0833   29.96769   45.75574   38.9785  143.9619    5.72600    0.01813
 13.0917   29.78084   45.66955   39.0021  143.9835    5.76100    0.01717
 13.1000   29.59381   45.58477   39.0258  144.0055    5.80500    0.01352
 13.1083   29.40662   45.50140   39.0498  144.0277    5.85100    0.01210
 13.1167   29.21927   45.41941   39.0739  144.0502    5.89100    0.00948
 13.1250   29.03177   45.33880   39.0982  144.0730    5.92200    0.00711
 13.1333   28.84411   45.25957   39.1226  144.0961    5.96500    0.00793
 13.1417   28.65631   45.18169   39.1472  144.1196    6.02000    0.01148
 13.1500   28.46837   45.10517   39.1720  144.1433    6.06300    0.01449
 13.1583   28.28030   45.02999   39.1970  144.1674    6.09800    0.01760
 13.1667   28.09210   44.95614   39.2222  144.1918    6.14500    0.02168
 13.1750   27.90377   44.88362   39.2475  144.2165    6.18400    0.02330
 13.1833   27.71533   44.81241   39.2730  144.2415    6.19600    0.01942
 13.1917   27.52677   44.74250   39.2988  144.2669    6.20500    0.01534
 13.2000   27.33810   44.67390   39.3247  144.2927    6.23800    0.01636
 13.2083   27.14933   44.60658   39.3508  144.3188    6.27500    0.02355
 13.2167   26.96045   44.54054   39.3771  144.3452    6.31400    0.03069
 13.2250   26.77149   44.47576   39.4036  144.3721    6.33800    0.03485
 13.2333   26.58243   44.41225   39.4303  144.3992    6.34700    0.03313
 13.2417   26.39328   44.34999   39.4572  144.4268    6.34100    0.02519
 13.2500   26.20405   44.28898   39.4843  144.4547    6.31800    0.01639
 13.2583   26.01475   44.22920   39.5116  144.4830    6.31300    0.01246
 13.2667   25.82537   44.17065   39.5391  144.5117    6.32900    0.01861
 13.2750   25.63592   44.11331   39.5669  144.5409    6.36000    0.02676
 13.2833   25.44641   44.05718   39.5949  144.5704    6.35900    0.03168
 13.2917   25.25683   44.00226   39.6231  144.6003    6.34400    0.02941
 13.3000   25.06720   43.94853   39.6515  144.6306    6.31700    0.02454
 13.3083   24.87752   43.89598   39.6801  144.6613    6.28700    0.01966
 13.3167   24.68779   43.84461   39.7090  144.6925    6.26100    0.01600
 13.3250   24.49801   43.79441   39.7381  144.7241    6.23600    0.01900
 13.3333   24.30819   43.74537   39.7675  144.7562    6.24500    0.02614
 13.3417   24.11834   43.69749   39.7971  144.7887    6.24400    0.03094
 13.3500   23.92845   43.65075   39.8269  144.8216    6.20200    0.02626
 13.3583   23.73853   43.60515   39.8570  144.8550    6.14400    0.01469
 13.3667   23.54858   43.56067   39.8874  144.8889    6.08900    0.00031
 13.3750   23.35861   43.51733   39.9180  144.9233    6.01800   -0.00783
 13.3833   23.16862   43.47509   39.9488  144.9581    5.99000   -0.01133
 13.3917   22.97862   43.43397   39.9799  144.9935    5.95800   -0.00445
 13.4000   22.78860   43.39394   40.0113  145.0293    5.94800    0.00734
 13.4083   22.59858   43.35501   40.0430  145.0657    5.94800    0.01989
 13.4167   22.40854   43.31716   40.0749  145.1026    5.91600    0.02943
 13.4250   22.21851   43.28039   40.1071  145.1399    5.87800    0.03181
 13.4333   22.02848   43.24470   40.1396  145.1779    5.81900    0.03053
 13.4417   21.83844   43.21007   40.1724  145.2163    5.74900    0.02739
 13.4500   21.64842   43.17649   40.2054  145.2554    5.68800    0.02393
 13.4583   21.45841   43.14397   40.2388  145.2950    5.62100    0.02397
 13.4667   21.26841   43.11249   40.2724  145.3351    5.57100    0.02678
 13.4750   21.07842   43.08205   40.3064  145.3758    5.52600    0.03250
 13.4833   20.88846   43.05264   40.3406  145.4172    5.47400    0.03931
 13.4917   20.69851   43.02426   40.3752  145.4591    5.42400    0.03959
 13.5000   20.50859   42.99689   40.4100  145.5016    5.32700    0.02752
 13.5083   20.31870   42.97053   40.4452  145.5448    5.18200    0.00401
 13.5167   20.12884   42.94518   40.4807  145.5885    5.04600   -0.01590
 13.5250   19.93901   42.92082   40.5165  145.6330    4.96500   -0.02449
 13.5333   19.74921   42.89746   40.5527  145.6780    4.89000   -0.01953
 13.5417   19.55946   42.87508   40.5892  145.7238    4.84000   -0.00851
 13.5500   19.36974   42.85369   40.6260  145.7702    4.79200    0.00664
 13.5583   19.18007   42.83326   40.6632  145.8173    4.73700    0.01801
 13.5667   18.99045   42.81380   40.7007  145.8651    4.65200    0.02719
 13.5750   18.80087   42.79531   40.7386  145.9136    4.58100    0.02969
 13.5833   18.61134   42.77777   40.7768  145.9628    4.47500    0.02928
 13.5917   18.42187   42.76118   40.8154  146.0127    4.37000    0.02627
 13.6000   18.23245   42.74553   40.8543  146.0634    4.28400    0.02315
 13.6083   18.04309   42.73082   40.8936  146.1149    4.17600    0.01894
 13.6167   17.85379   42.71704   40.9333  146.1671    4.05500    0.01209
 13.6250   17.66456   42.70419   40.9734  146.2201    3.93500    0.00885
 13.6333   17.47539   42.69226   41.0138  146.2739    3.83600    0.00893
 13.6417   17.28628   42.68124   41.0547  146.3286    3.72200    0.01428
 13.6500   17.09725   42.67114   41.0959  146.3840    3.62700    0.02370
 13.6583   16.90828   42.66194   41.1375  146.4403    3.54600    0.03498
 13.6667   16.71939   42.65364   41.1795  146.4974    3.43700    0.04379
 13.6750   16.53058   42.64623   41.2220  146.5554    3.31500    0.04445
 13.6833   16.34184   42.63971   41.2648  146.6143    3.16400    0.03837
 13.6917   16.15318   42.63407   41.3081  146.6741    2.99500    0.02760
 13.7000   15.96460   42.62931   41.3517  146.7348    2.82800    0.01767
 13.7083   15.77611   42.62543   41.3958  146.7965    2.67700    0.00985
 13.7167   15.58770   42.62241   41.4404  146.8591    2.51900    0.00652
 13.7250   15.39938   42.62026   41.4853  146.9226    2.38400    0.00315
 13.7333   15.21115   42.61896   41.5307  146.9871    2.23200    0.00020
 13.7417   15.02301   42.61851   41.5766  147.0526    2.07800   -0.00580
 13.7500   14.83497   42.61892   41.6229  147.1192    1.92000   -0.01451
 13.7583   14.64702   42.62017   41.6696  147.1868    1.74900   -0.02402
 13.7667   14.45916   42.62225   41.7168  147.2554    1.59600   -0.03589
 13.7750   14.27140   42.62517   41.7645  147.3251    1.43100   -0.04496
 13.7833   14.08374   42.62892   41.8127  147.3958    1.29600   -0.05187
 13.7917   13.89619   42.63350   41.8613  147.4677    1.17300   -0.05344
 13.8000   13.70874   42.63889   41.9104  147.5407    1.06400   -0.04998
 13.8083   13.52139   42.64510   41.9599  147.6149    0.98100   -0.04273
 13.8167   13.33414   42.65212   42.0100  147.6902    0.90200   -0.03680
 13.8250   13.14701   42.65994   42.0605  147.7667    0.79600   -0.03222
 13.8333   12.95999   42.66857   42.1116  147.8444    0.71900   -0.02623
 13.8417   12.77307   42.67800   42.1631  147.9234    0.67100   -0.02014
 13.8500   12.58627   42.68822   42.2152  148.0035    0.58900   -0.01709
 13.8583   12.39958   42.69923   42.2677  148.0850    0.51300   -0.01991
 13.8667   12.21301   42.71102   42.3208  148.1677    0.44000   -0.02296
 13.8750   12.02656   42.72360   42.3744  148.2517    0.37600   -0.02894
 13.8833   11.84022   42.73695   42.4285  148.3371    0.29100   -0.03349
 13.8917   11.65400   42.75107   42.4831  148.4238    0.24300   -0.03876
 13.9000   11.46791   42.76596   42.5382  148.5120    0.18500   -0.04076
 13.9083   11.28193   42.78162   42.5939  148.6015    0.14100   -0.04070
 13.9167   11.09608   42.79804   42.6501  148.6924    0.12400   -0.03425
 13.9250   10.91036   42.81521   42.7069  148.7848    0.13200   -0.02254
 13.9333   10.72476   42.83314   42.7642  148.8787    0.14200   -0.01274
 13.9417   10.53929   42.85181   42.8220  148.9740    0.11900   -0.00848
 13.9500   10.35395   42.87124   42.8804  149.0709    0.09200   -0.00871
 13.9583   10.16873   42.89140   42.9393  149.1693    0.07500   -0.00934
 13.9667    9.98365   42.91230   42.9987  149.2693    0.06000   -0.00854
 13.9750    9.79870   42.93393   43.0588  149.3709    0.05700   -0.00673
 13.9833    9.61389   42.95630   43.1193  149.4741    0.06600   -0.00664
 13.9917    9.42921   42.97939   43.1804  149.5790    0.05400   -0.00976
 14.0000    9.24466   43.00320   43.2421  149.6855    0.03500   -0.01679
 14.0083    9.06025   43.02773   43.3043  149.7938    0.01300   -0.02056
 14.0167    8.87598   43.05298   43.3671  149.9038    0.03100   -0.02149
 14.0250    8.69185   43.07895   43.4305  150.0155    0.04100   -0.02148
 14.0333    8.50786   43.10562   43.4944  150.1290    0.02900   -0.02367
 14.0417    8.32401   43.13299   43.5588  150.2444    0.02700   -0.02334
 14.0500    8.14031   43.16107   43.6238  150.3615    0.06300   -0.01170
 14.0583    7.95674   43.18985   43.6894  150.4806    0.15900    0.00740
 14.0667    7.77332   43.21932   43.7555  150.6015    0.22200    0.01987
 14.0750    7.59005   43.24949   43.8222  150.7243    0.18600    0.02253
 14.0833    7.40692   43.28035   43.8894  150.8492    0.18900    0.02387
 14.0917    7.22393   43.31189   43.9572  150.9760    0.24500    0.02881
 14.1000    7.04110   43.34411   44.0255  151.1047    0.24800    0.02657
 14.1083    6.85842   43.37702   44.0944  151.2356    0.17600    0.02027
 14.1167    6.67588   43.41060   44.1638  151.3685    0.18100    0.01630
 14.1250    6.49350   43.44485   44.2337  151.5035    0.24700    0.01879
 14.1333    6.31126   43.47978   44.3041  151.6406    0.21400    0.01027
 14.1417    6.12918   43.51537   44.3751  151.7799    0.08200   -0.01000
 14.1500    5.94725   43.55163   44.4466  151.9214    0.01600   -0.01216
 14.1583    5.76548   43.58854   44.5186  152.0650    0.14200    0.00067
 14.1667    5.58386   43.62612   44.5911  152.2110    0.12900    0.01452
 14.1750    5.40240   43.66435   44.6641  152.3591    0.09100    0.00269
 14.1833    5.22109   43.70324   44.7376  152.5096    0.00000    0.00000

