hmax        =    300
wind_bottom =      2
wind_top    =     10
critlon     =      0
tbeg, h     =   0.00
tend, h     =  24.00
c_ionex     =      0
c_vert      =      1
time, gamma, az, latp, lonp, tec, tec_filtered
  3.6000   10.30293  318.23083   43.0354  131.2478   19.36000    0.00000
  3.6083   10.47729  318.20352   42.9732  131.3310   19.32400    0.00072
  3.6167   10.65165  318.17538   42.9118  131.4128   19.29700    0.00209
  3.6250   10.82600  318.14639   42.8509  131.4933   19.24200    0.00583
  3.6333   11.00034  318.11658   42.7907  131.5725   19.19600    0.00767
  3.6417   11.17466  318.08588   42.7310  131.6506   19.12700    0.00916
  3.6500   11.34896  318.05435   42.6720  131.7273   19.06700    0.00530
  3.6583   11.52325  318.02194   42.6136  131.8029   18.98400    0.00013
  3.6667   11.69751  317.98868   42.5558  131.8773   18.91000   -0.00538
  3.6750   11.87174  317.95453   42.4986  131.9506   18.84300   -0.00471
  3.6833   12.04595  317.91953   42.4419  132.0227   18.79700   -0.00223
  3.6917   12.22013  317.88364   42.3859  132.0936   18.74500    0.00235
  3.7000   12.39428  317.84686   42.3304  132.1635   18.68600    0.00804
  3.7083   12.56839  317.80920   42.2755  132.2323   18.64100    0.01499
  3.7167   12.74246  317.77066   42.2211  132.3000   18.59200    0.02085
  3.7250   12.91649  317.73120   42.1673  132.3667   18.52200    0.02442
  3.7333   13.09048  317.69086   42.1141  132.4323   18.45700    0.02086
  3.7417   13.26442  317.64963   42.0614  132.4969   18.35400    0.01541
  3.7500   13.43832  317.60748   42.0092  132.5605   18.27400    0.00649
  3.7583   13.61216  317.56439   41.9576  132.6231   18.18800   -0.00307
  3.7667   13.78594  317.52042   41.9064  132.6848   18.08500   -0.01412
  3.7750   13.95967  317.47552   41.8559  132.7455   17.99500   -0.02318
  3.7833   14.13334  317.42969   41.8058  132.8053   17.92200   -0.03075
  3.7917   14.30694  317.38290   41.7562  132.8641   17.82300   -0.02883
  3.8000   14.48048  317.33521   41.7071  132.9221   17.79500   -0.02353
  3.8083   14.65395  317.28659   41.6586  132.9792   17.73500   -0.00917
  3.8167   14.82734  317.23700   41.6105  133.0354   17.69500    0.00769
  3.8250   15.00066  317.18646   41.5629  133.0907   17.67700    0.02845
  3.8333   15.17390  317.13498   41.5158  133.1452   17.63700    0.05018
  3.8417   15.34705  317.08252   41.4691  133.1988   17.59400    0.06791
  3.8500   15.52012  317.02911   41.4230  133.2517   17.53600    0.07526
  3.8583   15.69310  316.97476   41.3772  133.3038   17.41000    0.07145
  3.8667   15.86599  316.91940   41.3320  133.3550   17.27500    0.05616
  3.8750   16.03879  316.86307   41.2871  133.4055   17.12400    0.04074
  3.8833   16.21148  316.80576   41.2428  133.4552   16.99000    0.02767
  3.8917   16.38407  316.74747   41.1988  133.5042   16.86900    0.01647
  3.9000   16.55656  316.68817   41.1553  133.5524   16.72500    0.00328
  3.9083   16.72893  316.62790   41.1123  133.5999   16.56900   -0.01148
  3.9167   16.90119  316.56662   41.0696  133.6467   16.42800   -0.02146
  3.9250   17.07334  316.50433   41.0273  133.6928   16.31100   -0.02514
  3.9333   17.24536  316.44101   40.9855  133.7382   16.19200   -0.02911
  3.9417   17.41726  316.37668   40.9441  133.7830   16.04000   -0.03070
  3.9500   17.58903  316.31134   40.9030  133.8270   15.93400   -0.02859
  3.9583   17.76067  316.24496   40.8624  133.8704   15.83900   -0.01622
  3.9667   17.93218  316.17755   40.8222  133.9132   15.76000   -0.00333
  3.9750   18.10354  316.10913   40.7823  133.9553   15.65700    0.01036
  3.9833   18.27477  316.03964   40.7428  133.9968   15.57000    0.02274
  3.9917   18.44584  315.96909   40.7037  134.0377   15.48600    0.03378
  4.0000   18.61676  315.89752   40.6649  134.0780   15.37900    0.03681
  4.0083   18.78753  315.82486   40.6266  134.1177   15.23900    0.03014
  4.0167   18.95814  315.75116   40.5885  134.1568   15.08600    0.01751
  4.0250   19.12858  315.67639   40.5508  134.1953   14.93400    0.00270
  4.0333   19.29886  315.60052   40.5135  134.2333   14.77300   -0.00758
  4.0417   19.46896  315.52359   40.4765  134.2707   14.64700   -0.01242
  4.0500   19.63889  315.44559   40.4399  134.3076   14.53000   -0.00793
  4.0583   19.80864  315.36646   40.4036  134.3439   14.43400   -0.00122
  4.0667   19.97820  315.28625   40.3676  134.3797   14.32500    0.00558
  4.0750   20.14757  315.20496   40.3319  134.4149   14.20900    0.01040
  4.0833   20.31675  315.12256   40.2966  134.4497   14.09900    0.00730
  4.0917   20.48572  315.03903   40.2616  134.4840   13.93600   -0.00680
  4.1000   20.65450  314.95441   40.2269  134.5177   13.74800   -0.02719
  4.1083   20.82307  314.86865   40.1925  134.5510   13.59700   -0.04043
  4.1167   20.99142  314.78177   40.1584  134.5838   13.48200   -0.03605
  4.1250   21.15956  314.69373   40.1246  134.6161   13.40800   -0.01935
  4.1333   21.32748  314.60458   40.0911  134.6479   13.33200    0.00428
  4.1417   21.49517  314.51428   40.0578  134.6793   13.25300    0.02505
  4.1500   21.66262  314.42282   40.0249  134.7103   13.14900    0.04385
  4.1583   21.82984  314.33020   39.9923  134.7407   13.05000    0.05598
  4.1667   21.99682  314.23645   39.9599  134.7708   12.91700    0.06463
  4.1750   22.16355  314.14151   39.9278  134.8004   12.78100    0.06333
  4.1833   22.33003  314.04538   39.8960  134.8296   12.61000    0.05638
  4.1917   22.49625  313.94809   39.8644  134.8584   12.43500    0.04660
  4.2000   22.66222  313.84964   39.8331  134.8867   12.27500    0.03645
  4.2083   22.82791  313.74997   39.8021  134.9147   12.09200    0.03041
  4.2167   22.99333  313.64911   39.7713  134.9422   11.93300    0.02459
  4.2250   23.15847  313.54706   39.7408  134.9694   11.76400    0.02257
  4.2333   23.32333  313.44382   39.7105  134.9962   11.60000    0.01649
  4.2417   23.48790  313.33932   39.6805  135.0225   11.41400    0.00381
  4.2500   23.65217  313.23364   39.6507  135.0486   11.20600   -0.01698
  4.2583   23.81614  313.12674   39.6211  135.0742   10.99600   -0.04089
  4.2667   23.97981  313.01862   39.5918  135.0995   10.79900   -0.06027
  4.2750   24.14317  312.90924   39.5627  135.1244   10.63100   -0.07497
  4.2833   24.30621  312.79865   39.5339  135.1489   10.46300   -0.08085
  4.2917   24.46892  312.68677   39.5052  135.1732   10.33400   -0.08342
  4.3000   24.63131  312.57367   39.4768  135.1970   10.19900   -0.07559
  4.3083   24.79336  312.45932   39.4486  135.2206   10.10600   -0.06253
  4.3167   24.95507  312.34369   39.4206  135.2437   10.01800   -0.04883
  4.3250   25.11644  312.22681   39.3929  135.2666    9.89600   -0.03659
  4.3333   25.27745  312.10867   39.3653  135.2891    9.80600   -0.02717
  4.3417   25.43810  311.98923   39.3380  135.3114    9.71400   -0.01462
  4.3500   25.59839  311.86850   39.3108  135.3333    9.62300   -0.00276
  4.3583   25.75830  311.74652   39.2839  135.3549    9.53700    0.00893
  4.3667   25.91784  311.62320   39.2571  135.3761    9.45200    0.01985
  4.3750   26.07699  311.49860   39.2306  135.3971    9.36200    0.02643
  4.3833   26.23575  311.37271   39.2042  135.4178    9.25500    0.02919
  4.3917   26.39411  311.24551   39.1781  135.4382    9.14700    0.02776
  4.4000   26.55207  311.11697   39.1521  135.4583    9.03100    0.02768
  4.4083   26.70962  310.98712   39.1263  135.4781    8.93100    0.02288
  4.4167   26.86675  310.85596   39.1007  135.4976    8.79700    0.01427
  4.4250   27.02345  310.72345   39.0752  135.5169    8.66000   -0.00083
  4.4333   27.17973  310.58960   39.0500  135.5358    8.52200   -0.00912
  4.4417   27.33556  310.45444   39.0249  135.5546    8.42500   -0.01331
  4.4500   27.49095  310.31790   39.0000  135.5730    8.31000   -0.01564
  4.4583   27.64589  310.18002   38.9752  135.5912    8.18200   -0.02260
  4.4667   27.80038  310.04080   38.9507  135.6091    8.05800   -0.02567
  4.4750   27.95439  309.90021   38.9263  135.6267    7.96400   -0.02369
  4.4833   28.10793  309.75824   38.9020  135.6441    7.86200   -0.01382
  4.4917   28.26099  309.61490   38.8779  135.6613    7.77900   -0.00554
  4.5000   28.41357  309.47021   38.8540  135.6782    7.67300    0.00173
  4.5083   28.56565  309.32413   38.8302  135.6949    7.56300    0.00671
  4.5167   28.71722  309.17664   38.8066  135.7113    7.46600    0.01576
  4.5250   28.86829  309.02780   38.7831  135.7275    7.38000    0.02890
  4.5333   29.01884  308.87753   38.7598  135.7434    7.29000    0.03694
  4.5417   29.16886  308.72589   38.7366  135.7592    7.16400    0.04063
  4.5500   29.31835  308.57281   38.7136  135.7747    7.05500    0.03480
  4.5583   29.46730  308.41837   38.6907  135.7899    6.91400    0.02858
  4.5667   29.61570  308.26248   38.6679  135.8050    6.78600    0.01780
  4.5750   29.76355  308.10519   38.6453  135.8198    6.65200    0.00556
  4.5833   29.91083  307.94647   38.6228  135.8344    6.50300   -0.00998
  4.5917   30.05754  307.78635   38.6005  135.8488    6.35700   -0.02271
  4.6000   30.20367  307.62479   38.5783  135.8630    6.23800   -0.03075
  4.6083   30.34921  307.46179   38.5562  135.8770    6.11400   -0.03196
  4.6167   30.49416  307.29736   38.5343  135.8908    6.00400   -0.03247
  4.6250   30.63850  307.13150   38.5124  135.9043    5.88900   -0.02994
  4.6333   30.78223  306.96417   38.4908  135.9177    5.78100   -0.02541
  4.6417   30.92533  306.79541   38.4692  135.9309    5.68200   -0.01511
  4.6500   31.06781  306.62521   38.4477  135.9439    5.59700   -0.00681
  4.6583   31.20965  306.45355   38.4264  135.9566    5.47900   -0.00072
  4.6667   31.35085  306.28043   38.4052  135.9692    5.36900    0.00315
  4.6750   31.49139  306.10587   38.3841  135.9816    5.27400    0.01106
  4.6833   31.63127  305.92984   38.3631  135.9939    5.17900    0.02219
  4.6917   31.77047  305.75235   38.3422  136.0059    5.08900    0.02956
  4.7000   31.90900  305.57339   38.3215  136.0177    4.97600    0.03121
  4.7083   32.04684  305.39294   38.3008  136.0294    4.85300    0.02585
  4.7167   32.18397  305.21103   38.2803  136.0409    4.72600    0.01710
  4.7250   32.32041  305.02765   38.2599  136.0522    4.59600    0.00704
  4.7333   32.45613  304.84280   38.2395  136.0633    4.46500   -0.00473
  4.7417   32.59112  304.65649   38.2193  136.0743    4.32900   -0.01600
  4.7500   32.72538  304.46866   38.1992  136.0851    4.20000   -0.02231
  4.7583   32.85890  304.27939   38.1792  136.0957    4.09300   -0.01791
  4.7667   32.99166  304.08859   38.1593  136.1062    4.00900   -0.01339
  4.7750   33.12367  303.89636   38.1394  136.1165    3.87900   -0.00894
  4.7833   33.25491  303.70261   38.1197  136.1266    3.77200   -0.01142
  4.7917   33.38536  303.50739   38.1001  136.1366    3.65500   -0.00775
  4.8000   33.51504  303.31067   38.0805  136.1464    3.56000   -0.00636
  4.8083   33.64391  303.11246   38.0611  136.1560    3.44800   -0.00444
  4.8167   33.77198  302.91278   38.0417  136.1655    3.34200   -0.01154
  4.8250   33.89923  302.71161   38.0225  136.1749    3.21200   -0.02051
  4.8333   34.02566  302.50894   38.0033  136.1841    3.10000   -0.02906
  4.8417   34.15125  302.30478   37.9842  136.1931    3.00400   -0.03253
  4.8500   34.27600  302.09915   37.9652  136.2020    2.90400   -0.03337
  4.8583   34.39990  301.89203   37.9463  136.2108    2.81100   -0.03666
  4.8667   34.52293  301.68341   37.9274  136.2194    2.71000   -0.03904
  4.8750   34.64509  301.47333   37.9086  136.2278    2.62300   -0.03789
  4.8833   34.76637  301.26175   37.8900  136.2361    2.55300   -0.03177
  4.8917   34.88676  301.04868   37.8714  136.2443    2.48200   -0.02427
  4.9000   35.00625  300.83414   37.8528  136.2523    2.40800   -0.02082
  4.9083   35.12483  300.61810   37.8344  136.2602    2.32800   -0.01955
  4.9167   35.24249  300.40060   37.8160  136.2679    2.25600   -0.02017
  4.9250   35.35922  300.18164   37.7977  136.2756    2.18200   -0.01811
  4.9333   35.47501  299.96118   37.7795  136.2830    2.12300   -0.01456
  4.9417   35.58985  299.73929   37.7613  136.2904    2.06600   -0.01330
  4.9500   35.70374  299.51590   37.7433  136.2976    1.99000   -0.01725
  4.9583   35.81665  299.29105   37.7252  136.3047    1.91400   -0.02260
  4.9667   35.92859  299.06476   37.7073  136.3116    1.85600   -0.02426
  4.9750   36.03954  298.83698   37.6894  136.3185    1.80100   -0.02151
  4.9833   36.14950  298.60779   37.6716  136.3251    1.74900   -0.01997
  4.9917   36.25845  298.37711   37.6539  136.3317    1.69000   -0.01954
  5.0000   36.36638  298.14502   37.6362  136.3382    1.63500   -0.01715
  5.0083   36.47328  297.91147   37.6185  136.3445    1.59700   -0.01244
  5.0167   36.57915  297.67651   37.6010  136.3507    1.55100   -0.00442
  5.0250   36.68398  297.44009   37.5835  136.3568    1.51200    0.00153
  5.0333   36.78775  297.20227   37.5660  136.3627    1.46400    0.00335
  5.0417   36.89045  296.96304   37.5487  136.3685    1.39900    0.00297
  5.0500   36.99209  296.72238   37.5313  136.3743    1.34900    0.00472
  5.0583   37.09263  296.48032   37.5141  136.3799    1.30900    0.01138
  5.0667   37.19209  296.23685   37.4969  136.3854    1.26400    0.02047
  5.0750   37.29044  295.99203   37.4797  136.3907    1.22300    0.02810
  5.0833   37.38768  295.74579   37.4626  136.3960    1.17400    0.03002
  5.0917   37.48380  295.49820   37.4456  136.4011    1.10100    0.02891
  5.1000   37.57878  295.24921   37.4286  136.4061    1.04500    0.02381
  5.1083   37.67263  294.99887   37.4116  136.4111    0.97700    0.01785
  5.1167   37.76532  294.74719   37.3947  136.4159    0.90000    0.00626
  5.1250   37.85686  294.49417   37.3779  136.4206    0.82000   -0.00623
  5.1333   37.94723  294.23981   37.3611  136.4251    0.75200   -0.01766
  5.1417   38.03642  293.98413   37.3443  136.4296    0.68400   -0.02800
  5.1500   38.12442  293.72714   37.3276  136.4340    0.61300   -0.03888
  5.1583   38.21122  293.46884   37.3109  136.4382    0.54600   -0.04532
  5.1667   38.29683  293.20923   37.2943  136.4424    0.50300   -0.04826
  5.1750   38.38121  292.94836   37.2777  136.4464    0.45300   -0.04709
  5.1833   38.46437  292.68619   37.2612  136.4504    0.41000   -0.04698
  5.1917   38.54630  292.42279   37.2447  136.4542    0.36800   -0.04522
  5.2000   38.62699  292.15811   37.2283  136.4580    0.33200   -0.03785
  5.2083   38.70643  291.89221   37.2118  136.4616    0.32200   -0.03046
  5.2167   38.78461  291.62509   37.1955  136.4651    0.28800   -0.02050
  5.2250   38.86152  291.35675   37.1791  136.4686    0.27100   -0.01254
  5.2333   38.93716  291.08719   37.1628  136.4719    0.25900   -0.00257
  5.2417   39.01151  290.81647   37.1466  136.4752    0.24200    0.00091
  5.2500   39.08457  290.54456   37.1303  136.4783    0.20400    0.00084
  5.2583   39.15633  290.27148   37.1142  136.4813    0.18400   -0.00353
  5.2667   39.22677  289.99725   37.0980  136.4843    0.15400   -0.00622
  5.2750   39.29591  289.72189   37.0819  136.4871    0.12900   -0.01111
  5.2833   39.36371  289.44543   37.0658  136.4899    0.10500   -0.01556
  5.2917   39.43018  289.16785   37.0497  136.4925    0.08200   -0.02150
  5.3000   39.49532  288.88919   37.0337  136.4951    0.05600   -0.02822
  5.3083   39.55910  288.60944   37.0177  136.4975    0.03300   -0.03148
  5.3167   39.62152  288.32864   37.0017  136.4999    0.03000   -0.02992
  5.3250   39.68259  288.04678   36.9858  136.5022    0.03000   -0.02628
  5.3333   39.74228  287.76392   36.9698  136.5043    0.02300   -0.02636
  5.3417   39.80059  287.48004   36.9539  136.5064    0.01100   -0.03075
  5.3500   39.85752  287.19516   36.9381  136.5084    0.00000   -0.03245
  5.3583   39.91305  286.90930   36.9222  136.5103    0.01100   -0.03111
  5.3667   39.96719  286.62250   36.9064  136.5121    0.01800   -0.02631
  5.3750   40.01992  286.33475   36.8906  136.5139    0.02600   -0.02294
  5.3833   40.07123  286.04605   36.8748  136.5155    0.03400   -0.01990
  5.3917   40.12113  285.75647   36.8591  136.5170    0.04200   -0.01296
  5.4000   40.16960  285.46600   36.8434  136.5185    0.06800   -0.00124
  5.4083   40.21665  285.17465   36.8277  136.5199    0.09600    0.01223
  5.4167   40.26225  284.88245   36.8120  136.5211    0.11000    0.02483
  5.4250   40.30641  284.58945   36.7963  136.5223    0.13200    0.03181
  5.4333   40.34912  284.29559   36.7806  136.5234    0.13700    0.03502
  5.4417   40.39038  284.00098   36.7650  136.5244    0.13700    0.03143
  5.4500   40.43017  283.70557   36.7494  136.5254    0.13200    0.02495
  5.4583   40.46850  283.40939   36.7337  136.5262    0.12700    0.01460
  5.4667   40.50536  283.11249   36.7182  136.5269    0.11300    0.00089
  5.4750   40.54075  282.81488   36.7026  136.5276    0.09600   -0.01488
  5.4833   40.57466  282.51660   36.6870  136.5282    0.08400   -0.03015
  5.4917   40.60708  282.21762   36.6714  136.5287    0.07300   -0.04145
  5.5000   40.63801  281.91797   36.6559  136.5291    0.07500   -0.04804
  5.5083   40.66745  281.61771   36.6404  136.5294    0.08600   -0.04782
  5.5167   40.69539  281.31683   36.6248  136.5297    0.10900   -0.04331
  5.5250   40.72183  281.01538   36.6093  136.5298    0.13400   -0.03606
  5.5333   40.74677  280.71335   36.5938  136.5299    0.16200   -0.02977
  5.5417   40.77020  280.41077   36.5783  136.5299    0.18600   -0.02596
  5.5500   40.79212  280.10764   36.5628  136.5298    0.20700   -0.02244
  5.5583   40.81252  279.80405   36.5473  136.5296    0.24100   -0.02136
  5.5667   40.83141  279.49994   36.5318  136.5294    0.26200   -0.01649
  5.5750   40.84877  279.19540   36.5163  136.5290    0.30600   -0.01031
  5.5833   40.86462  278.89038   36.5009  136.5286    0.35100   -0.00201
  5.5917   40.87894  278.58499   36.4854  136.5281    0.38600    0.00225
  5.6000   40.89173  278.27917   36.4699  136.5275    0.41500    0.00348
  5.6083   40.90299  277.97299   36.4544  136.5268    0.44900    0.00222
  5.6167   40.91272  277.66647   36.4390  136.5261    0.47400    0.00466
  5.6250   40.92092  277.35959   36.4235  136.5252    0.52100    0.00574
  5.6333   40.92759  277.05243   36.4080  136.5243    0.55100    0.00587
  5.6417   40.93272  276.74500   36.3925  136.5233    0.57500    0.00140
  5.6500   40.93631  276.43726   36.3770  136.5222    0.60600   -0.00507
  5.6583   40.93837  276.12930   36.3615  136.5211    0.63100   -0.00888
  5.6667   40.93889  275.82114   36.3461  136.5199    0.66900   -0.01549
  5.6750   40.93788  275.51276   36.3306  136.5185    0.69000   -0.01940
  5.6833   40.93532  275.20422   36.3151  136.5171    0.73000   -0.02584
  5.6917   40.93123  274.89554   36.2995  136.5157    0.76100   -0.02802
  5.7000   40.92560  274.58670   36.2840  136.5141    0.80400   -0.03171
  5.7083   40.91844  274.27777   36.2685  136.5125    0.83900   -0.02866
  5.7167   40.90974  273.96875   36.2529  136.5107    0.90000   -0.02323
  5.7250   40.89950  273.65970   36.2374  136.5090    0.95400   -0.01410
  5.7333   40.88773  273.35056   36.2218  136.5071    1.00700   -0.00805
  5.7417   40.87443  273.04141   36.2062  136.5051    1.05800   -0.00124
  5.7500   40.85959  272.73230   36.1907  136.5031    1.11800    0.00679
  5.7583   40.84323  272.42316   36.1750  136.5010    1.17900    0.01453
  5.7667   40.82533  272.11411   36.1594  136.4988    1.23100    0.01733
  5.7750   40.80591  271.80511   36.1438  136.4965    1.27400    0.01393
  5.7833   40.78497  271.49619   36.1281  136.4941    1.31400    0.00482
  5.7917   40.76251  271.18738   36.1125  136.4917    1.34800   -0.00620
  5.8000   40.73853  270.87869   36.0968  136.4892    1.38800   -0.01646
  5.8083   40.71303  270.57016   36.0811  136.4866    1.43600   -0.02252
  5.8167   40.68602  270.26181   36.0653  136.4839    1.49200   -0.02943
  5.8250   40.65750  269.95364   36.0496  136.4812    1.53300   -0.03957
  5.8333   40.62748  269.64569   36.0338  136.4784    1.57100   -0.04885
  5.8417   40.59595  269.33795   36.0180  136.4755    1.63400   -0.05103
  5.8500   40.56292  269.03049   36.0022  136.4725    1.70900   -0.04240
  5.8583   40.52840  268.72327   35.9863  136.4694    1.79700   -0.03182
  5.8667   40.49239  268.41638   35.9705  136.4663    1.87200   -0.02133
  5.8750   40.45490  268.10977   35.9546  136.4631    1.95000   -0.01186
  5.8833   40.41592  267.80350   35.9386  136.4598    2.03600   -0.00254
  5.8917   40.37547  267.49756   35.9227  136.4564    2.11300    0.00768
  5.9000   40.33354  267.19199   35.9067  136.4530    2.19700    0.01659
  5.9083   40.29015  266.88684   35.8907  136.4494    2.27700    0.02624
  5.9167   40.24530  266.58206   35.8746  136.4458    2.34900    0.03810
  5.9250   40.19899  266.27771   35.8585  136.4421    2.42800    0.04687
  5.9333   40.15123  265.97379   35.8424  136.4384    2.48900    0.05017
  5.9417   40.10203  265.67032   35.8263  136.4345    2.54900    0.04250
  5.9500   40.05139  265.36734   35.8101  136.4306    2.60900    0.02304
  5.9583   39.99931  265.06485   35.7939  136.4266    2.64800    0.00115
  5.9667   39.94581  264.76285   35.7776  136.4225    2.72100   -0.02309
  5.9750   39.89089  264.46136   35.7613  136.4184    2.79100   -0.06163
  5.9833   39.83456  264.16046   35.7450  136.4141    2.78700   -0.14055
  5.9917   39.77682  263.86008   35.7286  136.4098    2.69800   -0.24741
  6.0000   39.71768  263.56027   35.7122  136.4054    2.65300   -0.30658
  6.0083   39.65715  263.26105   35.6957  136.4010    2.85700   -0.27729
  6.0167   39.59523  262.96240   35.6792  136.3964    3.15200   -0.16881
  6.0250   39.53194  262.66440   35.6627  136.3918    3.44500   -0.05318
  6.0333   39.46727  262.36703   35.6461  136.3871    3.66500    0.04055
  6.0417   39.40124  262.07028   35.6294  136.3823    3.84500    0.12422
  6.0500   39.33385  261.77420   35.6127  136.3774    4.07500    0.21234
  6.0583   39.26512  261.47879   35.5960  136.3725    4.29700    0.28658
  6.0667   39.19505  261.18405   35.5792  136.3675    4.40000    0.32982
  6.0750   39.12364  260.89001   35.5624  136.3624    4.48400    0.32520
  6.0833   39.05091  260.59668   35.5455  136.3572    4.49200    0.29647
  6.0917   38.97687  260.30408   35.5285  136.3519    4.47900    0.24451
  6.1000   38.90152  260.01221   35.5115  136.3466    4.43500    0.18100
  6.1083   38.82487  259.72107   35.4945  136.3412    4.35600    0.10994
  6.1167   38.74693  259.43069   35.4774  136.3357    4.27900    0.04446
  6.1250   38.66771  259.14108   35.4602  136.3301    4.24200   -0.01397
  6.1333   38.58722  258.85223   35.4430  136.3244    4.18300   -0.06941
  6.1417   38.50546  258.56418   35.4257  136.3187    4.11200   -0.12861
  6.1500   38.42245  258.27692   35.4083  136.3129    4.05800   -0.18323
  6.1583   38.33820  257.99048   35.3909  136.3070    4.03000   -0.22789
  6.1667   38.25271  257.70486   35.3735  136.3010    4.02800   -0.26019
  6.1750   38.16599  257.42004   35.3559  136.2949    4.06200   -0.27289
  6.1833   38.07805  257.13608   35.3383  136.2888    4.16300   -0.26947
  6.1917   37.98891  256.85294   35.3206  136.2826    4.27900   -0.25128
  6.2000   37.89856  256.57065   35.3029  136.2763    4.42700   -0.23093
  6.2083   37.80703  256.28922   35.2851  136.2699    4.58500   -0.20285
  6.2167   37.71432  256.00867   35.2672  136.2634    4.78300   -0.17139
  6.2250   37.62044  255.72899   35.2493  136.2569    4.99500   -0.13913
  6.2333   37.52540  255.45018   35.2312  136.2503    5.20500   -0.10725
  6.2417   37.42921  255.17227   35.2131  136.2436    5.44600   -0.07591
  6.2500   37.33187  254.89523   35.1950  136.2368    5.69300   -0.04693
  6.2583   37.23341  254.61911   35.1767  136.2299    5.92500   -0.02425
  6.2667   37.13383  254.34389   35.1584  136.2230    6.16200   -0.01199
  6.2750   37.03314  254.06958   35.1400  136.2159    6.38000    0.00031
  6.2833   36.93135  253.79619   35.1215  136.2088    6.62300    0.01392
  6.2917   36.82846  253.52371   35.1029  136.2016    6.87100    0.03634
  6.3000   36.72450  253.25217   35.0842  136.1943    7.12700    0.05638
  6.3083   36.61947  252.98155   35.0655  136.1870    7.34900    0.07150
  6.3167   36.51338  252.71185   35.0467  136.1795    7.55900    0.07663
  6.3250   36.40624  252.44312   35.0277  136.1720    7.74500    0.08888
  6.3333   36.29806  252.17532   35.0087  136.1644    7.96900    0.10548
  6.3417   36.18885  251.90846   34.9896  136.1567    8.16000    0.13308
  6.3500   36.07862  251.64255   34.9704  136.1489    8.35400    0.16167
  6.3583   35.96739  251.37759   34.9512  136.1411    8.53600    0.18895
  6.3667   35.85516  251.11359   34.9318  136.1331    8.67100    0.21245
  6.3750   35.74194  250.85052   34.9123  136.1251    8.79600    0.23259
  6.3833   35.62774  250.58844   34.8927  136.1170    8.90900    0.25360
  6.3917   35.51258  250.32732   34.8731  136.1088    8.99800    0.26069
  6.4000   35.39646  250.06714   34.8533  136.1005    9.01200    0.25117
  6.4083   35.27940  249.80794   34.8334  136.0921    9.00900    0.22070
  6.4167   35.16141  249.54968   34.8134  136.0837    8.96400    0.17804
  6.4250   35.04249  249.29242   34.7934  136.0751    8.89000    0.12226
  6.4333   34.92265  249.03612   34.7732  136.0665    8.79800    0.06047
  6.4417   34.80191  248.78078   34.7529  136.0578    8.70500   -0.00107
  6.4500   34.68028  248.52638   34.7324  136.0490    8.61700   -0.05957
  6.4583   34.55777  248.27298   34.7119  136.0401    8.52800   -0.10910
  6.4667   34.43438  248.02054   34.6913  136.0311    8.47000   -0.14410
  6.4750   34.31014  247.76907   34.6705  136.0220    8.44800   -0.16146
  6.4833   34.18504  247.51855   34.6497  136.0129    8.44800   -0.16836
  6.4917   34.05910  247.26901   34.6287  136.0037    8.45300   -0.16561
  6.5000   33.93233  247.02045   34.6076  135.9943    8.50100   -0.15218
  6.5083   33.80475  246.77283   34.5863  135.9849    8.58300   -0.12681
  6.5167   33.67635  246.52618   34.5650  135.9754    8.68200   -0.10549
  6.5250   33.54715  246.28049   34.5435  135.9658    8.74900   -0.09276
  6.5333   33.41717  246.03577   34.5219  135.9561    8.82900   -0.09056
  6.5417   33.28640  245.79199   34.5001  135.9464    8.91800   -0.09213
  6.5500   33.15487  245.54916   34.4782  135.9365    9.00700   -0.09558
  6.5583   33.02258  245.30731   34.4562  135.9265    9.11700   -0.09763
  6.5667   32.88955  245.06639   34.4341  135.9165    9.25000   -0.09317
  6.5750   32.75578  244.82643   34.4118  135.9064    9.40800   -0.08846
  6.5833   32.62128  244.58742   34.3894  135.8961    9.55400   -0.08729
  6.5917   32.48606  244.34935   34.3668  135.8858    9.70000   -0.08703
  6.6000   32.35013  244.11221   34.3441  135.8754    9.87900   -0.08811
  6.6083   32.21351  243.87602   34.3213  135.8649   10.04200   -0.08601
  6.6167   32.07621  243.64076   34.2983  135.8543   10.22800   -0.08661
  6.6250   31.93823  243.40643   34.2752  135.8436   10.41800   -0.08371
  6.6333   31.79958  243.17303   34.2519  135.8328   10.62300   -0.07694
  6.6417   31.66027  242.94057   34.2284  135.8220   10.85200   -0.06425
  6.6500   31.52032  242.70901   34.2048  135.8110   11.09300   -0.04758
  6.6583   31.37973  242.47838   34.1810  135.7999   11.33400   -0.03182
  6.6667   31.23851  242.24866   34.1571  135.7888   11.57100   -0.01927
  6.6750   31.09668  242.01985   34.1330  135.7775   11.80800   -0.01226
  6.6833   30.95424  241.79195   34.1088  135.7662   12.03400   -0.00818
  6.6917   30.81120  241.56493   34.0844  135.7547   12.27100   -0.00578
  6.7000   30.66758  241.33882   34.0598  135.7431   12.51400   -0.00462
  6.7083   30.52338  241.11362   34.0350  135.7315   12.75000   -0.00430
  6.7167   30.37860  240.88928   34.0101  135.7198   12.99700   -0.00781
  6.7250   30.23327  240.66583   33.9850  135.7079   13.23200   -0.01867
  6.7333   30.08739  240.44327   33.9597  135.6960   13.43700   -0.03356
  6.7417   29.94097  240.22157   33.9343  135.6840   13.66700   -0.04666
  6.7500   29.79402  240.00075   33.9086  135.6718   13.91300   -0.05112
  6.7583   29.64655  239.78079   33.8828  135.6596   14.16400   -0.04636
  6.7667   29.49857  239.56169   33.8568  135.6473   14.44300   -0.03588
  6.7750   29.35009  239.34344   33.8306  135.6348   14.71900   -0.01635
  6.7833   29.20111  239.12604   33.8042  135.6223   15.01600    0.00446
  6.7917   29.05164  238.90948   33.7776  135.6096   15.29700    0.02746
  6.8000   28.90171  238.69377   33.7508  135.5969   15.57700    0.04658
  6.8083   28.75130  238.47890   33.7238  135.5841   15.84500    0.06243
  6.8167   28.60044  238.26483   33.6966  135.5711   16.10000    0.07134
  6.8250   28.44913  238.05159   33.6691  135.5581   16.33300    0.07547
  6.8333   28.29739  237.83917   33.6415  135.5449   16.56200    0.07840
  6.8417   28.14521  237.62756   33.6137  135.5317   16.79300    0.08320
  6.8500   27.99261  237.41676   33.5856  135.5183   17.01300    0.08587
  6.8583   27.83960  237.20676   33.5574  135.5049   17.20400    0.08800
  6.8667   27.68618  236.99754   33.5289  135.4913   17.40200    0.08670
  6.8750   27.53237  236.78912   33.5002  135.4776   17.57300    0.08968
  6.8833   27.37817  236.58148   33.4712  135.4638   17.75900    0.09108
  6.8917   27.22360  236.37460   33.4421  135.4499   17.92300    0.09099
  6.9000   27.06866  236.16852   33.4126  135.4359   18.06300    0.08516
  6.9083   26.91335  235.96320   33.3830  135.4218   18.19500    0.07554
  6.9167   26.75769  235.75861   33.3531  135.4076   18.31700    0.05811
  6.9250   26.60169  235.55479   33.3230  135.3933   18.39300    0.03952
  6.9333   26.44535  235.35172   33.2926  135.3789   18.50000    0.01928
  6.9417   26.28869  235.14938   33.2620  135.3643   18.59700    0.00262
  6.9500   26.13170  234.94777   33.2311  135.3497   18.68100   -0.01006
  6.9583   25.97440  234.74690   33.2000  135.3349   18.80500   -0.01424
  6.9667   25.81680  234.54674   33.1686  135.3201   18.94700   -0.01418
  6.9750   25.65891  234.34731   33.1370  135.3051   19.05400   -0.01739
  6.9833   25.50073  234.14857   33.1050  135.2900   19.15700   -0.02345
  6.9917   25.34226  233.95055   33.0728  135.2748   19.28300   -0.03009
  7.0000   25.18353  233.75320   33.0404  135.2595   19.39000   -0.03659
  7.0083   25.02453  233.55656   33.0076  135.2440   19.50300   -0.04233
  7.0167   24.86528  233.36061   32.9746  135.2285   19.64600   -0.04760
  7.0250   24.70578  233.16533   32.9413  135.2128   19.77300   -0.04385
  7.0333   24.54603  232.97072   32.9077  135.1971   19.95800   -0.04003
  7.0417   24.38606  232.77676   32.8738  135.1812   20.12200   -0.03727
  7.0500   24.22585  232.58348   32.8396  135.1652   20.26100   -0.04236
  7.0583   24.06544  232.39085   32.8051  135.1490   20.41600   -0.05088
  7.0667   23.90480  232.19885   32.7703  135.1328   20.57700   -0.06144
  7.0750   23.74397  232.00751   32.7352  135.1165   20.72500   -0.06823
  7.0833   23.58294  231.81679   32.6998  135.1000   20.92700   -0.07322
  7.0917   23.42172  231.62669   32.6641  135.0834   21.12400   -0.07187
  7.1000   23.26032  231.43723   32.6280  135.0667   21.33600   -0.07180
  7.1083   23.09875  231.24837   32.5917  135.0499   21.55500   -0.06525
  7.1167   22.93701  231.06012   32.5550  135.0330   21.81600   -0.06171
  7.1250   22.77511  230.87247   32.5179  135.0159   22.03300   -0.05968
  7.1333   22.61305  230.68541   32.4805  134.9987   22.26600   -0.06366
  7.1417   22.45085  230.49895   32.4428  134.9814   22.51600   -0.06378
  7.1500   22.28851  230.31306   32.4047  134.9640   22.78600   -0.06169
  7.1583   22.12604  230.12776   32.3663  134.9465   23.06300   -0.05912
  7.1667   21.96344  229.94302   32.3275  134.9288   23.34100   -0.05918
  7.1750   21.80072  229.75883   32.2884  134.9111   23.61800   -0.05809
  7.1833   21.63789  229.57523   32.2489  134.8932   23.92200   -0.05408
  7.1917   21.47495  229.39215   32.2090  134.8752   24.23800   -0.04776
  7.2000   21.31192  229.20963   32.1688  134.8570   24.54400   -0.04259
  7.2083   21.14879  229.02763   32.1281  134.8388   24.85400   -0.03310
  7.2167   20.98558  228.84619   32.0871  134.8204   25.21100   -0.02147
  7.2250   20.82229  228.66525   32.0457  134.8019   25.54300   -0.00626
  7.2333   20.65892  228.48485   32.0039  134.7833   25.88400    0.00117
  7.2417   20.49549  228.30495   31.9617  134.7645   26.19400    0.01067
  7.2500   20.33200  228.12556   31.9191  134.7457   26.54400    0.01655
  7.2583   20.16845  227.94667   31.8761  134.7267   26.86600    0.02258
  7.2667   20.00486  227.76826   31.8327  134.7076   27.18100    0.02307
  7.2750   19.84122  227.59036   31.7888  134.6884   27.49600    0.02277
  7.2833   19.67755  227.41293   31.7445  134.6690   27.81500    0.02100
  7.2917   19.51385  227.23598   31.6998  134.6495   28.12400    0.01495
  7.3000   19.35013  227.05949   31.6547  134.6299   28.41000    0.00390
  7.3083   19.18639  226.88348   31.6091  134.6102   28.69100   -0.00565
  7.3167   19.02263  226.70792   31.5630  134.5904   29.00200   -0.01249
  7.3250   18.85887  226.53281   31.5165  134.5704   29.30300   -0.01447
  7.3333   18.69511  226.35815   31.4696  134.5503   29.61600   -0.01574
  7.3417   18.53136  226.18391   31.4222  134.5301   29.93000   -0.01470
  7.3500   18.36762  226.01013   31.3743  134.5098   30.24500   -0.00882
  7.3583   18.20389  225.83678   31.3259  134.4894   30.58600    0.00327
  7.3667   18.04019  225.66383   31.2770  134.4688   30.94000    0.01279
  7.3750   17.87652  225.49130   31.2277  134.4481   31.22800    0.01721
  7.3833   17.71288  225.31918   31.1779  134.4273   31.52800    0.01396
  7.3917   17.54928  225.14748   31.1275  134.4064   31.82300    0.01592
  7.4000   17.38572  224.97615   31.0767  134.3853   32.14700    0.02542
  7.4083   17.22222  224.80524   31.0253  134.3642   32.49800    0.03196
  7.4167   17.05877  224.63469   30.9734  134.3429   32.76900    0.03840
  7.4250   16.89539  224.46454   30.9210  134.3215   33.09100    0.02915
  7.4333   16.73207  224.29475   30.8681  134.3000   33.32900    0.02363
  7.4417   16.56882  224.12534   30.8146  134.2784   33.62900    0.00537
  7.4500   16.40565  223.95628   30.7606  134.2566   33.85600   -0.00535
  7.4583   16.24256  223.78760   30.7061  134.2348   34.15000   -0.01861
  7.4667   16.07956  223.61926   30.6509  134.2128   34.43200   -0.02693
  7.4750   15.91666  223.45126   30.5953  134.1908   34.70300   -0.03991
  7.4833   15.75385  223.28362   30.5390  134.1686   34.96600   -0.04653
  7.4917   15.59114  223.11630   30.4822  134.1463   35.30100   -0.05058
  7.5000   15.42854  222.94931   30.4248  134.1239   35.59800   -0.04314
  7.5083   15.26605  222.78265   30.3667  134.1014   35.95600   -0.03557
  7.5167   15.10369  222.61630   30.3081  134.0788   36.30700   -0.02861
  7.5250   14.94144  222.45027   30.2489  134.0560   36.61400   -0.02635
  7.5333   14.77932  222.28455   30.1891  134.0332   36.95200   -0.02755
  7.5417   14.61734  222.11913   30.1287  134.0103   37.28500   -0.02354
  7.5500   14.45549  221.95399   30.0677  133.9873   37.64000   -0.02242
  7.5583   14.29378  221.78917   30.0060  133.9641   37.96400   -0.01526
  7.5667   14.13222  221.62463   29.9437  133.9409   38.35800   -0.00995
  7.5750   13.97081  221.46036   29.8807  133.9176   38.71500   -0.00693
  7.5833   13.80956  221.29637   29.8171  133.8942   39.04100   -0.00204
  7.5917   13.64846  221.13266   29.7528  133.8707   39.46500    0.00478
  7.6000   13.48753  220.96919   29.6879  133.8471   39.84500    0.00371
  7.6083   13.32678  220.80602   29.6223  133.8234   40.11200   -0.00788
  7.6167   13.16619  220.64308   29.5561  133.7997   40.45500   -0.02667
  7.6250   13.00578  220.48039   29.4891  133.7758   40.78500   -0.03796
  7.6333   12.84556  220.31795   29.4215  133.7520   41.12000   -0.04362
  7.6417   12.68552  220.15575   29.3531  133.7280   41.52000   -0.03665
  7.6500   12.52568  219.99377   29.2841  133.7039   41.96300   -0.01923
  7.6583   12.36603  219.83205   29.2144  133.6797   42.39300   -0.00289
  7.6667   12.20658  219.67053   29.1439  133.6555   42.79000   -0.00236
  7.6750   12.04734  219.50925   29.0727  133.6313   43.10600   -0.00806
  7.6833   11.88831  219.34816   29.0008  133.6069   43.49200   -0.01732
  7.6917   11.72948  219.18730   28.9282  133.5826   43.87200   -0.01995
  7.7000   11.57088  219.02664   28.8548  133.5581   44.26400   -0.02330
  7.7083   11.41250  218.86618   28.7806  133.5336   44.66700   -0.02311
  7.7167   11.25434  218.70592   28.7058  133.5091   45.10200   -0.02337
  7.7250   11.09641  218.54584   28.6301  133.4845   45.51000   -0.02737
  7.7333   10.93871  218.38596   28.5537  133.4599   45.89100   -0.03780
  7.7417   10.78126  218.22626   28.4765  133.4352   46.26900   -0.04589
  7.7500   10.62404  218.06673   28.3986  133.4105   46.69700   -0.04322
  7.7583   10.46707  217.90736   28.3198  133.3858   47.17600   -0.03744
  7.7667   10.31035  217.74818   28.2403  133.3610   47.59500   -0.02701
  7.7750   10.15388  217.58916   28.1600  133.3362   48.07800   -0.01848
  7.7833    9.99767  217.43028   28.0789  133.3114   48.55800   -0.00043
  7.7917    9.84172  217.27158   27.9969  133.2867   49.07700    0.01165
  7.8000    9.68604  217.11302   27.9142  133.2618   49.52100    0.01405
  7.8083    9.53062  216.95461   27.8307  133.2370   49.92900    0.00124
  7.8167    9.37548  216.79633   27.7463  133.2122   50.32800   -0.01114
  7.8250    9.22062  216.63818   27.6611  133.1874   50.79800   -0.03018
  7.8333    9.06603  216.48018   27.5751  133.1627   51.16600   -0.03843
  7.8417    8.91173  216.32231   27.4882  133.1379   51.68600   -0.05028
  7.8500    8.75771  216.16455   27.4005  133.1132   52.14400   -0.04958
  7.8583    8.60399  216.00693   27.3120  133.0885   52.64700   -0.05226
  7.8667    8.45056  215.84940   27.2226  133.0638   53.15100   -0.05530
  7.8750    8.29743  215.69199   27.1323  133.0392   53.61900   -0.05762
  7.8833    8.14460  215.53468   27.0412  133.0146   54.14600   -0.05935
  7.8917    7.99207  215.37749   26.9493  132.9901   54.67000   -0.05383
  7.9000    7.83986  215.22038   26.8565  132.9656   55.22400   -0.05252
  7.9083    7.68796  215.06339   26.7628  132.9412   55.72600   -0.03544
  7.9167    7.53637  214.90646   26.6683  132.9169   56.42600   -0.02454
  7.9250    7.38510  214.74963   26.5728  132.8927   56.95100   -0.01031
  7.9333    7.23416  214.59290   26.4766  132.8686   57.52000   -0.00608
  7.9417    7.08354  214.43622   26.3794  132.8445   58.08700    0.00236
  7.9500    6.93325  214.27962   26.2814  132.8206   58.69000    0.01062
  7.9583    6.78329  214.12309   26.1824  132.7968   59.29600    0.00280
  7.9667    6.63367  213.96664   26.0826  132.7730   59.73600   -0.00703
  7.9750    6.48439  213.81026   25.9820  132.7495   60.30700   -0.02532
  7.9833    6.33545  213.65392   25.8804  132.7260   60.83000   -0.01366
  7.9917    6.18686  213.49763   25.7780  132.7027   61.53300   -0.00464
  8.0000    6.03862  213.34142   25.6746  132.6795   62.18900    0.00000

 12.4167    9.79614  124.05060   30.1389  149.6316   10.33800    0.00000
 12.4250    9.93125  123.88455   30.2053  149.5899   10.25500   -0.00441
 12.4333   10.06641  123.71827   30.2709  149.5484   10.20500   -0.00876
 12.4417   10.20162  123.55176   30.3360  149.5071   10.23900   -0.00276
 12.4500   10.33688  123.38503   30.4004  149.4660   10.24400    0.00340
 12.4583   10.47217  123.21806   30.4641  149.4251   10.19900   -0.00274
 12.4667   10.60750  123.05086   30.5273  149.3844   10.16100   -0.01337
 12.4750   10.74285  122.88341   30.5898  149.3439   10.14100   -0.01970
 12.4833   10.87823  122.71572   30.6517  149.3036   10.13300   -0.01657
 12.4917   11.01364  122.54778   30.7130  149.2635   10.17500   -0.01087
 12.5000   11.14905  122.37959   30.7736  149.2237   10.17500    0.00183
 12.5083   11.28448  122.21114   30.8337  149.1840   10.20400    0.00403
 12.5167   11.41992  122.04243   30.8932  149.1446   10.16200    0.01146
 12.5250   11.55536  121.87346   30.9521  149.1053   10.21200    0.00930
 12.5333   11.69079  121.70422   31.0105  149.0663   10.16000    0.01203
 12.5417   11.82622  121.53472   31.0682  149.0275   10.15600    0.01081
 12.5500   11.96164  121.36493   31.1254  148.9890   10.17000    0.01612
 12.5583   12.09703  121.19487   31.1820  148.9506   10.16900    0.02114
 12.5667   12.23241  121.02452   31.2381  148.9125   10.15700    0.01474
 12.5750   12.36776  120.85389   31.2936  148.8746   10.06600    0.00895
 12.5833   12.50308  120.68297   31.3486  148.8369   10.06200    0.00626
 12.5917   12.63836  120.51175   31.4030  148.7994   10.06600    0.01569
 12.6000   12.77360  120.34024   31.4569  148.7622   10.07200    0.02590
 12.6083   12.90879  120.16842   31.5103  148.7251   10.06800    0.02700
 12.6167   13.04393  119.99630   31.5631  148.6884    9.99400    0.02254
 12.6250   13.17901  119.82387   31.6154  148.6518    9.94700    0.01243
 12.6333   13.31404  119.65113   31.6672  148.6155    9.88700    0.00599
 12.6417   13.44899  119.47807   31.7185  148.5794    9.83000    0.00133
 12.6500   13.58387  119.30469   31.7694  148.5435    9.78300    0.00285
 12.6583   13.71868  119.13098   31.8197  148.5078    9.76200    0.00602
 12.6667   13.85341  118.95695   31.8695  148.4724    9.70900    0.01554
 12.6750   13.98804  118.78258   31.9188  148.4372    9.70500    0.02651
 12.6833   14.12259  118.60788   31.9677  148.4023    9.68900    0.03538
 12.6917   14.25703  118.43284   32.0161  148.3675    9.61400    0.03726
 12.7000   14.39138  118.25746   32.0640  148.3330    9.55800    0.02763
 12.7083   14.52561  118.08173   32.1115  148.2988    9.45500    0.01529
 12.7167   14.65973  117.90565   32.1585  148.2647    9.36600   -0.00132
 12.7250   14.79374  117.72922   32.2050  148.2309    9.27900   -0.02303
 12.7333   14.92761  117.55242   32.2511  148.1973    9.14000   -0.04062
 12.7417   15.06136  117.37527   32.2968  148.1640    9.08500   -0.05238
 12.7500   15.19497  117.19775   32.3420  148.1308    9.04000   -0.04598
 12.7583   15.32844  117.01986   32.3868  148.0979    9.03300   -0.03491
 12.7667   15.46177  116.84160   32.4312  148.0653    9.00200   -0.01182
 12.7750   15.59494  116.66296   32.4751  148.0328    9.04200    0.00530
 12.7833   15.72796  116.48394   32.5187  148.0006    8.98300    0.02250
 12.7917   15.86081  116.30454   32.5618  147.9686    8.95100    0.02990
 12.8000   15.99349  116.12475   32.6045  147.9368    8.91300    0.03992
 12.8083   16.12600  115.94457   32.6469  147.9053    8.87300    0.04977
 12.8167   16.25833  115.76399   32.6888  147.8740    8.84100    0.04711
 12.8250   16.39047  115.58301   32.7304  147.8429    8.71000    0.03841
 12.8333   16.52243  115.40164   32.7715  147.8120    8.62500    0.02431
 12.8417   16.65418  115.21986   32.8123  147.7814    8.54700    0.02054
 12.8500   16.78573  115.03766   32.8527  147.7509    8.48800    0.01504
 12.8583   16.91708  114.85506   32.8927  147.7207    8.38200    0.00972
 12.8667   17.04820  114.67204   32.9324  147.6908    8.30000   -0.00173
 12.8750   17.17911  114.48860   32.9717  147.6610    8.19000   -0.01160
 12.8833   17.30979  114.30474   33.0107  147.6315    8.09500   -0.02057
 12.8917   17.44024  114.12045   33.0493  147.6022    8.01900   -0.02571
 12.9000   17.57045  113.93573   33.0875  147.5730    7.93700   -0.02949
 12.9083   17.70042  113.75058   33.1254  147.5441    7.85900   -0.03289
 12.9167   17.83013  113.56499   33.1630  147.5155    7.79400   -0.03241
 12.9250   17.95959  113.37896   33.2002  147.4870    7.74900   -0.02826
 12.9333   18.08879  113.19249   33.2371  147.4588    7.70100   -0.02457
 12.9417   18.21772  113.00557   33.2737  147.4308    7.63800   -0.02350
 12.9500   18.34637  112.81820   33.3100  147.4029    7.58000   -0.02071
 12.9583   18.47475  112.63038   33.3459  147.3753    7.55000   -0.01574
 12.9667   18.60283  112.44210   33.3816  147.3479    7.50700   -0.00941
 12.9750   18.73063  112.25337   33.4169  147.3207    7.46400    0.00229
 12.9833   18.85812  112.06417   33.4519  147.2937    7.47700    0.01021
 12.9917   18.98531  111.87450   33.4866  147.2670    7.41400    0.01251
 13.0000   19.11218  111.68437   33.5210  147.2404    7.33700    0.01069
 13.0083   19.23874  111.49377   33.5551  147.2141    7.32600    0.01010
 13.0167   19.36497  111.30269   33.5890  147.1879    7.27500    0.00968
 13.0250   19.49088  111.11113   33.6225  147.1619    7.20100    0.00141
 13.0333   19.61644  110.91909   33.6558  147.1362    7.14000   -0.00944
 13.0417   19.74166  110.72657   33.6888  147.1107    7.07600   -0.01753
 13.0500   19.86653  110.53356   33.7215  147.0853    7.02800   -0.02237
 13.0583   19.99104  110.34007   33.7539  147.0602    6.99300   -0.02091
 13.0667   20.11519  110.14608   33.7861  147.0352    6.97300   -0.02180
 13.0750   20.23898  109.95160   33.8180  147.0105    6.91100   -0.02081
 13.0833   20.36238  109.75662   33.8497  146.9859    6.89500   -0.02014
 13.0917   20.48540  109.56114   33.8811  146.9615    6.88000   -0.02475
 13.1000   20.60803  109.36516   33.9122  146.9373    6.78800   -0.02528
 13.1083   20.73027  109.16867   33.9431  146.9134    6.80400   -0.02369
 13.1167   20.85210  108.97168   33.9738  146.8896    6.81200   -0.01478
 13.1250   20.97353  108.77417   34.0042  146.8660    6.78200   -0.01435
 13.1333   21.09454  108.57616   34.0343  146.8426    6.75400   -0.01579
 13.1417   21.21512  108.37763   34.0643  146.8194    6.75800   -0.01840
 13.1500   21.33528  108.17858   34.0940  146.7964    6.72500   -0.01410
 13.1583   21.45500  107.97902   34.1234  146.7735    6.74700   -0.01175
 13.1667   21.57428  107.77893   34.1527  146.7509    6.74400   -0.01365
 13.1750   21.69311  107.57832   34.1817  146.7284    6.69000   -0.01908
 13.1833   21.81148  107.37719   34.2105  146.7061    6.69600   -0.02019
 13.1917   21.92939  107.17553   34.2391  146.6840    6.72600   -0.01104
 13.2000   22.04682  106.97334   34.2674  146.6621    6.74500   -0.00020
 13.2083   22.16379  106.77061   34.2956  146.6404    6.76400    0.00107
 13.2167   22.28026  106.56736   34.3235  146.6188    6.73700   -0.00191
 13.2250   22.39625  106.36357   34.3513  146.5974    6.73000   -0.00777
 13.2333   22.51174  106.15925   34.3788  146.5762    6.73400   -0.00676
 13.2417   22.62672  105.95439   34.4062  146.5552    6.75100   -0.00201
 13.2500   22.74120  105.74899   34.4333  146.5343    6.76700   -0.00156
 13.2583   22.85515  105.54305   34.4603  146.5136    6.74200   -0.00197
 13.2667   22.96858  105.33657   34.4870  146.4931    6.75100    0.00755
 13.2750   23.08148  105.12955   34.5136  146.4728    6.82400    0.01589
 13.2833   23.19384  104.92198   34.5400  146.4526    6.78200    0.02664
 13.2917   23.30565  104.71386   34.5662  146.4326    6.79600    0.02642
 13.3000   23.41691  104.50520   34.5922  146.4128    6.79500    0.03251
 13.3083   23.52760  104.29600   34.6180  146.3932    6.78700    0.03709
 13.3167   23.63773  104.08624   34.6437  146.3737    6.78900    0.03932
 13.3250   23.74729  103.87594   34.6692  146.3544    6.76700    0.03658
 13.3333   23.85626  103.66508   34.6945  146.3352    6.72200    0.02964
 13.3417   23.96465  103.45368   34.7197  146.3162    6.68900    0.02022
 13.3500   24.07244  103.24173   34.7447  146.2974    6.64400    0.01291
 13.3583   24.17963  103.02922   34.7695  146.2787    6.60200    0.00671
 13.3667   24.28621  102.81616   34.7942  146.2602    6.57000    0.00677
 13.3750   24.39217  102.60255   34.8187  146.2419    6.55700    0.00255
 13.3833   24.49750  102.38839   34.8430  146.2237    6.48800    0.00474
 13.3917   24.60221  102.17368   34.8672  146.2057    6.49300    0.00215
 13.4000   24.70628  101.95841   34.8913  146.1878    6.45100    0.00341
 13.4083   24.80970  101.74260   34.9152  146.1701    6.40700   -0.00999
 13.4167   24.91247  101.52623   34.9390  146.1526    6.32700   -0.02234
 13.4250   25.01458  101.30931   34.9626  146.1352    6.29700   -0.03286
 13.4333   25.11603  101.09184   34.9860  146.1180    6.27100   -0.03449
 13.4417   25.21680  100.87381   35.0094  146.1009    6.25200   -0.03771
 13.4500   25.31689  100.65524   35.0326  146.0840    6.22100   -0.03741
 13.4583   25.41629  100.43612   35.0556  146.0672    6.22300   -0.03586
 13.4667   25.51500  100.21645   35.0785  146.0506    6.22000   -0.03126
 13.4750   25.61300   99.99623   35.1013  146.0341    6.21300   -0.02599
 13.4833   25.71030   99.77547   35.1240  146.0177    6.22700   -0.02282
 13.4917   25.80688   99.55416   35.1465  146.0016    6.21700   -0.02095
 13.5000   25.90273   99.33231   35.1689  145.9855    6.21400   -0.02041
 13.5083   25.99786   99.10991   35.1912  145.9697    6.23000   -0.01821
 13.5167   26.09225   98.88698   35.2134  145.9539    6.24200   -0.01454
 13.5250   26.18590   98.66350   35.2354  145.9384    6.25500   -0.01129
 13.5333   26.27879   98.43949   35.2573  145.9229    6.27600   -0.00818
 13.5417   26.37093   98.21494   35.2791  145.9076    6.29100   -0.00812
 13.5500   26.46230   97.98985   35.3008  145.8925    6.29300   -0.00762
 13.5583   26.55290   97.76424   35.3224  145.8775    6.32400   -0.01297
 13.5667   26.64272   97.53809   35.3439  145.8626    6.31600   -0.01484
 13.5750   26.73175   97.31142   35.3652  145.8479    6.34900   -0.02292
 13.5833   26.81999   97.08422   35.3865  145.8333    6.35800   -0.02236
 13.5917   26.90743   96.85650   35.4076  145.8189    6.41300   -0.02897
 13.6000   26.99406   96.62826   35.4287  145.8046    6.41700   -0.03756
 13.6083   27.07988   96.39950   35.4496  145.7904    6.42500   -0.05508
 13.6167   27.16488   96.17023   35.4705  145.7764    6.43900   -0.06199
 13.6250   27.24906   95.94045   35.4912  145.7625    6.51300   -0.06391
 13.6333   27.33240   95.71016   35.5119  145.7487    6.55900   -0.05462
 13.6417   27.41489   95.47936   35.5325  145.7351    6.64800   -0.04892
 13.6500   27.49655   95.24807   35.5529  145.7216    6.71600   -0.03580
 13.6583   27.57734   95.01628   35.5733  145.7083    6.81900   -0.02632
 13.6667   27.65728   94.78399   35.5936  145.6951    6.90300   -0.01949
 13.6750   27.73635   94.55121   35.6138  145.6820    6.96900   -0.01832
 13.6833   27.81454   94.31795   35.6339  145.6691    7.05400   -0.02023
 13.6917   27.89186   94.08421   35.6539  145.6563    7.13400   -0.02584
 13.7000   27.96829   93.84998   35.6739  145.6436    7.19300   -0.03446
 13.7083   28.04382   93.61529   35.6937  145.6311    7.27300   -0.03647
 13.7167   28.11846   93.38013   35.7135  145.6187    7.40000   -0.03382
 13.7250   28.19219   93.14450   35.7332  145.6064    7.49300   -0.02438
 13.7333   28.26500   92.90841   35.7528  145.5942    7.61800   -0.01750
 13.7417   28.33690   92.67187   35.7724  145.5822    7.73500   -0.00964
 13.7500   28.40787   92.43488   35.7919  145.5703    7.83900   -0.00530
 13.7583   28.47792   92.19744   35.8113  145.5586    7.95000   -0.00457
 13.7667   28.54702   91.95957   35.8306  145.5469    8.05500   -0.01166
 13.7750   28.61518   91.72127   35.8499  145.5354    8.12500   -0.01437
 13.7833   28.68239   91.48253   35.8691  145.5240    8.26800   -0.01695
 13.7917   28.74865   91.24338   35.8882  145.5128    8.37800   -0.01168
 13.8000   28.81395   91.00380   35.9073  145.5017    8.48800   -0.00927
 13.8083   28.87827   90.76382   35.9263  145.4907    8.60900   -0.00461
 13.8167   28.94163   90.52344   35.9452  145.4798    8.72200    0.00471
 13.8250   29.00401   90.28265   35.9641  145.4691    8.85000    0.01511
 13.8333   29.06540   90.04148   35.9829  145.4584    8.97000    0.03076
 13.8417   29.12580   89.79992   36.0017  145.4479    9.10800    0.05060
 13.8500   29.18520   89.55798   36.0204  145.4376    9.25500    0.06541
 13.8583   29.24361   89.31567   36.0390  145.4273    9.34200    0.06877
 13.8667   29.30100   89.07300   36.0576  145.4172    9.40700    0.05756
 13.8750   29.35739   88.82997   36.0761  145.4072    9.46200    0.04397
 13.8833   29.41276   88.58659   36.0946  145.3973    9.52300    0.02983
 13.8917   29.46710   88.34287   36.1131  145.3875    9.57600    0.02143
 13.9000   29.52042   88.09882   36.1315  145.3779    9.65700    0.01835
 13.9083   29.57270   87.85443   36.1498  145.3683    9.74100    0.02554
 13.9167   29.62395   87.60973   36.1681  145.3589    9.84200    0.03190
 13.9250   29.67415   87.36471   36.1864  145.3497    9.90900    0.02770
 13.9333   29.72330   87.11940   36.2046  145.3405    9.92500    0.01243
 13.9417   29.77141   86.87378   36.2227  145.3315    9.95700   -0.00879
 13.9500   29.81845   86.62788   36.2408  145.3225    9.98500   -0.02313
 13.9583   29.86443   86.38170   36.2589  145.3137   10.03700   -0.02807
 13.9667   29.90935   86.13525   36.2770  145.3051   10.12200   -0.01822
 13.9750   29.95319   85.88854   36.2950  145.2965   10.23000   -0.00659
 13.9833   29.99596   85.64157   36.3130  145.2880   10.29000   -0.00029
 13.9917   30.03764   85.39436   36.3309  145.2797   10.34200    0.00465
 14.0000   30.07825   85.14692   36.3488  145.2715   10.43600    0.00883
 14.0083   30.11776   84.89925   36.3667  145.2634   10.48400    0.01360
 14.0167   30.15618   84.65136   36.3845  145.2554   10.53100    0.01428
 14.0250   30.19351   84.40327   36.4023  145.2476   10.59700    0.02131
 14.0333   30.22973   84.15498   36.4201  145.2398   10.67000    0.03832
 14.0417   30.26485   83.90650   36.4378  145.2322   10.76000    0.04976
 14.0500   30.29886   83.65784   36.4555  145.2247   10.78200    0.06113
 14.0583   30.33176   83.40901   36.4732  145.2173   10.83900    0.06910
 14.0667   30.36355   83.16002   36.4909  145.2100   10.89300    0.08131
 14.0750   30.39421   82.91089   36.5086  145.2029   10.92200    0.08889
 14.0833   30.42376   82.66161   36.5262  145.1958   10.94000    0.08568
 14.0917   30.45217   82.41221   36.5438  145.1889   10.92300    0.07914
 14.1000   30.47946   82.16268   36.5614  145.1821   10.92000    0.05844
 14.1083   30.50562   81.91305   36.5789  145.1754   10.84900    0.04322
 14.1167   30.53064   81.66333   36.5965  145.1688   10.84600    0.02557
 14.1250   30.55453   81.41351   36.6140  145.1623   10.81400    0.02101
 14.1333   30.57727   81.16362   36.6315  145.1560   10.79800    0.01266
 14.1417   30.59888   80.91366   36.6490  145.1497   10.75900    0.01029
 14.1500   30.61933   80.66365   36.6665  145.1436   10.74100    0.01282
 14.1583   30.63864   80.41359   36.6840  145.1376   10.73000    0.01864
 14.1667   30.65680   80.16350   36.7015  145.1317   10.69000    0.02405
 14.1750   30.67381   79.91339   36.7189  145.1259   10.65500    0.02748
 14.1833   30.68966   79.66327   36.7364  145.1203   10.62000    0.03414
 14.1917   30.70435   79.41314   36.7538  145.1147   10.59000    0.04562
 14.2000   30.71789   79.16303   36.7713  145.1093   10.57500    0.05633
 14.2083   30.73026   78.91294   36.7887  145.1040   10.53600    0.05758
 14.2167   30.74147   78.66289   36.8061  145.0988   10.45400    0.04624
 14.2250   30.75152   78.41288   36.8235  145.0937   10.37500    0.02361
 14.2333   30.76040   78.16292   36.8409  145.0887   10.28000    0.00239
 14.2417   30.76812   77.91304   36.8584  145.0838   10.20800   -0.02007
 14.2500   30.77467   77.66323   36.8758  145.0791   10.12300   -0.04381
 14.2583   30.78004   77.41352   36.8932  145.0745   10.02000   -0.06052
 14.2667   30.78425   77.16391   36.9106  145.0699    9.98400   -0.06799
 14.2750   30.78729   76.91441   36.9280  145.0656    9.94600   -0.06146
 14.2833   30.78915   76.66504   36.9455  145.0613    9.91500   -0.05283
 14.2917   30.78984   76.41581   36.9629  145.0571    9.88900   -0.03489
 14.3000   30.78935   76.16672   36.9803  145.0530    9.90100   -0.01157
 14.3083   30.78769   75.91780   36.9978  145.0491    9.90200    0.00918
 14.3167   30.78486   75.66906   37.0152  145.0453    9.87100    0.02000
 14.3250   30.78085   75.42049   37.0327  145.0416    9.84000    0.01971
 14.3333   30.77566   75.17213   37.0502  145.0380    9.79100    0.01467
 14.3417   30.76930   74.92397   37.0677  145.0345    9.74400    0.00788
 14.3500   30.76177   74.67604   37.0852  145.0311    9.71100    0.00356
 14.3583   30.75305   74.42833   37.1027  145.0279    9.68300   -0.00005
 14.3667   30.74317   74.18087   37.1202  145.0248    9.64200   -0.00628
 14.3750   30.73210   73.93367   37.1377  145.0218    9.59600   -0.01425
 14.3833   30.71987   73.68674   37.1553  145.0189    9.55500   -0.01490
 14.3917   30.70645   73.44008   37.1729  145.0161    9.54800   -0.01100
 14.4000   30.69187   73.19372   37.1905  145.0134    9.52200   -0.01078
 14.4083   30.67611   72.94766   37.2081  145.0109    9.46100   -0.01011
 14.4167   30.65918   72.70192   37.2258  145.0085    9.45700   -0.00891
 14.4250   30.64108   72.45650   37.2434  145.0062    9.43500    0.00424
 14.4333   30.62180   72.21142   37.2611  145.0040    9.43700    0.01035
 14.4417   30.60136   71.96670   37.2788  145.0019    9.39500    0.01361
 14.4500   30.57975   71.72233   37.2966  145.0000    9.35500    0.01010
 14.4583   30.55698   71.47834   37.3143  144.9981    9.31800    0.01164
 14.4667   30.53304   71.23474   37.3321  144.9964    9.29900    0.01448
 14.4750   30.50793   70.99153   37.3500  144.9948    9.26200    0.02195
 14.4833   30.48167   70.74873   37.3678  144.9934    9.24400    0.02522
 14.4917   30.45424   70.50635   37.3857  144.9920    9.20000    0.02794
 14.5000   30.42566   70.26440   37.4036  144.9908    9.15900    0.02595
 14.5083   30.39592   70.02290   37.4216  144.9897    9.11600    0.02477
 14.5167   30.36503   69.78185   37.4396  144.9887    9.07300    0.01808
 14.5250   30.33298   69.54126   37.4576  144.9879    9.00100    0.00704
 14.5333   30.29979   69.30116   37.4756  144.9871    8.93600   -0.00766
 14.5417   30.26544   69.06154   37.4937  144.9865    8.87800   -0.01802
 14.5500   30.22995   68.82242   37.5119  144.9861    8.83200   -0.03057
 14.5583   30.19332   68.58381   37.5301  144.9857    8.75900   -0.03861
 14.5667   30.15556   68.34572   37.5483  144.9855    8.73000   -0.04194
 14.5750   30.11665   68.10816   37.5665  144.9854    8.71900   -0.04242
 14.5833   30.07661   67.87115   37.5849  144.9854    8.67100   -0.04440
 14.5917   30.03543   67.63469   37.6032  144.9855    8.64300   -0.04974
 14.6000   29.99313   67.39879   37.6216  144.9858    8.62200   -0.05001
 14.6083   29.94971   67.16347   37.6401  144.9862    8.61200   -0.04765
 14.6167   29.90516   66.92873   37.6586  144.9867    8.61000   -0.04834
 14.6250   29.85949   66.69459   37.6771  144.9874    8.58400   -0.04778
 14.6333   29.81271   66.46105   37.6957  144.9882    8.58900   -0.03976
 14.6417   29.76482   66.22813   37.7144  144.9891    8.63500   -0.02100
 14.6500   29.71581   65.99584   37.7331  144.9902    8.67500   -0.00503
 14.6583   29.66570   65.76418   37.7518  144.9913    8.67300    0.00169
 14.6667   29.61449   65.53317   37.7706  144.9927    8.67800    0.00348
 14.6750   29.56219   65.30281   37.7895  144.9941    8.69900    0.00913
 14.6833   29.50879   65.07312   37.8084  144.9957    8.72400    0.01380
 14.6917   29.45429   64.84411   37.8274  144.9974    8.72500    0.01373
 14.7000   29.39872   64.61578   37.8465  144.9993    8.71900    0.00833
 14.7083   29.34206   64.38814   37.8656  145.0013    8.71300    0.00112
 14.7167   29.28432   64.16120   37.8848  145.0034    8.70100    0.00075
 14.7250   29.22551   63.93498   37.9040  145.0057    8.72700    0.00681
 14.7333   29.16563   63.70948   37.9234  145.0081    8.74900    0.02076
 14.7417   29.10469   63.48471   37.9427  145.0107    8.77500    0.03186
 14.7500   29.04268   63.26067   37.9622  145.0134    8.78200    0.03728
 14.7583   28.97962   63.03739   37.9817  145.0162    8.76900    0.03353
 14.7667   28.91550   62.81486   38.0013  145.0192    8.73900    0.02625
 14.7750   28.85034   62.59310   38.0210  145.0223    8.72200    0.01573
 14.7833   28.78414   62.37211   38.0407  145.0256    8.68900    0.00510
 14.7917   28.71690   62.15190   38.0606  145.0290    8.65700   -0.00305
 14.8000   28.64863   61.93247   38.0805  145.0326    8.65200   -0.00509
 14.8083   28.57932   61.71385   38.1004  145.0363    8.64900   -0.00093
 14.8167   28.50900   61.49603   38.1205  145.0402    8.64600    0.00158
 14.8250   28.43765   61.27902   38.1406  145.0442    8.62500   -0.00010
 14.8333   28.36530   61.06284   38.1609  145.0484    8.59300   -0.00252
 14.8417   28.29193   60.84748   38.1812  145.0527    8.58200   -0.00022
 14.8500   28.21756   60.63296   38.2016  145.0572    8.58400    0.00648
 14.8583   28.14219   60.41927   38.2220  145.0618    8.57300    0.01112
 14.8667   28.06583   60.20644   38.2426  145.0666    8.54700    0.01327
 14.8750   27.98849   59.99446   38.2633  145.0715    8.53200    0.01533
 14.8833   27.91016   59.78335   38.2840  145.0767    8.51600    0.01765
 14.8917   27.83085   59.57311   38.3049  145.0819    8.48500    0.02224
 14.9000   27.75057   59.36374   38.3259  145.0874    8.47400    0.02853
 14.9083   27.66932   59.15525   38.3469  145.0930    8.46000    0.03600
 14.9167   27.58712   58.94766   38.3680  145.0987    8.43000    0.03708
 14.9250   27.50395   58.74095   38.3893  145.1047    8.37900    0.03345
 14.9333   27.41984   58.53515   38.4107  145.1108    8.33400    0.02669
 14.9417   27.33479   58.33026   38.4321  145.1170    8.28100    0.02162
 14.9500   27.24879   58.12627   38.4537  145.1235    8.23500    0.01535
 14.9583   27.16186   57.92321   38.4753  145.1301    8.17800    0.00858
 14.9667   27.07401   57.72107   38.4971  145.1369    8.11800   -0.00050
 14.9750   26.98523   57.51986   38.5190  145.1439    8.05600   -0.00817
 14.9833   26.89553   57.31958   38.5410  145.1510    8.00700   -0.01508
 14.9917   26.80493   57.12024   38.5632  145.1583    7.95300   -0.01864
 15.0000   26.71342   56.92184   38.5854  145.1658    7.91200   -0.01983
 15.0083   26.62101   56.72440   38.6078  145.1735    7.88100   -0.02082
 15.0167   26.52771   56.52790   38.6302  145.1814    7.83500   -0.02396
 15.0250   26.43352   56.33237   38.6528  145.1895    7.79200   -0.03378
 15.0333   26.33845   56.13780   38.6756  145.1977    7.73300   -0.04311
 15.0417   26.24251   55.94419   38.6984  145.2062    7.70100   -0.05053
 15.0500   26.14569   55.75156   38.7214  145.2148    7.68000   -0.05043
 15.0583   26.04801   55.55990   38.7445  145.2236    7.67800   -0.04676
 15.0667   25.94948   55.36922   38.7678  145.2327    7.67900   -0.04404
 15.0750   25.85009   55.17952   38.7912  145.2419    7.66300   -0.04165
 15.0833   25.74986   54.99081   38.8147  145.2513    7.66700   -0.03747
 15.0917   25.64878   54.80309   38.8384  145.2610    7.68500   -0.02736
 15.1000   25.54687   54.61636   38.8622  145.2708    7.71100   -0.01620
 15.1083   25.44414   54.43063   38.8861  145.2808    7.72800   -0.00688
 15.1167   25.34058   54.24590   38.9102  145.2911    7.74500   -0.00061
 15.1250   25.23621   54.06218   38.9344  145.3016    7.76100    0.00876
 15.1333   25.13102   53.87945   38.9588  145.3123    7.80300    0.01488
 15.1417   25.02504   53.69774   38.9834  145.3232    7.80400    0.01673
 15.1500   24.91825   53.51704   39.0081  145.3343    7.79600    0.01342
 15.1583   24.81067   53.33735   39.0329  145.3456    7.80800    0.00868
 15.1667   24.70231   53.15868   39.0580  145.3572    7.80000    0.00677
 15.1750   24.59317   52.98103   39.0831  145.3690    7.80900    0.00383
 15.1833   24.48325   52.80440   39.1085  145.3810    7.81300    0.00560
 15.1917   24.37257   52.62880   39.1340  145.3933    7.83300    0.00447
 15.2000   24.26112   52.45421   39.1597  145.4058    7.82400    0.00217
 15.2083   24.14892   52.28066   39.1856  145.4185    7.82200   -0.00068
 15.2167   24.03597   52.10814   39.2116  145.4315    7.83700   -0.00308
 15.2250   23.92228   51.93664   39.2378  145.4447    7.82800   -0.00550
 15.2333   23.80785   51.76618   39.2642  145.4582    7.82300   -0.01057
 15.2417   23.69268   51.59676   39.2908  145.4719    7.82000   -0.01177
 15.2500   23.57679   51.42836   39.3175  145.4859    7.83500   -0.01168
 15.2583   23.46019   51.26101   39.3445  145.5002    7.83900   -0.00656
 15.2667   23.34286   51.09469   39.3716  145.5146    7.87100   -0.00176
 15.2750   23.22483   50.92941   39.3990  145.5294    7.88900    0.00459
 15.2833   23.10610   50.76518   39.4265  145.5444    7.90900    0.00620
 15.2917   22.98668   50.60198   39.4543  145.5598    7.91800    0.00068
 15.3000   22.86656   50.43982   39.4822  145.5753    7.89700   -0.00991
 15.3083   22.74576   50.27871   39.5104  145.5912    7.89100   -0.02260
 15.3167   22.62429   50.11864   39.5387  145.6073    7.89300   -0.03250
 15.3250   22.50214   49.95962   39.5673  145.6237    7.89700   -0.03803
 15.3333   22.37932   49.80164   39.5961  145.6404    7.92500   -0.03768
 15.3417   22.25585   49.64470   39.6251  145.6574    7.96800   -0.02952
 15.3500   22.13172   49.48881   39.6544  145.6747    8.02100   -0.01982
 15.3583   22.00694   49.33396   39.6838  145.6923    8.05600   -0.00906
 15.3667   21.88152   49.18016   39.7135  145.7102    8.10200   -0.00128
 15.3750   21.75547   49.02740   39.7434  145.7284    8.13500    0.00717
 15.3833   21.62878   48.87569   39.7736  145.7470    8.17800    0.01523
 15.3917   21.50147   48.72502   39.8040  145.7658    8.23100    0.02170
 15.4000   21.37354   48.57540   39.8347  145.7850    8.26600    0.02651
 15.4083   21.24499   48.42682   39.8656  145.8045    8.30900    0.02378
 15.4167   21.11584   48.27928   39.8967  145.8243    8.31600    0.01297
 15.4250   20.98609   48.13279   39.9281  145.8444    8.29600   -0.00245
 15.4333   20.85573   47.98734   39.9598  145.8649    8.30100   -0.01685
 15.4417   20.72479   47.84294   39.9917  145.8858    8.30600   -0.02456
 15.4500   20.59327   47.69957   40.0239  145.9070    8.32200   -0.02516
 15.4583   20.46116   47.55725   40.0564  145.9285    8.37100   -0.01278
 15.4667   20.32848   47.41597   40.0891  145.9504    8.46300    0.00650
 15.4750   20.19523   47.27573   40.1222  145.9727    8.52600    0.02542
 15.4833   20.06142   47.13652   40.1555  145.9954    8.57200    0.02954
 15.4917   19.92706   46.99835   40.1891  146.0184    8.56200    0.02603
 15.5000   19.79214   46.86122   40.2230  146.0418    8.57300    0.01433
 15.5083   19.65667   46.72513   40.2572  146.0656    8.56400    0.00014
 15.5167   19.52067   46.59007   40.2916  146.0898    8.53800   -0.01289
 15.5250   19.38412   46.45604   40.3264  146.1144    8.55600   -0.01529
 15.5333   19.24705   46.32304   40.3615  146.1394    8.61600   -0.00738
 15.5417   19.10946   46.19107   40.3970  146.1648    8.65600    0.00373
 15.5500   18.97134   46.06014   40.4327  146.1907    8.68400    0.01377
 15.5583   18.83271   45.93022   40.4688  146.2169    8.72000    0.02377
 15.5667   18.69357   45.80134   40.5052  146.2436    8.74000    0.03496
 15.5750   18.55393   45.67348   40.5419  146.2707    8.76400    0.04346
 15.5833   18.41379   45.54664   40.5790  146.2983    8.77300    0.04829
 15.5917   18.27316   45.42083   40.6164  146.3263    8.76400    0.04763
 15.6000   18.13204   45.29603   40.6542  146.3548    8.74700    0.04357
 15.6083   17.99044   45.17225   40.6923  146.3838    8.72800    0.04251
 15.6167   17.84836   45.04949   40.7308  146.4132    8.73100    0.03616
 15.6250   17.70581   44.92774   40.7696  146.4431    8.66300    0.02670
 15.6333   17.56279   44.80700   40.8088  146.4735    8.60700    0.01066
 15.6417   17.41931   44.68727   40.8484  146.5044    8.54800    0.00176
 15.6500   17.27537   44.56855   40.8884  146.5358    8.51600   -0.00021
 15.6583   17.13098   44.45084   40.9288  146.5677    8.49200    0.00609
 15.6667   16.98614   44.33413   40.9695  146.6001    8.47400    0.01625
 15.6750   16.84086   44.21843   41.0107  146.6331    8.45000    0.02620
 15.6833   16.69514   44.10372   41.0523  146.6665    8.40600    0.03322
 15.6917   16.54899   43.99001   41.0942  146.7006    8.35000    0.04218
 15.7000   16.40241   43.87730   41.1366  146.7352    8.32200    0.05183
 15.7083   16.25540   43.76558   41.1795  146.7704    8.26500    0.06211
 15.7167   16.10798   43.65485   41.2227  146.8061    8.19400    0.06847
 15.7250   15.96015   43.54511   41.2664  146.8424    8.11800    0.06947
 15.7333   15.81190   43.43636   41.3105  146.8793    7.99900    0.06681
 15.7417   15.66326   43.32859   41.3551  146.9168    7.87500    0.06118
 15.7500   15.51421   43.22181   41.4002  146.9550    7.74800    0.05833
 15.7583   15.36477   43.11600   41.4457  146.9937    7.62000    0.06105
 15.7667   15.21493   43.01117   41.4916  147.0331    7.50900    0.06449
 15.7750   15.06471   42.90732   41.5381  147.0731    7.35800    0.06526
 15.7833   14.91411   42.80444   41.5850  147.1138    7.18000    0.06141
 15.7917   14.76313   42.70253   41.6324  147.1552    7.00300    0.05604
 15.8000   14.61178   42.60158   41.6803  147.1972    6.81200    0.05209
 15.8083   14.46006   42.50160   41.7288  147.2399    6.61800    0.04704
 15.8167   14.30798   42.40259   41.7777  147.2833    6.41000    0.04225
 15.8250   14.15554   42.30453   41.8271  147.3275    6.20200    0.03610
 15.8333   14.00274   42.20743   41.8771  147.3723    5.98300    0.02953
 15.8417   13.84959   42.11128   41.9276  147.4179    5.75900    0.01975
 15.8500   13.69610   42.01609   41.9787  147.4642    5.51300    0.01115
 15.8583   13.54226   41.92184   42.0303  147.5113    5.29400    0.00049
 15.8667   13.38809   41.82854   42.0825  147.5592    5.04700   -0.00633
 15.8750   13.23358   41.73619   42.1352  147.6079    4.82800   -0.01659
 15.8833   13.07874   41.64478   42.1885  147.6573    4.57900   -0.02299
 15.8917   12.92357   41.55430   42.2424  147.7076    4.36300   -0.02899
 15.9000   12.76809   41.46476   42.2968  147.7588    4.15100   -0.03006
 15.9083   12.61228   41.37616   42.3519  147.8107    3.94700   -0.02978
 15.9167   12.45616   41.28848   42.4075  147.8635    3.74900   -0.02757
 15.9250   12.29973   41.20174   42.4638  147.9172    3.56200   -0.02329
 15.9333   12.14300   41.11591   42.5207  147.9718    3.38700   -0.01932
 15.9417   11.98596   41.03101   42.5782  148.0273    3.19900   -0.01968
 15.9500   11.82863   40.94703   42.6364  148.0837    2.99000   -0.02207
 15.9583   11.67100   40.86397   42.6952  148.1411    2.81300   -0.02488
 15.9667   11.51308   40.78182   42.7546  148.1993    2.63900   -0.02430
 15.9750   11.35488   40.70058   42.8148  148.2586    2.47500   -0.02628
 15.9833   11.19639   40.62025   42.8755  148.3189    2.29300   -0.02824
 15.9917   11.03762   40.54082   42.9370  148.3801    2.13600   -0.02971
 16.0000   10.87858   40.46230   42.9992  148.4424    1.99400   -0.03172
 16.0083   10.71926   40.38468   43.0620  148.5057    1.82400   -0.03363
 16.0167   10.55968   40.30795   43.1256  148.5701    1.68200   -0.03631
 16.0250   10.39983   40.23212   43.1898  148.6355    1.54900   -0.03560
 16.0333   10.23972   40.15718   43.2548  148.7021    1.42800   -0.03507
 16.0417   10.07935   40.08313   43.3205  148.7697    1.30500   -0.03664
 16.0500    9.91873   40.00996   43.3870  148.8385    1.17300   -0.03773
 16.0583    9.75786   39.93768   43.4542  148.9085    1.07300   -0.03612
 16.0667    9.59674   39.86627   43.5221  148.9796    0.99300   -0.03220
 16.0750    9.43538   39.79575   43.5908  149.0519    0.90100   -0.03030
 16.0833    9.27378   39.72610   43.6603  149.1254    0.80200   -0.03226
 16.0917    9.11194   39.65732   43.7306  149.2002    0.70500   -0.03216
 16.1000    8.94987   39.58941   43.8016  149.2762    0.65100   -0.02898
 16.1083    8.78756   39.52236   43.8735  149.3535    0.60100   -0.02618
 16.1167    8.62503   39.45618   43.9461  149.4321    0.52100   -0.02621
 16.1250    8.46228   39.39086   44.0196  149.5120    0.46200   -0.02862
 16.1333    8.29930   39.32639   44.0939  149.5932    0.40500   -0.02855
 16.1417    8.13611   39.26279   44.1690  149.6758    0.36400   -0.02758
 16.1500    7.97271   39.20003   44.2449  149.7598    0.32600   -0.02735
 16.1583    7.80909   39.13812   44.3217  149.8453    0.28200   -0.02906
 16.1667    7.64526   39.07706   44.3993  149.9321    0.22800   -0.02426
 16.1750    7.48123   39.01684   44.4778  150.0205    0.24300   -0.01540
 16.1833    7.31700   38.95746   44.5572  150.1103    0.23700   -0.00454
 16.1917    7.15257   38.89892   44.6374  150.2016    0.21900    0.00617
 16.2000    6.98795   38.84122   44.7185  150.2945    0.25600    0.00328
 16.2083    6.82313   38.78435   44.8005  150.3889    0.14100    0.00365
 16.2167    6.65812   38.72831   44.8834  150.4850    0.17600    0.00122
 16.2250    6.49292   38.67309   44.9672  150.5826    0.18600    0.01931
 16.2333    6.32754   38.61870   45.0519  150.6819    0.24400    0.00888
 16.2417    6.16198   38.56513   45.1375  150.7829    0.00000    0.00000

