hmax        =    300
wind_bottom =      2
wind_top    =     10
critlon     =      0
tbeg, h     =   0.00
tend, h     =  24.00
c_ionex     =      0
c_vert      =      1
time, gamma, az, latp, lonp, tec, tec_filtered
 16.3250   10.08369  199.25056   26.7811  136.4768   18.85700    0.00000
 16.3333   10.29522  199.25723   26.8834  136.5113   18.64400   -0.00213
 16.3417   10.50708  199.26437   26.9843  136.5454   18.49300   -0.00789
 16.3500   10.71927  199.27200   27.0839  136.5790   18.33600   -0.01621
 16.3583   10.93180  199.28012   27.1821  136.6121   18.20800   -0.02681
 16.3667   11.14466  199.28873   27.2790  136.6447   18.09000   -0.01885
 16.3750   11.35785  199.29781   27.3745  136.6769   18.08400   -0.01077
 16.3833   11.57137  199.30739   27.4688  136.7086   17.97900   -0.00166
 16.3917   11.78521  199.31744   27.5619  136.7398   17.88100   -0.00779
 16.4000   11.99939  199.32800   27.6536  136.7707   17.74100   -0.01405
 16.4083   12.21390  199.33904   27.7442  136.8011   17.61200   -0.00491
 16.4167   12.42873  199.35056   27.8335  136.8310   17.60700    0.00585
 16.4250   12.64389  199.36256   27.9216  136.8605   17.48100    0.02438
 16.4333   12.85937  199.37506   28.0085  136.8897   17.41400    0.03274
 16.4417   13.07518  199.38805   28.0943  136.9184   17.32000    0.04687
 16.4500   13.29131  199.40150   28.1789  136.9467   17.23800    0.05211
 16.4583   13.50776  199.41545   28.2623  136.9746   17.08800    0.05790
 16.4667   13.72454  199.42989   28.3447  137.0021   16.99200    0.05330
 16.4750   13.94164  199.44479   28.4259  137.0292   16.81800    0.04516
 16.4833   14.15906  199.46019   28.5060  137.0559   16.64600    0.02213
 16.4917   14.37679  199.47607   28.5851  137.0823   16.43700   -0.00073
 16.5000   14.59485  199.49245   28.6631  137.1082   16.26600   -0.02218
 16.5083   14.81322  199.50929   28.7401  137.1339   16.10200   -0.03812
 16.5167   15.03192  199.52663   28.8161  137.1591   15.93100   -0.04657
 16.5250   15.25092  199.54445   28.8910  137.1840   15.81800   -0.05265
 16.5333   15.47025  199.56274   28.9650  137.2086   15.67000   -0.04699
 16.5417   15.68988  199.58154   29.0379  137.2328   15.58900   -0.04392
 16.5500   15.90983  199.60081   29.1100  137.2566   15.45900   -0.02491
 16.5583   16.13009  199.62057   29.1810  137.2802   15.43800   -0.01353
 16.5667   16.35067  199.64081   29.2511  137.3034   15.30900   -0.00440
 16.5750   16.57155  199.66153   29.3203  137.3262   15.17600   -0.00766
 16.5833   16.79275  199.68274   29.3887  137.3488   15.07900   -0.00918
 16.5917   17.01425  199.70444   29.4561  137.3710   14.98000   -0.01123
 16.6000   17.23606  199.72661   29.5226  137.3930   14.85700   -0.01227
 16.6083   17.45818  199.74927   29.5883  137.4146   14.77900   -0.01984
 16.6167   17.68060  199.77242   29.6531  137.4359   14.64100   -0.01788
 16.6250   17.90333  199.79605   29.7171  137.4570   14.59300   -0.02143
 16.6333   18.12636  199.82018   29.7803  137.4777   14.47800   -0.01389
 16.6417   18.34970  199.84479   29.8427  137.4982   14.41400   -0.01182
 16.6500   18.57334  199.86987   29.9042  137.5184   14.32000   -0.00205
 16.6583   18.79728  199.89545   29.9650  137.5383   14.25200    0.00870
 16.6667   19.02151  199.92149   30.0251  137.5580   14.19000    0.01715
 16.6750   19.24605  199.94804   30.0843  137.5773   14.07500    0.02847
 16.6833   19.47089  199.97508   30.1428  137.5964   14.02200    0.03422
 16.6917   19.69602  200.00262   30.2006  137.6153   13.91700    0.04525
 16.7000   19.92145  200.03062   30.2577  137.6339   13.83600    0.04683
 16.7083   20.14717  200.05913   30.3141  137.6523   13.71600    0.04368
 16.7167   20.37319  200.08812   30.3697  137.6704   13.58000    0.03064
 16.7250   20.59950  200.11760   30.4247  137.6882   13.43300    0.01442
 16.7333   20.82610  200.14757   30.4790  137.7058   13.29500   -0.00446
 16.7417   21.05299  200.17802   30.5327  137.7233   13.14400   -0.01890
 16.7500   21.28018  200.20898   30.5857  137.7404   13.02800   -0.03301
 16.7583   21.50765  200.24042   30.6380  137.7574   12.89600   -0.04357
 16.7667   21.73540  200.27235   30.6897  137.7741   12.77300   -0.05541
 16.7750   21.96345  200.30478   30.7408  137.7906   12.65700   -0.05680
 16.7833   22.19178  200.33771   30.7913  137.8069   12.59900   -0.05655
 16.7917   22.42039  200.37112   30.8412  137.8230   12.49500   -0.04880
 16.8000   22.64929  200.40503   30.8905  137.8389   12.43600   -0.04402
 16.8083   22.87846  200.43942   30.9392  137.8545   12.36800   -0.03559
 16.8167   23.10792  200.47433   30.9873  137.8700   12.29600   -0.03189
 16.8250   23.33766  200.50974   31.0349  137.8853   12.21500   -0.02491
 16.8333   23.56767  200.54562   31.0820  137.9004   12.17400   -0.01295
 16.8417   23.79796  200.58203   31.1284  137.9153   12.13700    0.00322
 16.8500   24.02853  200.61893   31.1744  137.9300   12.08400    0.01885
 16.8583   24.25937  200.65633   31.2198  137.9445   12.04200    0.03193
 16.8667   24.49049  200.69421   31.2647  137.9588   11.99000    0.04189
 16.8750   24.72188  200.73260   31.3091  137.9730   11.92000    0.04192
 16.8833   24.95353  200.77151   31.3530  137.9870   11.81900    0.03800
 16.8917   25.18546  200.81091   31.3964  138.0008   11.74600    0.02816
 16.9000   25.41766  200.85083   31.4394  138.0145   11.64200    0.01830
 16.9083   25.65012  200.89125   31.4818  138.0280   11.54400    0.00162
 16.9167   25.88285  200.93217   31.5238  138.0413   11.43400   -0.01608
 16.9250   26.11584  200.97362   31.5653  138.0545   11.32600   -0.03219
 16.9333   26.34909  201.01556   31.6063  138.0675   11.23800   -0.04152
 16.9417   26.58261  201.05801   31.6469  138.0804   11.16800   -0.04367
 16.9500   26.81638  201.10098   31.6871  138.0930   11.10300   -0.04116
 16.9583   27.05042  201.14445   31.7269  138.1056   11.04500   -0.03726
 16.9667   27.28471  201.18846   31.7662  138.1180   10.98900   -0.03459
 16.9750   27.51926  201.23297   31.8051  138.1303   10.92300   -0.03190
 16.9833   27.75406  201.27802   31.8435  138.1424   10.87100   -0.02500
 16.9917   27.98912  201.32356   31.8816  138.1544   10.84300   -0.01853
 17.0000   28.22443  201.36963   31.9193  138.1663   10.78100   -0.01226
 17.0083   28.45999  201.41621   31.9566  138.1780   10.73300   -0.00687
 17.0167   28.69580  201.46333   31.9935  138.1896   10.70300    0.00089
 17.0250   28.93185  201.51099   32.0300  138.2010   10.65300    0.01367
 17.0333   29.16815  201.55914   32.0661  138.2123   10.63000    0.02678
 17.0417   29.40470  201.60783   32.1019  138.2236   10.59800    0.03628
 17.0500   29.64149  201.65707   32.1373  138.2346   10.52700    0.03917
 17.0583   29.87852  201.70683   32.1724  138.2456   10.46700    0.03743
 17.0667   30.11579  201.75713   32.2071  138.2564   10.41000    0.03704
 17.0750   30.35330  201.80795   32.2414  138.2672   10.34400    0.03177
 17.0833   30.59104  201.85931   32.2755  138.2778   10.25600    0.02060
 17.0917   30.82903  201.91122   32.3091  138.2883   10.16600    0.00292
 17.1000   31.06724  201.96367   32.3425  138.2987   10.06400   -0.01052
 17.1083   31.30569  202.01666   32.3755  138.3089    9.99600   -0.02156
 17.1167   31.54436  202.07019   32.4082  138.3191    9.91400   -0.02043
 17.1250   31.78327  202.12428   32.4406  138.3292    9.87100   -0.01925
 17.1333   32.02240  202.17891   32.4727  138.3391    9.80000   -0.01429
 17.1417   32.26176  202.23409   32.5044  138.3490    9.73700   -0.01155
 17.1500   32.50135  202.28983   32.5359  138.3588    9.68200   -0.00715
 17.1583   32.74115  202.34613   32.5671  138.3684    9.61700   -0.00176
 17.1667   32.98118  202.40298   32.5980  138.3780    9.55700    0.00190
 17.1750   33.22142  202.46040   32.6286  138.3875    9.49400    0.00564
 17.1833   33.46188  202.51839   32.6589  138.3969    9.43200    0.00555
 17.1917   33.70256  202.57693   32.6889  138.4061    9.35500    0.00804
 17.2000   33.94345  202.63605   32.7187  138.4153    9.30500    0.01153
 17.2083   34.18456  202.69572   32.7481  138.4245    9.24600    0.01917
 17.2167   34.42587  202.75600   32.7774  138.4335    9.18700    0.02180
 17.2250   34.66739  202.81683   32.8063  138.4424    9.10800    0.01941
 17.2333   34.90912  202.87825   32.8350  138.4513    9.02100    0.01359
 17.2417   35.15105  202.94025   32.8635  138.4601    8.94100    0.01281
 17.2500   35.39318  203.00284   32.8916  138.4688    8.88300    0.01239
 17.2583   35.63552  203.06602   32.9196  138.4774    8.79400    0.01442
 17.2667   35.87805  203.12979   32.9473  138.4859    8.72200    0.01123
 17.2750   36.12079  203.19415   32.9748  138.4944    8.63500    0.01375
 17.2833   36.36371  203.25911   33.0020  138.5028    8.56800    0.01475
 17.2917   36.60683  203.32468   33.0290  138.5111    8.48500    0.01215
 17.3000   36.85014  203.39085   33.0557  138.5193    8.37700    0.01053
 17.3083   37.09365  203.45763   33.0822  138.5275    8.31100    0.00730
 17.3167   37.33733  203.52502   33.1086  138.5356    8.21600    0.00972
 17.3250   37.58121  203.59303   33.1346  138.5436    8.13100    0.01008
 17.3333   37.82526  203.66167   33.1605  138.5516    8.05200    0.01162
 17.3417   38.06950  203.73091   33.1862  138.5595    7.96000    0.00795
 17.3500   38.31392  203.80080   33.2116  138.5673    7.85000    0.00296
 17.3583   38.55852  203.87131   33.2369  138.5751    7.76700    0.00362
 17.3667   38.80329  203.94244   33.2619  138.5828    7.70300    0.00582
 17.3750   39.04823  204.01424   33.2867  138.5905    7.60200    0.00326
 17.3833   39.29334  204.08667   33.3113  138.5981    7.50100   -0.01042
 17.3917   39.53863  204.15974   33.3358  138.6056    7.39100   -0.02458
 17.4000   39.78408  204.23347   33.3600  138.6131    7.29500   -0.03674
 17.4083   40.02969  204.30788   33.3841  138.6205    7.21000   -0.04652
 17.4167   40.27547  204.38292   33.4079  138.6279    7.11900   -0.05143
 17.4250   40.52140  204.45863   33.4316  138.6352    7.05300   -0.05207
 17.4333   40.76750  204.53503   33.4551  138.6424    6.99600   -0.04759
 17.4417   41.01375  204.61211   33.4784  138.6496    6.93800   -0.04881
 17.4500   41.26015  204.68983   33.5015  138.6568    6.85500   -0.05034
 17.4583   41.50671  204.76828   33.5245  138.6639    6.80300   -0.05285
 17.4667   41.75341  204.84741   33.5473  138.6709    6.74600   -0.04613
 17.4750   42.00026  204.92723   33.5699  138.6779    6.71100   -0.03540
 17.4833   42.24726  205.00777   33.5923  138.6849    6.68400   -0.02300
 17.4917   42.49439  205.08900   33.6146  138.6918    6.64100   -0.01056
 17.5000   42.74167  205.17096   33.6367  138.6987    6.61200   -0.00055
 17.5083   42.98908  205.25363   33.6587  138.7055    6.57900    0.01392
 17.5167   43.23663  205.33704   33.6805  138.7122    6.55900    0.02159
 17.5250   43.48431  205.42117   33.7021  138.7190    6.50500    0.02259
 17.5333   43.73212  205.50604   33.7236  138.7257    6.45000    0.01298
 17.5417   43.98006  205.59166   33.7449  138.7323    6.39100    0.00663
 17.5500   44.22812  205.67802   33.7661  138.7389    6.35400   -0.00005
 17.5583   44.47631  205.76517   33.7871  138.7455    6.29800   -0.00633
 17.5667   44.72461  205.85306   33.8080  138.7520    6.23900   -0.01269
 17.5750   44.97303  205.94174   33.8287  138.7585    6.20000   -0.01826
 17.5833   45.22157  206.03119   33.8493  138.7650    6.14400   -0.01550
 17.5917   45.47022  206.12143   33.8697  138.7714    6.11300   -0.00535
 17.6000   45.71898  206.21246   33.8900  138.7778    6.09300    0.01285
 17.6083   45.96784  206.30431   33.9102  138.7841    6.05900    0.02984
 17.6167   46.21681  206.39697   33.9302  138.7904    6.01600    0.03927
 17.6250   46.46588  206.49043   33.9501  138.7967    5.96200    0.04697
 17.6333   46.71505  206.58475   33.9699  138.8030    5.91800    0.05234
 17.6417   46.96432  206.67989   33.9895  138.8092    5.86200    0.06204
 17.6500   47.21367  206.77586   34.0090  138.8154    5.82200    0.06620
 17.6583   47.46312  206.87271   34.0284  138.8215    5.75400    0.05653
 17.6667   47.71266  206.97041   34.0476  138.8277    5.64400    0.02933
 17.6750   47.96228  207.06900   34.0668  138.8338    5.53600   -0.00140
 17.6833   48.21199  207.16846   34.0858  138.8398    5.45400   -0.01985
 17.6917   48.46177  207.26881   34.1046  138.8459    5.39000   -0.03248
 17.7000   48.71163  207.37009   34.1234  138.8519    5.30500   -0.03918
 17.7083   48.96156  207.47226   34.1420  138.8579    5.24800   -0.04994
 17.7167   49.21157  207.57536   34.1605  138.8638    5.17200   -0.05938
 17.7250   49.46164  207.67940   34.1790  138.8698    5.09500   -0.06384
 17.7333   49.71177  207.78438   34.1972  138.8757    5.05900   -0.05794
 17.7417   49.96197  207.89032   34.2154  138.8816    5.02500   -0.04563
 17.7500   50.21222  207.99722   34.2335  138.8874    4.97700   -0.03748
 17.7583   50.46253  208.10513   34.2514  138.8933    4.93400   -0.03390
 17.7667   50.71289  208.21402   34.2693  138.8991    4.89100   -0.02231
 17.7750   50.96330  208.32391   34.2870  138.9049    4.87900   -0.01139
 17.7833   51.21376  208.43483   34.3047  138.9107    4.83700    0.00489
 17.7917   51.46426  208.54678   34.3222  138.9164    4.81600    0.01292
 17.8000   51.71480  208.65977   34.3396  138.9222    4.77600    0.01907
 17.8083   51.96537  208.77383   34.3570  138.9279    4.72900    0.02192
 17.8167   52.21598  208.88898   34.3742  138.9336    4.69800    0.02207
 17.8250   52.46661  209.00520   34.3913  138.9393    4.64800    0.02627
 17.8333   52.71728  209.12254   34.4083  138.9450    4.61600    0.02328
 17.8417   52.96796  209.24100   34.4253  138.9506    4.55900    0.01914
 17.8500   53.21866  209.36060   34.4421  138.9563    4.50600    0.01007
 17.8583   53.46938  209.48134   34.4588  138.9619    4.45700   -0.00139
 17.8667   53.72011  209.60326   34.4755  138.9675    4.39400   -0.01138
 17.8750   53.97085  209.72636   34.4920  138.9731    4.34900   -0.02566
 17.8833   54.22160  209.85069   34.5085  138.9786    4.28800   -0.03398
 17.8917   54.47234  209.97623   34.5248  138.9842    4.25000   -0.04425
 17.9000   54.72309  210.10301   34.5411  138.9898    4.20300   -0.04826
 17.9083   54.97382  210.23106   34.5573  138.9953    4.17100   -0.05359
 17.9167   55.22455  210.36040   34.5734  139.0008    4.13500   -0.06025
 17.9250   55.47526  210.49103   34.5894  139.0063    4.09100   -0.05918
 17.9333   55.72596  210.62299   34.6053  139.0118    4.09100   -0.04998
 17.9417   55.97663  210.75629   34.6212  139.0173    4.08600   -0.03554
 17.9500   56.22728  210.89096   34.6369  139.0228    4.06200   -0.02508
 17.9583   56.47790  211.02702   34.6526  139.0283    4.05200   -0.01880
 17.9667   56.72848  211.16451   34.6682  139.0338    4.03800   -0.00755
 17.9750   56.97903  211.30342   34.6837  139.0392    4.03600    0.00727
 17.9833   57.22954  211.44380   34.6991  139.0446    4.04400    0.02633
 17.9917   57.47999  211.58566   34.7145  139.0501    4.05100    0.04137
 18.0000   57.73040  211.72905   34.7297  139.0555    4.04300    0.03403
 18.0083   57.98075  211.87398   34.7449  139.0609    3.98400    0.00563
 18.0167   58.23105  212.02048   34.7600  139.0664    3.93100   -0.03127
 18.0250   58.48128  212.16858   34.7751  139.0718    3.90900   -0.05506
 18.0333   58.73144  212.31831   34.7901  139.0772    3.90900   -0.07647
 18.0417   58.98153  212.46970   34.8049  139.0826    3.87500   -0.10008
 18.0500   59.23154  212.62277   34.8198  139.0880    3.85300   -0.12075
 18.0583   59.48147  212.77757   34.8345  139.0934    3.87100   -0.13248
 18.0667   59.73131  212.93413   34.8492  139.0987    3.87900   -0.13638
 18.0750   59.98105  213.09248   34.8638  139.1041    3.89700   -0.12585
 18.0833   60.23071  213.25266   34.8783  139.1095    3.97400   -0.09680
 18.0917   60.48025  213.41470   34.8928  139.1149    4.04900   -0.04841
 18.1000   60.72970  213.57864   34.9072  139.1202    4.13300   -0.00482
 18.1083   60.97902  213.74454   34.9215  139.1256    4.19200    0.02141
 18.1167   61.22823  213.91241   34.9357  139.1310    4.20800    0.02722
 18.1250   61.47732  214.08231   34.9499  139.1364    4.22200    0.04188
 18.1333   61.72628  214.25426   34.9640  139.1417    4.30900    0.08327
 18.1417   61.97510  214.42833   34.9781  139.1471    4.41000    0.14350
 18.1500   62.22378  214.60455   34.9921  139.1525    4.48200    0.18450
 18.1583   62.47231  214.78299   35.0060  139.1578    4.50000    0.17550
 18.1667   62.72069  214.96367   35.0199  139.1632    4.42700    0.13236
 18.1750   62.96892  215.14667   35.0337  139.1685    4.37500    0.07895
 18.1833   63.21697  215.33202   35.0474  139.1739    4.34800    0.05199
 18.1917   63.46486  215.51976   35.0611  139.1793    4.35900    0.02388
 18.2000   63.71257  215.70999   35.0747  139.1847    4.30700   -0.01238
 18.2083   63.96009  215.90274   35.0882  139.1900    4.25900   -0.06119
 18.2167   64.20742  216.09807   35.1017  139.1954    4.23100   -0.09868
 18.2250   64.45455  216.29605   35.1151  139.2008    4.22200   -0.12177
 18.2333   64.70147  216.49675   35.1285  139.2062    4.23200   -0.14656
 18.2417   64.94818  216.70023   35.1418  139.2116    4.21500   -0.17977
 18.2500   65.19467  216.90656   35.1551  139.2170    4.19700   -0.20519
 18.2583   65.44093  217.11580   35.1683  139.2223    4.25200   -0.20392
 18.2667   65.68696  217.32803   35.1814  139.2278    4.34500   -0.17902
 18.2750   65.93274  217.54335   35.1945  139.2332    4.42200   -0.16818
 18.2833   66.17826  217.76183   35.2075  139.2386    4.44800   -0.17458
 18.2917   66.42352  217.98352   35.2205  139.2440    4.50000   -0.14120
 18.3000   66.66852  218.20854   35.2334  139.2494    4.72000   -0.06183
 18.3083   66.91323  218.43698   35.2462  139.2548    4.90100    0.03328
 18.3167   67.15765  218.66891   35.2590  139.2603    5.00100    0.08872
 18.3250   67.40177  218.90446   35.2718  139.2657    5.08500    0.11140
 18.3333   67.64558  219.14371   35.2845  139.2711    5.15700    0.14178
 18.3417   67.88907  219.38676   35.2971  139.2766    5.27700    0.17331
 18.3500   68.13223  219.63374   35.3097  139.2820    5.35700    0.20494
 18.3583   68.37505  219.88474   35.3222  139.2875    5.41400    0.22387
 18.3667   68.61752  220.13988   35.3347  139.2930    5.47700    0.22778
 18.3750   68.85962  220.39929   35.3471  139.2984    5.49100    0.20863
 18.3833   69.10134  220.66310   35.3595  139.3039    5.44900    0.16727
 18.3917   69.34267  220.93144   35.3718  139.3094    5.41100    0.10956
 18.4000   69.58360  221.20445   35.3841  139.3149    5.34500    0.07971
 18.4083   69.82412  221.48227   35.3964  139.3204    5.37100    0.05900
 18.4167   70.06420  221.76505   35.4085  139.3260    5.34400    0.06512
 18.4250   70.30384  222.05296   35.4207  139.3315    5.33500    0.06456
 18.4333   70.54302  222.34615   35.4327  139.3371    5.31000    0.05813
 18.4417   70.78172  222.64478   35.4448  139.3426    5.23600    0.03439
 18.4500   71.01994  222.94905   35.4567  139.3482    5.15300    0.01548
 18.4583   71.25764  223.25914   35.4687  139.3537    5.12700    0.01855
 18.4667   71.49481  223.57526   35.4806  139.3593    5.11300    0.04962
 18.4750   71.73144  223.89757   35.4924  139.3649    5.11600    0.07923
 18.4833   71.96751  224.22632   35.5042  139.3705    5.09000    0.09060
 18.4917   72.20299  224.56172   35.5159  139.3761    5.02100    0.04752
 18.5000   72.43786  224.90401   35.5276  139.3817    4.85400   -0.00341
 18.5083   72.67211  225.25342   35.5392  139.3873    4.79600   -0.04846
 18.5167   72.90570  225.61021   35.5508  139.3930    4.73800   -0.05491
 18.5250   73.13863  225.97467   35.5624  139.3986    4.68600   -0.06573
 18.5333   73.37085  226.34705   35.5739  139.4043    4.61800   -0.06793
 18.5417   73.60234  226.72765   35.5853  139.4100    4.59300   -0.05911
 18.5500   73.83309  227.11678   35.5967  139.4156    4.58000   -0.03327
 18.5583   74.06305  227.51476   35.6081  139.4213    4.56400    0.00151
 18.5667   74.29220  227.92194   35.6194  139.4270    4.56200    0.03162
 18.5750   74.52051  228.33865   35.6307  139.4327    4.53000    0.02611
 18.5833   74.74794  228.76529   35.6419  139.4384    4.40700    0.00155
 18.5917   74.97445  229.20224   35.6531  139.4442    4.35300   -0.02915
 18.6000   75.20002  229.64992   35.6642  139.4499    4.30900   -0.02581
 18.6083   75.42460  230.10873   35.6753  139.4556    4.29300   -0.00831
 18.6167   75.64815  230.57916   35.6863  139.4614    4.28500    0.01989
 18.6250   75.87063  231.06168   35.6973  139.4671    4.27500    0.04187
 18.6333   76.09199  231.55678   35.7083  139.4729    4.23800    0.04253
 18.6417   76.31218  232.06500   35.7192  139.4787    4.16100    0.02857
 18.6500   76.53116  232.58688   35.7300  139.4845    4.10100    0.01043
 18.6583   76.74887  233.12302   35.7408  139.4902    4.04700    0.00212
 18.6667   76.96525  233.67403   35.7516  139.4960    4.00000   -0.00399
 18.6750   77.18025  234.24055   35.7623  139.5018    3.94800   -0.00634
 18.6833   77.39380  234.82326   35.7730  139.5076    3.90800   -0.00599
 18.6917   77.60583  235.42290   35.7836  139.5134    3.86500    0.00024
 18.7000   77.81628  236.04018   35.7942  139.5192    3.82300    0.00588
 18.7083   78.02506  236.67592   35.8047  139.5250    3.77100    0.02144
 18.7167   78.23210  237.33096   35.8152  139.5308    3.75000    0.03419
 18.7250   78.43732  238.00616   35.8257  139.5366    3.69800    0.04493
 18.7333   78.64062  238.70247   35.8361  139.5424    3.64100    0.04378
 18.7417   78.84191  239.42082   35.8465  139.5482    3.58700    0.03510
 18.7500   79.04109  240.16226   35.8568  139.5539    3.51200    0.03036
 18.7583   79.23805  240.92783   35.8671  139.5597    3.46600    0.01997
 18.7667   79.43269  241.71867   35.8773  139.5655    3.39100    0.00238
 18.7750   79.62487  242.53593   35.8875  139.5712    3.29200   -0.01685
 18.7833   79.81448  243.38087   35.8976  139.5770    3.23900   -0.03194
 18.7917   80.00138  244.25475   35.9077  139.5827    3.17700   -0.02462
 18.8000   80.18543  245.15891   35.9178  139.5884    3.14300   -0.01714
 18.8083   80.36648  246.09473   35.9279  139.5940    3.08800   -0.00140
 18.8167   80.54436  247.06366   35.9379  139.5997    3.04900    0.00269
 18.8250   80.71892  248.06718   35.9478  139.6053    2.98200    0.00179
 18.8333   80.88998  249.10687   35.9578  139.6109    2.91500   -0.01250
 18.8417   81.05734  250.18427   35.9677  139.6164    2.83800   -0.01553
 18.8500   81.22082  251.30103   35.9776  139.6220    2.80700   -0.01626
 18.8583   81.38021  252.45879   35.9874  139.6275    2.75100   -0.00733
 18.8667   81.53529  253.65921   35.9973  139.6329    2.70700   -0.01400
 18.8750   81.68584  254.90398   36.0071  139.6383    2.63100   -0.01811
 18.8833   81.83164  256.19476   36.0170  139.6437    2.57900   -0.02022
 18.8917   81.97243  257.53320   36.0268  139.6490    2.53800   -0.00407
 18.9000   82.10796  258.92087   36.0366  139.6542    2.51400    0.00890
 18.9083   82.23800  260.35928   36.0464  139.6594    2.45300    0.02154
 18.9167   82.36226  261.84988   36.0563  139.6646    2.41300    0.02029
 18.9250   82.48049  263.39389   36.0662  139.6697    2.35200    0.02430
 18.9333   82.59242  264.99243   36.0761  139.6748    2.31000    0.02347
 18.9417   82.69777  266.64639   36.0860  139.6798    2.25600    0.01891
 18.9500   82.79629  268.35635   36.0960  139.6848    2.18200   -0.00347
 18.9583   82.88772  270.12262   36.1060  139.6897    2.08900   -0.02298
 18.9667   82.97179  271.94513   36.1161  139.6946    2.04700   -0.03769
 18.9750   83.04827  273.82343   36.1263  139.6995    1.99200   -0.03945
 18.9833   83.11692  275.75653   36.1366  139.7044    1.94000   -0.03752
 18.9917   83.17754  277.74301   36.1469  139.7093    1.91300   -0.03031
 19.0000   83.22993  279.78088   36.1574  139.7143    1.87600   -0.02390
 19.0083   83.27392  281.86755   36.1679  139.7192    1.82400   -0.02978
 19.0167   83.30939  283.99982   36.1785  139.7243    1.76100   -0.04036
 19.0250   83.33620  286.17395   36.1893  139.7294    1.71200   -0.03791
 19.0333   83.35430  288.38550   36.2001  139.7346    1.70200   -0.03294
 19.0417   83.36363  290.62955   36.2111  139.7399    1.65200   -0.02124
 19.0500   83.36418  292.90067   36.2221  139.7453    1.62800   -0.00973
 19.0583   83.35598  295.19293   36.2332  139.7509    1.62100    0.01090
 19.0667   83.33909  297.50006   36.2444  139.7567    1.59900    0.02066
 19.0750   83.31359  299.81558   36.2557  139.7626    1.54200    0.02064
 19.0833   83.27962  302.13281   36.2670  139.7687    1.50500    0.01862
 19.0917   83.23733  304.44504   36.2784  139.7750    1.47700    0.01813
 19.1000   83.18691  306.74567   36.2897  139.7816    1.42700    0.01532
 19.1083   83.12855  309.02835   36.3011  139.7883    1.38500    0.01335
 19.1167   83.06248  311.28699   36.3124  139.7952    1.35900    0.01115
 19.1250   82.98896  313.51593   36.3238  139.8024    1.30700    0.00917
 19.1333   82.90823  315.70999   36.3351  139.8097    1.26300    0.00211
 19.1417   82.82057  317.86453   36.3463  139.8172    1.21900   -0.00294
 19.1500   82.72626  319.97552   36.3575  139.8250    1.16900   -0.00293
 19.1583   82.62558  322.03955   36.3685  139.8328    1.13800    0.00056
 19.1667   82.51881  324.05371   36.3796  139.8409    1.10400    0.00601
 19.1750   82.40622  326.01581   36.3905  139.8491    1.06200    0.00430
 19.1833   82.28812  327.92413   36.4013  139.8574    1.01200   -0.00049
 19.1917   82.16476  329.77753   36.4120  139.8658    0.97200   -0.00666
 19.2000   82.03642  331.57532   36.4227  139.8744    0.92800   -0.01395
 19.2083   81.90335  333.31726   36.4332  139.8830    0.87800   -0.02206
 19.2167   81.76582  335.00351   36.4436  139.8917    0.84000   -0.03147
 19.2250   81.62407  336.63455   36.4539  139.9005    0.79800   -0.04256
 19.2333   81.47832  338.21115   36.4642  139.9094    0.74800   -0.05323
 19.2417   81.32881  339.73431   36.4743  139.9183    0.71500   -0.05085
 19.2500   81.17576  341.20520   36.4844  139.9273    0.71500   -0.04316
 19.2583   81.01935  342.62521   36.4943  139.9363    0.68300   -0.03386
 19.2667   80.85980  343.99582   36.5042  139.9454    0.65800   -0.03220
 19.2750   80.69728  345.31857   36.5140  139.9545    0.63900   -0.02536
 19.2833   80.53196  346.59506   36.5237  139.9636    0.62700   -0.01317
 19.2917   80.36402  347.82697   36.5333  139.9728    0.62200    0.00128
 19.3000   80.19361  349.01599   36.5429  139.9819    0.61200    0.01032
 19.3083   80.02088  350.16376   36.5523  139.9911    0.58600    0.01384
 19.3167   79.84596  351.27197   36.5618  140.0004    0.56800    0.01077
 19.3250   79.66899  352.34222   36.5711  140.0096    0.54400    0.00477
 19.3333   79.49009  353.37616   36.5804  140.0189    0.51500   -0.00154
 19.3417   79.30938  354.37531   36.5897  140.0282    0.50100   -0.00437
 19.3500   79.12697  355.34119   36.5989  140.0375    0.49100   -0.00802
 19.3583   78.94296  356.27527   36.6080  140.0468    0.46200   -0.01525
 19.3667   78.75746  357.17896   36.6171  140.0561    0.43800   -0.03227
 19.3750   78.57054  358.05362   36.6261  140.0655    0.39900   -0.04736
 19.3833   78.38230  358.90057   36.6351  140.0748    0.37800   -0.05537
 19.3917   78.19282  359.72104   36.6441  140.0842    0.37900   -0.04816
 19.4000   78.00218    0.51625   36.6530  140.0936    0.38900   -0.02853
 19.4083   77.81044    1.28732   36.6619  140.1031    0.40800   -0.00962
 19.4167   77.61769    2.03534   36.6707  140.1125    0.40800    0.00153
 19.4250   77.42397    2.76136   36.6795  140.1220    0.39700    0.00050
 19.4333   77.22936    3.46636   36.6883  140.1315    0.38000   -0.00425
 19.4417   77.03390    4.15128   36.6970  140.1410    0.36900   -0.00226
 19.4500   76.83766    4.81703   36.7057  140.1505    0.37900    0.00947
 19.4583   76.64069    5.46445   36.7143  140.1601    0.39400    0.02336
 19.4667   76.44302    6.09436   36.7230  140.1697    0.39300    0.02626
 19.4750   76.24472    6.70752   36.7316  140.1793    0.37200    0.02084
 19.4833   76.04582    7.30467   36.7401  140.1889    0.36300    0.00959
 19.4917   75.84636    7.88651   36.7487  140.1986    0.34400    0.00979
 19.5000   75.64638    8.45369   36.7572  140.2083    0.35600    0.00704
 19.5083   75.44592    9.00684   36.7656  140.2180    0.33500   -0.00065
 19.5167   75.24501    9.54656   36.7741  140.2278    0.29900   -0.01220
 19.5250   75.04369   10.07342   36.7825  140.2376    0.29900   -0.02234
 19.5333   74.84199   10.58796   36.7909  140.2474    0.28200   -0.02154
 19.5417   74.63993   11.09068   36.7993  140.2572    0.27800   -0.01495
 19.5500   74.43754   11.58209   36.8076  140.2671    0.29200    0.00141
 19.5583   74.23486   12.06263   36.8160  140.2770    0.30300    0.02106
 19.5667   74.03190   12.53276   36.8242  140.2870    0.30800    0.02583
 19.5750   73.82869   12.99289   36.8325  140.2970    0.27800    0.01953
 19.5833   73.62526   13.44342   36.8408  140.3070    0.25600    0.00804
 19.5917   73.42162   13.88474   36.8490  140.3171    0.24700    0.00273
 19.6000   73.21779   14.31720   36.8572  140.3272    0.23900    0.00125
 19.6083   73.01380   14.74116   36.8653  140.3373    0.23200   -0.00007
 19.6167   72.80967   15.15693   36.8735  140.3475    0.22600   -0.01143
 19.6250   72.60540   15.56484   36.8816  140.3577    0.18800   -0.02339
 19.6333   72.40103   15.96518   36.8897  140.3679    0.18000   -0.03684
 19.6417   72.19656   16.35824   36.8978  140.3782    0.17000   -0.03490
 19.6500   71.99201   16.74429   36.9058  140.3886    0.18000   -0.02731
 19.6583   71.78740   17.12359   36.9139  140.3989    0.19100   -0.01934
 19.6667   71.58274   17.49639   36.9219  140.4094    0.18400   -0.01395
 19.6750   71.37804   17.86293   36.9298  140.4198    0.18800   -0.01150
 19.6833   71.17332   18.22344   36.9378  140.4303    0.19300   -0.01270
 19.6917   70.96859   18.57812   36.9457  140.4409    0.17800   -0.01055
 19.7000   70.76386   18.92719   36.9537  140.4514    0.19400   -0.00669
 19.7083   70.55914   19.27085   36.9615  140.4621    0.20400    0.00537
 19.7167   70.35444   19.60929   36.9694  140.4728    0.21300    0.01507
 19.7250   70.14978   19.94268   36.9772  140.4835    0.22100    0.01965
 19.7333   69.94516   20.27120   36.9851  140.4943    0.21300    0.01782
 19.7417   69.74059   20.59503   36.9929  140.5051    0.20000    0.01378
 19.7500   69.53608   20.91431   37.0006  140.5159    0.19900    0.02434
 19.7583   69.33165   21.22920   37.0084  140.5269    0.23500    0.04204
 19.7667   69.12730   21.53985   37.0161  140.5378    0.24300    0.04807
 19.7750   68.92303   21.84640   37.0238  140.5488    0.20500    0.03379
 19.7833   68.71886   22.14899   37.0315  140.5599    0.17600    0.01060
 19.7917   68.51479   22.44774   37.0392  140.5710    0.15300   -0.00388
 19.8000   68.31082   22.74277   37.0468  140.5821    0.13800   -0.00975
 19.8083   68.10698   23.03422   37.0544  140.5933    0.13300   -0.00857
 19.8167   67.90326   23.32219   37.0620  140.6046    0.13200   -0.00863
 19.8250   67.69967   23.60680   37.0696  140.6159    0.11500   -0.01434
 19.8333   67.49621   23.88814   37.0771  140.6272    0.09400   -0.01769
 19.8417   67.29290   24.16633   37.0847  140.6387    0.10000   -0.01171
 19.8500   67.08973   24.44146   37.0922  140.6501    0.11000   -0.00283
 19.8583   66.88671   24.71362   37.0996  140.6616    0.09700   -0.00612
 19.8667   66.68386   24.98291   37.1071  140.6732    0.06600   -0.01715
 19.8750   66.48116   25.24942   37.1145  140.6848    0.05500   -0.02443
 19.8833   66.27863   25.51322   37.1219  140.6965    0.05800   -0.02114
 19.8917   66.07627   25.77441   37.1293  140.7082    0.06400   -0.01034
 19.9000   65.87409   26.03305   37.1367  140.7200    0.07900   -0.00132
 19.9083   65.67210   26.28923   37.1440  140.7318    0.07800    0.00444
 19.9167   65.47028   26.54301   37.1513  140.7437    0.07500    0.00203
 19.9250   65.26865   26.79448   37.1586  140.7556    0.06400   -0.00153
 19.9333   65.06722   27.04369   37.1659  140.7676    0.05700   -0.00318
 19.9417   64.86598   27.29071   37.1731  140.7797    0.05900   -0.00378
 19.9500   64.66495   27.53560   37.1803  140.7918    0.05300    0.00024
 19.9583   64.46411   27.77843   37.1875  140.8040    0.06400    0.00411
 19.9667   64.26348   28.01926   37.1947  140.8162    0.06800    0.00720
 19.9750   64.06307   28.25814   37.2018  140.8285    0.06100    0.01052
 19.9833   63.86286   28.49512   37.2090  140.8408    0.07400    0.00789
 19.9917   63.66287   28.73026   37.2161  140.8532    0.05800    0.00208
 20.0000   63.46310   28.96362   37.2231  140.8657    0.04100   -0.01198
 20.0083   63.26355   29.19523   37.2302  140.8782    0.02700   -0.01850
 20.0167   63.06422   29.42516   37.2372  140.8908    0.03800   -0.02074
 20.0250   62.86512   29.65344   37.2442  140.9034    0.03700   -0.02339
 20.0333   62.66624   29.88012   37.2512  140.9161    0.02500   -0.02367
 20.0417   62.46760   30.10525   37.2581  140.9289    0.04600   -0.01831
 20.0500   62.26919   30.32886   37.2651  140.9417    0.06400   -0.00718
 20.0583   62.07102   30.55100   37.2720  140.9546    0.07200   -0.00515
 20.0667   61.87308   30.77171   37.2788  140.9675    0.05900    0.00039
 20.0750   61.67539   30.99102   37.2857  140.9805    0.08600   -0.00084
 20.0833   61.47793   31.20898   37.2925  140.9936    0.06500    0.00562
 20.0917   61.28072   31.42562   37.2993  141.0067    0.07800    0.01129
 20.1000   61.08375   31.64097   37.3061  141.0199    0.10400    0.02621
 20.1083   60.88703   31.85506   37.3128  141.0332    0.11900    0.03822
 20.1167   60.69056   32.06794   37.3195  141.0465    0.12500    0.03933
 20.1250   60.49433   32.27963   37.3262  141.0599    0.11600    0.04296
 20.1333   60.29836   32.49016   37.3329  141.0733    0.13900    0.02416
 20.1417   60.10264   32.69957   37.3396  141.0868    0.06600    0.00429
 20.1500   59.90718   32.90788   37.3462  141.1004    0.05300   -0.03755
 20.1583   59.71197   33.11512   37.3528  141.1140    0.00000   -0.05369
 20.1667   59.51701   33.32131   37.3593  141.1277    0.02000   -0.05539
 20.1750   59.32231   33.52650   37.3659  141.1415    0.06400   -0.03838
 20.1833   59.12788   33.73069   37.3724  141.1554    0.08400   -0.03303
 20.1917   58.93370   33.93392   37.3789  141.1693    0.06900   -0.02748
 20.2000   58.73978   34.13621   37.3853  141.1832    0.10700   -0.03035
 20.2083   58.54613   34.33758   37.3917  141.1973    0.10000   -0.03965
 20.2167   58.35274   34.53806   37.3981  141.2114    0.06600   -0.04877
 20.2250   58.15961   34.73767   37.4045  141.2256    0.11700   -0.05754
 20.2333   57.96674   34.93643   37.4109  141.2398    0.10900   -0.03828
 20.2417   57.77415   35.13436   37.4172  141.2542    0.16400    0.00234
 20.2500   57.58182   35.33149   37.4235  141.2685    0.28200    0.04824
 20.2583   57.38975   35.52782   37.4297  141.2830    0.29300    0.08429
 20.2667   57.19795   35.72340   37.4360  141.2975    0.31200    0.05653
 20.2750   57.00642   35.91822   37.4422  141.3121    0.20000    0.06923
 20.2833   56.81517   36.11231   37.4483  141.3268    0.34400    0.08942
 20.2917   56.62417   36.30569   37.4545  141.3415    0.39400    0.13400
 20.3000   56.43345   36.49838   37.4606  141.3563    0.37800    0.09404
 20.3083   56.24300   36.69039   37.4667  141.3712    0.24200   -0.00583
 20.3167   56.05283   36.88174   37.4728  141.3862    0.09500   -0.07938
 20.3250   55.86292   37.07244   37.4788  141.4012    0.18500   -0.09697
 20.3333   55.67328   37.26251   37.4848  141.4163    0.25400   -0.10649
 20.3417   55.48392   37.45197   37.4908  141.4315    0.13800   -0.14780
 20.3500   55.29483   37.64083   37.4967  141.4467    0.10600   -0.19936
 20.3583   55.10601   37.82911   37.5026  141.4621    0.13000   -0.18562
 20.3667   54.91747   38.01682   37.5085  141.4774    0.23900   -0.14986
 20.3750   54.72920   38.20397   37.5144  141.4929    0.28800   -0.06625
 20.3833   54.54120   38.39058   37.5202  141.5085    0.48300    0.00339
 20.3917   54.35347   38.57666   37.5260  141.5241    0.54400    0.08632
 20.4000   54.16602   38.76222   37.5318  141.5398    0.65300    0.14586
 20.4083   53.97885   38.94727   37.5375  141.5556    0.78400    0.18172
 20.4167   53.79195   39.13184   37.5432  141.5714    0.77600    0.14665
 20.4250   53.60532   39.31592   37.5489  141.5874    0.64000    0.04889
 20.4333   53.41896   39.49954   37.5545  141.6034    0.55500   -0.02066
 20.4417   53.23289   39.68269   37.5601  141.6195    0.67200   -0.03285
 20.4500   53.04708   39.86541   37.5657  141.6357    0.75600   -0.03672
 20.4583   52.86155   40.04768   37.5712  141.6519    0.70300   -0.09672
 20.4667   52.67630   40.22953   37.5767  141.6682    0.59100   -0.15303
 20.4750   52.49131   40.41096   37.5822  141.6846    0.66600   -0.12944
 20.4833   52.30661   40.59199   37.5876  141.7011    0.87800   -0.06294
 20.4917   52.12217   40.77263   37.5931  141.7177    0.90700   -0.00527
 20.5000   51.93801   40.95288   37.5984  141.7344    0.94000    0.02026
 20.5083   51.75413   41.13275   37.6038  141.7511    1.04200    0.08306
 20.5167   51.57052   41.31225   37.6091  141.7679    1.23000    0.13983
 20.5250   51.38718   41.49139   37.6144  141.7848    1.25700    0.16495
 20.5333   51.20411   41.67019   37.6196  141.8018    1.25600    0.10615
 20.5417   51.02132   41.84864   37.6248  141.8189    1.15000    0.03212
 20.5500   50.83880   42.02676   37.6300  141.8360    1.15000   -0.06674
 20.5583   50.65656   42.20455   37.6351  141.8533    1.07500   -0.12680
 20.5667   50.47458   42.38203   37.6403  141.8706    1.11000   -0.16018
 20.5750   50.29288   42.55920   37.6453  141.8880    1.18600   -0.15889
 20.5833   50.11145   42.73606   37.6504  141.9055    1.22000   -0.15150
 20.5917   49.93029   42.91263   37.6554  141.9231    1.26100   -0.13001
 20.6000   49.74940   43.08891   37.6603  141.9408    1.37500   -0.05246
 20.6083   49.56879   43.26491   37.6653  141.9585    1.60800    0.06157
 20.6167   49.38844   43.44063   37.6702  141.9763    1.78500    0.16850
 20.6250   49.20836   43.61609   37.6750  141.9943    1.88600    0.21565
 20.6333   49.02856   43.79129   37.6798  142.0123    1.90900    0.20593
 20.6417   48.84902   43.96623   37.6846  142.0304    1.89200    0.12794
 20.6500   48.66975   44.14092   37.6894  142.0486    1.75100    0.04317
 20.6583   48.49075   44.31537   37.6941  142.0669    1.77000   -0.05265
 20.6667   48.31202   44.48959   37.6988  142.0853    1.73000   -0.10409
 20.6750   48.13355   44.66357   37.7034  142.1037    1.77500   -0.15483
 20.6833   47.95535   44.83733   37.7080  142.1223    1.80000   -0.17683
 20.6917   47.77742   45.01087   37.7126  142.1409    1.85400   -0.18499
 20.7000   47.59975   45.18419   37.7171  142.1597    1.92600   -0.16746
 20.7083   47.42235   45.35731   37.7216  142.1785    2.02800   -0.13625
 20.7167   47.24522   45.53023   37.7260  142.1975    2.12800   -0.08151
 20.7250   47.06834   45.70294   37.7304  142.2165    2.29400   -0.00065
 20.7333   46.89174   45.87546   37.7348  142.2356    2.51200    0.09384
 20.7417   46.71539   46.04780   37.7391  142.2549    2.67900    0.15685
 20.7500   46.53931   46.21995   37.7434  142.2742    2.73800    0.17393
 20.7583   46.36349   46.39192   37.7477  142.2936    2.78000    0.13786
 20.7667   46.18793   46.56371   37.7519  142.3131    2.74100    0.09003
 20.7750   46.01263   46.73534   37.7560  142.3327    2.75400    0.05367
 20.7833   45.83759   46.90680   37.7602  142.3524    2.84300    0.03873
 20.7917   45.66281   47.07809   37.7642  142.3722    2.88800    0.01862
 20.8000   45.48829   47.24923   37.7683  142.3921    2.87400   -0.00590
 20.8083   45.31403   47.42022   37.7723  142.4121    2.93300   -0.02851
 20.8167   45.14003   47.59106   37.7762  142.4322    2.96600   -0.02942
 20.8250   44.96628   47.76175   37.7802  142.4525    3.01900   -0.03070
 20.8333   44.79279   47.93230   37.7840  142.4727    3.06200   -0.02964
 20.8417   44.61955   48.10271   37.7879  142.4931    3.10300   -0.02663
 20.8500   44.44657   48.27299   37.7917  142.5137    3.17600   -0.01962
 20.8583   44.27385   48.44314   37.7954  142.5343    3.25000   -0.01138
 20.8667   44.10137   48.61316   37.7991  142.5550    3.30600   -0.01392
 20.8750   43.92915   48.78305   37.8028  142.5758    3.33800   -0.02216
 20.8833   43.75718   48.95283   37.8064  142.5968    3.39400   -0.03861
 20.8917   43.58546   49.12248   37.8100  142.6178    3.42400   -0.04661
 20.9000   43.41400   49.29203   37.8135  142.6389    3.49800   -0.05288
 20.9083   43.24278   49.46146   37.8170  142.6602    3.56300   -0.04266
 20.9167   43.07181   49.63078   37.8204  142.6816    3.66300   -0.01990
 20.9250   42.90109   49.80000   37.8238  142.7030    3.78800    0.00434
 20.9333   42.73061   49.96911   37.8271  142.7246    3.85500    0.02020
 20.9417   42.56039   50.13813   37.8304  142.7463    3.91200    0.02877
 20.9500   42.39040   50.30705   37.8337  142.7681    3.99700    0.04308
 20.9583   42.22067   50.47587   37.8369  142.7900    4.08200    0.06219
 20.9667   42.05117   50.64461   37.8400  142.8120    4.15800    0.07326
 20.9750   41.88192   50.81325   37.8431  142.8342    4.21200    0.07643
 20.9833   41.71292   50.98181   37.8462  142.8564    4.26500    0.07292
 20.9917   41.54415   51.15028   37.8492  142.8788    4.31100    0.05942
 21.0000   41.37563   51.31868   37.8521  142.9012    4.31600    0.03984
 21.0083   41.20734   51.48699   37.8551  142.9238    4.33300    0.01348
 21.0167   41.03929   51.65523   37.8579  142.9465    4.34100   -0.01283
 21.0250   40.87149   51.82339   37.8607  142.9693    4.33800   -0.03372
 21.0333   40.70392   51.99148   37.8635  142.9923    4.37100   -0.03494
 21.0417   40.53658   52.15950   37.8662  143.0154    4.45300   -0.02052
 21.0500   40.36948   52.32746   37.8689  143.0385    4.50800   -0.00028
 21.0583   40.20262   52.49534   37.8715  143.0618    4.55900    0.01007
 21.0667   40.03599   52.66317   37.8740  143.0852    4.59400    0.01650
 21.0750   39.86959   52.83093   37.8765  143.1088    4.63100    0.01925
 21.0833   39.70342   52.99863   37.8790  143.1324    4.66800    0.02680
 21.0917   39.53749   53.16627   37.8814  143.1562    4.72800    0.02699
 21.1000   39.37178   53.33385   37.8837  143.1801    4.73600    0.02058
 21.1083   39.20631   53.50139   37.8860  143.2042    4.74700   -0.00057
 21.1167   39.04106   53.66886   37.8883  143.2283    4.74400   -0.01306
 21.1250   38.87604   53.83629   37.8904  143.2526    4.78900   -0.02159
 21.1333   38.71125   54.00367   37.8926  143.2770    4.81400   -0.02059
 21.1417   38.54668   54.17100   37.8946  143.3016    4.84900   -0.01228
 21.1500   38.38234   54.33828   37.8967  143.3262    4.92200   -0.00029
 21.1583   38.21822   54.50552   37.8986  143.3510    4.95800    0.01157
 21.1667   38.05432   54.67271   37.9005  143.3760    4.98700    0.01461
 21.1750   37.89064   54.83987   37.9024  143.4010    5.01800    0.01447
 21.1833   37.72719   55.00698   37.9042  143.4262    5.04300    0.01459
 21.1917   37.56395   55.17405   37.9059  143.4516    5.08000    0.01206
 21.2000   37.40094   55.34109   37.9076  143.4770    5.10800    0.01167
 21.2083   37.23814   55.50809   37.9092  143.5026    5.14700    0.00995
 21.2167   37.07556   55.67505   37.9107  143.5283    5.18000   -0.00333
 21.2250   36.91319   55.84198   37.9122  143.5542    5.15400   -0.02440
 21.2333   36.75104   56.00888   37.9137  143.5802    5.15800   -0.04793
 21.2417   36.58910   56.17575   37.9151  143.6064    5.18000   -0.05209
 21.2500   36.42738   56.34258   37.9164  143.6326    5.24800   -0.04179
 21.2583   36.26586   56.50939   37.9176  143.6591    5.32700   -0.02482
 21.2667   36.10456   56.67617   37.9188  143.6857    5.38900   -0.01368
 21.2750   35.94347   56.84292   37.9199  143.7124    5.43800   -0.01622
 21.2833   35.78259   57.00965   37.9210  143.7392    5.46000   -0.02619
 21.2917   35.62191   57.17635   37.9220  143.7662    5.49700   -0.04013
 21.3000   35.46145   57.34302   37.9229  143.7934    5.53500   -0.04198
 21.3083   35.30119   57.50968   37.9238  143.8207    5.62300   -0.04492
 21.3167   35.14113   57.67631   37.9246  143.8481    5.66100   -0.03889
 21.3250   34.98128   57.84292   37.9254  143.8757    5.75100   -0.03002
 21.3333   34.82163   58.00951   37.9260  143.9034    5.85800   -0.02028
 21.3417   34.66218   58.17608   37.9267  143.9313    5.90500   -0.01065
 21.3500   34.50293   58.34263   37.9272  143.9594    5.99700   -0.00507
 21.3583   34.34388   58.50916   37.9277  143.9876    6.08800    0.01373
 21.3667   34.18503   58.67568   37.9281  144.0159    6.20500    0.02197
 21.3750   34.02638   58.84218   37.9284  144.0444    6.25300    0.01945
 21.3833   33.86793   59.00866   37.9287  144.0731    6.29900   -0.00049
 21.3917   33.70967   59.17513   37.9289  144.1019    6.33500   -0.01278
 21.4000   33.55160   59.34158   37.9290  144.1309    6.42400   -0.02149
 21.4083   33.39373   59.50802   37.9291  144.1600    6.49100   -0.01790
 21.4167   33.23606   59.67444   37.9290  144.1894    6.59000   -0.01562
 21.4250   33.07857   59.84086   37.9289  144.2188    6.67600   -0.01389
 21.4333   32.92127   60.00726   37.9288  144.2485    6.74500   -0.01713
 21.4417   32.76417   60.17365   37.9286  144.2783    6.82500   -0.01906
 21.4500   32.60725   60.34003   37.9282  144.3082    6.91900   -0.02215
 21.4583   32.45052   60.50639   37.9279  144.3384    6.98600   -0.02403
 21.4667   32.29397   60.67275   37.9274  144.3687    7.08000   -0.03243
 21.4750   32.13761   60.83910   37.9269  144.3992    7.15500   -0.03319
 21.4833   31.98144   61.00544   37.9262  144.4298    7.27200   -0.03800
 21.4917   31.82544   61.17177   37.9255  144.4606    7.35600   -0.03817
 21.5000   31.66963   61.33809   37.9248  144.4916    7.46300   -0.03493
 21.5083   31.51400   61.50440   37.9239  144.5228    7.60700   -0.03231
 21.5167   31.35855   61.67071   37.9230  144.5542    7.69800   -0.03430
 21.5250   31.20328   61.83701   37.9220  144.5857    7.79200   -0.03782
 21.5333   31.04819   62.00330   37.9209  144.6174    7.93800   -0.03738
 21.5417   30.89327   62.16959   37.9197  144.6493    8.06000   -0.03163
 21.5500   30.73853   62.33586   37.9185  144.6814    8.19100   -0.02979
 21.5583   30.58397   62.50214   37.9171  144.7136    8.32500   -0.02794
 21.5667   30.42958   62.66840   37.9157  144.7461    8.45600   -0.02542
 21.5750   30.27536   62.83466   37.9142  144.7787    8.60500   -0.02282
 21.5833   30.12131   63.00092   37.9126  144.8116    8.75600   -0.01970
 21.5917   29.96743   63.16717   37.9109  144.8446    8.90200   -0.01965
 21.6000   29.81372   63.33341   37.9092  144.8778    9.04500   -0.02275
 21.6083   29.66018   63.49965   37.9073  144.9112    9.19000   -0.02651
 21.6167   29.50681   63.66589   37.9053  144.9448    9.34200   -0.03352
 21.6250   29.35360   63.83212   37.9033  144.9786    9.47400   -0.04780
 21.6333   29.20056   63.99835   37.9012  145.0126    9.58500   -0.05255
 21.6417   29.04768   64.16457   37.8990  145.0468    9.79700   -0.04141
 21.6500   28.89496   64.33078   37.8967  145.0812   10.02300   -0.01817
 21.6583   28.74241   64.49700   37.8943  145.1158   10.20600   -0.00630
 21.6667   28.59001   64.66321   37.8918  145.1507   10.36300   -0.00097
 21.6750   28.43778   64.82941   37.8892  145.1857   10.56100    0.00230
 21.6833   28.28571   64.99561   37.8865  145.2209   10.74100    0.00048
 21.6917   28.13379   65.16181   37.8837  145.2564   10.87800   -0.00749
 21.7000   27.98203   65.32800   37.8808  145.2921   11.05000   -0.01405
 21.7083   27.83042   65.49419   37.8778  145.3279   11.24700   -0.01420
 21.7167   27.67897   65.66037   37.8747  145.3640   11.43100   -0.01825
 21.7250   27.52767   65.82655   37.8716  145.4004   11.58900   -0.02619
 21.7333   27.37653   65.99273   37.8683  145.4369   11.76500   -0.02764
 21.7417   27.22553   66.15890   37.8649  145.4737   11.98600   -0.02375
 21.7500   27.07469   66.32506   37.8614  145.5107   12.17800   -0.01885
 21.7583   26.92399   66.49123   37.8578  145.5479   12.36200   -0.01590
 21.7667   26.77344   66.65738   37.8541  145.5853   12.57200   -0.01071
 21.7750   26.62304   66.82354   37.8503  145.6230   12.77700   -0.00500
 21.7833   26.47279   66.98968   37.8464  145.6609   12.97000    0.00051
 21.7917   26.32268   67.15583   37.8423  145.6991   13.18200    0.00551
 21.8000   26.17271   67.32197   37.8382  145.7374   13.38300    0.00434
 21.8083   26.02289   67.48810   37.8339  145.7761   13.54000    0.01308
 21.8167   25.87320   67.65422   37.8296  145.8149   13.81300    0.02179
 21.8250   25.72366   67.82035   37.8251  145.8541   14.02100    0.01921
 21.8333   25.57426   67.98646   37.8205  145.8934   14.11700    0.00825
 21.8417   25.42499   68.15257   37.8158  145.9330   14.34700   -0.00658
 21.8500   25.27587   68.31867   37.8110  145.9729   14.53700   -0.00856
 21.8583   25.12687   68.48477   37.8060  146.0130   14.71600   -0.01741
 21.8667   24.97802   68.65086   37.8010  146.0534   14.90900   -0.03256
 21.8750   24.82930   68.81694   37.7958  146.0940   15.06500   -0.04646
 21.8833   24.68071   68.98301   37.7905  146.1349   15.25100   -0.05360
 21.8917   24.53225   69.14908   37.7850  146.1761   15.48500   -0.04159
 21.9000   24.38393   69.31514   37.7795  146.2175   15.75100   -0.02985
 21.9083   24.23573   69.48119   37.7738  146.2592   15.93500   -0.01216
 21.9167   24.08766   69.64723   37.7680  146.3011   16.20900   -0.00168
 21.9250   23.93972   69.81326   37.7620  146.3434   16.43900    0.01440
 21.9333   23.79191   69.97929   37.7559  146.3859   16.67100    0.02053
 21.9417   23.64422   70.14530   37.7497  146.4287   16.89400    0.02499
 21.9500   23.49666   70.31130   37.7434  146.4718   17.12900    0.01450
 21.9583   23.34922   70.47730   37.7369  146.5151   17.27900   -0.00094
 21.9667   23.20191   70.64328   37.7303  146.5588   17.47900   -0.02669
 21.9750   23.05471   70.80925   37.7235  146.6027   17.65200   -0.03602
 21.9833   22.90764   70.97521   37.7166  146.6469   17.90000   -0.04271
 21.9917   22.76068   71.14116   37.7096  146.6915   18.11600   -0.04333
 22.0000   22.61385   71.30710   37.7024  146.7363   18.32700   -0.03044
 22.0083   22.46713   71.47302   37.6951  146.7814   18.66400   -0.01424
 22.0167   22.32053   71.63893   37.6876  146.8269   18.89900    0.01184
 22.0250   22.17404   71.80483   37.6800  146.8726   19.17500    0.01934
 22.0333   22.02767   71.97071   37.6722  146.9187   19.39600    0.01941
 22.0417   21.88141   72.13658   37.6643  146.9650   19.59300    0.00894
 22.0500   21.73526   72.30243   37.6562  147.0117   19.81400   -0.00865
 22.0583   21.58922   72.46827   37.6479  147.0587   20.00500   -0.01702
 22.0667   21.44330   72.63410   37.6395  147.1060   20.27300   -0.02011
 22.0750   21.29748   72.79990   37.6310  147.1537   20.53500   -0.01947
 22.0833   21.15177   72.96569   37.6223  147.2016   20.75400   -0.02807
 22.0917   21.00617   73.13146   37.6134  147.2499   20.95700   -0.03351
 22.1000   20.86068   73.29722   37.6043  147.2986   21.23900   -0.03488
 22.1083   20.71529   73.46295   37.5951  147.3476   21.48400   -0.02812
 22.1167   20.57000   73.62867   37.5857  147.3969   21.74800   -0.01635
 22.1250   20.42482   73.79437   37.5762  147.4466   22.07500   -0.00521
 22.1333   20.27974   73.96005   37.5664  147.4966   22.32700    0.00384
 22.1417   20.13476   74.12570   37.5565  147.5470   22.59000    0.00177
 22.1500   19.98988   74.29134   37.5464  147.5977   22.84300   -0.00422
 22.1583   19.84510   74.45696   37.5362  147.6488   23.07000   -0.01884
 22.1667   19.70042   74.62255   37.5257  147.7002   23.27800   -0.02331
 22.1750   19.55584   74.78812   37.5151  147.7521   23.61500   -0.02140
 22.1833   19.41135   74.95366   37.5042  147.8042   23.90400   -0.01743
 22.1917   19.26696   75.11919   37.4932  147.8568   24.14000   -0.00840
 22.2000   19.12266   75.28469   37.4820  147.9098   24.52000   -0.01022
 22.2083   18.97845   75.45016   37.4706  147.9631   24.74400   -0.01298
 22.2167   18.83434   75.61561   37.4590  148.0168   24.98700   -0.03912
 22.2250   18.69032   75.78103   37.4472  148.0709   25.21800   -0.05881
 22.2333   18.54639   75.94642   37.4352  148.1254   25.49800   -0.06990
 22.2417   18.40255   76.11179   37.4229  148.1803   25.81700   -0.06374
 22.2500   18.25879   76.27713   37.4105  148.2356   26.19100   -0.04951
 22.2583   18.11513   76.44244   37.3979  148.2913   26.55000   -0.04637
 22.2667   17.97155   76.60772   37.3850  148.3474   26.80600   -0.05195
 22.2750   17.82806   76.77297   37.3719  148.4039   27.12900   -0.04548
 22.2833   17.68465   76.93819   37.3587  148.4608   27.57800   -0.02956
 22.2917   17.54132   77.10338   37.3451  148.5182   27.90700   -0.01026
 22.3000   17.39808   77.26853   37.3314  148.5760   28.25900   -0.01099
 22.3083   17.25492   77.43366   37.3174  148.6342   28.57400   -0.00672
 22.3167   17.11184   77.59875   37.3032  148.6929   28.95900    0.00045
 22.3250   16.96884   77.76380   37.2888  148.7520   29.35100    0.01703
 22.3333   16.82592   77.92882   37.2741  148.8115   29.74900    0.02747
 22.3417   16.68308   78.09381   37.2592  148.8715   30.08700    0.03147
 22.3500   16.54032   78.25876   37.2440  148.9319   30.42900    0.02060
 22.3583   16.39763   78.42367   37.2286  148.9928   30.72200    0.00226
 22.3667   16.25502   78.58854   37.2129  149.0541   31.00800   -0.01638
 22.3750   16.11248   78.75338   37.1970  149.1160   31.34500   -0.03507
 22.3833   15.97001   78.91818   37.1808  149.1782   31.62700   -0.02449
 22.3917   15.82762   79.08293   37.1644  149.2410   32.13100   -0.00605
 22.4000   15.68530   79.24765   37.1477  149.3042   32.52700    0.01758
 22.4083   15.54305   79.41233   37.1307  149.3680   32.85000    0.01355
 22.4167   15.40087   79.57696   37.1134  149.4322   33.13600    0.00084
 22.4250   15.25876   79.74155   37.0959  149.4969   33.46300    0.00324
 22.4333   15.11672   79.90610   37.0781  149.5621   33.89700    0.01350
 22.4417   14.97474   80.07060   37.0600  149.6278   34.24800    0.01776
 22.4500   14.83283   80.23506   37.0416  149.6940   34.53300    0.00549
 22.4583   14.69099   80.39947   37.0229  149.7607   34.84600   -0.00746
 22.4667   14.54921   80.56383   37.0039  149.8280   35.19500   -0.00913
 22.4750   14.40749   80.72815   36.9846  149.8957   35.56000   -0.00038
 22.4833   14.26584   80.89242   36.9650  149.9640   35.94300    0.00245
 22.4917   14.12425   81.05664   36.9451  150.0328   36.22800    0.01332
 22.5000   13.98272   81.22081   36.9249  150.1022   36.64900    0.01248
 22.5083   13.84125   81.38493   36.9043  150.1721   36.92900    0.02075
 22.5167   13.69985   81.54900   36.8835  150.2425   37.27600    0.02523
 22.5250   13.55850   81.71302   36.8623  150.3135   37.64700    0.03904
 22.5333   13.41720   81.87698   36.8407  150.3851   37.99300    0.04273
 22.5417   13.27597   82.04089   36.8188  150.4572   38.25700    0.04535
 22.5500   13.13479   82.20475   36.7966  150.5299   38.62000    0.04503
 22.5583   12.99366   82.36855   36.7741  150.6031   38.94400    0.03818
 22.5667   12.85260   82.53229   36.7511  150.6769   39.14600    0.02617
 22.5750   12.71158   82.69598   36.7278  150.7513   39.46900    0.00245
 22.5833   12.57062   82.85961   36.7042  150.8263   39.68700   -0.01023
 22.5917   12.42971   83.02318   36.6802  150.9019   39.98600   -0.03638
 22.6000   12.28885   83.18669   36.6558  150.9781   40.20100   -0.04498
 22.6083   12.14804   83.35014   36.6310  151.0548   40.57400   -0.05065
 22.6167   12.00728   83.51353   36.6058  151.1322   40.90000   -0.05163
 22.6250   11.86657   83.67685   36.5802  151.2102   41.15800   -0.04127
 22.6333   11.72590   83.84012   36.5543  151.2888   41.63600   -0.04695
 22.6417   11.58529   84.00332   36.5279  151.3680   41.83600   -0.03646
 22.6500   11.44472   84.16645   36.5011  151.4479   42.24500   -0.04621
 22.6583   11.30420   84.32952   36.4739  151.5284   42.56100   -0.03564
 22.6667   11.16372   84.49252   36.4463  151.6095   42.95500   -0.02405
 22.6750   11.02328   84.65546   36.4183  151.6913   43.38300   -0.00809
 22.6833   10.88289   84.81833   36.3898  151.7737   43.75200   -0.00149
 22.6917   10.74255   84.98113   36.3609  151.8567   44.07400   -0.00354
 22.7000   10.60224   85.14386   36.3315  151.9404   44.44000    0.00391
 22.7083   10.46197   85.30651   36.3017  152.0248   44.90200    0.00857
 22.7167   10.32175   85.46910   36.2714  152.1098   45.20100    0.01488
 22.7250   10.18156   85.63161   36.2407  152.1955   45.59300    0.00774
 22.7333   10.04142   85.79405   36.2094  152.2819   45.94100    0.00992
 22.7417    9.90131   85.95642   36.1777  152.3689   46.33600   -0.00023
 22.7500    9.76124   86.11871   36.1455  152.4566   46.61800   -0.01166
 22.7583    9.62120   86.28092   36.1128  152.5450   46.94900   -0.01941
 22.7667    9.48121   86.44306   36.0796  152.6341   47.37500   -0.01411
 22.7750    9.34124   86.60512   36.0459  152.7239   47.77300   -0.00964
 22.7833    9.20131   86.76710   36.0117  152.8144   48.10400   -0.01279
 22.7917    9.06142   86.92900   35.9770  152.9056   48.45500   -0.00853
 22.8000    8.92156   87.09082   35.9417  152.9975   48.92200   -0.00266
 22.8083    8.78173   87.25255   35.9059  153.0901   49.26600    0.00676
 22.8167    8.64193   87.41421   35.8695  153.1835   49.65000    0.00567
 22.8250    8.50216   87.57578   35.8326  153.2775   50.02100   -0.00353
 22.8333    8.36243   87.73727   35.7951  153.3723   50.30800    0.00106
 22.8417    8.22272   87.89867   35.7571  153.4677   50.82000   -0.00021
 22.8500    8.08304   88.05998   35.7184  153.5639   51.13800    0.00613
 22.8583    7.94339   88.22121   35.6792  153.6609   51.49900   -0.00449
 22.8667    7.80377   88.38235   35.6394  153.7586   51.84200    0.00060
 22.8750    7.66418   88.54340   35.5990  153.8570   52.31000   -0.00017
 22.8833    7.52461   88.70436   35.5579  153.9561   52.61700   -0.00811
 22.8917    7.38507   88.86523   35.5163  154.0560   52.88900   -0.00831
 22.9000    7.24555   89.02601   35.4740  154.1567   53.42900    0.00000

