hmax        =    300
wind_bottom =      2
wind_top    =     10
critlon     =      0
tbeg, h     =   0.00
tend, h     =  24.00
c_ionex     =      0
c_vert      =      1
time, gamma, az, latp, lonp, tec, tec_filtered
 16.6583    7.57900 -159.33501   36.4203  137.8242   22.97400    0.00000
 16.6667    7.78800 -159.31900   36.5417  137.8675   23.05000    0.00194
 16.6750    7.99900 -159.30400   36.6625  137.9111   22.98300    0.00949
 16.6833    8.20900 -159.28799   36.7809  137.9537   23.00500    0.02555
 16.6917    8.42000 -159.27200   36.8980  137.9960   23.04700    0.01076
 16.7000    8.63100 -159.25600   37.0134  138.0379   22.69800    0.00846
 16.7083    8.84300 -159.23900   37.1276  138.0792   22.83000   -0.00612
 16.7167    9.05400 -159.22200   37.2395  138.1199   22.74600    0.00974
 16.7250    9.26600 -159.20399   37.3503  138.1601   22.65500    0.00766
 16.7333    9.47800 -159.18500   37.4595  138.1996   22.63100    0.01219
 16.7417    9.69100 -159.16701   37.5674  138.2391   22.62100    0.00498
 16.7500    9.90300 -159.14799   37.6732  138.2777   22.45400    0.00262
 16.7583   10.11600 -159.12801   37.7780  138.3159   22.46800   -0.01281
 16.7667   10.32900 -159.10800   37.8811  138.3536   22.34200   -0.02124
 16.7750   10.54200 -159.08800   37.9826  138.3909   22.23900   -0.03472
 16.7833   10.75600 -159.06700   38.0831  138.4277   22.23200   -0.03972
 16.7917   10.96900 -159.04601   38.1817  138.4639   22.19400   -0.04168
 16.8000   11.18300 -159.02400   38.2792  138.4996   22.13700   -0.04732
 16.8083   11.39700 -159.00200   38.3752  138.5350   22.10100   -0.04881
 16.8167   11.61200 -158.98000   38.4701  138.5701   22.11800   -0.04551
 16.8250   11.82600 -158.95700   38.5632  138.6044   22.11300   -0.04405
 16.8333   12.04100 -158.93401   38.6553  138.6385   22.08100   -0.04099
 16.8417   12.25600 -158.91200   38.7460  138.6723   22.12600   -0.03949
 16.8500   12.47200 -158.88901   38.8357  138.7058   22.13600   -0.02708
 16.8583   12.68800 -158.86501   38.9241  138.7387   22.21800   -0.02502
 16.8667   12.90400 -158.84200   39.0111  138.7713   22.20300   -0.02707
 16.8750   13.12100 -158.81799   39.0972  138.8036   22.20200   -0.03939
 16.8833   13.33700 -158.79300   39.1817  138.8351   22.22100   -0.03487
 16.8917   13.55400 -158.76801   39.2652  138.8664   22.36600   -0.04218
 16.9000   13.77100 -158.74300   39.3475  138.8974   22.28900   -0.04055
 16.9083   13.98900 -158.71700   39.4289  138.9279   22.39700   -0.04811
 16.9167   14.20600 -158.69099   39.5088  138.9580   22.48200   -0.03898
 16.9250   14.42400 -158.66400   39.5878  138.9876   22.54900   -0.03475
 16.9333   14.64200 -158.63699   39.6656  139.0170   22.62700   -0.02583
 16.9417   14.86000 -158.61000   39.7423  139.0459   22.75300   -0.01532
 16.9500   15.07900 -158.58200   39.8182  139.0746   22.83800   -0.00537
 16.9583   15.29700 -158.55400   39.8926  139.1027   22.91700    0.00350
 16.9667   15.51600 -158.52600   39.9663  139.1306   23.04200    0.01414
 16.9750   15.73500 -158.49699   40.0389  139.1581   23.14100    0.02212
 16.9833   15.95400 -158.46800   40.1104  139.1852   23.20700    0.02265
 16.9917   16.17400 -158.43800   40.1812  139.2120   23.27900    0.01953
 17.0000   16.39300 -158.40900   40.2507  139.2385   23.35500    0.01601
 17.0083   16.61400 -158.37900   40.3197  139.2649   23.41200    0.01559
 17.0167   16.83400 -158.34900   40.3874  139.2907   23.50200    0.01340
 17.0250   17.05500 -158.31900   40.4545  139.3165   23.55400    0.01118
 17.0333   17.27600 -158.28900   40.5206  139.3419   23.59700    0.00787
 17.0417   17.49700 -158.25800   40.5857  139.3669   23.66200    0.01070
 17.0500   17.71900 -158.22600   40.6502  139.3915   23.74100    0.02464
 17.0583   17.94100 -158.19501   40.7138  139.4161   23.84000    0.04381
 17.0667   18.16300 -158.16299   40.7764  139.4402   23.91600    0.05913
 17.0750   18.38500 -158.13000   40.8383  139.4639   23.94400    0.06864
 17.0833   18.60700 -158.09801   40.8991  139.4874   23.97900    0.08002
 17.0917   18.83000 -158.06400   40.9595  139.5106   24.04500    0.08560
 17.1000   19.05200 -158.03101   41.0187  139.5335   24.00700    0.08883
 17.1083   19.27500 -157.99699   41.0774  139.5561   24.00300    0.08663
 17.1167   19.49800 -157.96300   41.1352  139.5785   24.00700    0.08596
 17.1250   19.72200 -157.92799   41.1926  139.6006   23.95500    0.07400
 17.1333   19.94500 -157.89400   41.2488  139.6225   23.85000    0.06031
 17.1417   20.16900 -157.85800   41.3046  139.6440   23.81500    0.05296
 17.1500   20.39300 -157.82300   41.3595  139.6654   23.77600    0.04795
 17.1583   20.61700 -157.78700   41.4138  139.6865   23.65600    0.04304
 17.1667   20.84100 -157.75101   41.4673  139.7073   23.59500    0.03841
 17.1750   21.06600 -157.71500   41.5203  139.7280   23.53400    0.04004
 17.1833   21.29100 -157.67900   41.5726  139.7485   23.43500    0.03625
 17.1917   21.51700 -157.64200   41.6244  139.7687   23.32100    0.02933
 17.2000   21.74200 -157.60500   41.6753  139.7886   23.22400    0.03171
 17.2083   21.96800 -157.56799   41.7258  139.8084   23.17100    0.03089
 17.2167   22.19400 -157.53000   41.7756  139.8279   23.02700    0.02482
 17.2250   22.42100 -157.49200   41.8249  139.8473   22.89000    0.01042
 17.2333   22.64700 -157.45399   41.8734  139.8664   22.77700   -0.00014
 17.2417   22.87400 -157.41499   41.9215  139.8853   22.65200   -0.00299
 17.2500   23.10100 -157.37601   41.9690  139.9039   22.55800   -0.00498
 17.2583   23.32800 -157.33701   42.0158  139.9224   22.44600   -0.00164
 17.2667   23.55500 -157.29800   42.0620  139.9407   22.34700   -0.00302
 17.2750   23.78200 -157.25800   42.1077  139.9587   22.22000   -0.00390
 17.2833   24.01000 -157.21700   42.1530  139.9765   22.10900   -0.00269
 17.2917   24.23800 -157.17700   42.1977  139.9943   22.02000    0.00120
 17.3000   24.46600 -157.13600   42.2419  140.0117   21.90900    0.00364
 17.3083   24.69400 -157.09500   42.2855  140.0290   21.79100    0.00588
 17.3167   24.92200 -157.05299   42.3285  140.0460   21.70300    0.00387
 17.3250   25.15000 -157.01199   42.3710  140.0630   21.56700    0.00426
 17.3333   25.37900 -156.97000   42.4132  140.0797   21.46100   -0.00046
 17.3417   25.60800 -156.92799   42.4549  140.0964   21.34100   -0.00079
 17.3500   25.83800 -156.88499   42.4962  140.1128   21.22800   -0.00297
 17.3583   26.06800 -156.84300   42.5371  140.1292   21.10900    0.00099
 17.3667   26.29800 -156.80000   42.5774  140.1453   21.02300    0.00832
 17.3750   26.52800 -156.75600   42.6173  140.1612   20.92800    0.01637
 17.3833   26.75900 -156.71300   42.6568  140.1772   20.81400    0.01483
 17.3917   26.98900 -156.66901   42.6957  140.1927   20.67500    0.01010
 17.4000   27.22000 -156.62500   42.7343  140.2083   20.56500    0.00210
 17.4083   27.45100 -156.58000   42.7725  140.2236   20.43500   -0.00350
 17.4167   27.68200 -156.53500   42.8103  140.2388   20.31300   -0.01051
 17.4250   27.91300 -156.49001   42.8475  140.2538   20.19900   -0.02061
 17.4333   28.14500 -156.44501   42.8845  140.2688   20.05500   -0.03028
 17.4417   28.37600 -156.39900   42.9210  140.2834   19.93900   -0.03573
 17.4500   28.60800 -156.35300   42.9572  140.2981   19.84700   -0.02899
 17.4583   28.84000 -156.30701   42.9929  140.3126   19.76900   -0.01833
 17.4667   29.07200 -156.25999   43.0283  140.3269   19.67000   -0.00552
 17.4750   29.30400 -156.21400   43.0632  140.3412   19.58900   -0.00017
 17.4833   29.53700 -156.16701   43.0979  140.3553   19.47000    0.00960
 17.4917   29.76900 -156.11900   43.1321  140.3691   19.39700    0.01518
 17.5000   30.00200 -156.07201   43.1661  140.3830   19.29500    0.02245
 17.5083   30.23600 -156.02400   43.1998  140.3968   19.18500    0.02782
 17.5167   30.46900 -155.97600   43.2330  140.4104   19.10200    0.02230
 17.5250   30.70300 -155.92799   43.2660  140.4240   18.94200    0.02149
 17.5333   30.93700 -155.87900   43.2986  140.4373   18.85700    0.01324
 17.5417   31.17200 -155.83000   43.3310  140.4507   18.73000    0.01035
 17.5500   31.40600 -155.78101   43.3629  140.4638   18.59300    0.00672
 17.5583   31.64100 -155.73100   43.3947  140.4769   18.49600    0.00989
 17.5667   31.87500 -155.68100   43.4259  140.4897   18.39800    0.01607
 17.5750   32.11000 -155.63100   43.4570  140.5026   18.26900    0.01588
 17.5833   32.34500 -155.58099   43.4877  140.5154   18.13500    0.01529
 17.5917   32.58100 -155.53000   43.5183  140.5280   18.02800    0.01518
 17.6000   32.81600 -155.47900   43.5484  140.5405   17.89100    0.02231
 17.6083   33.05200 -155.42799   43.5783  140.5530   17.78300    0.02499
 17.6167   33.28700 -155.37700   43.6078  140.5653   17.64300    0.03175
 17.6250   33.52300 -155.32600   43.6371  140.5776   17.52100    0.03065
 17.6333   33.75900 -155.27400   43.6661  140.5897   17.36800    0.02938
 17.6417   33.99500 -155.22200   43.6948  140.6018   17.22500    0.03015
 17.6500   34.23100 -155.17000   43.7232  140.6137   17.10900    0.03934
 17.6583   34.46800 -155.11700   43.7515  140.6256   16.99500    0.03957
 17.6667   34.70400 -155.06500   43.7793  140.6374   16.80700    0.02407
 17.6750   34.94100 -155.01100   43.8071  140.6491   16.61600   -0.00420
 17.6833   35.17900 -154.95799   43.8346  140.6608   16.44400   -0.02831
 17.6917   35.41700 -154.90401   43.8619  140.6724   16.28100   -0.04248
 17.7000   35.65400 -154.85001   43.8888  140.6838   16.14600   -0.05586
 17.7083   35.89200 -154.79601   43.9156  140.6952   15.98600   -0.06027
 17.7167   36.13100 -154.74100   43.9422  140.7065   15.87700   -0.06806
 17.7250   36.36900 -154.68600   43.9685  140.7178   15.73700   -0.06832
 17.7333   36.60700 -154.63100   43.9945  140.7289   15.62200   -0.07376
 17.7417   36.84600 -154.57600   44.0203  140.7400   15.49600   -0.07317
 17.7500   37.08400 -154.52000   44.0459  140.7510   15.39100   -0.07039
 17.7583   37.32300 -154.46500   44.0712  140.7620   15.29800   -0.06081
 17.7667   37.56200 -154.40900   44.0964  140.7729   15.21600   -0.04570
 17.7750   37.80100 -154.35300   44.1213  140.7837   15.14700   -0.02735
 17.7833   38.04000 -154.29601   44.1460  140.7944   15.07400   -0.00609
 17.7917   38.28000 -154.24001   44.1706  140.8051   15.00900    0.01341
 17.8000   38.51900 -154.18300   44.1948  140.8157   14.93400    0.02773
 17.8083   38.75900 -154.12601   44.2190  140.8263   14.83900    0.04226
 17.8167   38.99800 -154.06900   44.2428  140.8367   14.77300    0.04536
 17.8250   39.23800 -154.01199   44.2665  140.8472   14.64400    0.05420
 17.8333   39.47800 -153.95500   44.2899  140.8576   14.57200    0.05439
 17.8417   39.71900 -153.89600   44.3133  140.8679   14.46500    0.05307
 17.8500   39.96000 -153.83800   44.3365  140.8782   14.32700    0.04364
 17.8583   40.20100 -153.77901   44.3595  140.8884   14.21200    0.03345
 17.8667   40.44200 -153.72000   44.3823  140.8986   14.09200    0.03158
 17.8750   40.68300 -153.66000   44.4049  140.9086   13.97600    0.02912
 17.8833   40.92400 -153.60100   44.4273  140.9186   13.84400    0.02355
 17.8917   41.16600 -153.54100   44.4496  140.9286   13.70100    0.01158
 17.9000   41.40800 -153.48100   44.4717  140.9386   13.55100    0.00820
 17.9083   41.64900 -153.42101   44.4935  140.9485   13.45100    0.01503
 17.9167   41.89100 -153.36099   44.5153  140.9583   13.33400    0.03796
 17.9250   42.13300 -153.30000   44.5368  140.9681   13.22700    0.05419
 17.9333   42.37500 -153.24001   44.5582  140.9779   13.06700    0.07205
 17.9417   42.61700 -153.17900   44.5794  140.9876   12.92000    0.08265
 17.9500   42.86000 -153.11800   44.6005  140.9973   12.74000    0.10445
 17.9583   43.10200 -153.05701   44.6214  141.0069   12.57900    0.15452
 17.9667   43.34500 -152.99600   44.6421  141.0165   12.50200    0.22870
 17.9750   43.58700 -152.93401   44.6627  141.0260   12.37900    0.30636
 17.9833   43.83000 -152.87300   44.6831  141.0356   12.18800    0.34184
 17.9917   44.07300 -152.81100   44.7034  141.0450   11.89600    0.34299
 18.0000   44.31600 -152.75000   44.7235  141.0545   11.58700    0.32983
 18.0083   44.55900 -152.68600   44.7435  141.0638   11.28700    0.29283
 18.0167   44.80300 -152.62300   44.7634  141.0732   10.84400    0.23818
 18.0250   45.04700 -152.55901   44.7831  141.0825   10.42000    0.16702
 18.0333   45.29100 -152.49500   44.8027  141.0917   10.02900    0.09696
 18.0417   45.53500 -152.43100   44.8222  141.1009    9.57000    0.05666
 18.0500   45.77900 -152.36700   44.8415  141.1101    9.23200    0.01879
 18.0583   46.02400 -152.30299   44.8607  141.1193    8.80200    0.01921
 18.0667   46.26800 -152.23801   44.8797  141.1284    8.45400    0.00705
 18.0750   46.51300 -152.17400   44.8986  141.1376    8.04000   -0.02502
 18.0833   46.75700 -152.10899   44.9174  141.1466    7.52400   -0.08900
 18.0917   47.00200 -152.04401   44.9360  141.1557    7.04700   -0.11462
 18.1000   47.24700 -151.97900   44.9545  141.1647    6.78800   -0.07110
 18.1083   47.49200 -151.91400   44.9729  141.1738    6.55200   -0.01816
 18.1167   47.73700 -151.84900   44.9912  141.1827    6.13000   -0.02010
 18.1250   47.98200 -151.78400   45.0093  141.1917    5.68400   -0.08312
 18.1333   48.22700 -151.71899   45.0273  141.2007    5.24200   -0.13137
 18.1417   48.47200 -151.65300   45.0451  141.2095    4.91200   -0.15319
 18.1500   48.71700 -151.58800   45.0628  141.2184    4.58900   -0.13649
 18.1583   48.96200 -151.52200   45.0804  141.2273    4.31500   -0.13783
 18.1667   49.20800 -151.45700   45.0980  141.2362    3.94900   -0.16768
 18.1750   49.45400 -151.38901   45.1154  141.2449    3.56800   -0.21201
 18.1833   49.70000 -151.32100   45.1328  141.2537    3.27900   -0.22566
 18.1917   49.94600 -151.25301   45.1500  141.2624    3.05500   -0.19892
 18.2000   50.19300 -151.18500   45.1671  141.2711    2.84900   -0.14589
 18.2083   50.43900 -151.11700   45.1841  141.2798    2.70300   -0.11167
 18.2167   50.68600 -151.04800   45.2010  141.2885    2.45500   -0.12927
 18.2250   50.93200 -150.98000   45.2178  141.2972    2.10000   -0.18017
 18.2333   51.17900 -150.91100   45.2345  141.3058    1.86600   -0.18647
 18.2417   51.42600 -150.84300   45.2510  141.3145    1.82100   -0.14930
 18.2500   51.67300 -150.77400   45.2675  141.3231    1.67000   -0.14294
 18.2583   51.91900 -150.70500   45.2838  141.3317    1.36900   -0.15545
 18.2667   52.16600 -150.63699   45.3000  141.3403    1.30300   -0.17746
 18.2750   52.41300 -150.56799   45.3162  141.3489    1.15400   -0.14030
 18.2833   52.66000 -150.49899   45.3322  141.3575    1.10100   -0.14262
 18.2917   52.90800 -150.42999   45.3482  141.3661    0.91100   -0.13356
 18.3000   53.15500 -150.36099   45.3640  141.3747    0.83100   -0.15405
 18.3083   53.40200 -150.29201   45.3797  141.3832    0.70300   -0.14930
 18.3167   53.64900 -150.22400   45.3954  141.3918    0.64600   -0.12737
 18.3250   53.89600 -150.15500   45.4109  141.4003    0.65700   -0.08986
 18.3333   54.14400 -150.08600   45.4264  141.4089    0.60500   -0.05933
 18.3417   54.39200 -150.01401   45.4418  141.4173    0.54500   -0.06115
 18.3500   54.64000 -149.94200   45.4571  141.4258    0.46400   -0.06246
 18.3583   54.88800 -149.87100   45.4723  141.4342    0.44000   -0.06471
 18.3667   55.13600 -149.79900   45.4875  141.4426    0.38900   -0.05199
 18.3750   55.38400 -149.72701   45.5025  141.4511    0.38100   -0.05285
 18.3833   55.63300 -149.65500   45.5175  141.4595    0.32400   -0.04532
 18.3917   55.88100 -149.58299   45.5324  141.4679    0.32200   -0.04764
 18.4000   56.13000 -149.51100   45.5472  141.4764    0.29000   -0.04056
 18.4083   56.37800 -149.43900   45.5619  141.4848    0.27200   -0.03623
 18.4167   56.62600 -149.36700   45.5765  141.4932    0.26300   -0.02674
 18.4250   56.87500 -149.29500   45.5910  141.5016    0.25400   -0.01558
 18.4333   57.12300 -149.22301   45.6054  141.5100    0.25200   -0.01061
 18.4417   57.37200 -149.15100   45.6198  141.5185    0.23000   -0.00513
 18.4500   57.62100 -149.07899   45.6341  141.5269    0.23000   -0.00080
 18.4583   57.86900 -149.00700   45.6483  141.5353    0.22800   -0.00127
 18.4667   58.11800 -148.93500   45.6624  141.5437    0.19500   -0.00798
 18.4750   58.36600 -148.86400   45.6764  141.5521    0.17700   -0.02017
 18.4833   58.61500 -148.79201   45.6904  141.5606    0.16100   -0.02680
 18.4917   58.86400 -148.72099   45.7042  141.5690    0.15100   -0.02391
 18.5000   59.11200 -148.64999   45.7180  141.5775    0.16900   -0.01827
 18.5083   59.36200 -148.57500   45.7318  141.5859    0.16400   -0.01221
 18.5167   59.61100 -148.50000   45.7455  141.5942    0.15500   -0.01269
 18.5250   59.86000 -148.42500   45.7591  141.6025    0.15200   -0.01018
 18.5333   60.11000 -148.35001   45.7727  141.6109    0.15900   -0.00839
 18.5417   60.35900 -148.27499   45.7862  141.6193    0.14900   -0.00387
 18.5500   60.60900 -148.20000   45.7996  141.6277    0.15500    0.00039
 18.5583   60.85800 -148.12500   45.8129  141.6360    0.16000    0.00927
 18.5667   61.10800 -148.05099   45.8262  141.6445    0.16600    0.01211
 18.5750   61.35700 -147.97600   45.8394  141.6528    0.15300    0.01398
 18.5833   61.60700 -147.90199   45.8525  141.6613    0.15500    0.00924
 18.5917   61.85600 -147.82700   45.8655  141.6697    0.13900    0.01126
 18.6000   62.10600 -147.75301   45.8785  141.6781    0.14800    0.01769
 18.6083   62.35500 -147.67900   45.8914  141.6865    0.16500    0.02312
 18.6167   62.60500 -147.60600   45.9043  141.6950    0.14400    0.01503
 18.6250   62.85400 -147.53200   45.9170  141.7035    0.10700   -0.00175
 18.6333   63.10400 -147.45900   45.9297  141.7120    0.09300   -0.01449
 18.6417   63.35300 -147.38600   45.9423  141.7204    0.08400   -0.01219
 18.6500   63.60200 -147.31300   45.9549  141.7289    0.09300   -0.00599
 18.6583   63.85200 -147.24100   45.9674  141.7375    0.09100    0.00331
 18.6667   64.10100 -147.16901   45.9798  141.7460    0.09200    0.00596
 18.6750   64.35100 -147.09100   45.9922  141.7544    0.08200    0.00802
 18.6833   64.60100 -147.01401   46.0046  141.7628    0.07900    0.00250
 18.6917   64.85100 -146.93700   46.0169  141.7713    0.05700    0.00050
 18.7000   65.10100 -146.86099   46.0292  141.7798    0.06100   -0.00777
 18.7083   65.35100 -146.78400   46.0414  141.7883    0.04200   -0.01569
 18.7167   65.60100 -146.70799   46.0535  141.7968    0.02600   -0.03421
 18.7250   65.85100 -146.63200   46.0656  141.8053    0.00000   -0.04068
 18.7333   66.10100 -146.55600   46.0776  141.8138    0.02300   -0.04438
 18.7417   66.35100 -146.48000   46.0895  141.8224    0.01800   -0.03585
 18.7500   66.60100 -146.40500   46.1014  141.8309    0.03100   -0.03243
 18.7583   66.85000 -146.33000   46.1132  141.8395    0.03700   -0.01876
 18.7667   67.10000 -146.25600   46.1250  141.8481    0.06500   -0.00476
 18.7750   67.35000 -146.18201   46.1367  141.8568    0.08100    0.00702
 18.7833   67.60000 -146.10800   46.1483  141.8654    0.08200    0.00887
 18.7917   67.84900 -146.03500   46.1599  141.8740    0.08300    0.01182
 18.8000   68.09900 -145.96201   46.1714  141.8827    0.10700    0.01567
 18.8083   68.34900 -145.89000   46.1829  141.8914    0.11600    0.01951
 18.8167   68.59800 -145.81799   46.1942  141.9001    0.11700    0.01051
 18.8250   68.84800 -145.74699   46.2056  141.9089    0.10100   -0.00158
 18.8333   69.09700 -145.67700   46.2169  141.9177    0.09900   -0.01357
 18.8417   69.34700 -145.60001   46.2282  141.9263    0.10200   -0.01929
 18.8500   69.59700 -145.52299   46.2394  141.9350    0.10500   -0.01886
 18.8583   69.84700 -145.44600   46.2507  141.9437    0.12300   -0.00737
 18.8667   70.09700 -145.37000   46.2618  141.9524    0.16100    0.00269
 18.8750   70.34600 -145.29500   46.2729  141.9612    0.16000    0.00673
 18.8833   70.59600 -145.22000   46.2839  141.9700    0.15900   -0.00589
 18.8917   70.84600 -145.14500   46.2949  141.9787    0.14400   -0.00893
 18.9000   71.09600 -145.07100   46.3059  141.9876    0.17300   -0.01378
 18.9083   71.34500 -144.99800   46.3167  141.9964    0.16700   -0.00775
 18.9167   71.59500 -144.92500   46.3276  142.0053    0.18800   -0.00803
 18.9250   71.84400 -144.85400   46.3383  142.0141    0.19900    0.00100
 18.9333   72.09400 -144.78300   46.3491  142.0231    0.22400    0.00577
 18.9417   72.34300 -144.71201   46.3597  142.0320    0.23100    0.00767
 18.9500   72.59200 -144.64301   46.3703  142.0410    0.22900    0.01095
 18.9583   72.84100 -144.57500   46.3809  142.0500    0.25300    0.01530
 18.9667   73.09000 -144.50700   46.3914  142.0590    0.26000    0.01893
 18.9750   73.34000 -144.44099   46.4019  142.0681    0.25600    0.01664
 18.9833   73.58800 -144.37601   46.4123  142.0771    0.26000    0.01732
 18.9917   73.83700 -144.31200   46.4226  142.0862    0.27500    0.02095
 19.0000   74.08600 -144.24899   46.4329  142.0953    0.27700    0.03046
 19.0083   74.33500 -144.17700   46.4433  142.1044    0.29700    0.03395
 19.0167   74.58400 -144.10600   46.4536  142.1134    0.28900    0.02873
 19.0250   74.83300 -144.03600   46.4638  142.1225    0.26000    0.01556
 19.0333   75.08300 -143.96700   46.4741  142.1316    0.25200    0.00889
 19.0417   75.33100 -143.89900   46.4842  142.1407    0.26100    0.00860
 19.0500   75.58000 -143.83200   46.4943  142.1499    0.24900    0.00680
 19.0583   75.82900 -143.76601   46.5044  142.1591    0.23600    0.00481
 19.0667   76.07800 -143.70200   46.5144  142.1683    0.24500    0.00225
 19.0750   76.32700 -143.64000   46.5244  142.1776    0.23200    0.00079
 19.0833   76.57500 -143.57899   46.5343  142.1869    0.22000   -0.00176
 19.0917   76.82300 -143.52000   46.5441  142.1962    0.22100   -0.00553
 19.1000   77.07200 -143.46201   46.5540  142.2056    0.20000   -0.00979
 19.1083   77.32000 -143.40700   46.5637  142.2149    0.18500   -0.01305
 19.1167   77.56800 -143.35400   46.5735  142.2243    0.18900   -0.01382
 19.1250   77.81600 -143.30200   46.5831  142.2338    0.17700   -0.00060
 19.1333   78.06400 -143.25400   46.5928  142.2433    0.20500    0.01144
 19.1417   78.31100 -143.20799   46.6023  142.2528    0.20700    0.02754
 19.1500   78.55900 -143.16499   46.6119  142.2623    0.20600    0.02658
 19.1583   78.80700 -143.12399   46.6214  142.2719    0.18100    0.01676
 19.1667   79.05400 -143.08701   46.6308  142.2815    0.15500    0.00186
 19.1750   79.30200 -143.03700   46.6404  142.2910    0.13900   -0.00666
 19.1833   79.54900 -142.99001   46.6498  142.3006    0.13500   -0.01641
 19.1917   79.79700 -142.94501   46.6592  142.3102    0.10900   -0.01383
 19.2000   80.04400 -142.90401   46.6686  142.3197    0.13600   -0.01498
 19.2083   80.29200 -142.86600   46.6779  142.3294    0.12700   -0.00958
 19.2167   80.53900 -142.83200   46.6872  142.3391    0.12500   -0.02400
 19.2250   80.78600 -142.80200   46.6964  142.3488    0.09400   -0.03490
 19.2333   81.03300 -142.77699   46.7056  142.3586    0.09500   -0.04707
 19.2417   81.28000 -142.75600   46.7148  142.3683    0.09100   -0.05569
 19.2500   81.52700 -142.74100   46.7239  142.3782    0.07800   -0.06369
 19.2583   81.77300 -142.73199   46.7330  142.3880    0.09200   -0.06258
 19.2667   82.02000 -142.72900   46.7420  142.3979    0.12600   -0.05258
 19.2750   82.26600 -142.73300   46.7510  142.4079    0.14900   -0.03488
 19.2833   82.51200 -142.74600   46.7599  142.4179    0.19000   -0.01824
 19.2917   82.75800 -142.76700   46.7688  142.4279    0.22300   -0.01324
 19.3000   83.00300 -142.79700   46.7776  142.4379    0.21000   -0.02452
 19.3083   83.24900 -142.83800   46.7865  142.4480    0.20500   -0.04212
 19.3167   83.49400 -142.89101   46.7952  142.4581    0.23300   -0.04212
 19.3250   83.73900 -142.95799   46.8039  142.4683    0.29500   -0.02855
 19.3333   83.98400 -143.03900   46.8126  142.4785    0.34900   -0.01410
 19.3417   84.23000 -143.10500   46.8214  142.4886    0.38400   -0.00651
 19.3500   84.47500 -143.18700   46.8301  142.4988    0.42200   -0.01929
 19.3583   84.72000 -143.28700   46.8387  142.5089    0.41700   -0.04442
 19.3667   84.96500 -143.40800   46.8474  142.5192    0.41900   -0.08052
 19.3750   85.20900 -143.55299   46.8559  142.5294    0.42300   -0.10877
 19.3833   85.45300 -143.72701   46.8645  142.5397    0.43600   -0.06702
 19.3917   85.69700 -143.93300   46.8730  142.5501    0.65400    0.01536
 19.4000   85.94100 -144.17900   46.8814  142.5605    0.80400    0.06977
 19.4083   86.18500 -144.47000   46.8899  142.5709    0.76300    0.03509
 19.4167   86.42800 -144.81799   46.8982  142.5814    0.73500   -0.03637
 19.4250   86.67000 -145.23399   46.9066  142.5919    0.77600   -0.05605
 19.4333   86.91200 -145.73399   46.9148  142.6024    0.87900   -0.04929
 19.4417   87.15400 -146.33800   46.9231  142.6131    0.91300   -0.07285
 19.4500   87.39500 -147.07700   46.9313  142.6237    0.85300   -0.13748
 19.4583   87.63500 -147.99100   46.9395  142.6344    0.83200   -0.14799
 19.4667   87.87300 -149.13699   46.9476  142.6451    1.02900   -0.03917
 19.4750   88.11100 -150.60201   46.9557  142.6559    1.31700    0.14000
 19.4833   88.34600 -152.51900   46.9638  142.6667    1.49200    0.28780
 19.4917   88.57800 -155.10800   46.9718  142.6776    1.58900    0.30449
 19.5000   88.80600 -158.74100   46.9797  142.6885    1.49600    0.22527
 19.5083   89.02800 -163.93300   46.9878  142.6993    1.39700    0.08902
 19.5167   89.23700 -172.14101   46.9958  142.7101    1.32500   -0.00919
 19.5250   89.41800 -186.01199   47.0037  142.7210    1.34300   -0.06296
 19.5333   89.53800 -209.42101   47.0117  142.7320    1.38500   -0.10956
 19.5417   89.54600 -240.03999   47.0196  142.7430    1.35200   -0.15233
 19.5500   89.43700 -264.68600   47.0274  142.7540    1.38400   -0.16799
 19.5583   89.26100 -279.47900   47.0352  142.7651    1.48000   -0.12880
 19.5667   89.05600 -288.17801   47.0430  142.7762    1.57000   -0.04524
 19.5750   88.83600 -293.63501   47.0507  142.7874    1.70300    0.01180
 19.5833   88.60900 -297.29300   47.0584  142.7986    1.71400    0.03976
 19.5917   88.37800 -299.87900   47.0661  142.8099    1.72500    0.05158
 19.6000   88.14400 -301.78299   47.0737  142.8212    1.82100    0.09748
 19.6083   87.90900 -303.22900   47.0813  142.8326    1.93600    0.16574
 19.6167   87.67200 -304.35599   47.0888  142.8440    2.01000    0.19338
 19.6250   87.43500 -305.24899   47.0963  142.8555    1.98500    0.14692
 19.6333   87.19800 -305.96899   47.1037  142.8669    1.88100    0.07530
 19.6417   86.96000 -306.55499   47.1112  142.8785    1.88000    0.03294
 19.6500   86.72100 -307.03601   47.1186  142.8902    1.93500    0.03635
 19.6583   86.48300 -307.43399   47.1259  142.9018    1.95600    0.04009
 19.6667   86.24500 -307.76401   47.1332  142.9135    1.94200    0.01516
 19.6750   86.00600 -308.09201   47.1406  142.9251    1.88800   -0.02472
 19.6833   85.76800 -308.36801   47.1479  142.9368    1.83500   -0.04391
 19.6917   85.52900 -308.60001   47.1552  142.9485    1.85100   -0.01090
 19.7000   85.29100 -308.79501   47.1625  142.9603    1.93200    0.04523
 19.7083   85.05200 -308.95801   47.1697  142.9721    1.94200    0.09858
 19.7167   84.81400 -309.09399   47.1769  142.9840    1.95700    0.13525
 19.7250   84.57600 -309.20599   47.1841  142.9959    2.00200    0.17175
 19.7333   84.33800 -309.29800   47.1912  143.0079    2.02400    0.16905
 19.7417   84.10000 -309.37100   47.1982  143.0199    1.92500    0.08628
 19.7500   83.86200 -309.42899   47.2053  143.0320    1.72300   -0.04730
 19.7583   83.62400 -309.47198   47.2123  143.0441    1.59100   -0.16972
 19.7667   83.38600 -309.50201   47.2193  143.0563    1.53600   -0.21180
 19.7750   83.14900 -309.51999   47.2262  143.0685    1.59000   -0.19957
 19.7833   82.91200 -309.52802   47.2330  143.0808    1.62900   -0.17159
 19.7917   82.67500 -309.52701   47.2399  143.0932    1.61900   -0.12285
 19.8000   82.43800 -309.51700   47.2467  143.1056    1.72800   -0.05423
 19.8083   82.20100 -309.50000   47.2535  143.1180    1.81500    0.00564
 19.8167   81.96400 -309.47501   47.2602  143.1306    1.77100   -0.00136
 19.8250   81.72800 -309.44400   47.2669  143.1431    1.68300   -0.02030
 19.8333   81.49200 -309.40701   47.2735  143.1557    1.75700   -0.00262
 19.8417   81.25600 -309.38901   47.2803  143.1682    1.85300    0.03760
 19.8500   81.02000 -309.36499   47.2870  143.1808    1.85400    0.08055
 19.8583   80.78400 -309.33499   47.2936  143.1935    1.93700    0.08712
 19.8667   80.54800 -309.29901   47.3003  143.2062    1.91000    0.06532
 19.8750   80.31300 -309.25900   47.3068  143.2189    1.81200    0.00758
 19.8833   80.07700 -309.21399   47.3134  143.2318    1.77400   -0.01371
 19.8917   79.84200 -309.16400   47.3199  143.2447    1.84500    0.01172
 19.9000   79.60700 -309.11099   47.3264  143.2576    1.87900    0.06887
 19.9083   79.37200 -309.05301   47.3328  143.2706    1.93600    0.11158
 19.9167   79.13800 -308.99301   47.3392  143.2836    1.96500    0.11625
 19.9250   78.90300 -308.92801   47.3456  143.2968    1.88100    0.08076
 19.9333   78.66900 -308.86099   47.3519  143.3099    1.81400    0.01866
 19.9417   78.43500 -308.79001   47.3582  143.3231    1.76100   -0.03156
 19.9500   78.20200 -308.71701   47.3644  143.3364    1.72000   -0.06014
 19.9583   77.96800 -308.64099   47.3706  143.3497    1.73000   -0.08376
 19.9667   77.73500 -308.56299   47.3768  143.3631    1.70700   -0.10405
 19.9750   77.50200 -308.48199   47.3829  143.3766    1.68000   -0.13324
 19.9833   77.26900 -308.39899   47.3890  143.3901    1.65300   -0.13897
 19.9917   77.03700 -308.31400   47.3950  143.4037    1.68200   -0.11905
 20.0000   76.80500 -308.22699   47.4010  143.4173    1.72100   -0.06618
 20.0083   76.57200 -308.15399   47.4071  143.4309    1.79600   -0.00914
 20.0167   76.34000 -308.07901   47.4132  143.4445    1.85100    0.04895
 20.0250   76.10800 -308.00101   47.4192  143.4582    1.91100    0.09465
 20.0333   75.87600 -307.92200   47.4252  143.4719    1.96300    0.12202
 20.0417   75.64500 -307.84000   47.4312  143.4857    1.97300    0.11137
 20.0500   75.41300 -307.75601   47.4371  143.4996    1.92000    0.06141
 20.0583   75.18200 -307.67001   47.4429  143.5135    1.84700   -0.02018
 20.0667   74.95100 -307.58301   47.4488  143.5275    1.75900   -0.07154
 20.0750   74.72000 -307.49399   47.4546  143.5416    1.79700   -0.07907
 20.0833   74.49000 -307.40302   47.4603  143.5557    1.86100   -0.05055
 20.0917   74.26000 -307.31100   47.4660  143.5699    1.88200   -0.01964
 20.1000   74.03000 -307.21701   47.4717  143.5842    1.92500    0.01175
 20.1083   73.80000 -307.12100   47.4773  143.5985    1.98200    0.04971
 20.1167   73.57000 -307.02399   47.4829  143.6129    2.01300    0.05659
 20.1250   73.34100 -306.92599   47.4885  143.6273    1.95100    0.02246
 20.1333   73.11200 -306.82700   47.4940  143.6419    1.87700   -0.00182
 20.1417   72.88300 -306.72601   47.4995  143.6564    1.93800   -0.02467
 20.1500   72.65500 -306.62399   47.5049  143.6711    1.88600   -0.00693
 20.1583   72.42700 -306.52100   47.5103  143.6857    1.94600    0.01717
 20.1667   72.19900 -306.41599   47.5156  143.7005    2.02700    0.05361
 20.1750   71.97000 -306.32300   47.5211  143.7153    2.00600    0.06342
 20.1833   71.74200 -306.22900   47.5265  143.7301    1.97100    0.05586
 20.1917   71.51500 -306.13300   47.5319  143.7449    1.99100    0.04884
 20.2000   71.28700 -306.03601   47.5372  143.7598    1.96900    0.03632
 20.2083   71.06000 -305.93701   47.5425  143.7748    1.92000   -0.00364
 20.2167   70.83300 -305.83801   47.5478  143.7898    1.86500   -0.04080
 20.2250   70.60600 -305.73700   47.5530  143.8050    1.86300   -0.04399
 20.2333   70.38000 -305.63501   47.5582  143.8201    1.93300   -0.04816
 20.2417   70.15300 -305.53201   47.5633  143.8354    1.87800   -0.06403
 20.2500   69.92700 -305.42801   47.5684  143.8508    1.83600   -0.09913
 20.2583   69.70100 -305.32300   47.5735  143.8662    1.84000   -0.10485
 20.2667   69.47600 -305.21701   47.5785  143.8816    1.87600   -0.08515
 20.2750   69.25000 -305.10999   47.5834  143.8972    1.91700   -0.06278
 20.2833   69.02500 -305.00201   47.5884  143.9128    1.93000   -0.03248
 20.2917   68.80100 -304.89301   47.5932  143.9285    1.99300    0.00361
 20.3000   68.57600 -304.78400   47.5981  143.9443    2.06000    0.04286
 20.3083   68.35200 -304.67300   47.6029  143.9601    2.09000    0.07233
 20.3167   68.12800 -304.56201   47.6076  143.9760    2.12100    0.07390
 20.3250   67.90400 -304.44901   47.6123  143.9920    2.09500    0.07435
 20.3333   67.68100 -304.33600   47.6170  144.0080    2.11900    0.06038
 20.3417   67.45700 -304.23300   47.6218  144.0240    2.10500    0.05401
 20.3500   67.23400 -304.12799   47.6265  144.0400    2.10000    0.03888
 20.3583   67.01000 -304.02200   47.6313  144.0562    2.08800    0.02844
 20.3667   66.78700 -303.91501   47.6359  144.0725    2.08200    0.03134
 20.3750   66.56500 -303.80701   47.6405  144.0887    2.11200    0.03901
 20.3833   66.34200 -303.69901   47.6451  144.1051    2.10600    0.04306
 20.3917   66.12000 -303.59000   47.6497  144.1216    2.07700    0.03346
 20.4000   65.89800 -303.47900   47.6541  144.1381    2.05400    0.02010
 20.4083   65.67600 -303.36899   47.6586  144.1547    2.03300    0.00945
 20.4167   65.45500 -303.25699   47.6630  144.1714    2.01100   -0.00116
 20.4250   65.23400 -303.14401   47.6673  144.1881    1.98800   -0.01111
 20.4333   65.01300 -303.03101   47.6716  144.2050    1.96800   -0.01454
 20.4417   64.79200 -302.91699   47.6759  144.2219    1.96800   -0.01644
 20.4500   64.57200 -302.80301   47.6802  144.2389    1.95100   -0.01845
 20.4583   64.35200 -302.68701   47.6843  144.2559    1.93000   -0.02511
 20.4667   64.13200 -302.57101   47.6885  144.2731    1.91400   -0.02695
 20.4750   63.91200 -302.45499   47.6926  144.2903    1.91400   -0.02360
 20.4833   63.69300 -302.33701   47.6966  144.3076    1.91500   -0.01888
 20.4917   63.47400 -302.21899   47.7006  144.3250    1.91000   -0.01990
 20.5000   63.25500 -302.10101   47.7046  144.3425    1.89800   -0.02257
 20.5083   63.03600 -301.98999   47.7086  144.3599    1.90000   -0.02771
 20.5167   62.81800 -301.87799   47.7126  144.3774    1.89300   -0.03031
 20.5250   62.59900 -301.76599   47.7167  144.3950    1.89400   -0.03309
 20.5333   62.38100 -301.65302   47.7206  144.4127    1.90000   -0.03588
 20.5417   62.16300 -301.53900   47.7245  144.4305    1.89900   -0.03753
 20.5500   61.94500 -301.42499   47.7284  144.4483    1.91100   -0.03594
 20.5583   61.72800 -301.31000   47.7322  144.4662    1.93400   -0.03103
 20.5667   61.51000 -301.19400   47.7359  144.4843    1.94900   -0.02291
 20.5750   61.29300 -301.07700   47.7396  144.5024    1.97700   -0.01908
 20.5833   61.07700 -300.95999   47.7433  144.5206    1.99200   -0.01850
 20.5917   60.86000 -300.84299   47.7469  144.5389    2.00200   -0.02184
 20.6000   60.64400 -300.72501   47.7505  144.5572    2.02200   -0.02482
 20.6083   60.42800 -300.60599   47.7540  144.5757    2.04300   -0.02159
 20.6167   60.21300 -300.48599   47.7575  144.5942    2.07900   -0.01812
 20.6250   59.99700 -300.36700   47.7610  144.6129    2.10500   -0.01702
 20.6333   59.78200 -300.24600   47.7643  144.6316    2.12300   -0.01818
 20.6417   59.56700 -300.12500   47.7677  144.6504    2.15500   -0.01503
 20.6500   59.35300 -300.00400   47.7709  144.6692    2.19900   -0.00941
 20.6583   59.13900 -299.88199   47.7742  144.6881    2.22800   -0.00696
 20.6667   58.92500 -299.75900   47.7773  144.7072    2.25300   -0.01014
 20.6750   58.71000 -299.64301   47.7807  144.7263    2.28200   -0.01333
 20.6833   58.49600 -299.52600   47.7839  144.7455    2.31600   -0.01625
 20.6917   58.28300 -299.40900   47.7871  144.7647    2.34600   -0.01669
 20.7000   58.06900 -299.29099   47.7903  144.7840    2.38600   -0.01485
 20.7083   57.85600 -299.17300   47.7935  144.8034    2.42900   -0.01593
 20.7167   57.64300 -299.05399   47.7965  144.8230    2.45100   -0.01607
 20.7250   57.43000 -298.93500   47.7996  144.8426    2.49700   -0.01655
 20.7333   57.21800 -298.81500   47.8025  144.8623    2.54200   -0.01261
 20.7417   57.00600 -298.69400   47.8054  144.8820    2.58200   -0.00809
 20.7500   56.79400 -298.57300   47.8083  144.9020    2.63300   -0.00277
 20.7583   56.58200 -298.45200   47.8112  144.9220    2.68400   -0.00216
 20.7667   56.37100 -298.32999   47.8139  144.9420    2.71100   -0.00441
 20.7750   56.16000 -298.20700   47.8166  144.9622    2.75600   -0.01285
 20.7833   55.94900 -298.08401   47.8193  144.9825    2.78800   -0.01737
 20.7917   55.73800 -297.96100   47.8219  145.0029    2.83100   -0.01988
 20.8000   55.52800 -297.83701   47.8245  145.0233    2.88500   -0.01594
 20.8083   55.31800 -297.71301   47.8270  145.0439    2.94200   -0.01293
 20.8167   55.10800 -297.58801   47.8295  145.0646    2.98400   -0.00982
 20.8250   54.89900 -297.46301   47.8319  145.0853    3.03800   -0.00950
 20.8333   54.68900 -297.33701   47.8342  145.1062    3.08400   -0.00461
 20.8417   54.48000 -297.21701   47.8367  145.1271    3.14000    0.00422
 20.8500   54.27100 -297.09698   47.8391  145.1481    3.20800    0.01009
 20.8583   54.06200 -296.97601   47.8415  145.1692    3.24500    0.01332
 20.8667   53.85300 -296.85400   47.8438  145.1904    3.29500    0.01231
 20.8750   53.64500 -296.73199   47.8461  145.2117    3.34900    0.01383
 20.8833   53.43700 -296.60999   47.8483  145.2330    3.39500    0.01767
 20.8917   53.22900 -296.48700   47.8505  145.2545    3.45100    0.01337
 20.9000   53.02100 -296.36401   47.8526  145.2762    3.47200    0.00843
 20.9083   52.81300 -296.23999   47.8547  145.2980    3.51200   -0.00188
 20.9167   52.60600 -296.11600   47.8567  145.3198    3.54600   -0.00387
 20.9250   52.39900 -295.99100   47.8586  145.3417    3.59600    0.00274
 20.9333   52.19300 -295.86600   47.8605  145.3637    3.66400    0.01506
 20.9417   51.98600 -295.73999   47.8623  145.3859    3.71600    0.02164
 20.9500   51.78000 -295.61499   47.8641  145.4082    3.74200    0.02279
 20.9583   51.57400 -295.48801   47.8658  145.4306    3.78900    0.01881
 20.9667   51.36900 -295.36200   47.8675  145.4530    3.82200    0.01077
 20.9750   51.16300 -295.23499   47.8691  145.4756    3.83300    0.00014
 20.9833   50.95800 -295.10699   47.8706  145.4984    3.87400   -0.00698
 20.9917   50.75400 -294.97900   47.8720  145.5211    3.92200   -0.00734
 21.0000   50.54900 -294.85101   47.8735  145.5441    3.96200   -0.01636
 21.0083   50.34400 -294.72800   47.8751  145.5671    3.97300   -0.02598
 21.0167   50.14000 -294.60501   47.8766  145.5901    4.02100   -0.03585
 21.0250   49.93600 -294.48099   47.8780  145.6133    4.06200   -0.04034
 21.0333   49.73200 -294.35599   47.8794  145.6366    4.09600   -0.03816
 21.0417   49.52800 -294.23099   47.8807  145.6601    4.17300   -0.03537
 21.0500   49.32400 -294.10599   47.8820  145.6837    4.22200   -0.02477
 21.0583   49.12100 -293.98001   47.8832  145.7074    4.29300   -0.02721
 21.0667   48.91800 -293.85400   47.8843  145.7312    4.32800   -0.02933
 21.0750   48.71500 -293.72800   47.8854  145.7551    4.38700   -0.03054
 21.0833   48.51300 -293.60101   47.8864  145.7791    4.46800   -0.02769
 21.0917   48.31100 -293.47400   47.8874  145.8033    4.52700   -0.02402
 21.1000   48.10900 -293.34601   47.8883  145.8276    4.59700   -0.02558
 21.1083   47.90700 -293.21799   47.8891  145.8520    4.66600   -0.02987
 21.1167   47.70500 -293.09000   47.8899  145.8766    4.72200   -0.03085
 21.1250   47.50400 -292.96201   47.8906  145.9013    4.80900   -0.02925
 21.1333   47.30300 -292.83301   47.8912  145.9261    4.89100   -0.02489
 21.1417   47.10200 -292.70300   47.8918  145.9510    4.95700   -0.01262
 21.1500   46.90200 -292.57401   47.8923  145.9760    5.07600   -0.00378
 21.1583   46.70200 -292.44400   47.8928  146.0012    5.14500    0.00549
 21.1667   46.50200 -292.31400   47.8932  146.0265    5.21300    0.01261
 21.1750   46.30200 -292.18799   47.8937  146.0519    5.32300    0.02254
 21.1833   46.10200 -292.06201   47.8941  146.0774    5.40200    0.03521
 21.1917   45.90200 -291.93500   47.8945  146.1031    5.48200    0.03816
 21.2000   45.70300 -291.80899   47.8948  146.1288    5.55400    0.03732
 21.2083   45.50300 -291.68100   47.8951  146.1549    5.61700    0.02887
 21.2167   45.30400 -291.55399   47.8953  146.1810    5.66200    0.01881
 21.2250   45.10600 -291.42599   47.8954  146.2071    5.72200    0.01095
 21.2333   44.90700 -291.29700   47.8954  146.2335    5.78700    0.00615
 21.2417   44.70900 -291.16901   47.8954  146.2600    5.84000    0.00420
 21.2500   44.51100 -291.04001   47.8953  146.2866    5.90800    0.00258
 21.2583   44.31300 -290.91101   47.8952  146.3134    5.97100    0.00929
 21.2667   44.11600 -290.78101   47.8949  146.3403    6.05400    0.01562
 21.2750   43.91800 -290.65100   47.8946  146.3674    6.11600    0.01953
 21.2833   43.72100 -290.52100   47.8943  146.3946    6.16800    0.01046
 21.2917   43.52400 -290.39099   47.8938  146.4220    6.19800   -0.00146
 21.3000   43.32800 -290.26001   47.8933  146.4494    6.25100   -0.01273
 21.3083   43.13200 -290.12900   47.8927  146.4770    6.30700   -0.01594
 21.3167   42.93600 -289.99799   47.8921  146.5048    6.37100   -0.01526
 21.3250   42.74000 -289.86600   47.8913  146.5328    6.44000   -0.01574
 21.3333   42.54400 -289.73401   47.8905  146.5610    6.49100   -0.01766
 21.3417   42.34900 -289.60599   47.8898  146.5891    6.54900   -0.01836
 21.3500   42.15300 -289.47800   47.8891  146.6175    6.62100   -0.01222
 21.3583   41.95800 -289.35001   47.8883  146.6460    6.70000   -0.00147
 21.3667   41.76300 -289.22101   47.8873  146.6747    6.77800    0.01093
 21.3750   41.56800 -289.09201   47.8864  146.7036    6.85900    0.01362
 21.3833   41.37300 -288.96201   47.8853  146.7326    6.89900    0.01151
 21.3917   41.17900 -288.83200   47.8841  146.7618    6.95800    0.00762
 21.4000   40.98500 -288.70200   47.8829  146.7911    7.03300    0.00563
 21.4083   40.79100 -288.57199   47.8816  146.8206    7.08200    0.00417
 21.4167   40.59700 -288.44101   47.8803  146.8503    7.14400   -0.00023
 21.4250   40.40400 -288.31000   47.8788  146.8801    7.20600   -0.00113
 21.4333   40.21000 -288.17899   47.8773  146.9102    7.27100    0.00040
 21.4417   40.01700 -288.04800   47.8757  146.9404    7.34500   -0.00463
 21.4500   39.82500 -287.91599   47.8739  146.9707    7.38100   -0.00923
 21.4583   39.63200 -287.78400   47.8722  147.0013    7.45000   -0.01694
 21.4667   39.44000 -287.65201   47.8703  147.0319    7.51400   -0.01711
 21.4750   39.24800 -287.51999   47.8684  147.0627    7.58700   -0.01755
 21.4833   39.05600 -287.38699   47.8663  147.0938    7.65600   -0.01932
 21.4917   38.86400 -287.25400   47.8642  147.1251    7.71200   -0.02596
 21.5000   38.67300 -287.12100   47.8620  147.1564    7.76200   -0.02878
 21.5083   38.48100 -286.99100   47.8599  147.1881    7.85300   -0.02448
 21.5167   38.29000 -286.86200   47.8578  147.2198    7.94700   -0.01098
 21.5250   38.09900 -286.73099   47.8555  147.2518    8.04400    0.00161
 21.5333   37.90800 -286.60101   47.8532  147.2839    8.13400    0.01172
 21.5417   37.71700 -286.47000   47.8507  147.3163    8.22000    0.01587
 21.5500   37.52700 -286.33899   47.8482  147.3487    8.29500    0.00733
 21.5583   37.33700 -286.20801   47.8456  147.3814    8.33100   -0.01383
 21.5667   37.14700 -286.07700   47.8429  147.4143    8.36500   -0.03237
 21.5750   36.95700 -285.94501   47.8401  147.4474    8.45900   -0.03003
 21.5833   36.76700 -285.81299   47.8372  147.4808    8.60000   -0.02192
 21.5917   36.57800 -285.68100   47.8342  147.5143    8.66600   -0.01394
 21.6000   36.38900 -285.54800   47.8311  147.5479    8.75900   -0.02104
 21.6083   36.20000 -285.41599   47.8279  147.5818    8.82600   -0.02538
 21.6167   36.01100 -285.28299   47.8246  147.6160    8.90100   -0.02328
 21.6250   35.82200 -285.14999   47.8213  147.6504    9.02200   -0.01612
 21.6333   35.63400 -285.01700   47.8178  147.6849    9.11200   -0.00085
 21.6417   35.44600 -284.88300   47.8142  147.7196    9.22900    0.01590
 21.6500   35.25800 -284.74899   47.8106  147.7546    9.36400    0.03066
 21.6583   35.07000 -284.61600   47.8068  147.7898    9.45200    0.03506
 21.6667   34.88300 -284.48199   47.8030  147.8251    9.52100    0.02480
 21.6750   34.69500 -284.35101   47.7992  147.8608    9.58700    0.01246
 21.6833   34.50800 -284.22000   47.7953  147.8966    9.66700   -0.00271
 21.6917   34.32100 -284.08801   47.7913  147.9326    9.73100   -0.01523
 21.7000   34.13400 -283.95700   47.7873  147.9689    9.81700   -0.02901
 21.7083   33.94700 -283.82501   47.7831  148.0055    9.89700   -0.03759
 21.7167   33.76100 -283.69299   47.7788  148.0421    9.98900   -0.04447
 21.7250   33.57400 -283.56000   47.7744  148.0793   10.08300   -0.04430
 21.7333   33.38800 -283.42801   47.7699  148.1164   10.19400   -0.04423
 21.7417   33.20200 -283.29501   47.7653  148.1539   10.28300   -0.03726
 21.7500   33.01600 -283.16199   47.7605  148.1917   10.41400   -0.02934
 21.7583   32.83100 -283.02899   47.7557  148.2295   10.54100   -0.01370
 21.7667   32.64600 -282.89600   47.7508  148.2676   10.68300   -0.00457
 21.7750   32.46000 -282.76199   47.7457  148.3063   10.79400    0.00415
 21.7833   32.27500 -282.62900   47.7405  148.3450   10.93000    0.00137
 21.7917   32.09100 -282.49500   47.7352  148.3838   11.02400   -0.00599
 21.8000   31.90600 -282.36099   47.7298  148.4230   11.12100   -0.02588
 21.8083   31.72200 -282.22699   47.7243  148.4624   11.20300   -0.04401
 21.8167   31.53700 -282.09201   47.7186  148.5023   11.31600   -0.05497
 21.8250   31.35300 -281.95801   47.7128  148.5423   11.46200   -0.04967
 21.8333   31.17000 -281.82300   47.7069  148.5824   11.63400   -0.03552
 21.8417   30.98600 -281.69199   47.7011  148.6230   11.79600   -0.02882
 21.8500   30.80200 -281.56000   47.6952  148.6639   11.90400   -0.02414
 21.8583   30.61900 -281.42700   47.6891  148.7049   12.06900   -0.02281
 21.8667   30.43500 -281.29501   47.6829  148.7464   12.21800   -0.02001
 21.8750   30.25200 -281.16199   47.6765  148.7881   12.34200   -0.01351
 21.8833   30.06900 -281.02899   47.6701  148.8300   12.53500   -0.00226
 21.8917   29.88700 -280.89600   47.6635  148.8721   12.71900    0.01434
 21.9000   29.70400 -280.76300   47.6567  148.9147   12.87700    0.01404
 21.9083   29.52200 -280.63000   47.6499  148.9575   12.98300    0.00437
 21.9167   29.34000 -280.49600   47.6429  149.0005   13.11700   -0.00362
 21.9250   29.15800 -280.36301   47.6358  149.0440   13.28500   -0.00635
 21.9333   28.97600 -280.22900   47.6285  149.0877   13.42600   -0.00551
 21.9417   28.79400 -280.09500   47.6211  149.1319   13.59000   -0.00190
 21.9500   28.61300 -279.96100   47.6135  149.1761   13.78200   -0.00179
 21.9583   28.43100 -279.82700   47.6058  149.2209   13.91000   -0.00721
 21.9667   28.25000 -279.69199   47.5979  149.2659   14.04100   -0.02395
 21.9750   28.06900 -279.55801   47.5899  149.3112   14.16700   -0.03708
 21.9833   27.88800 -279.42300   47.5818  149.3569   14.31000   -0.04334
 21.9917   27.70800 -279.28799   47.5734  149.4027   14.48200   -0.03948
 22.0000   27.52700 -279.15399   47.5650  149.4492   14.67200   -0.02504
 22.0083   27.34700 -279.02100   47.5566  149.4957   14.88100   -0.00069
 22.0167   27.16700 -278.88901   47.5481  149.5426   15.11900    0.01324
 22.0250   26.98700 -278.75601   47.5393  149.5900   15.26000    0.01949
 22.0333   26.80700 -278.62299   47.5304  149.6377   15.43500    0.00173
 22.0417   26.62700 -278.48999   47.5214  149.6858   15.53900   -0.01168
 22.0500   26.44800 -278.35699   47.5122  149.7340   15.70500   -0.02381
 22.0583   26.26800 -278.22299   47.5028  149.7830   15.88800   -0.02669
 22.0667   26.08900 -278.09000   47.4932  149.8320   16.04700   -0.02464
 22.0750   25.91000 -277.95599   47.4835  149.8815   16.24400   -0.02615
 22.0833   25.73100 -277.82199   47.4736  149.9314   16.41200   -0.01234
 22.0917   25.55200 -277.68900   47.4636  149.9817   16.66500    0.00626
 22.1000   25.37400 -277.55499   47.4533  150.0322   16.89100    0.02860
 22.1083   25.19500 -277.42001   47.4428  150.0834   17.08300    0.03043
 22.1167   25.01700 -277.28601   47.4322  150.1348   17.21600    0.01568
 22.1250   24.83900 -277.15201   47.4214  150.1865   17.35600   -0.01047
 22.1333   24.66100 -277.01801   47.4105  150.2388   17.49200   -0.03488
 22.1417   24.48300 -276.88300   47.3993  150.2914   17.65000   -0.05244
 22.1500   24.30500 -276.74899   47.3879  150.3446   17.84400   -0.05161
 22.1583   24.12800 -276.61401   47.3764  150.3979   18.10600   -0.04793
 22.1667   23.95100 -276.47900   47.3646  150.4516   18.29500   -0.04660
 22.1750   23.77300 -276.34698   47.3529  150.5062   18.48100   -0.05062
 22.1833   23.59600 -276.21399   47.3409  150.5609   18.71000   -0.06002
 22.1917   23.41900 -276.08099   47.3287  150.6161   18.87100   -0.05577
 22.2000   23.24300 -275.94800   47.3164  150.6714   19.15100   -0.04936
 22.2083   23.06600 -275.81500   47.3038  150.7276   19.40800   -0.03573
 22.2167   22.88900 -275.68201   47.2910  150.7843   19.62600   -0.02185
 22.2250   22.71300 -275.54800   47.2779  150.8412   19.91900   -0.00004
 22.2333   22.53700 -275.41501   47.2647  150.8985   20.23100    0.01545
 22.2417   22.36100 -275.28101   47.2512  150.9564   20.40600    0.02537
 22.2500   22.18500 -275.14801   47.2376  151.0148   20.65600    0.02224
 22.2583   22.00900 -275.01401   47.2236  151.0737   20.87800    0.03991
 22.2667   21.83400 -274.88000   47.2095  151.1329   21.18200    0.05112
 22.2750   21.65800 -274.74600   47.1951  151.1929   21.38900    0.06367
 22.2833   21.48300 -274.61200   47.1804  151.2531   21.61300    0.06048
 22.2917   21.30800 -274.47800   47.1656  151.3138   21.80600    0.06099
 22.3000   21.13200 -274.34399   47.1504  151.3755   22.02600    0.05134
 22.3083   20.95800 -274.20999   47.1351  151.4370   22.17500    0.03948
 22.3167   20.78300 -274.07599   47.1195  151.4995   22.34500    0.02179
 22.3250   20.60800 -273.94199   47.1036  151.5625   22.51400    0.00896
 22.3333   20.43300 -273.80801   47.0875  151.6261   22.68400   -0.00314
 22.3417   20.25900 -273.67499   47.0713  151.6899   22.85200   -0.00929
 22.3500   20.08500 -273.54300   47.0549  151.7544   23.05000   -0.01537
 22.3583   19.91100 -273.41000   47.0381  151.8194   23.21400   -0.02073
 22.3667   19.73700 -273.27701   47.0210  151.8850   23.38300   -0.02539
 22.3750   19.56300 -273.14401   47.0037  151.9513   23.59300   -0.02008
 22.3833   19.38900 -273.01099   46.9860  152.0182   23.83100   -0.00828
 22.3917   19.21600 -272.87799   46.9682  152.0853   24.05800   -0.01534
 22.4000   19.04200 -272.74500   46.9500  152.1534   24.15500   -0.02788
 22.4083   18.86900 -272.61200   46.9315  152.2218   24.37100   -0.04375
 22.4167   18.69600 -272.47900   46.9127  152.2909   24.58700   -0.05509
 22.4250   18.52300 -272.34601   46.8936  152.3606   24.73300   -0.06323
 22.4333   18.35000 -272.21301   46.8743  152.4309   24.98900   -0.06732
 22.4417   18.17700 -272.07901   46.8544  152.5020   25.25400   -0.05970
 22.4500   18.00400 -271.94601   46.8344  152.5737   25.50100   -0.05734
 22.4583   17.83200 -271.81299   46.8141  152.6457   25.73400   -0.04776
 22.4667   17.65900 -271.67899   46.7933  152.7188   26.05900   -0.03015
 22.4750   17.48700 -271.54599   46.7723  152.7921   26.36800   -0.02319
 22.4833   17.31400 -271.41199   46.7508  152.8666   26.53700   -0.02417
 22.4917   17.14200 -271.27899   46.7291  152.9414   26.81900   -0.01442
 22.5000   16.97000 -271.14600   46.7070  153.0170   27.22000   -0.00268
 22.5083   16.79900 -271.01401   46.6848  153.0928   27.41700    0.01472
 22.5167   16.62700 -270.88199   46.6621  153.1698   27.74300    0.02589
 22.5250   16.45500 -270.75000   46.6391  153.2476   28.08800    0.03129
 22.5333   16.28400 -270.61700   46.6156  153.3256   28.23000    0.03086
 22.5417   16.11300 -270.48499   46.5918  153.4044   28.50800    0.02715
 22.5500   15.94100 -270.35300   46.5676  153.4845   28.82600    0.03123
 22.5583   15.77000 -270.22101   46.5431  153.5649   29.02600    0.03631
 22.5667   15.59900 -270.08899   46.5181  153.6461   29.32200    0.03546
 22.5750   15.42800 -269.95599   46.4926  153.7280   29.60900    0.03801
 22.5833   15.25800 -269.82401   46.4669  153.8103   29.84600    0.01639
 22.5917   15.08700 -269.69199   46.4407  153.8939   29.96300   -0.03022
 22.6000   14.91600 -269.55899   46.4139  153.9782   30.07000   -0.07076
 22.6083   14.74600 -269.42700   46.3869  154.0630   30.37400   -0.09735
 22.6167   14.57600 -269.29401   46.3592  154.1485   30.62100   -0.11345
 22.6250   14.40500 -269.16199   46.3312  154.2354   30.83300   -0.12185
 22.6333   14.23500 -269.03000   46.3028  154.3227   31.22500   -0.11556
 22.6417   14.06500 -268.89700   46.2738  154.4108   31.61700   -0.10824
 22.6500   13.89500 -268.76501   46.2444  154.4998   31.85800   -0.09893
 22.6583   13.72500 -268.63300   46.2145  154.5896   32.28500   -0.09686
 22.6667   13.55500 -268.50000   46.1840  154.6803   32.63700   -0.07448
 22.6750   13.38600 -268.36899   46.1533  154.7715   33.07300   -0.04578
 22.6833   13.21700 -268.23801   46.1222  154.8635   33.59000   -0.02693
 22.6917   13.04700 -268.10699   46.0904  154.9570   33.90000   -0.01622
 22.7000   12.87800 -267.97601   46.0581  155.0509   34.30400   -0.00368
 22.7083   12.70900 -267.84500   46.0254  155.1456   34.86500    0.01435
 22.7167   12.54000 -267.71399   45.9920  155.2413   35.25000    0.01083
 22.7250   12.37100 -267.58301   45.9581  155.3380   35.50500   -0.00449
 22.7333   12.20300 -267.45200   45.9237  155.4350   36.00000   -0.02139
 22.7417   12.03400 -267.32001   45.8885  155.5335   36.40400   -0.03414
 22.7500   11.86500 -267.18900   45.8529  155.6331   36.73100   -0.05738
 22.7583   11.69700 -267.05801   45.8168  155.7330   37.16700   -0.07762
 22.7667   11.52800 -266.92700   45.7799  155.8345   37.62000   -0.09337
 22.7750   11.36000 -266.79599   45.7425  155.9363   38.02000   -0.11265
 22.7833   11.19100 -266.66501   45.7044  156.0398   38.46600   -0.12545
 22.7917   11.02300 -266.53400   45.6657  156.1437   39.01700   -0.12632
 22.8000   10.85500 -266.40302   45.6264  156.2485   39.55500   -0.12055
 22.8083   10.68700 -266.27200   45.5865  156.3544   40.11000   -0.11645
 22.8167   10.51900 -266.14099   45.5458  156.4613   40.71100   -0.11452
 22.8250   10.35100 -266.01001   45.5045  156.5692   41.30200   -0.11551
 22.8333   10.18300 -265.88000   45.4626  156.6783   41.90200   -0.12646
 22.8417   10.01600 -265.75000   45.4201  156.7877   42.49700   -0.12763
 22.8500    9.84900 -265.62000   45.3769  156.8981   43.25500   -0.13163
 22.8583    9.68100 -265.48999   45.3329  157.0103   43.91600   -0.13428
 22.8667    9.51400 -265.36099   45.2884  157.1229   44.60500   -0.15487
 22.8750    9.34700 -265.23099   45.2429  157.2365   45.28900   -0.16725
 22.8833    9.18000 -265.10101   45.1967  157.3512   46.10000   -0.16885
 22.8917    9.01300 -264.97101   45.1498  157.4669   46.95700   -0.15905
 22.9000    8.84600 -264.84201   45.1022  157.5838   47.80400   -0.15007
 22.9083    8.67900 -264.71201   45.0536  157.7018   48.66200   -0.12728
 22.9167    8.51300 -264.58301   45.0045  157.8201   49.67700   -0.10172
 22.9250    8.34600 -264.45300   44.9543  157.9402   50.56700   -0.05610
 22.9333    8.17900 -264.32401   44.9034  158.0615   51.58600   -0.01171
 22.9417    8.01300 -264.19400   44.8516  158.1830   52.53900    0.06091
 22.9500    7.84600 -264.06500   44.7990  158.3065   53.60700    0.14112
 22.9583    7.68000 -263.93600   44.7456  158.4303   54.59600    0.23431
 22.9667    7.51400 -263.80600   44.6912  158.5552   55.54900    0.32461
 22.9750    7.34700 -263.67700   44.6358  158.6820   56.44200    0.42468
 22.9833    7.18100 -263.54800   44.5797  158.8092   57.36500    0.50165
 22.9917    7.01500 -263.41901   44.5227  158.9375   57.94300    0.56410
 23.0000    6.84900 -263.29099   44.4649  159.0669   58.53400    0.57974
 23.0083    6.68300 -263.16199   44.4060  159.1974   58.85200    0.56134
 23.0167    6.51800 -263.03400   44.3464  159.3283   58.93700    0.50633
 23.0250    6.35200 -262.90601   44.2857  159.4611   59.02000    0.35141
 23.0333    6.18700 -262.77802   44.2241  159.5942   58.89100    0.21296
 23.0417    6.02100 -262.64999   44.1614  159.7292   58.73400    0.08768
 23.0500    5.85600 -262.52200   44.0978  159.8645   58.44900    0.01484
 23.0583    5.69100 -262.39499   44.0333  160.0010   58.31100   -0.01478
 23.0667    5.52600 -262.26700   43.9676  160.1385   58.17900   -0.01777
 23.0750    5.36000 -262.13901   43.9006  160.2780   57.94400   -0.01005
 23.0833    5.19500 -262.01199   43.8329  160.4178   57.91400   -0.00590
 23.0917    5.03000 -261.88400   43.7640  160.5586   57.85100    0.00000

