hmax        =    300
wind_bottom =      2
wind_top    =     10
critlon     =      0
tbeg, h     =   0.00
tend, h     =  24.00
c_ionex     =      0
c_vert      =      1
time, gamma, az, latp, lonp, tec, tec_filtered
  0.0083   54.59600  111.52000   46.3392  145.1581    0.50300    0.00000
  0.0167   54.70000  111.12400   46.3533  145.1561    0.48100    0.00741
  0.0250   54.80300  110.72600   46.3675  145.1541    0.44700    0.02421
  0.0333   54.90300  110.32500   46.3815  145.1523    0.34500    0.00338
  0.0417   55.00100  109.92200   46.3956  145.1505    0.20400   -0.03532
  0.0500   55.09700  109.51700   46.4096  145.1488    0.17200   -0.06271
  0.0583   55.19000  109.10900   46.4235  145.1473    0.14800   -0.06522
  0.0667   55.28200  108.69900   46.4375  145.1457    0.11300   -0.05596
  0.0750   55.37100  108.28600   46.4514  145.1443    0.13300   -0.05996
  0.0833   55.45700  107.87200   46.4652  145.1430    0.10200   -0.06746
  0.0917   55.54200  107.45500   46.4791  145.1417    0.09100   -0.06839
  0.1000   55.62400  107.03600   46.4929  145.1405    0.08700   -0.06881
  0.1083   55.70400  106.61500   46.5066  145.1394    0.06500   -0.07886
  0.1167   55.78100  106.19200   46.5203  145.1384    0.03300   -0.09677
  0.1250   55.85600  105.76700   46.5340  145.1375    0.02300   -0.10161
  0.1333   55.92900  105.34000   46.5477  145.1366    0.07100   -0.08436
  0.1417   55.99900  104.91100   46.5613  145.1359    0.13700   -0.04788
  0.1500   56.06600  104.48100   46.5749  145.1353    0.20700   -0.02400
  0.1583   56.13100  104.04800   46.5885  145.1347    0.21900   -0.02044
  0.1667   56.19400  103.61500   46.6020  145.1342    0.22200   -0.02999
  0.1750   56.25700  103.17900   46.6156  145.1335    0.25300   -0.03809
  0.1833   56.31800  102.74200   46.6291  145.1329    0.27700   -0.03729
  0.1917   56.37700  102.30400   46.6426  145.1323    0.31700   -0.02551
  0.2000   56.43300  101.86400   46.6561  145.1319    0.39200   -0.00618
  0.2083   56.48600  101.42200   46.6696  145.1315    0.44800    0.01406
  0.2167   56.53700  100.97900   46.6830  145.1312    0.49100    0.02488
  0.2250   56.58500  100.53500   46.6964  145.1311    0.52600    0.03830
  0.2333   56.63100  100.09000   46.7098  145.1310    0.57800    0.05412
  0.2417   56.67400   99.64400   46.7232  145.1310    0.61800    0.07018
  0.2500   56.71400   99.19600   46.7365  145.1311    0.64600    0.07766
  0.2583   56.75200   98.74800   46.7498  145.1312    0.66100    0.08312
  0.2667   56.78700   98.29900   46.7631  145.1315    0.68600    0.08375
  0.2750   56.82000   97.84800   46.7764  145.1318    0.68600    0.08742
  0.2833   56.85000   97.39800   46.7896  145.1322    0.70000    0.08444
  0.2917   56.87700   96.94600   46.8029  145.1328    0.68900    0.07727
  0.3000   56.90100   96.49500   46.8161  145.1335    0.66300    0.06064
  0.3083   56.92300   96.04200   46.8293  145.1342    0.63400    0.04691
  0.3167   56.94300   95.59000   46.8424  145.1349    0.62100    0.03783
  0.3250   56.95900   95.13700   46.8556  145.1358    0.59900    0.02632
  0.3333   56.97300   94.68400   46.8687  145.1368    0.55200    0.01305
  0.3417   56.98700   94.23000   46.8819  145.1376    0.53000   -0.00644
  0.3500   56.99900   93.77500   46.8951  145.1385    0.48500   -0.01704
  0.3583   57.00900   93.32100   46.9082  145.1393    0.46800   -0.02195
  0.3667   57.01500   92.86700   46.9213  145.1404    0.46200   -0.01789
  0.3750   57.01900   92.41300   46.9344  145.1415    0.44500   -0.01637
  0.3833   57.02000   91.95900   46.9475  145.1428    0.41600   -0.02870
  0.3917   57.01900   91.50600   46.9606  145.1440    0.36000   -0.04297
  0.4000   57.01400   91.05200   46.9737  145.1455    0.33700   -0.04394
  0.4083   57.00700   90.60000   46.9867  145.1470    0.35600   -0.02047
  0.4167   56.99800   90.14800   46.9998  145.1486    0.38900    0.00736
  0.4250   56.98500   89.69600   47.0128  145.1503    0.38300    0.02596
  0.4333   56.97000   89.24600   47.0258  145.1521    0.37200    0.03003
  0.4417   56.95300   88.79600   47.0388  145.1539    0.35300    0.02661
  0.4500   56.93200   88.34700   47.0518  145.1560    0.31900    0.01888
  0.4583   56.90900   87.90000   47.0648  145.1580    0.29000    0.00868
  0.4667   56.88400   87.45300   47.0778  145.1602    0.26200    0.00844
  0.4750   56.85500   87.00800   47.0908  145.1625    0.26600    0.01134
  0.4833   56.82400   86.56400   47.1037  145.1649    0.25100    0.01912
  0.4917   56.79100   86.12100   47.1167  145.1673    0.24000    0.01746
  0.5000   56.75400   85.68000   47.1297  145.1699    0.20700    0.01412
  0.5083   56.71900   85.23800   47.1427  145.1722    0.18200    0.00172
  0.5167   56.68100   84.79800   47.1557  145.1746    0.13800   -0.01053
  0.5250   56.64000   84.36000   47.1686  145.1772    0.10700   -0.02195
  0.5333   56.59700   83.92300   47.1816  145.1798    0.08800   -0.02431
  0.5417   56.55100   83.48800   47.1946  145.1826    0.08000   -0.02451
  0.5500   56.50300   83.05400   47.2076  145.1854    0.06200   -0.02806
  0.5583   56.45200   82.62300   47.2205  145.1884    0.03600   -0.03614
  0.5667   56.39900   82.19300   47.2335  145.1914    0.01700   -0.03994
  0.5750   56.34300   81.76600   47.2465  145.1945    0.01800   -0.04214
  0.5833   56.28400   81.34000   47.2595  145.1978    0.00500   -0.03905
  0.5917   56.22400   80.91700   47.2724  145.2011    0.01300   -0.04023
  0.6000   56.16000   80.49600   47.2854  145.2046    0.01000   -0.04340
  0.6083   56.09400   80.07800   47.2983  145.2082    0.00000   -0.04895
  0.6167   56.02600   79.66100   47.3113  145.2118    0.00900   -0.05239
  0.6250   55.95500   79.24800   47.3243  145.2156    0.02100   -0.05004
  0.6333   55.88200   78.83600   47.3373  145.2195    0.03900   -0.04526
  0.6417   55.80700   78.42800   47.3502  145.2234    0.06500   -0.04399
  0.6500   55.72900   78.02100   47.3632  145.2275    0.07400   -0.03739
  0.6583   55.64800   77.61800   47.3762  145.2318    0.11900   -0.03027
  0.6667   55.56600   77.21800   47.3891  145.2361    0.15400   -0.01889
  0.6750   55.48400   76.81700   47.4022  145.2402    0.18300   -0.01407
  0.6833   55.40000   76.41800   47.4152  145.2444    0.21000   -0.01226
  0.6917   55.31400   76.02300   47.4283  145.2487    0.24000   -0.01262
  0.7000   55.22600   75.63000   47.4413  145.2531    0.26800   -0.01184
  0.7083   55.13500   75.24100   47.4543  145.2577    0.30700   -0.01020
  0.7167   55.04300   74.85400   47.4674  145.2622    0.34700   -0.00787
  0.7250   54.94800   74.47000   47.4805  145.2670    0.38500   -0.01012
  0.7333   54.85000   74.08900   47.4936  145.2719    0.41500   -0.01565
  0.7417   54.75100   73.71100   47.5066  145.2769    0.45100   -0.02819
  0.7500   54.65000   73.33600   47.5197  145.2819    0.47200   -0.04138
  0.7583   54.54600   72.96400   47.5329  145.2872    0.50900   -0.05496
  0.7667   54.44000   72.59500   47.5460  145.2925    0.55400   -0.06593
  0.7750   54.33300   72.23000   47.5591  145.2979    0.59600   -0.06926
  0.7833   54.22300   71.86700   47.5722  145.3035    0.67100   -0.07314
  0.7917   54.11100   71.50800   47.5854  145.3092    0.72400   -0.07133
  0.8000   53.99700   71.15200   47.5986  145.3150    0.79500   -0.07310
  0.8083   53.88200   70.80000   47.6117  145.3209    0.86500   -0.06776
  0.8167   53.76400   70.45100   47.6249  145.3270    0.95200   -0.05949
  0.8250   53.64400   70.10500   47.6381  145.3332    1.04100   -0.04195
  0.8333   53.52300   69.76200   47.6513  145.3394    1.15300   -0.02569
  0.8417   53.40200   69.41900   47.6646  145.3456    1.24300   -0.00691
  0.8500   53.28000   69.07900   47.6779  145.3517    1.34900    0.00399
  0.8583   53.15600   68.74300   47.6912  145.3581    1.43800    0.01453
  0.8667   53.03100   68.40900   47.7045  145.3644    1.53000    0.01876
  0.8750   52.90300   68.08000   47.7178  145.3710    1.61700    0.02171
  0.8833   52.77400   67.75300   47.7312  145.3777    1.70600    0.02177
  0.8917   52.64300   67.43000   47.7445  145.3845    1.79400    0.01448
  0.9000   52.51000   67.11000   47.7579  145.3915    1.86000    0.00614
  0.9083   52.37500   66.79300   47.7714  145.3986    1.94900   -0.00465
  0.9167   52.23900   66.48000   47.7848  145.4058    2.03000   -0.01235
  0.9250   52.10100   66.17000   47.7983  145.4131    2.10800   -0.02492
  0.9333   51.96100   65.86400   47.8117  145.4207    2.18000   -0.04027
  0.9417   51.82000   65.56100   47.8252  145.4283    2.25300   -0.05003
  0.9500   51.67800   65.26100   47.8387  145.4360    2.35400   -0.04962
  0.9583   51.53300   64.96500   47.8523  145.4439    2.46700   -0.04097
  0.9667   51.38700   64.67200   47.8658  145.4520    2.57300   -0.02706
  0.9750   51.24000   64.38200   47.8794  145.4601    2.69600   -0.01908
  0.9833   51.09100   64.09600   47.8930  145.4684    2.78900   -0.00994
  0.9917   50.94100   63.81400   47.9066  145.4769    2.90100   -0.00752
  1.0000   50.78900   63.53400   47.9203  145.4855    3.00100    0.00108
  1.0083   50.63900   63.25400   47.9340  145.4938    3.11800    0.01018
  1.0167   50.48700   62.97700   47.9478  145.5023    3.23300    0.01958
  1.0250   50.33400   62.70300   47.9616  145.5110    3.33400    0.02907
  1.0333   50.17900   62.43300   47.9754  145.5198    3.44800    0.03519
  1.0417   50.02300   62.16600   47.9892  145.5288    3.54400    0.04264
  1.0500   49.86600   61.90200   48.0031  145.5378    3.64100    0.04528
  1.0583   49.70700   61.64100   48.0170  145.5471    3.72900    0.04735
  1.0667   49.54700   61.38300   48.0310  145.5565    3.81600    0.05233
  1.0750   49.38600   61.12900   48.0450  145.5660    3.91800    0.05439
  1.0833   49.22400   60.87800   48.0589  145.5757    3.99000    0.05507
  1.0917   49.06000   60.63100   48.0729  145.5856    4.06600    0.04917
  1.1000   48.89500   60.38600   48.0870  145.5956    4.13600    0.03546
  1.1083   48.72900   60.14500   48.1011  145.6058    4.17000    0.01937
  1.1167   48.56200   59.90600   48.1152  145.6161    4.23200   -0.00080
  1.1250   48.39300   59.67100   48.1294  145.6266    4.28200   -0.00775
  1.1333   48.22400   59.44000   48.1436  145.6373    4.36400   -0.01432
  1.1417   48.05300   59.21100   48.1578  145.6481    4.42300   -0.01479
  1.1500   47.88100   58.98500   48.1721  145.6591    4.49400   -0.01460
  1.1583   47.70800   58.76300   48.1864  145.6703    4.57500   -0.01121
  1.1667   47.53400   58.54300   48.2008  145.6816    4.64300   -0.01082
  1.1750   47.36200   58.32200   48.2152  145.6927    4.69900   -0.01509
  1.1833   47.18900   58.10500   48.2296  145.7040    4.75900   -0.00368
  1.1917   47.01400   57.89000   48.2442  145.7155    4.88600    0.00710
  1.2000   46.83900   57.67800   48.2587  145.7270    4.93600    0.02200
  1.2083   46.66300   57.46900   48.2733  145.7388    5.00900    0.02563
  1.2167   46.48500   57.26300   48.2880  145.7508    5.08500    0.03641
  1.2250   46.30700   57.06000   48.3026  145.7629    5.15700    0.04665
  1.2333   46.12700   56.85900   48.3174  145.7753    5.21900    0.05486
  1.2417   45.94700   56.66200   48.3322  145.7878    5.27800    0.06399
  1.2500   45.76600   56.46800   48.3470  145.8005    5.34500    0.06945
  1.2583   45.58400   56.27600   48.3619  145.8134    5.38600    0.06646
  1.2667   45.40100   56.08700   48.3768  145.8265    5.40600    0.05788
  1.2750   45.21800   55.90100   48.3917  145.8396    5.44000    0.04769
  1.2833   45.03300   55.71800   48.4067  145.8532    5.46500    0.03772
  1.2917   44.84800   55.53800   48.4218  145.8668    5.47600    0.02809
  1.3000   44.66200   55.36000   48.4369  145.8806    5.50600    0.01411
  1.3083   44.47500   55.18600   48.4520  145.8947    5.50600    0.00021
  1.3167   44.28700   55.01300   48.4672  145.9089    5.51300   -0.00928
  1.3250   44.09900   54.84400   48.4825  145.9234    5.55900   -0.01182
  1.3333   43.90900   54.67700   48.4978  145.9381    5.58800   -0.01346
  1.3417   43.72200   54.50900   48.5132  145.9525    5.60100   -0.02624
  1.3500   43.53400   54.34300   48.5286  145.9671    5.60600   -0.03742
  1.3583   43.34500   54.17900   48.5442  145.9819    5.64800   -0.04872
  1.3667   43.15500   54.01800   48.5598  145.9970    5.66700   -0.05353
  1.3750   42.96400   53.86000   48.5755  146.0124    5.70700   -0.06359
  1.3833   42.77300   53.70400   48.5912  146.0278    5.73600   -0.06531
  1.3917   42.58200   53.55100   48.6069  146.0435    5.80100   -0.06357
  1.4000   42.38900   53.40000   48.6228  146.0594    5.86500   -0.05413
  1.4083   42.19600   53.25200   48.6386  146.0756    5.93500   -0.04337
  1.4167   42.00300   53.10600   48.6545  146.0919    6.01200   -0.02982
  1.4250   41.80800   52.96300   48.6706  146.1086    6.09300   -0.01915
  1.4333   41.61300   52.82200   48.6867  146.1255    6.15600   -0.01212
  1.4417   41.41800   52.68400   48.7028  146.1425    6.22000   -0.00158
  1.4500   41.22200   52.54800   48.7190  146.1598    6.31700    0.01351
  1.4583   41.02600   52.41400   48.7352  146.1773    6.39700    0.03227
  1.4667   40.82900   52.28300   48.7515  146.1951    6.47200    0.04500
  1.4750   40.63100   52.15400   48.7679  146.2132    6.53400    0.05967
  1.4833   40.43300   52.02700   48.7844  146.2315    6.61000    0.07412
  1.4917   40.23400   51.90200   48.8010  146.2500    6.67000    0.08848
  1.5000   40.03600   51.78000   48.8175  146.2687    6.71500    0.09776
  1.5083   39.83800   51.65600   48.8343  146.2874    6.75000    0.10358
  1.5167   39.64000   51.53400   48.8511  146.3062    6.77500    0.10749
  1.5250   39.44200   51.41400   48.8680  146.3252    6.79400    0.10785
  1.5333   39.24300   51.29600   48.8849  146.3446    6.79600    0.09888
  1.5417   39.04300   51.18000   48.9020  146.3643    6.76300    0.08645
  1.5500   38.84400   51.06700   48.9191  146.3841    6.74900    0.06813
  1.5583   38.64300   50.95600   48.9363  146.4044    6.71100    0.05449
  1.5667   38.44300   50.84700   48.9536  146.4248    6.68800    0.03408
  1.5750   38.24200   50.73900   48.9710  146.4455    6.63500    0.01041
  1.5833   38.04000   50.63400   48.9884  146.4665    6.57700   -0.01827
  1.5917   37.83800   50.53200   49.0059  146.4879    6.52900   -0.04073
  1.6000   37.63600   50.43100   49.0235  146.5094    6.50600   -0.05880
  1.6083   37.43300   50.33200   49.0413  146.5314    6.47100   -0.07045
  1.6167   37.23000   50.23500   49.0591  146.5536    6.45700   -0.08439
  1.6250   37.02700   50.14000   49.0769  146.5760    6.43100   -0.09178
  1.6333   36.82400   50.04800   49.0948  146.5987    6.43700   -0.09167
  1.6417   36.62000   49.95700   49.1129  146.6218    6.47000   -0.08693
  1.6500   36.41600   49.86800   49.1310  146.6452    6.47700   -0.07422
  1.6583   36.21100   49.78100   49.1492  146.6690    6.53200   -0.06105
  1.6667   36.00600   49.69600   49.1676  146.6931    6.58200   -0.04222
  1.6750   35.80300   49.60800   49.1861  146.7169    6.63100   -0.02782
  1.6833   35.59900   49.52300   49.2047  146.7411    6.67900   -0.01623
  1.6917   35.39500   49.43900   49.2234  146.7657    6.72400   -0.00619
  1.7000   35.19100   49.35700   49.2421  146.7905    6.77200    0.00745
  1.7083   34.98700   49.27700   49.2610  146.8157    6.84400    0.01669
  1.7167   34.78200   49.19900   49.2800  146.8412    6.87500    0.02257
  1.7250   34.57700   49.12300   49.2991  146.8672    6.91200    0.01993
  1.7333   34.37200   49.04800   49.3183  146.8934    6.94900    0.02360
  1.7417   34.16600   48.97500   49.3376  146.9200    7.01500    0.02209
  1.7500   33.96000   48.90400   49.3570  146.9471    7.03300    0.02075
  1.7583   33.75400   48.83500   49.3766  146.9744    7.07400    0.00180
  1.7667   33.54800   48.76700   49.3962  147.0021    7.05800   -0.01799
  1.7750   33.34200   48.70100   49.4159  147.0302    7.07500   -0.03796
  1.7833   33.13500   48.63700   49.4358  147.0587    7.12000   -0.04958
  1.7917   32.92800   48.57500   49.4558  147.0876    7.15000   -0.05981
  1.8000   32.72100   48.51400   49.4759  147.1169    7.18200   -0.06056
  1.8083   32.51400   48.45500   49.4961  147.1466    7.28200   -0.06040
  1.8167   32.30700   48.39700   49.5164  147.1766    7.32800   -0.05250
  1.8250   32.10000   48.34200   49.5367  147.2070    7.41100   -0.04967
  1.8333   31.89200   48.28700   49.5574  147.2380    7.49800   -0.04450
  1.8417   31.68600   48.23100   49.5781  147.2688    7.56900   -0.04728
  1.8500   31.48000   48.17500   49.5990  147.2999    7.62800   -0.04714
  1.8583   31.27300   48.12200   49.6201  147.3317    7.74700   -0.04769
  1.8667   31.06600   48.07000   49.6413  147.3638    7.83100   -0.04089
  1.8750   30.86000   48.01900   49.6625  147.3962    7.94100   -0.04209
  1.8833   30.65300   47.97000   49.6840  147.4292    8.03300   -0.03818
  1.8917   30.44500   47.92300   49.7056  147.4628    8.15400   -0.02912
  1.9000   30.23800   47.87700   49.7273  147.4967    8.30100   -0.02052
  1.9083   30.03100   47.83300   49.7491  147.5310    8.39400   -0.01179
  1.9167   29.82300   47.79000   49.7711  147.5660    8.52300   -0.00570
  1.9250   29.61600   47.74800   49.7933  147.6012    8.66200   -0.00075
  1.9333   29.40800   47.70900   49.8155  147.6372    8.75900    0.00222
  1.9417   29.20100   47.67000   49.8379  147.6733    8.88500   -0.00185
  1.9500   28.99300   47.63300   49.8605  147.7102    8.99400    0.00305
  1.9583   28.78500   47.59800   49.8832  147.7477    9.14500    0.00083
  1.9667   28.57700   47.56300   49.9061  147.7855    9.23900   -0.00093
  1.9750   28.36900   47.53100   49.9291  147.8240    9.35600   -0.01723
  1.9833   28.16100   47.49900   49.9523  147.8629    9.43000   -0.02287
  1.9917   27.95300   47.46900   49.9756  147.9024    9.58700   -0.02876
  2.0000   27.74500   47.44100   49.9991  147.9425    9.70500   -0.02566
  2.0083   27.53800   47.41000   50.0229  147.9826    9.83500   -0.02616
  2.0167   27.33100   47.38000   50.0468  148.0232    9.97700   -0.02348
  2.0250   27.12400   47.35100   50.0709  148.0644   10.12100   -0.02283
  2.0333   26.91700   47.32400   50.0952  148.1062   10.24800   -0.02308
  2.0417   26.71000   47.29900   50.1196  148.1486   10.39200   -0.02235
  2.0500   26.50300   47.27400   50.1442  148.1915   10.54900   -0.02323
  2.0583   26.29600   47.25100   50.1690  148.2351   10.67700   -0.02320
  2.0667   26.08900   47.22900   50.1940  148.2793   10.83900   -0.02926
  2.0750   25.88200   47.20900   50.2191  148.3242   10.97000   -0.02804
  2.0833   25.67400   47.19000   50.2445  148.3699   11.14900   -0.02916
  2.0917   25.46700   47.17200   50.2700  148.4161   11.30200   -0.02270
  2.1000   25.26000   47.15500   50.2957  148.4628   11.48300   -0.02004
  2.1083   25.05300   47.13900   50.3216  148.5103   11.64200   -0.01368
  2.1167   24.84500   47.12500   50.3477  148.5587   11.82300   -0.01285
  2.1250   24.63800   47.11200   50.3740  148.6076   11.97800   -0.00295
  2.1333   24.43100   47.10000   50.4005  148.6572   12.19800    0.00114
  2.1417   24.22400   47.09000   50.4271  148.7076   12.35200    0.00386
  2.1500   24.01700   47.08000   50.4540  148.7586   12.50600    0.00299
  2.1583   23.81000   47.07200   50.4810  148.8104   12.71200   -0.00153
  2.1667   23.60300   47.06500   50.5083  148.8630   12.84700   -0.00734
  2.1750   23.39700   47.05600   50.5359  148.9159   12.99500   -0.01826
  2.1833   23.19100   47.04700   50.5638  148.9694   13.17000   -0.01875
  2.1917   22.98500   47.04000   50.5918  149.0238   13.36800   -0.01484
  2.2000   22.77900   47.03400   50.6201  149.0790   13.54100   -0.01094
  2.2083   22.57400   47.02900   50.6485  149.1347   13.71500   -0.00276
  2.2167   22.36800   47.02500   50.6773  149.1915   13.94200    0.00615
  2.2250   22.16200   47.02300   50.7062  149.2493   14.12400    0.01192
  2.2333   21.95600   47.02100   50.7355  149.3079   14.28500    0.01212
  2.2417   21.75100   47.02100   50.7647  149.3672   14.48200    0.00544
  2.2500   21.54500   47.02200   50.7944  149.4276   14.63100    0.00130
  2.2583   21.34000   47.02400   50.8242  149.4887   14.82000   -0.01621
  2.2667   21.13400   47.02700   50.8544  149.5510   14.94400   -0.03355
  2.2750   20.92900   47.03100   50.8847  149.6140   15.10200   -0.05154
  2.2833   20.72300   47.03600   50.9154  149.6783   15.29300   -0.05344
  2.2917   20.51800   47.04200   50.9462  149.7432   15.52800   -0.05314
  2.3000   20.31300   47.04900   50.9773  149.8091   15.70300   -0.04523
  2.3083   20.10800   47.05700   51.0086  149.8761   15.94600   -0.04271
  2.3167   19.90300   47.06700   51.0401  149.9442   16.14900   -0.02666
  2.3250   19.69800   47.07700   51.0720  150.0134   16.42000   -0.01209
  2.3333   19.49300   47.08800   51.1042  150.0836   16.66000    0.00642
  2.3417   19.29000   47.09700   51.1366  150.1539   16.89400    0.01580
  2.3500   19.08600   47.10700   51.1694  150.2256   17.11400    0.02327
  2.3583   18.88200   47.11800   51.2025  150.2986   17.34900    0.02165
  2.3667   18.67900   47.13000   51.2357  150.3723   17.53200    0.01724
  2.3750   18.47500   47.14300   51.2694  150.4476   17.73400    0.00852
  2.3833   18.27200   47.15700   51.3032  150.5237   17.94500    0.00562
  2.3917   18.06800   47.17100   51.3376  150.6013   18.17800   -0.00507
  2.4000   17.86500   47.18700   51.3720  150.6799   18.34100   -0.01542
  2.4083   17.66200   47.20400   51.4067  150.7598   18.56700   -0.03165
  2.4167   17.45900   47.22200   51.4417  150.8411   18.76500   -0.03744
  2.4250   17.25600   47.24100   51.4770  150.9236   19.00900   -0.05193
  2.4333   17.05300   47.26100   51.5127  151.0075   19.18300   -0.05639
  2.4417   16.85100   47.28100   51.5485  151.0923   19.46800   -0.07482
  2.4500   16.64800   47.30300   51.5847  151.1790   19.62600   -0.08004
  2.4583   16.44600   47.32600   51.6211  151.2668   19.91500   -0.07527
  2.4667   16.24400   47.34900   51.6579  151.3559   20.29600   -0.05762
  2.4750   16.04200   47.37300   51.6950  151.4465   20.56900   -0.03937
  2.4833   15.84000   47.39900   51.7323  151.5387   20.88800   -0.03731
  2.4917   15.63800   47.42500   51.7700  151.6323   21.16800   -0.03896
  2.5000   15.43600   47.45200   51.8081  151.7276   21.43400   -0.03506
  2.5083   15.23500   47.47700   51.8465  151.8236   21.81200   -0.02838
  2.5167   15.03400   47.50200   51.8855  151.9212   22.13000   -0.02170
  2.5250   14.83400   47.52900   51.9244  152.0200   22.40900   -0.01769
  2.5333   14.63300   47.55600   51.9640  152.1209   22.77900   -0.00949
  2.5417   14.43300   47.58500   52.0036  152.2231   23.13900   -0.00506
  2.5500   14.23300   47.61400   52.0436  152.3270   23.39300    0.01011
  2.5583   14.03200   47.64400   52.0842  152.4332   23.84300    0.01857
  2.5667   13.83200   47.67500   52.1250  152.5406   24.15100    0.02386
  2.5750   13.63300   47.70700   52.1658  152.6495   24.38300    0.02795
  2.5833   13.43300   47.73900   52.2073  152.7606   24.82500    0.02463
  2.5917   13.23300   47.77300   52.2490  152.8737   25.07400    0.02372
  2.6000   13.03400   47.80700   52.2909  152.9881   25.32300    0.01210
  2.6083   12.83500   47.84200   52.3332  153.1046   25.67600    0.00667
  2.6167   12.63600   47.87800   52.3758  153.2231   25.97200    0.00268
  2.6250   12.43700   47.91500   52.4187  153.3436   26.22900   -0.00904
  2.6333   12.23800   47.95300   52.4619  153.4662   26.51300   -0.00218
  2.6417   12.03900   47.99100   52.5056  153.5909   26.94900   -0.00145
  2.6500   11.84100   48.03000   52.5494  153.7172   27.15200   -0.00547
  2.6583   11.64300   48.07000   52.5935  153.8456   27.40100   -0.00344
  2.6667   11.44500   48.11100   52.6380  153.9763   27.88700   -0.00349
  2.6750   11.24700   48.15000   52.6831  154.1089   28.06900    0.00002
  2.6833   11.05000   48.18900   52.7285  154.2431   28.35200   -0.00194
  2.6917   10.85300   48.22900   52.7742  154.3796   28.79800   -0.00005
  2.7000   10.65600   48.27000   52.8202  154.5185   29.01300   -0.00303
  2.7083   10.45900   48.31200   52.8665  154.6599   29.25200   -0.01914
  2.7167   10.26300   48.35400   52.9129  154.8029   29.59100   -0.01725
  2.7250   10.06600   48.39800   52.9599  154.9493   29.96600    0.00013
  2.7333    9.87000   48.44200   53.0069  155.0974   30.33800    0.00385
  2.7417    9.67400   48.48700   53.0543  155.2481   30.55500   -0.00424
  2.7500    9.47800   48.53200   53.1021  155.4014   30.82300    0.00438
  2.7583    9.28200   48.57900   53.1500  155.5575   31.34300    0.01180
  2.7667    9.08600   48.62600   53.1984  155.7162   31.53800    0.01074
  2.7750    8.89100   48.67400   53.2467  155.8770   31.71700    0.00853
  2.7833    8.69600   48.72200   53.2955  156.0404   32.21400    0.01951
  2.7917    8.50100   48.77100   53.3445  156.2067   32.52500    0.03769
  2.8000    8.30600   48.82200   53.3935  156.3761   32.76000    0.03722
  2.8083    8.11100   48.87200   53.4431  156.5482   33.06400    0.03869
  2.8167    7.91700   48.92400   53.4925  156.7226   33.36800    0.04682
  2.8250    7.72200   48.97600   53.5425  156.9008   33.65500    0.05783
  2.8333    7.52800   49.02900   53.5925  157.0812   33.97000    0.05281
  2.8417    7.33500   49.07900   53.6429  157.2632   34.09000    0.04457
  2.8500    7.14200   49.13100   53.6934  157.4485   34.31800    0.04288
  2.8583    6.94800   49.18300   53.7446  157.6379   34.67600    0.05580
  2.8667    6.75500   49.23600   53.7955  157.8296   34.91800    0.03838
  2.8750    6.56300   49.29000   53.8463  158.0237   34.90900    0.01656
  2.8833    6.37000   49.34400   53.8977  158.2219   35.18600    0.01146
  2.8917    6.17800   49.39900   53.9489  158.4225   35.53400    0.02685
  2.9000    5.98500   49.45500   54.0005  158.6276   35.68800    0.02222
  2.9083    5.79300   49.51100   54.0520  158.8351   35.73200   -0.00191
  2.9167    5.60100   49.56900   54.1034  159.0462   35.86900   -0.00964
  2.9250    5.41000   49.62600   54.1549  159.2595   36.12900   -0.00069
  2.9333    5.21800   49.68500   54.2065  159.4777   36.28600    0.00000

 13.2417    8.46400  329.11499   55.8463  132.9503    0.00000    0.00000
 13.2500    8.63400  329.01999   55.7598  133.0330    0.15800    0.00461
 13.2583    8.80200  328.92401   55.6751  133.1130    0.25500    0.01053
 13.2667    8.97000  328.82700   55.5914  133.1917    0.28700    0.01068
 13.2750    9.13800  328.72900   55.5085  133.2690    0.35800    0.00180
 13.2833    9.30500  328.62900   55.4268  133.3441    0.36400    0.00649
 13.2917    9.47200  328.52899   55.3460  133.4182    0.50400    0.00628
 13.3000    9.63800  328.42700   55.2664  133.4902    0.50800    0.01793
 13.3083    9.80400  328.32401   55.1876  133.5610    0.58300    0.02108
 13.3167    9.96900  328.22101   55.1102  133.6303    0.62500    0.02955
 13.3250   10.13400  328.11600   55.0334  133.6982    0.66100    0.03548
 13.3333   10.29800  328.01001   54.9579  133.7644    0.75500    0.03274
 13.3417   10.46300  327.90500   54.8829  133.8306    0.69600    0.03385
 13.3500   10.62900  327.79999   54.8084  133.8963    0.75000    0.02155
 13.3583   10.79400  327.69299   54.7350  133.9603    0.71800    0.01931
 13.3667   10.95800  327.58600   54.6628  134.0229    0.74000    0.01704
 13.3750   11.12200  327.47699   54.5912  134.0843    0.78300    0.00908
 13.3833   11.28500  327.36700   54.5208  134.1441    0.69900    0.01387
 13.3917   11.44800  327.25601   54.4510  134.2030    0.82000    0.00441
 13.4000   11.61000  327.14401   54.3823  134.2605    0.73600    0.00634
 13.4083   11.77100  327.03000   54.3146  134.3164    0.73900   -0.00167
 13.4167   11.93200  326.91599   54.2476  134.3715    0.76700   -0.00537
 13.4250   12.09300  326.79999   54.1811  134.4256    0.72200   -0.00422
 13.4333   12.25200  326.68301   54.1160  134.4779    0.76300   -0.00945
 13.4417   12.41100  326.56500   54.0516  134.5294    0.74400   -0.01009
 13.4500   12.57000  326.44601   53.9877  134.5802    0.73000   -0.00082
 13.4583   12.72800  326.32599   53.9248  134.6296    0.85200   -0.00024
 13.4667   12.88500  326.20499   53.8629  134.6779    0.76100    0.00085
 13.4750   13.04100  326.08200   53.8017  134.7248    0.75100   -0.00590
 13.4833   13.19700  325.95801   53.7411  134.7711    0.80900   -0.00620
 13.4917   13.35200  325.83301   53.6814  134.8161    0.76400    0.00748
 13.5000   13.50700  325.70700   53.6222  134.8606    0.86400    0.01189
 13.5083   13.66300  325.58301   53.5635  134.9053    0.84200    0.02318
 13.5167   13.81900  325.45700   53.5054  134.9492    0.84900    0.01151
 13.5250   13.97400  325.33099   53.4481  134.9923    0.76400    0.01412
 13.5333   14.12900  325.20300   53.3912  135.0345    0.85300    0.01476
 13.5417   14.28300  325.07401   53.3352  135.0757    0.83600    0.02762
 13.5500   14.43600  324.94299   53.2799  135.1158    0.84300    0.02463
 13.5583   14.58800  324.81201   53.2254  135.1550    0.80800    0.01552
 13.5667   14.74000  324.67899   53.1713  135.1936    0.74400    0.00281
 13.5750   14.89100  324.54501   53.1180  135.2312    0.72400   -0.00565
 13.5833   15.04100  324.41000   53.0653  135.2679    0.71300   -0.00626
 13.5917   15.19100  324.27399   53.0132  135.3040    0.71000   -0.00494
 13.6000   15.34000  324.13599   52.9616  135.3392    0.70000   -0.00940
 13.6083   15.48800  323.99799   52.9109  135.3736    0.64600   -0.01282
 13.6167   15.63500  323.85800   52.8607  135.4071    0.64500   -0.01630
 13.6250   15.78100  323.71701   52.8112  135.4397    0.62700   -0.00207
 13.6333   15.92700  323.57501   52.7621  135.4719    0.70200    0.00139
 13.6417   16.07200  323.43100   52.7135  135.5032    0.61900    0.00988
 13.6500   16.21600  323.28699   52.6657  135.5339    0.64100    0.00652
 13.6583   16.35900  323.14099   52.6184  135.5636    0.62700    0.01644
 13.6667   16.50200  322.99399   52.5715  135.5930    0.64200    0.02239
 13.6750   16.64600  322.84900   52.5249  135.6228    0.63300    0.01993
 13.6833   16.79000  322.70200   52.4786  135.6521    0.55600    0.01238
 13.6917   16.93300  322.55399   52.4329  135.6807    0.53500   -0.00243
 13.7000   17.07500  322.40500   52.3878  135.7086    0.47400   -0.00024
 13.7083   17.21600  322.25500   52.3432  135.7358    0.51900    0.00358
 13.7167   17.35700  322.10300   52.2989  135.7625    0.50100    0.00576
 13.7250   17.49600  321.95099   52.2555  135.7884    0.42400    0.00009
 13.7333   17.63500  321.79700   52.2122  135.8138    0.41100   -0.00930
 13.7417   17.77300  321.64099   52.1694  135.8385    0.37400   -0.00776
 13.7500   17.91000  321.48499   52.1272  135.8627    0.37600   -0.00388
 13.7583   18.04600  321.32800   52.0855  135.8862    0.38300   -0.00111
 13.7667   18.18100  321.16901   52.0442  135.9091    0.33800   -0.00007
 13.7750   18.31600  321.00900   52.0032  135.9317    0.33200   -0.01361
 13.7833   18.44900  320.84799   51.9629  135.9534    0.23800   -0.02283
 13.7917   18.58100  320.68500   51.9229  135.9744    0.22600   -0.03067
 13.8000   18.71300  320.52200   51.8833  135.9953    0.23300   -0.02533
 13.8083   18.84400  320.35699   51.8441  136.0156    0.23700   -0.01036
 13.8167   18.97300  320.19101   51.8054  136.0350    0.29600   -0.00319
 13.8250   19.10200  320.02399   51.7671  136.0542    0.25000    0.00911
 13.8333   19.22900  319.85599   51.7293  136.0726    0.29000    0.00350
 13.8417   19.35900  319.68900   51.6913  136.0920    0.22800    0.00362
 13.8500   19.48800  319.52100   51.6538  136.1109    0.22800   -0.00913
 13.8583   19.61600  319.35199   51.6166  136.1293    0.18400   -0.00886
 13.8667   19.74300  319.18100   51.5798  136.1471    0.22300   -0.00656
 13.8750   19.86900  319.00900   51.5434  136.1645    0.24600   -0.00170
 13.8833   19.99400  318.83600   51.5073  136.1813    0.22800   -0.00833
 13.8917   20.11800  318.66199   51.4716  136.1977    0.18600   -0.02105
 13.9000   20.24100  318.48700   51.4363  136.2137    0.16100   -0.02651
 13.9083   20.36200  318.31000   51.4014  136.2289    0.19300   -0.02096
 13.9167   20.48300  318.13300   51.3668  136.2440    0.23100   -0.01256
 13.9250   20.60300  317.95401   51.3325  136.2585    0.24000   -0.00995
 13.9333   20.72200  317.77399   51.2985  136.2727    0.24000   -0.00640
 13.9417   20.84000  317.59299   51.2648  136.2865    0.29400   -0.00295
 13.9500   20.95600  317.41000   51.2315  136.2994    0.30000    0.00182
 13.9583   21.07200  317.22699   51.1985  136.3124    0.30600   -0.01012
 13.9667   21.18600  317.04199   51.1659  136.3246    0.24400   -0.02518
 13.9750   21.29900  316.85599   51.1335  136.3365    0.23500   -0.02743
 13.9833   21.41200  316.66901   51.1013  136.3482    0.33200   -0.00973
 13.9917   21.52300  316.48099   51.0696  136.3593    0.40200    0.01862
 14.0000   21.63300  316.29199   51.0381  136.3701    0.45600    0.03106
 14.0083   21.74500  316.10400   51.0066  136.3815    0.44400    0.03863
 14.0167   21.85600  315.91501   50.9753  136.3926    0.48300    0.02575
 14.0250   21.96600  315.72400   50.9443  136.4033    0.40900    0.01485
 14.0333   22.07500  315.53299   50.9136  136.4137    0.41300   -0.00004
 14.0417   22.18200  315.34000   50.8833  136.4234    0.42600    0.00325
 14.0500   22.28900  315.14600   50.8530  136.4331    0.46800    0.00241
 14.0583   22.39400  314.95200   50.8232  136.4422    0.44700   -0.00596
 14.0667   22.49800  314.75500   50.7935  136.4509    0.41300   -0.02347
 14.0750   22.60100  314.55801   50.7642  136.4593    0.40000   -0.03096
 14.0833   22.70300  314.35999   50.7350  136.4674    0.44500   -0.02867
 14.0917   22.80300  314.16101   50.7062  136.4750    0.48100   -0.01332
 14.1000   22.90300  313.95999   50.6775  136.4825    0.55400   -0.00511
 14.1083   23.00100  313.75900   50.6491  136.4894    0.55800   -0.00702
 14.1167   23.09800  313.55600   50.6209  136.4960    0.53300   -0.03010
 14.1250   23.19400  313.35199   50.5929  136.5024    0.47800   -0.04658
 14.1333   23.28800  313.14801   50.5653  136.5083    0.52300   -0.05062
 14.1417   23.38100  312.94199   50.5378  136.5138    0.58100   -0.02917
 14.1500   23.47300  312.73499   50.5106  136.5190    0.69200   -0.00291
 14.1583   23.56400  312.52802   50.4835  136.5241    0.77600    0.02482
 14.1667   23.65300  312.31900   50.4568  136.5286    0.84000    0.03634
 14.1750   23.74500  312.11099   50.4298  136.5340    0.84000    0.03256
 14.1833   23.83500  311.90201   50.4031  136.5390    0.81500    0.02799
 14.1917   23.92400  311.69199   50.3766  136.5436    0.86500    0.02588
 14.2000   24.01200  311.48099   50.3503  136.5481    0.87500    0.02463
 14.2083   24.09900  311.26901   50.3241  136.5522    0.85400    0.03861
 14.2167   24.18400  311.05600   50.2982  136.5559    0.99100    0.05255
 14.2250   24.26800  310.84201   50.2725  136.5594    0.99400    0.06746
 14.2333   24.35000  310.62701   50.2470  136.5623    0.97100    0.05676
 14.2417   24.43100  310.41101   50.2217  136.5651    0.94400    0.03545
 14.2500   24.51100  310.19400   50.1966  136.5676    0.87400    0.01530
 14.2583   24.59000  309.97601   50.1715  136.5699    0.85600    0.00322
 14.2667   24.66700  309.75800   50.1468  136.5717    0.88200   -0.00720
 14.2750   24.74300  309.53799   50.1222  136.5733    0.82600   -0.02695
 14.2833   24.81800  309.31699   50.0976  136.5747    0.75400   -0.05585
 14.2917   24.89100  309.09601   50.0734  136.5757    0.72700   -0.07090
 14.3000   24.96200  308.87299   50.0493  136.5762    0.75300   -0.06226
 14.3083   25.03300  308.64999   50.0253  136.5768    0.82400   -0.04721
 14.3167   25.10200  308.42599   50.0015  136.5769    0.83200   -0.03514
 14.3250   25.17000  308.20099   49.9779  136.5768    0.84500   -0.02218
 14.3333   25.23600  307.97501   49.9544  136.5763    0.92300   -0.00862
 14.3417   25.30400  307.75000   49.9309  136.5765    0.94100    0.00208
 14.3500   25.37100  307.52399   49.9074  136.5764    0.94000    0.00809
 14.3583   25.43700  307.29700   49.8841  136.5762    0.99700    0.01209
 14.3667   25.50100  307.06900   49.8609  136.5756    1.01000    0.01695
 14.3750   25.56400  306.84100   49.8379  136.5748    1.03200    0.02602
 14.3833   25.62500  306.61200   49.8151  136.5736    1.12800    0.02175
 14.3917   25.68500  306.38199   49.7924  136.5722    1.06800    0.01695
 14.4000   25.74400  306.15100   49.7698  136.5706    1.08200   -0.00956
 14.4083   25.80100  305.91901   49.7473  136.5686    1.04400   -0.01911
 14.4167   25.85700  305.68701   49.7250  136.5665    1.08100   -0.03045
 14.4250   25.91100  305.45300   49.7028  136.5639    1.08100   -0.02640
 14.4333   25.96400  305.21899   49.6807  136.5612    1.13100   -0.03178
 14.4417   26.01500  304.98499   49.6588  136.5581    1.11200   -0.01116
 14.4500   26.06500  304.75000   49.6370  136.5549    1.26700    0.01151
 14.4583   26.11300  304.51401   49.6153  136.5512    1.32900    0.03207
 14.4667   26.16000  304.27701   49.5937  136.5474    1.29300    0.02392
 14.4750   26.20500  304.04001   49.5723  136.5432    1.27800    0.00905
 14.4833   26.24900  303.80200   49.5509  136.5388    1.30000    0.00482
 14.4917   26.29200  303.56299   49.5296  136.5343    1.33300   -0.00047
 14.5000   26.33300  303.32401   49.5084  136.5294    1.31900   -0.00601
 14.5083   26.37600  303.08600   49.4872  136.5253    1.34900   -0.01074
 14.5167   26.41800  302.84601   49.4660  136.5209    1.39400   -0.00522
 14.5250   26.45800  302.60699   49.4450  136.5162    1.44400   -0.00317
 14.5333   26.49700  302.36600   49.4240  136.5112    1.44600   -0.00782
 14.5417   26.53400  302.12500   49.4032  136.5060    1.44200   -0.01711
 14.5500   26.57000  301.88400   49.3824  136.5006    1.45600   -0.02368
 14.5583   26.60400  301.64099   49.3617  136.4948    1.47500   -0.02740
 14.5667   26.63600  301.39899   49.3413  136.4887    1.49200   -0.01452
 14.5750   26.66800  301.15601   49.3207  136.4827    1.60300    0.00343
 14.5833   26.69700  300.91199   49.3004  136.4760    1.65300    0.02969
 14.5917   26.72500  300.66800   49.2801  136.4692    1.71600    0.03791
 14.6000   26.75200  300.42300   49.2598  136.4622    1.72100    0.03275
 14.6083   26.77700  300.17801   49.2397  136.4550    1.69000    0.02207
 14.6167   26.80100  299.93301   49.2197  136.4476    1.72000    0.01151
 14.6250   26.82300  299.68701   49.1997  136.4398    1.72500    0.00651
 14.6333   26.84400  299.44000   49.1797  136.4319    1.72500    0.00545
 14.6417   26.86300  299.19400   49.1600  136.4236    1.77600    0.00621
 14.6500   26.88000  298.94699   49.1403  136.4150    1.79100    0.00978
 14.6583   26.89600  298.69901   49.1205  136.4062    1.80300    0.00359
 14.6667   26.91100  298.45200   49.1010  136.3974    1.79300   -0.00050
 14.6750   26.92800  298.20401   49.0812  136.3891    1.81300   -0.00078
 14.6833   26.94300  297.95700   49.0615  136.3805    1.84900    0.00247
 14.6917   26.95600  297.70901   49.0420  136.3716    1.86500   -0.00273
 14.7000   26.96800  297.46100   49.0225  136.3625    1.84700   -0.01658
 14.7083   26.97900  297.21201   49.0029  136.3533    1.84300   -0.03161
 14.7167   26.98800  296.96301   48.9835  136.3437    1.86200   -0.04042
 14.7250   26.99500  296.71399   48.9642  136.3337    1.89000   -0.04691
 14.7333   27.00100  296.46500   48.9449  136.3237    1.91200   -0.05365
 14.7417   27.00500  296.21500   48.9257  136.3132    1.94300   -0.06140
 14.7500   27.00800  295.96500   48.9065  136.3027    1.97900   -0.05848
 14.7583   27.01000  295.71500   48.8873  136.2920    2.07300   -0.05953
 14.7667   27.00900  295.46500   48.8683  136.2807    2.09000   -0.05293
 14.7750   27.00800  295.21500   48.8492  136.2696    2.17900   -0.05109
 14.7833   27.00500  294.96399   48.8301  136.2580    2.25600   -0.04523
 14.7917   27.00000  294.71301   48.8112  136.2461    2.30900   -0.03521
 14.8000   26.99400  294.46301   48.7923  136.2341    2.43300   -0.01786
 14.8083   26.98600  294.21201   48.7734  136.2217    2.56500    0.00234
 14.8167   26.97700  293.96100   48.7546  136.2092    2.64200    0.01161
 14.8250   26.96600  293.70999   48.7358  136.1963    2.71100    0.01233
 14.8333   26.95400  293.45901   48.7170  136.1833    2.79800    0.00757
 14.8417   26.94300  293.20801   48.6982  136.1707    2.85200    0.00870
 14.8500   26.93200  292.95801   48.6793  136.1582    2.96200    0.00507
 14.8583   26.91800  292.70700   48.6605  136.1451    3.02400    0.00530
 14.8667   26.90400  292.45599   48.6417  136.1320    3.09500    0.00045
 14.8750   26.88700  292.20499   48.6229  136.1184    3.17200    0.01103
 14.8833   26.86900  291.95401   48.6042  136.1046    3.31600    0.00952
 14.8917   26.85000  291.70401   48.5855  136.0908    3.31100    0.01085
 14.9000   26.82900  291.45300   48.5668  136.0765    3.39300    0.00245
 14.9083   26.80700  291.20200   48.5481  136.0621    3.47900    0.02071
 14.9167   26.78300  290.95099   48.5294  136.0472    3.63000    0.03143
 14.9250   26.75800  290.70099   48.5108  136.0323    3.67900    0.03318
 14.9333   26.73100  290.45001   48.4922  136.0170    3.72100    0.00625
 14.9417   26.70300  290.20001   48.4736  136.0015    3.71700   -0.01208
 14.9500   26.67400  289.95001   48.4549  135.9859    3.82300   -0.03316
 14.9583   26.64300  289.70001   48.4364  135.9699    3.85500   -0.04653
 14.9667   26.61000  289.45001   48.4178  135.9535    3.89700   -0.07134
 14.9750   26.57600  289.20001   48.3992  135.9369    3.94100   -0.07620
 14.9833   26.54100  288.95001   48.3806  135.9202    4.09200   -0.07262
 14.9917   26.50400  288.70099   48.3620  135.9030    4.18900   -0.04997
 15.0000   26.46500  288.45200   48.3435  135.8855    4.34300   -0.02908
 15.0083   26.42900  288.20300   48.3248  135.8689    4.48500   -0.00498
 15.0167   26.39100  287.95499   48.3061  135.8519    4.60100    0.01419
 15.0250   26.35200  287.70599   48.2874  135.8346    4.73400    0.02069
 15.0333   26.31100  287.45801   48.2687  135.8170    4.80800    0.02592
 15.0417   26.26900  287.20999   48.2500  135.7992    4.92700    0.02467
 15.0500   26.22600  286.96201   48.2312  135.7813    5.02700    0.02295
 15.0583   26.18100  286.71500   48.2125  135.7629    5.10800    0.01791
 15.0667   26.13400  286.46799   48.1938  135.7441    5.21000    0.01842
 15.0750   26.08700  286.22101   48.1750  135.7254    5.34200    0.01786
 15.0833   26.03700  285.97400   48.1562  135.7059    5.41300    0.00815
 15.0917   25.98700  285.72800   48.1374  135.6866    5.45500   -0.00395
 15.1000   25.93500  285.48199   48.1186  135.6668    5.56800   -0.01127
 15.1083   25.88200  285.23700   48.0998  135.6469    5.65700   -0.00372
 15.1167   25.82700  284.99200   48.0810  135.6265    5.78500   -0.00643
 15.1250   25.77100  284.74701   48.0621  135.6059    5.83600   -0.00374
 15.1333   25.71400  284.50201   48.0431  135.5851    5.95900   -0.00393
 15.1417   25.65500  284.25800   48.0242  135.5638    6.06700   -0.00270
 15.1500   25.59500  284.01501   48.0052  135.5424    6.12200    0.00755
 15.1583   25.53400  283.77200   47.9862  135.5208    6.29000    0.00838
 15.1667   25.47100  283.52899   47.9672  135.4986    6.33500    0.01817
 15.1750   25.41000  283.28699   47.9481  135.4771    6.44200    0.00825
 15.1833   25.34800  283.04401   47.9288  135.4554    6.49400    0.01527
 15.1917   25.28500  282.80301   47.9095  135.4335    6.63800    0.02098
 15.2000   25.22000  282.56201   47.8903  135.4111    6.73100    0.03501
 15.2083   25.15400  282.32101   47.8709  135.3885    6.83200    0.03209
 15.2167   25.08600  282.08099   47.8515  135.3654    6.87900    0.02154
 15.2250   25.01800  281.84100   47.8321  135.3423    6.93000    0.00396
 15.2333   24.94800  281.60199   47.8126  135.3188    6.99100   -0.01236
 15.2417   24.87600  281.36301   47.7931  135.2947    7.04200   -0.01866
 15.2500   24.80400  281.12399   47.7734  135.2706    7.15300   -0.02125
 15.2583   24.73000  280.88699   47.7539  135.2461    7.23200   -0.02817
 15.2667   24.65500  280.64899   47.7341  135.2213    7.25900   -0.03587
 15.2750   24.57900  280.41199   47.7143  135.1962    7.36200   -0.03500
 15.2833   24.50200  280.17599   47.6945  135.1709    7.48700   -0.01256
 15.2917   24.42300  279.94101   47.6746  135.1451    7.63400    0.00755
 15.3000   24.34300  279.70499   47.6546  135.1189    7.71500    0.02457
 15.3083   24.26200  279.47101   47.6346  135.0925    7.81600    0.03171
 15.3167   24.18000  279.23700   47.6145  135.0659    7.90300    0.03921
 15.3250   24.09700  279.00299   47.5942  135.0390    7.98700    0.04102
 15.3333   24.01200  278.77100   47.5740  135.0115    8.05600    0.04362
 15.3417   23.92900  278.53799   47.5536  134.9846    8.14800    0.04540
 15.3500   23.84500  278.30600   47.5331  134.9574    8.23100    0.03616
 15.3583   23.76000  278.07501   47.5126  134.9300    8.23700    0.01879
 15.3667   23.67400  277.84399   47.4919  134.9023    8.28000   -0.00562
 15.3750   23.58600  277.61301   47.4711  134.8739    8.31300   -0.02765
 15.3833   23.49700  277.38400   47.4503  134.8453    8.32900   -0.03908
 15.3917   23.40800  277.15399   47.4293  134.8166    8.43600   -0.04780
 15.4000   23.31700  276.92599   47.4083  134.7874    8.48800   -0.04122
 15.4083   23.22500  276.69800   47.3872  134.7578    8.60200   -0.03976
 15.4167   23.13200  276.47101   47.3659  134.7279    8.67900   -0.03114
 15.4250   23.03700  276.24399   47.3446  134.6973    8.78000   -0.02127
 15.4333   22.94200  276.01801   47.3231  134.6667    8.90400   -0.01559
 15.4417   22.84600  275.79300   47.3016  134.6358    8.96100   -0.01453
 15.4500   22.74800  275.56799   47.2799  134.6042    9.04200   -0.01334
 15.4583   22.65000  275.34399   47.2581  134.5726    9.17800   -0.00965
 15.4667   22.55000  275.12100   47.2363  134.5403    9.26700   -0.00632
 15.4750   22.45000  274.89801   47.2142  134.5079    9.35600   -0.00270
 15.4833   22.34800  274.67599   47.1921  134.4749    9.50200   -0.00600
 15.4917   22.24600  274.45401   47.1697  134.4418    9.54300   -0.00161
 15.5000   22.14200  274.23401   47.1474  134.4080    9.67800   -0.00383
 15.5083   22.04000  274.01300   47.1248  134.3748    9.78100   -0.00291
 15.5167   21.93700  273.79300   47.1020  134.3413    9.84100   -0.00129
 15.5250   21.83400  273.57401   47.0792  134.3076    9.98100   -0.00062
 15.5333   21.72900  273.35501   47.0562  134.2733   10.07500    0.01552
 15.5417   21.62300  273.13699   47.0330  134.2385   10.23900    0.02391
 15.5500   21.51600  272.92001   47.0098  134.2033   10.33100    0.02815
 15.5583   21.40800  272.70300   46.9863  134.1677   10.40200    0.01314
 15.5667   21.29900  272.48700   46.9627  134.1316   10.43900   -0.00541
 15.5750   21.18900  272.27200   46.9390  134.0952   10.51200   -0.00933
 15.5833   21.07900  272.05801   46.9151  134.0586   10.68300   -0.01443
 15.5917   20.96700  271.84399   46.8910  134.0212   10.71900   -0.01852
 15.6000   20.85400  271.63000   46.8667  133.9834   10.80100   -0.03429
 15.6083   20.74100  271.41800   46.8423  133.9454   10.89200   -0.03062
 15.6167   20.62700  271.20599   46.8177  133.9070   11.05600   -0.02511
 15.6250   20.51100  270.99500   46.7929  133.8677   11.14500   -0.01304
 15.6333   20.39500  270.78400   46.7679  133.8283   11.27800   -0.01283
 15.6417   20.27900  270.57501   46.7428  133.7888   11.36100   -0.00393
 15.6500   20.16100  270.36600   46.7175  133.7484   11.51400    0.00889
 15.6583   20.04200  270.15701   46.6919  133.7075   11.67900    0.02318
 15.6667   19.92300  269.94901   46.6661  133.6664   11.77400    0.02764
 15.6750   19.80500  269.74200   46.6402  133.6256   11.85800    0.02011
 15.6833   19.68600  269.53500   46.6140  133.5842   11.94200    0.01390
 15.6917   19.56700  269.32901   46.5877  133.5427   12.04700    0.01114
 15.7000   19.44600  269.12299   46.5610  133.5003   12.15400    0.01016
 15.7083   19.32500  268.91800   46.5342  133.4577   12.24800    0.00824
 15.7167   19.20300  268.71399   46.5072  133.4145   12.34300    0.00683
 15.7250   19.08000  268.51099   46.4800  133.3708   12.45600    0.00227
 15.7333   18.95700  268.30801   46.4525  133.3269   12.52500    0.00301
 15.7417   18.83200  268.10599   46.4247  133.2820   12.65200   -0.00682
 15.7500   18.70700  267.90399   46.3967  133.2369   12.68600   -0.00594
 15.7583   18.58100  267.70401   46.3685  133.1911   12.82900   -0.01600
 15.7667   18.45500  267.50299   46.3400  133.1452   12.88500   -0.01259
 15.7750   18.32800  267.30399   46.3113  133.0987   13.01400   -0.01246
 15.7833   18.20000  267.10501   46.2823  133.0515   13.13200   -0.01003
 15.7917   18.07100  266.90701   46.2530  133.0037   13.20500   -0.00387
 15.8000   17.94100  266.70999   46.2234  132.9552   13.36800   -0.00457
 15.8083   17.81100  266.51300   46.1936  132.9065   13.44300   -0.00672
 15.8167   17.68100  266.31699   46.1635  132.8575   13.51500   -0.00814
 15.8250   17.54900  266.12201   46.1331  132.8074   13.68800   -0.01044
 15.8333   17.41700  265.92700   46.1023  132.7570   13.76900   -0.00590
 15.8417   17.28600  265.73199   46.0713  132.7068   13.89700   -0.01771
 15.8500   17.15500  265.53799   46.0401  132.6564   13.96000   -0.03168
 15.8583   17.02300  265.34500   46.0085  132.6052   14.03200   -0.03925
 15.8667   16.89000  265.15201   45.9766  132.5534   14.21300   -0.03113
 15.8750   16.75700  264.95999   45.9444  132.5012   14.39400   -0.02553
 15.8833   16.62300  264.76901   45.9119  132.4483   14.44600   -0.01371
 15.8917   16.48800  264.57800   45.8789  132.3946   14.67000   -0.00964
 15.9000   16.35300  264.38800   45.8457  132.3406   14.79600    0.00355
 15.9083   16.21700  264.19901   45.8122  132.2858   14.91200    0.01037
 15.9167   16.08100  264.01001   45.7782  132.2308   15.09400    0.01693
 15.9250   15.94400  263.82199   45.7439  132.1749   15.20400    0.03083
 15.9333   15.80600  263.63501   45.7093  132.1182   15.38300    0.03992
 15.9417   15.66800  263.44800   45.6742  132.0611   15.52300    0.03999
 15.9500   15.52900  263.26099   45.6387  132.0033   15.57100    0.03481
 15.9583   15.39000  263.07599   45.6030  131.9450   15.70300    0.01991
 15.9667   15.25000  262.89099   45.5667  131.8859   15.76700    0.01905
 15.9750   15.11000  262.70599   45.5300  131.8264   15.92400    0.00323
 15.9833   14.96900  262.52301   45.4931  131.7660   15.93500    0.01228
 15.9917   14.82800  262.33899   45.4555  131.7053   16.19300   -0.01812
 16.0000   14.68600  262.15701   45.4177  131.6436   16.03200   -0.01092
 16.0083   14.54600  261.97400   45.3794  131.5826   16.34000   -0.03567
 16.0167   14.40500  261.79300   45.3409  131.5206   16.33800   -0.02410
 16.0250   14.26300  261.61099   45.3016  131.4578   16.46800   -0.02952
 16.0333   14.12100  261.43100   45.2621  131.3945   16.64500   -0.02387
 16.0417   13.97900  261.25101   45.2221  131.3307   16.73500   -0.00846
 16.0500   13.83600  261.07101   45.1816  131.2661   16.95200   -0.01588
 16.0583   13.69200  260.89200   45.1405  131.2005   16.95200   -0.00212
 16.0667   13.54800  260.71399   45.0990  131.1343   17.22800   -0.02212
 16.0750   13.40400  260.53601   45.0571  131.0678   17.17700   -0.01161
 16.0833   13.25900  260.35901   45.0146  131.0002   17.43800   -0.02528
 16.0917   13.11300  260.18201   44.9714  130.9316   17.52600   -0.01196
 16.1000   12.96800  260.00601   44.9279  130.8631   17.71400   -0.01345
 16.1083   12.82200  259.83099   44.8839  130.7935   17.86200   -0.01914
 16.1167   12.67500  259.65601   44.8392  130.7228   17.92700   -0.02472
 16.1250   12.52800  259.48199   44.7941  130.6517   18.12400   -0.02644
 16.1333   12.38100  259.30801   44.7483  130.5800   18.31100   -0.01873
 16.1417   12.23300  259.13400   44.7018  130.5073   18.46300   -0.01565
 16.1500   12.08500  258.96201   44.6550  130.4339   18.62400   -0.02775
 16.1583   11.93700  258.78900   44.6074  130.3602   18.70100   -0.02066
 16.1667   11.78800  258.61801   44.5594  130.2851   19.02200   -0.02102
 16.1750   11.64100  258.44601   44.5108  130.2109   19.13700   -0.01375
 16.1833   11.49300  258.27499   44.4616  130.1354   19.28200   -0.01341
 16.1917   11.34400  258.10400   44.4116  130.0589   19.55000   -0.01048
 16.2000   11.19500  257.93399   44.3611  129.9817   19.69300   -0.00010
 16.2083   11.04600  257.76501   44.3101  129.9039   19.90500   -0.00719
 16.2167   10.89700  257.59601   44.2583  129.8256   20.02200   -0.00602
 16.2250   10.74700  257.42700   44.2057  129.7462   20.22700   -0.00178
 16.2333   10.59700  257.25900   44.1526  129.6661   20.45600    0.01263
 16.2417   10.44700  257.09201   44.0989  129.5854   20.66400    0.02392
 16.2500   10.29600  256.92401   44.0441  129.5035   20.83700    0.03482
 16.2583   10.14500  256.75800   43.9888  129.4209   21.05700    0.03922
 16.2667    9.99400  256.59201   43.9329  129.3378   21.19400    0.04266
 16.2750    9.84200  256.42599   43.8759  129.2534   21.34800    0.04220
 16.2833    9.69100  256.26099   43.8185  129.1690   21.52200    0.03908
 16.2917    9.53800  256.09601   43.7600  129.0826   21.62000    0.03039
 16.3000    9.38600  255.93201   43.7010  128.9963   21.71500    0.01761
 16.3083    9.23400  255.76801   43.6412  128.9093   21.83600    0.01997
 16.3167    9.08100  255.60400   43.5803  128.8211   22.05300    0.02670
 16.3250    8.92800  255.44099   43.5188  128.7322   22.16600    0.02957
 16.3333    8.77500  255.27901   43.4565  128.6425   22.23000    0.02518
 16.3417    8.62300  255.11600   43.3935  128.5531   22.35800    0.02515
 16.3500    8.47000  254.95500   43.3297  128.4621   22.48900    0.02851
 16.3583    8.31700  254.79300   43.2649  128.3706   22.56600    0.03298
 16.3667    8.16400  254.63200   43.1993  128.2784   22.68800    0.03619
 16.3750    8.01100  254.47099   43.1329  128.1856   22.79000    0.03343
 16.3833    7.85800  254.31100   43.0656  128.0921   22.79900    0.03270
 16.3917    7.70400  254.15100   42.9972  127.9972   22.92900    0.03264
 16.4000    7.55000  253.99100   42.9279  127.9016   23.02400    0.02882
 16.4083    7.39600  253.83200   42.8577  127.8053   22.98100    0.02415
 16.4167    7.24200  253.67400   42.7867  127.7083   23.08800    0.01715
 16.4250    7.08800  253.51500   42.7146  127.6108   23.14600    0.01680
 16.4333    6.93300  253.35699   42.6414  127.5117   23.15200    0.01682
 16.4417    6.77900  253.20000   42.5676  127.4127   23.24100    0.01183
 16.4500    6.62400  253.04201   42.4924  127.3124   23.23600    0.01175
 16.4583    6.46900  252.88600   42.4164  127.2111   23.27000    0.01254
 16.4667    6.31400  252.72900   42.3392  127.1094   23.35400    0.01805
 16.4750    6.15900  252.57300   42.2611  127.0069   23.41900    0.01954
 16.4833    6.00400  252.41701   42.1820  126.9038   23.39900    0.02008
 16.4917    5.84800  252.26100   42.1014  126.7993   23.46500    0.01284
 16.5000    5.69300  252.10600   42.0202  126.6948   23.44200    0.01154
 16.5083    5.53800  251.95100   41.9380  126.5897   23.47100   -0.00044
 16.5167    5.38300  251.79700   41.8547  126.4838   23.39500    0.00223
 16.5250    5.22800  251.64200   41.7702  126.3775   23.47500   -0.00089
 16.5333    5.07300  251.48801   41.6846  126.2704   23.42500    0.00000

 21.9917    9.83200  154.04100   37.9404  148.2189   24.83400    0.00000
 22.0000   10.02900  153.95000   38.0401  148.1885   24.85700    0.00008
 22.0083   10.22600  153.85800   38.1385  148.1586   24.86600    0.00020
 22.0167   10.42300  153.76601   38.2354  148.1288   24.88700    0.00064
 22.0250   10.62100  153.67400   38.3315  148.0990   24.91800   -0.00653
 22.0333   10.81800  153.58099   38.4257  148.0699   24.89600   -0.01040
 22.0417   11.01700  153.48900   38.5194  148.0403   24.94800   -0.01171
 22.0500   11.21500  153.39700   38.6114  148.0112   25.01100   -0.00681
 22.0583   11.41400  153.30499   38.7025  147.9821   25.06500   -0.00588
 22.0667   11.61300  153.21300   38.7922  147.9533   25.06200    0.00096
 22.0750   11.81200  153.12000   38.8808  147.9248   25.11900    0.00472
 22.0833   12.01200  153.02800   38.9684  147.8962   25.12600    0.02152
 22.0917   12.21100  152.93600   39.0544  147.8680   25.20000    0.04644
 22.1000   12.41100  152.84300   39.1396  147.8400   25.28300    0.08421
 22.1083   12.61200  152.75000   39.2239  147.8120   25.35200    0.11756
 22.1167   12.81200  152.65800   39.3067  147.7842   25.33900    0.14484
 22.1250   13.01300  152.56500   39.3886  147.7567   25.32200    0.16586
 22.1333   13.21400  152.47200   39.4695  147.7294   25.28800    0.18462
 22.1417   13.41500  152.37900   39.5491  147.7023   25.20100    0.18962
 22.1500   13.61700  152.28600   39.6280  147.6752   25.02200    0.18140
 22.1583   13.81900  152.19200   39.7059  147.6485   24.83400    0.16599
 22.1667   14.02100  152.09900   39.7826  147.6219   24.64500    0.13591
 22.1750   14.22300  152.00500   39.8582  147.5956   24.30500    0.10771
 22.1833   14.42600  151.91000   39.9332  147.5695   24.08200    0.07109
 22.1917   14.62900  151.81599   40.0071  147.5435   23.78100    0.04292
 22.2000   14.83200  151.72099   40.0800  147.5179   23.46800    0.01715
 22.2083   15.03500  151.62601   40.1519  147.4925   23.23600   -0.00641
 22.2167   15.23900  151.53200   40.2230  147.4669   22.92900   -0.02297
 22.2250   15.44300  151.43600   40.2932  147.4419   22.65400   -0.03547
 22.2333   15.64700  151.34100   40.3624  147.4169   22.45000   -0.05027
 22.2417   15.85100  151.24600   40.4307  147.3921   22.13400   -0.05781
 22.2500   16.05600  151.14999   40.4984  147.3675   21.93100   -0.08348
 22.2583   16.26100  151.05400   40.5651  147.3431   21.61700   -0.09318
 22.2667   16.46600  150.95799   40.6309  147.3190   21.44900   -0.10516
 22.2750   16.67100  150.86200   40.6958  147.2950   21.26400   -0.10366
 22.2833   16.87600  150.76500   40.7599  147.2713   21.08200   -0.10806
 22.2917   17.08200  150.66901   40.8233  147.2476   20.90500   -0.10808
 22.3000   17.28700  150.57201   40.8856  147.2243   20.78200   -0.09812
 22.3083   17.49300  150.47400   40.9474  147.2012   20.69500   -0.07982
 22.3167   17.69900  150.37700   41.0083  147.1782   20.59500   -0.05628
 22.3250   17.90500  150.27901   41.0685  147.1554   20.52300   -0.02810
 22.3333   18.11200  150.18100   41.1281  147.1327   20.47700   -0.00609
 22.3417   18.31900  150.08200   41.1870  147.1104   20.33600    0.02392
 22.3500   18.52600  149.98300   41.2450  147.0882   20.31000    0.05112
 22.3583   18.73300  149.88400   41.3023  147.0661   20.22700    0.09088
 22.3667   18.94100  149.78400   41.3592  147.0443   20.14900    0.11951
 22.3750   19.14800  149.68401   41.4150  147.0227   20.01900    0.13755
 22.3833   19.35600  149.58400   41.4703  147.0012   19.83100    0.15195
 22.3917   19.56400  149.48300   41.5250  146.9800   19.69100    0.16371
 22.4000   19.77300  149.38300   41.5791  146.9586   19.50100    0.17874
 22.4083   19.98100  149.28101   41.6324  146.9378   19.28900    0.17333
 22.4167   20.19000  149.17999   41.6852  146.9169   18.96100    0.15596
 22.4250   20.39800  149.07800   41.7371  146.8965   18.64100    0.13258
 22.4333   20.60700  148.97600   41.7886  146.8761   18.34100    0.11151
 22.4417   20.81600  148.87300   41.8395  146.8559   17.98500    0.09622
 22.4500   21.02500  148.77000   41.8897  146.8359   17.65900    0.07821
 22.4583   21.23400  148.66600   41.9393  146.8161   17.30400    0.06085
 22.4667   21.44300  148.56300   41.9883  146.7964   16.92400    0.04232
 22.4750   21.65300  148.45799   42.0369  146.7769   16.57500    0.01851
 22.4833   21.86200  148.35400   42.0847  146.7576   16.18000   -0.00612
 22.4917   22.07200  148.24800   42.1321  146.7385   15.79700   -0.04468
 22.5000   22.28100  148.14301   42.1788  146.7196   15.37400   -0.07785
 22.5083   22.49200  148.03700   42.2253  146.7007   15.03800   -0.11091
 22.5167   22.70200  147.92999   42.2711  146.6821   14.68900   -0.14273
 22.5250   22.91300  147.82300   42.3165  146.6635   14.31200   -0.17399
 22.5333   23.12400  147.71500   42.3614  146.6452   14.02300   -0.20402
 22.5417   23.33400  147.60699   42.4055  146.6271   13.73000   -0.21298
 22.5500   23.54500  147.49899   42.4493  146.6090   13.53800   -0.21093
 22.5583   23.75600  147.38901   42.4927  146.5913   13.37500   -0.19944
 22.5667   23.96700  147.28000   42.5355  146.5736   13.19900   -0.18570
 22.5750   24.17900  147.17000   42.5780  146.5559   13.07600   -0.17819
 22.5833   24.39000  147.05901   42.6199  146.5386   12.92800   -0.16372
 22.5917   24.60100  146.94800   42.6613  146.5214   12.84200   -0.14622
 22.6000   24.81200  146.83600   42.7022  146.5045   12.78100   -0.11891
 22.6083   25.02400  146.72400   42.7428  146.4875   12.73200   -0.09149
 22.6167   25.23500  146.61099   42.7829  146.4708   12.68400   -0.05643
 22.6250   25.44700  146.49800   42.8226  146.4541   12.70000   -0.01143
 22.6333   25.65800  146.38400   42.8618  146.4378   12.73200    0.03063
 22.6417   25.87000  146.26900   42.9007  146.4215   12.67900    0.06158
 22.6500   26.08100  146.15401   42.9390  146.4054   12.63700    0.07260
 22.6583   26.29200  146.03799   42.9769  146.3896   12.55600    0.07450
 22.6667   26.50400  145.92101   43.0146  146.3737   12.45500    0.06944
 22.6750   26.71600  145.80400   43.0518  146.3580   12.37600    0.06081
 22.6833   26.92900  145.68600   43.0888  146.3423   12.27500    0.05387
 22.6917   27.14100  145.56700   43.1254  146.3270   12.18200    0.03767
 22.7000   27.35300  145.44800   43.1615  146.3117   12.04800    0.02498
 22.7083   27.56600  145.32800   43.1974  146.2964   11.96200    0.00550
 22.7167   27.77800  145.20799   43.2327  146.2814   11.82000   -0.00927
 22.7250   27.99000  145.08600   43.2678  146.2666   11.70100   -0.02544
 22.7333   28.20300  144.96400   43.3026  146.2518   11.59700   -0.03592
 22.7417   28.41500  144.84200   43.3369  146.2371   11.48000   -0.03709
 22.7500   28.62700  144.71800   43.3709  146.2227   11.40600   -0.03625
 22.7583   28.84000  144.59399   43.4046  146.2083   11.30700   -0.02431
 22.7667   29.05200  144.46899   43.4380  146.1941   11.24300   -0.00513
 22.7750   29.26400  144.34300   43.4710  146.1801   11.19600    0.01980
 22.7833   29.47600  144.21600   43.5037  146.1662   11.11500    0.04266
 22.7917   29.68800  144.08800   43.5361  146.1524   11.02700    0.06228
 22.8000   29.90000  143.96001   43.5682  146.1387   10.95300    0.07790
 22.8083   30.11200  143.83099   43.5999  146.1252   10.84300    0.08601
 22.8167   30.32400  143.70100   43.6314  146.1118   10.70900    0.08761
 22.8250   30.53500  143.57001   43.6625  146.0986   10.59600    0.08639
 22.8333   30.74700  143.43800   43.6934  146.0854   10.46600    0.07568
 22.8417   30.95900  143.30499   43.7241  146.0724   10.28000    0.05254
 22.8500   31.17100  143.17200   43.7544  146.0594   10.09900    0.01758
 22.8583   31.38400  143.03700   43.7847  146.0465    9.90600   -0.01206
 22.8667   31.59600  142.90199   43.8145  146.0337    9.74800   -0.04076
 22.8750   31.80800  142.76601   43.8440  146.0210    9.57600   -0.06164
 22.8833   32.02000  142.62900   43.8733  146.0085    9.43300   -0.08371
 22.8917   32.23100  142.49100   43.9023  145.9962    9.28300   -0.10043
 22.9000   32.44300  142.35100   43.9311  145.9839    9.15800   -0.11652
 22.9083   32.65400  142.21100   43.9596  145.9718    9.04100   -0.12603
 22.9167   32.86600  142.07001   43.9879  145.9597    8.95100   -0.13649
 22.9250   33.07700  141.92799   44.0159  145.9478    8.85400   -0.14545
 22.9333   33.28800  141.78400   44.0437  145.9361    8.78200   -0.15396
 22.9417   33.49800  141.64000   44.0711  145.9245    8.73500   -0.15958
 22.9500   33.70900  141.49400   44.0984  145.9129    8.69200   -0.15687
 22.9583   33.91900  141.34801   44.1254  145.9014    8.70000   -0.14889
 22.9667   34.12900  141.20000   44.1522  145.8902    8.71300   -0.13479
 22.9750   34.33900  141.05099   44.1788  145.8790    8.73200   -0.12215
 22.9833   34.54900  140.90100   44.2052  145.8678    8.76200   -0.10345
 22.9917   34.75800  140.75000   44.2313  145.8569    8.83200   -0.07541
 23.0000   34.96700  140.59700   44.2572  145.8461    8.91900   -0.04718
 23.0083   35.17700  140.44400   44.2830  145.8352    8.96900   -0.02195
 23.0167   35.38700  140.28999   44.3086  145.8244    9.03900    0.00303
 23.0250   35.59700  140.13400   44.3340  145.8137    9.13600    0.02483
 23.0333   35.80600  139.97701   44.3591  145.8031    9.17900    0.03916
 23.0417   36.01500  139.81900   44.3841  145.7927    9.21700    0.04799
 23.0500   36.22400  139.66000   44.4089  145.7823    9.28600    0.05739
 23.0583   36.43200  139.49899   44.4334  145.7721    9.32600    0.06673
 23.0667   36.64100  139.33701   44.4578  145.7619    9.35800    0.07236
 23.0750   36.84800  139.17400   44.4819  145.7519    9.40200    0.07280
 23.0833   37.05600  139.00900   44.5060  145.7419    9.40600    0.06633
 23.0917   37.26300  138.84300   44.5297  145.7321    9.39400    0.05822
 23.1000   37.47000  138.67599   44.5533  145.7224    9.41700    0.05251
 23.1083   37.67700  138.50700   44.5768  145.7127    9.41700    0.04738
 23.1167   37.88300  138.33701   44.6000  145.7032    9.39200    0.03509
 23.1250   38.08800  138.16499   44.6231  145.6939    9.36700    0.02355
 23.1333   38.29400  137.99200   44.6460  145.6845    9.35600    0.02047
 23.1417   38.49900  137.81700   44.6688  145.6753    9.35100    0.02607
 23.1500   38.70300  137.64000   44.6913  145.6663    9.34600    0.03307
 23.1583   38.90700  137.46201   44.7137  145.6573    9.32200    0.04686
 23.1667   39.11100  137.28300   44.7360  145.6483    9.33000    0.05697
 23.1750   39.31500  137.10300   44.7581  145.6394    9.29300    0.06527
 23.1833   39.51900  136.92101   44.7800  145.6306    9.24800    0.07271
 23.1917   39.72300  136.73801   44.8019  145.6217    9.23900    0.07705
 23.2000   39.92600  136.55299   44.8236  145.6131    9.17600    0.08092
 23.2083   40.12900  136.36600   44.8451  145.6045    9.11700    0.06923
 23.2167   40.33100  136.17799   44.8665  145.5960    9.02900    0.05684
 23.2250   40.53300  135.98801   44.8877  145.5876    8.95100    0.04243
 23.2333   40.73400  135.79700   44.9087  145.5793    8.87000    0.03091
 23.2417   40.93500  135.60300   44.9297  145.5711    8.78100    0.02174
 23.2500   41.13500  135.40800   44.9505  145.5630    8.70000    0.02126
 23.2583   41.33500  135.21100   44.9712  145.5550    8.64500    0.02054
 23.2667   41.53400  135.01300   44.9917  145.5470    8.54600    0.02325
 23.2750   41.73300  134.81200   45.0121  145.5392    8.46900    0.01776
 23.2833   41.93000  134.61000   45.0323  145.5315    8.37000    0.01726
 23.2917   42.12800  134.40500   45.0525  145.5239    8.28400    0.01489
 23.3000   42.32400  134.19901   45.0724  145.5164    8.19500    0.01199
 23.3083   42.52000  133.99100   45.0923  145.5089    8.09100    0.00526
 23.3167   42.71600  133.78101   45.1120  145.5015    7.98400    0.00550
 23.3250   42.91000  133.56900   45.1316  145.4943    7.91700    0.00925
 23.3333   43.10400  133.35600   45.1510  145.4871    7.81500    0.02459
 23.3417   43.29900  133.14101   45.1705  145.4798    7.73800    0.03316
 23.3500   43.49300  132.92400   45.1898  145.4727    7.62300    0.04822
 23.3583   43.68700  132.70500   45.2090  145.4656    7.52900    0.06565
 23.3667   43.88000  132.48500   45.2280  145.4585    7.44700    0.08777
 23.3750   44.07200  132.26199   45.2470  145.4516    7.33600    0.11577
 23.3833   44.26300  132.03700   45.2658  145.4448    7.25000    0.13301
 23.3917   44.45400  131.81000   45.2846  145.4380    7.10700    0.14147
 23.4000   44.64300  131.58099   45.3031  145.4314    6.94500    0.12851
 23.4083   44.83300  131.34900   45.3217  145.4248    6.75700    0.09887
 23.4167   45.02100  131.11600   45.3401  145.4183    6.53300    0.06551
 23.4250   45.20800  130.88000   45.3584  145.4120    6.34100    0.03956
 23.4333   45.39500  130.64200   45.3766  145.4056    6.16900    0.02702
 23.4417   45.58000  130.40199   45.3946  145.3995    5.98400    0.01882
 23.4500   45.76500  130.16000   45.4126  145.3933    5.79400    0.00799
 23.4583   45.94900  129.91499   45.4305  145.3872    5.59600   -0.00192
 23.4667   46.13100  129.66800   45.4483  145.3814    5.39900   -0.00706
 23.4750   46.31300  129.41800   45.4660  145.3755    5.21600   -0.00236
 23.4833   46.49400  129.16701   45.4836  145.3697    5.04800    0.00870
 23.4917   46.67400  128.91299   45.5011  145.3640    4.87000    0.01777
 23.5000   46.85300  128.65601   45.5185  145.3584    4.67500    0.01872
 23.5083   47.03300  128.39900   45.5358  145.3527    4.47200    0.01791
 23.5167   47.21200  128.13901   45.5531  145.3470    4.28400    0.01633
 23.5250   47.39000  127.87600   45.5704  145.3414    4.08400    0.01690
 23.5333   47.56600  127.61100   45.5874  145.3360    3.88800    0.01759
 23.5417   47.74200  127.34400   45.6044  145.3306    3.70300    0.01936
 23.5500   47.91700  127.07400   45.6214  145.3253    3.51100    0.02084
 23.5583   48.09100  126.80200   45.6383  145.3200    3.31800    0.01048
 23.5667   48.26300  126.52700   45.6550  145.3149    3.09200   -0.01104
 23.5750   48.43400  126.24900   45.6717  145.3099    2.86300   -0.03629
 23.5833   48.60400  125.96900   45.6883  145.3049    2.66400   -0.06223
 23.5917   48.77300  125.68700   45.7048  145.3000    2.44600   -0.07570
 23.6000   48.94100  125.40100   45.7213  145.2952    2.27700   -0.09061
 23.6083   49.10800  125.11400   45.7376  145.2903    2.08800   -0.09661
 23.6167   49.27300  124.82300   45.7539  145.2858    1.92200   -0.10540
 23.6250   49.43700  124.53000   45.7702  145.2812    1.76300   -0.11572
 23.6333   49.59900  124.23400   45.7863  145.2768    1.59000   -0.11975
 23.6417   49.76100  123.93600   45.8024  145.2723    1.47100   -0.11992
 23.6500   49.92000  123.63400   45.8183  145.2681    1.35200   -0.12099
 23.6583   50.07900  123.33100   45.8343  145.2638    1.20300   -0.12834
 23.6667   50.23600  123.02400   45.8501  145.2597    1.08900   -0.14001
 23.6750   50.39400  122.71600   45.8660  145.2554    0.98300   -0.14075
 23.6833   50.55100  122.40500   45.8818  145.2512    0.90300   -0.13551
 23.6917   50.70600  122.09200   45.8974  145.2470    0.83800   -0.12045
 23.7000   50.86000  121.77600   45.9131  145.2430    0.79300   -0.10355
 23.7083   51.01200  121.45700   45.9286  145.2390    0.74400   -0.08730
 23.7167   51.16300  121.13500   45.9442  145.2351    0.70100   -0.07556
 23.7250   51.31300  120.81100   45.9596  145.2313    0.66100   -0.06725
 23.7333   51.46000  120.48300   45.9750  145.2276    0.61800   -0.05812
 23.7417   51.60700  120.15300   45.9904  145.2239    0.59500   -0.04934
 23.7500   51.75100  119.82000   46.0056  145.2204    0.57100   -0.03798
 23.7583   51.89400  119.48400   46.0208  145.2169    0.55400   -0.03309
 23.7667   52.03600  119.14600   46.0360  145.2135    0.52200   -0.02993
 23.7750   52.17500  118.80500   46.0510  145.2102    0.50400   -0.02528
 23.7833   52.31300  118.46100   46.0661  145.2070    0.50300   -0.01716
 23.7917   52.45000  118.11400   46.0811  145.2038    0.49200   -0.01070
 23.8000   52.58400  117.76400   46.0960  145.2008    0.47400   -0.01107
 23.8083   52.71700  117.41200   46.1109  145.1977    0.45300   -0.01620
 23.8167   52.84800  117.05600   46.1257  145.1949    0.42900   -0.01919
 23.8250   52.97700  116.69900   46.1404  145.1920    0.42300   -0.02440
 23.8333   53.10400  116.33800   46.1551  145.1894    0.39800   -0.01824
 23.8417   53.23200  115.97600   46.1698  145.1864    0.41800   -0.01379
 23.8500   53.35900  115.61100   46.1845  145.1836    0.40800   -0.00232
 23.8583   53.48300  115.24300   46.1991  145.1809    0.40900    0.00589
 23.8667   53.60600  114.87200   46.2137  145.1782    0.41500    0.01106
 23.8750   53.72700  114.49900   46.2282  145.1756    0.38900    0.01440
 23.8833   53.84500  114.12300   46.2427  145.1731    0.37700    0.01670
 23.8917   53.96200  113.74400   46.2571  145.1707    0.37400    0.02335
 23.9000   54.07700  113.36300   46.2715  145.1683    0.36100    0.03530
 23.9083   54.19000  112.97900   46.2859  145.1660    0.36500    0.04596
 23.9167   54.30000  112.59200   46.3001  145.1639    0.35400    0.05604
 23.9250   54.40900  112.20300   46.3144  145.1618    0.33200    0.05218
 23.9333   54.51500  111.81100   46.3286  145.1599    0.30600    0.04304
 23.9417   54.62000  111.41700   46.3428  145.1579    0.26500    0.02683
 23.9500   54.72200  111.02000   46.3569  145.1561    0.21000    0.00647
 23.9583   54.82200  110.62100   46.3710  145.1543    0.15600   -0.00640
 23.9667   54.92000  110.22000   46.3850  145.1526    0.11700   -0.00358
 23.9750   55.01600  109.81600   46.3990  145.1510    0.09400    0.00212
 23.9833   55.10900  109.40900   46.4130  145.1496    0.04600    0.00214
 23.9917   55.20000  109.00100   46.4269  145.1481    0.00000    0.00000
