hmax        =    300
wind_bottom =      2
wind_top    =     10
critlon     =      0
tbeg, h     =   0.00
tend, h     =  24.00
c_ionex     =      0
c_vert      =      1
time, gamma, az, latp, lonp, tec, tec_filtered
 12.6500   10.18400 -155.02699   38.0448  137.4989   26.44400    0.00000
 12.6583   10.39500 -154.99800   38.1451  137.5423   26.29400    0.00271
 12.6667   10.60600 -154.96800   38.2438  137.5850   26.25600   -0.00177
 12.6750   10.81700 -154.94000   38.3410  137.6276   26.03500    0.00254
 12.6833   11.02900 -154.91100   38.4371  137.6697   25.96000    0.00132
 12.6917   11.24100 -154.88100   38.5319  137.7112   25.84500    0.00915
 12.7000   11.45400 -154.85100   38.6256  137.7523   25.70000    0.00829
 12.7083   11.66600 -154.82100   38.7174  137.7928   25.55100   -0.00027
 12.7167   11.87900 -154.78999   38.8084  137.8329   25.38700   -0.00776
 12.7250   12.09200 -154.75800   38.8980  137.8723   25.27900   -0.02135
 12.7333   12.30500 -154.72701   38.9862  137.9114   25.13000   -0.02644
 12.7417   12.51800 -154.69501   39.0731  137.9499   25.03000   -0.04305
 12.7500   12.73200 -154.66200   39.1591  137.9879   24.84800   -0.05676
 12.7583   12.94600 -154.62900   39.2438  138.0256   24.75100   -0.06784
 12.7667   13.15900 -154.59599   39.3268  138.0625   24.69600   -0.08064
 12.7750   13.37300 -154.56200   39.4091  138.0991   24.53200   -0.09186
 12.7833   13.58800 -154.52800   39.4904  138.1354   24.47400   -0.09828
 12.7917   13.80200 -154.49300   39.5702  138.1710   24.48900   -0.09711
 12.8000   14.01700 -154.45799   39.6492  138.2063   24.41800   -0.09048
 12.8083   14.23100 -154.42300   39.7266  138.2411   24.43700   -0.08419
 12.8167   14.44600 -154.38699   39.8033  138.2754   24.48200   -0.07266
 12.8250   14.66100 -154.35100   39.8788  138.3094   24.48200   -0.06151
 12.8333   14.87700 -154.31500   39.9535  138.3431   24.53100   -0.05516
 12.8417   15.09300 -154.27901   40.0271  138.3764   24.57000   -0.04075
 12.8500   15.30900 -154.24200   40.0997  138.4092   24.66100   -0.03470
 12.8583   15.52600 -154.20500   40.1715  138.4418   24.67100   -0.02839
 12.8667   15.74200 -154.16800   40.2419  138.4739   24.73600   -0.02814
 12.8750   15.95900 -154.13000   40.3117  138.5056   24.80200   -0.02071
 12.8833   16.17600 -154.09200   40.3804  138.5369   24.88600   -0.01472
 12.8917   16.39300 -154.05400   40.4482  138.5679   24.95000   -0.00929
 12.9000   16.61100 -154.01500   40.5153  138.5986   25.01900   -0.00377
 12.9083   16.82800 -153.97600   40.5811  138.6287   25.10200    0.00467
 12.9167   17.04600 -153.93600   40.6463  138.6585   25.18700    0.01050
 12.9250   17.26400 -153.89600   40.7105  138.6879   25.23700    0.01412
 12.9333   17.48200 -153.85600   40.7738  138.7171   25.29400    0.01883
 12.9417   17.70100 -153.81500   40.8366  138.7459   25.37700    0.02834
 12.9500   17.91900 -153.77400   40.8981  138.7742   25.44400    0.04689
 12.9583   18.13800 -153.73199   40.9591  138.8023   25.55200    0.05493
 12.9667   18.35600 -153.69000   41.0190  138.8298   25.53900    0.06305
 12.9750   18.57500 -153.64799   41.0783  138.8573   25.58500    0.06045
 12.9833   18.79400 -153.60500   41.1368  138.8842   25.59200    0.06937
 12.9917   19.01400 -153.56300   41.1947  138.9112   25.63200    0.08414
 13.0000   19.23300 -153.51900   41.2516  138.9375   25.68900    0.08868
 13.0083   19.45300 -153.47600   41.3079  138.9637   25.59500    0.09125
 13.0167   19.67400 -153.43300   41.3637  138.9898   25.58900    0.08155
 13.0250   19.89400 -153.38901   41.4185  139.0154   25.52600    0.08544
 13.0333   20.11500 -153.34500   41.4728  139.0408   25.48500    0.08933
 13.0417   20.33600 -153.30000   41.5264  139.0658   25.43700    0.09432
 13.0500   20.55700 -153.25500   41.5793  139.0906   25.34300    0.09467
 13.0583   20.77900 -153.21001   41.6317  139.1152   25.23300    0.09008
 13.0667   21.00000 -153.16400   41.6831  139.1393   25.11900    0.09127
 13.0750   21.22200 -153.11800   41.7341  139.1633   25.02800    0.09520
 13.0833   21.44300 -153.07201   41.7842  139.1869   24.90100    0.09125
 13.0917   21.66500 -153.02499   41.8339  139.2103   24.70400    0.07986
 13.1000   21.88800 -152.97800   41.8832  139.2335   24.53900    0.05996
 13.1083   22.11000 -152.92999   41.9316  139.2563   24.34000    0.04634
 13.1167   22.33200 -152.88200   41.9794  139.2789   24.16900    0.03029
 13.1250   22.55500 -152.83400   42.0267  139.3013   23.97600    0.01440
 13.1333   22.77800 -152.78600   42.0735  139.3235   23.76800   -0.00304
 13.1417   23.00000 -152.73700   42.1195  139.3452   23.58100   -0.01981
 13.1500   23.22300 -152.68800   42.1650  139.3669   23.39000   -0.03202
 13.1583   23.44700 -152.63800   42.2103  139.3884   23.20900   -0.04901
 13.1667   23.67000 -152.58900   42.2547  139.4096   22.99100   -0.05733
 13.1750   23.89400 -152.53900   42.2987  139.4306   22.85600   -0.06075
 13.1833   24.11800 -152.48900   42.3423  139.4514   22.70900   -0.05117
 13.1917   24.34300 -152.43800   42.3854  139.4721   22.57700   -0.04121
 13.2000   24.56800 -152.38699   42.4281  139.4925   22.45000   -0.03070
 13.2083   24.79200 -152.33600   42.4700  139.5126   22.31300   -0.02048
 13.2167   25.01700 -152.28400   42.5116  139.5326   22.18500   -0.00978
 13.2250   25.24200 -152.23199   42.5527  139.5523   22.06600    0.00315
 13.2333   25.46800 -152.17999   42.5935  139.5720   21.94700    0.01457
 13.2417   25.69300 -152.12801   42.6336  139.5914   21.81300    0.02234
 13.2500   25.91900 -152.07500   42.6734  139.6106   21.67300    0.02467
 13.2583   26.14400 -152.02100   42.7126  139.6294   21.52000    0.02481
 13.2667   26.37000 -151.96800   42.7515  139.6483   21.37100    0.03055
 13.2750   26.59600 -151.91400   42.7899  139.6669   21.25800    0.03593
 13.2833   26.82200 -151.85899   42.8279  139.6853   21.09700    0.03784
 13.2917   27.04900 -151.80499   42.8655  139.7036   20.92200    0.03529
 13.3000   27.27500 -151.75000   42.9026  139.7216   20.78000    0.03249
 13.3083   27.50200 -151.69501   42.9395  139.7396   20.61300    0.03028
 13.3167   27.72800 -151.63901   42.9757  139.7572   20.43600    0.01446
 13.3250   27.95500 -151.58400   43.0117  139.7749   20.21300   -0.00090
 13.3333   28.18200 -151.52800   43.0473  139.7923   20.04900   -0.01286
 13.3417   28.41000 -151.47099   43.0826  139.8096   19.89500   -0.02164
 13.3500   28.63800 -151.41400   43.1176  139.8267   19.69500   -0.03000
 13.3583   28.86600 -151.35699   43.1521  139.8437   19.53800   -0.03865
 13.3667   29.09400 -151.30000   43.1862  139.8605   19.38900   -0.04056
 13.3750   29.32200 -151.24200   43.2200  139.8771   19.23700   -0.04798
 13.3833   29.55100 -151.18401   43.2536  139.8937   19.06400   -0.05741
 13.3917   29.78000 -151.12601   43.2868  139.9102   18.91800   -0.06754
 13.4000   30.00800 -151.06700   43.3195  139.9263   18.77600   -0.07005
 13.4083   30.23700 -151.00800   43.3520  139.9424   18.66100   -0.06881
 13.4167   30.46600 -150.94901   43.3841  139.9584   18.55300   -0.06826
 13.4250   30.69600 -150.88901   43.4160  139.9742   18.42300   -0.06709
 13.4333   30.92500 -150.82899   43.4475  139.9899   18.32700   -0.06323
 13.4417   31.15400 -150.76900   43.4786  140.0054   18.24500   -0.04962
 13.4500   31.38400 -150.70799   43.5095  140.0208   18.18000   -0.03285
 13.4583   31.61300 -150.64700   43.5400  140.0361   18.11100   -0.02150
 13.4667   31.84300 -150.58600   43.5703  140.0512   18.01600   -0.01393
 13.4750   32.07300 -150.52499   43.6002  140.0663   17.94500   -0.01101
 13.4833   32.30300 -150.46300   43.6299  140.0812   17.86400   -0.00447
 13.4917   32.53300 -150.40199   43.6592  140.0961   17.79400   -0.00242
 13.5000   32.76400 -150.33900   43.6884  140.1108   17.70300    0.00376
 13.5083   32.99500 -150.27699   43.7173  140.1255   17.64500   -0.00295
 13.5167   33.22600 -150.21300   43.7459  140.1399   17.51100    0.00106
 13.5250   33.45700 -150.14999   43.7742  140.1543   17.47200    0.00390
 13.5333   33.68900 -150.08600   43.8024  140.1685   17.40300    0.02129
 13.5417   33.92000 -150.02200   43.8301  140.1827   17.33600    0.03324
 13.5500   34.15200 -149.95700   43.8577  140.1967   17.26700    0.03999
 13.5583   34.38400 -149.89301   43.8850  140.2107   17.17200    0.03772
 13.5667   34.61600 -149.82800   43.9121  140.2246   17.06200    0.02826
 13.5750   34.84800 -149.76199   43.9389  140.2383   16.95900    0.01827
 13.5833   35.08000 -149.69701   43.9655  140.2520   16.86200    0.00683
 13.5917   35.31200 -149.63100   43.9918  140.2655   16.74600   -0.01115
 13.6000   35.54500 -149.56500   44.0179  140.2790   16.61700   -0.02926
 13.6083   35.77700 -149.49800   44.0437  140.2923   16.52300   -0.04129
 13.6167   36.01000 -149.43100   44.0694  140.3056   16.44000   -0.04653
 13.6250   36.24300 -149.36501   44.0948  140.3189   16.34100   -0.04245
 13.6333   36.47600 -149.29700   44.1200  140.3319   16.28900   -0.03552
 13.6417   36.70900 -149.23000   44.1449  140.3450   16.21600   -0.02477
 13.6500   36.94200 -149.16200   44.1696  140.3579   16.13400   -0.02151
 13.6583   37.17500 -149.09399   44.1941  140.3708   16.04900   -0.01194
 13.6667   37.40800 -149.02600   44.2184  140.3836   16.00800    0.00049
 13.6750   37.64200 -148.95700   44.2425  140.3963   15.94200    0.01569
 13.6833   37.87600 -148.88699   44.2665  140.4089   15.87300    0.03021
 13.6917   38.11000 -148.81700   44.2902  140.4214   15.83000    0.03502
 13.7000   38.34500 -148.74699   44.3138  140.4339   15.71800    0.03593
 13.7083   38.57900 -148.67700   44.3371  140.4463   15.62900    0.02764
 13.7167   38.81400 -148.60600   44.3603  140.4586   15.53900    0.02172
 13.7250   39.04900 -148.53500   44.3833  140.4709   15.43400    0.02172
 13.7333   39.28300 -148.46300   44.4061  140.4830   15.36300    0.02556
 13.7417   39.51800 -148.39200   44.4287  140.4951   15.28500    0.03094
 13.7500   39.75300 -148.32001   44.4511  140.5071   15.17900    0.03481
 13.7583   39.98800 -148.24800   44.4733  140.5191   15.09300    0.03214
 13.7667   40.22400 -148.17500   44.4954  140.5310   14.97800    0.02609
 13.7750   40.45900 -148.10300   44.5172  140.5429   14.84900    0.02368
 13.7833   40.69400 -148.03000   44.5389  140.5547   14.77500    0.01753
 13.7917   40.93000 -147.95700   44.5604  140.5664   14.64000    0.02059
 13.8000   41.16500 -147.88300   44.5817  140.5780   14.55000    0.00667
 13.8083   41.40100 -147.81000   44.6029  140.5897   14.40200    0.00191
 13.8167   41.63600 -147.73599   44.6239  140.6012   14.30400   -0.00653
 13.8250   41.87200 -147.66200   44.6447  140.6127   14.19500   -0.01223
 13.8333   42.10800 -147.58800   44.6654  140.6242   14.05500   -0.01333
 13.8417   42.34500 -147.51199   44.6860  140.6356   13.97500   -0.01628
 13.8500   42.58100 -147.43600   44.7064  140.6468   13.86000   -0.01266
 13.8583   42.81800 -147.36000   44.7267  140.6581   13.75200   -0.01291
 13.8667   43.05500 -147.28300   44.7468  140.6693   13.65900   -0.01287
 13.8750   43.29200 -147.20599   44.7668  140.6805   13.54800   -0.00917
 13.8833   43.52900 -147.12900   44.7866  140.6916   13.45600   -0.01243
 13.8917   43.76600 -147.05099   44.8062  140.7026   13.33900   -0.01603
 13.9000   44.00300 -146.97400   44.8257  140.7137   13.22900   -0.02271
 13.9083   44.24000 -146.89600   44.8451  140.7246   13.12700   -0.02428
 13.9167   44.47800 -146.81700   44.8644  140.7355   13.03500   -0.01971
 13.9250   44.71500 -146.73900   44.8834  140.7464   12.95600   -0.01099
 13.9333   44.95300 -146.66000   44.9024  140.7573   12.87700   -0.00391
 13.9417   45.19000 -146.58099   44.9212  140.7681   12.78100   -0.00531
 13.9500   45.42800 -146.50200   44.9398  140.7789   12.67100   -0.00770
 13.9583   45.66600 -146.42300   44.9584  140.7896   12.59200   -0.00918
 13.9667   45.90300 -146.34300   44.9767  140.8002   12.50400   -0.01557
 13.9750   46.14100 -146.26300   44.9950  140.8109   12.37900   -0.02640
 13.9833   46.37900 -146.18300   45.0131  140.8215   12.28600   -0.02980
 13.9917   46.61700 -146.10300   45.0311  140.8321   12.23000   -0.01978
 14.0000   46.85500 -146.02299   45.0490  140.8427   12.15900   -0.00918
 14.0083   47.09400 -145.94000   45.0668  140.8532   12.06900   -0.00669
 14.0167   47.33200 -145.85699   45.0845  140.8635   11.98200   -0.00471
 14.0250   47.57100 -145.77400   45.1021  140.8739   11.91200   -0.00114
 14.0333   47.81000 -145.69099   45.1195  140.8843   11.83200    0.00759
 14.0417   48.04900 -145.60699   45.1369  140.8947   11.76800    0.01152
 14.0500   48.28800 -145.52299   45.1541  140.9050   11.68000    0.01001
 14.0583   48.52700 -145.43900   45.1712  140.9152   11.58100   -0.00198
 14.0667   48.76600 -145.35500   45.1881  140.9255   11.47900   -0.01516
 14.0750   49.00600 -145.27000   45.2050  140.9358   11.38700   -0.01776
 14.0833   49.24500 -145.18500   45.2218  140.9459   11.32600   -0.01195
 14.0917   49.48400 -145.10001   45.2384  140.9561   11.25400    0.00176
 14.1000   49.72400 -145.01401   45.2550  140.9662   11.19100    0.01160
 14.1083   49.96300 -144.92900   45.2713  140.9764   11.11400    0.01692
 14.1167   50.20200 -144.84300   45.2876  140.9865   11.02400    0.01463
 14.1250   50.44200 -144.75700   45.3038  140.9966   10.93200    0.01383
 14.1333   50.68100 -144.67101   45.3199  141.0066   10.86400    0.01039
 14.1417   50.92100 -144.58400   45.3359  141.0166   10.76700    0.00234
 14.1500   51.16100 -144.49800   45.3518  141.0267   10.66300   -0.00864
 14.1583   51.40000 -144.41100   45.3675  141.0367   10.58700   -0.01658
 14.1667   51.64000 -144.32401   45.3832  141.0467   10.50500   -0.02751
 14.1750   51.88000 -144.23399   45.3988  141.0565   10.39500   -0.03920
 14.1833   52.12100 -144.14400   45.4144  141.0665   10.32200   -0.04802
 14.1917   52.36100 -144.05400   45.4298  141.0763   10.25800   -0.05033
 14.2000   52.60200 -143.96300   45.4452  141.0862   10.17900   -0.04139
 14.2083   52.84200 -143.87199   45.4604  141.0960   10.15400   -0.04150
 14.2167   53.08300 -143.78101   45.4756  141.1058   10.06200   -0.04167
 14.2250   53.32300 -143.69000   45.4906  141.1156    9.99000   -0.05846
 14.2333   53.56400 -143.59801   45.5056  141.1254    9.91400   -0.06405
 14.2417   53.80400 -143.50600   45.5204  141.1351    9.87200   -0.05489
 14.2500   54.04500 -143.41400   45.5352  141.1449    9.85900   -0.03510
 14.2583   54.28600 -143.32201   45.5499  141.1547    9.82400   -0.01193
 14.2667   54.52600 -143.22900   45.5645  141.1644    9.79600    0.00403
 14.2750   54.76700 -143.13600   45.5790  141.1741    9.75800    0.00922
 14.2833   55.00800 -143.04300   45.5934  141.1839    9.68800    0.01060
 14.2917   55.24900 -142.95000   45.6077  141.1936    9.65000    0.01732
 14.3000   55.49000 -142.85699   45.6220  141.2033    9.63800    0.03262
 14.3083   55.73000 -142.76300   45.6361  141.2130    9.60300    0.03929
 14.3167   55.97100 -142.66901   45.6501  141.2227    9.54200    0.02994
 14.3250   56.21200 -142.57500   45.6641  141.2324    9.47700    0.00479
 14.3333   56.45300 -142.48100   45.6780  141.2421    9.38500   -0.02077
 14.3417   56.69400 -142.38300   45.6919  141.2516    9.31900   -0.04344
 14.3500   56.93600 -142.28500   45.7057  141.2612    9.25700   -0.04193
 14.3583   57.17700 -142.18600   45.7194  141.2708    9.24500   -0.02625
 14.3667   57.41900 -142.08701   45.7331  141.2804    9.22300   -0.00138
 14.3750   57.66000 -141.98801   45.7466  141.2899    9.19200    0.01273
 14.3833   57.90200 -141.88901   45.7601  141.2995    9.14200    0.03182
 14.3917   58.14300 -141.78900   45.7735  141.3091    9.13500    0.04373
 14.4000   58.38500 -141.68900   45.7869  141.3186    9.07700    0.04422
 14.4083   58.62600 -141.58900   45.8001  141.3282    8.98800    0.04029
 14.4167   58.86800 -141.48801   45.8133  141.3378    8.96900    0.01890
 14.4250   59.10900 -141.38800   45.8263  141.3473    8.85600    0.00158
 14.4333   59.35100 -141.28600   45.8394  141.3569    8.78500   -0.02768
 14.4417   59.59200 -141.18500   45.8523  141.3664    8.72600   -0.03302
 14.4500   59.83400 -141.08400   45.8652  141.3760    8.69300   -0.02520
 14.4583   60.07500 -140.98199   45.8780  141.3855    8.66400   -0.01823
 14.4667   60.31700 -140.88000   45.8907  141.3951    8.60100   -0.01653
 14.4750   60.55800 -140.77800   45.9033  141.4047    8.55200   -0.01733
 14.4833   60.80000 -140.67500   45.9159  141.4143    8.51700   -0.02248
 14.4917   61.04100 -140.57300   45.9284  141.4238    8.44600   -0.01921
 14.5000   61.28300 -140.47000   45.9408  141.4335    8.42700   -0.02521
 14.5083   61.52500 -140.36200   45.9533  141.4429    8.36700   -0.02571
 14.5167   61.76700 -140.25400   45.9657  141.4524    8.31900   -0.03271
 14.5250   62.00800 -140.14600   45.9779  141.4619    8.28600   -0.03621
 14.5333   62.25000 -140.03700   45.9902  141.4714    8.24300   -0.03957
 14.5417   62.49200 -139.92799   46.0024  141.4809    8.19800   -0.02240
 14.5500   62.73400 -139.81799   46.0145  141.4904    8.23600   -0.01057
 14.5583   62.97600 -139.70799   46.0265  141.5000    8.17700    0.01214
 14.5667   63.21800 -139.59801   46.0385  141.5095    8.17100    0.00013
 14.5750   63.46000 -139.48700   46.0504  141.5190    8.09800   -0.00102
 14.5833   63.70200 -139.37601   46.0623  141.5286    8.07600   -0.00836
 14.5917   63.94300 -139.26500   46.0740  141.5381    8.05200   -0.00723
 14.6000   64.18500 -139.15300   46.0857  141.5477    8.00400    0.00270
 14.6083   64.42700 -139.04100   46.0974  141.5573    8.01100    0.01012
 14.6167   64.66900 -138.92900   46.1090  141.5669    7.97800    0.01516
 14.6250   64.91000 -138.81599   46.1205  141.5764    7.92400    0.01389
 14.6333   65.15200 -138.70300   46.1319  141.5860    7.90800    0.01745
 14.6417   65.39300 -138.59000   46.1433  141.5957    7.88700    0.03092
 14.6500   65.63500 -138.47600   46.1546  141.6053    7.85800    0.03188
 14.6583   65.87600 -138.36200   46.1659  141.6149    7.79800    0.03398
 14.6667   66.11800 -138.24800   46.1771  141.6246    7.78500    0.00660
 14.6750   66.36000 -138.12700   46.1883  141.6342    7.67200   -0.01139
 14.6833   66.60200 -138.00600   46.1995  141.6437    7.65700   -0.03039
 14.6917   66.84300 -137.88400   46.2106  141.6533    7.64900   -0.03589
 14.7000   67.08500 -137.76100   46.2217  141.6629    7.58700   -0.04604
 14.7083   67.32700 -137.63800   46.2327  141.6725    7.56500   -0.07373
 14.7167   67.56800 -137.51500   46.2436  141.6821    7.51000   -0.11302
 14.7250   67.81000 -137.39101   46.2545  141.6918    7.42000   -0.16361
 14.7333   68.05200 -137.26601   46.2653  141.7014    7.37000   -0.16127
 14.7417   68.29300 -137.14101   46.2761  141.7111    7.49000   -0.12037
 14.7500   68.53500 -137.01500   46.2868  141.7208    7.52800   -0.06043
 14.7583   68.77600 -136.88800   46.2974  141.7305    7.54600   -0.02983
 14.7667   69.01800 -136.76100   46.3080  141.7402    7.57800   -0.00923
 14.7750   69.25900 -136.63400   46.3186  141.7500    7.58900    0.01524
 14.7833   69.50000 -136.50600   46.3290  141.7597    7.61800    0.04123
 14.7917   69.74100 -136.37700   46.3395  141.7695    7.65500    0.06772
 14.8000   69.98200 -136.24800   46.3498  141.7793    7.67100    0.09479
 14.8083   70.22300 -136.11800   46.3601  141.7891    7.70300    0.08652
 14.8167   70.46400 -135.98700   46.3704  141.7989    7.63100    0.08243
 14.8250   70.70500 -135.85600   46.3806  141.8088    7.65200    0.07328
 14.8333   70.94600 -135.72501   46.3907  141.8187    7.65800    0.07731
 14.8417   71.18700 -135.58400   46.4009  141.8284    7.61200    0.08002
 14.8500   71.42800 -135.44200   46.4111  141.8382    7.61500    0.06406
 14.8583   71.66900 -135.29800   46.4212  141.8480    7.55100    0.05825
 14.8667   71.91000 -135.15401   46.4312  141.8578    7.52700    0.06028
 14.8750   72.15100 -135.00900   46.4412  141.8677    7.54600    0.04060
 14.8833   72.39200 -134.86301   46.4511  141.8776    7.41000    0.02326
 14.8917   72.63300 -134.71600   46.4610  141.8875    7.39400   -0.01123
 14.9000   72.87300 -134.56700   46.4708  141.8974    7.36800   -0.01874
 14.9083   73.11400 -134.41800   46.4806  141.9074    7.32700   -0.04332
 14.9167   73.35400 -134.26700   46.4903  141.9173    7.27200   -0.08815
 14.9250   73.59500 -134.11501   46.5000  141.9273    7.19400   -0.12821
 14.9333   73.83500 -133.96100   46.5096  141.9373    7.17500   -0.15818
 14.9417   74.07500 -133.80701   46.5192  141.9473    7.15300   -0.17991
 14.9500   74.31500 -133.65100   46.5287  141.9574    7.10600   -0.17020
 14.9583   74.55500 -133.49300   46.5382  141.9675    7.18400   -0.13570
 14.9667   74.79500 -133.33400   46.5476  141.9776    7.24700   -0.08700
 14.9750   75.03500 -133.17400   46.5570  141.9877    7.24500   -0.02683
 14.9833   75.27500 -133.01199   46.5663  141.9979    7.36200    0.04820
 14.9917   75.51400 -132.84900   46.5755  142.0080    7.47300    0.10467
 15.0000   75.75400 -132.68401   46.5848  142.0183    7.43500    0.12133
 15.0083   75.99400 -132.50500   46.5940  142.0284    7.45400    0.07838
 15.0167   76.23300 -132.32300   46.6033  142.0385    7.39200    0.07015
 15.0250   76.47300 -132.13901   46.6125  142.0487    7.44800    0.03619
 15.0333   76.71200 -131.95200   46.6216  142.0589    7.37100    0.04060
 15.0417   76.95100 -131.76199   46.6307  142.0691    7.40600    0.01077
 15.0500   77.19000 -131.57001   46.6397  142.0793    7.33800   -0.01224
 15.0583   77.42900 -131.37500   46.6487  142.0896    7.26600   -0.00985
 15.0667   77.66800 -131.17599   46.6576  142.0999    7.36900    0.10449
 15.0750   77.90700 -130.97400   46.6665  142.1103    7.63000    0.23149
 15.0833   78.14600 -130.76900   46.6754  142.1206    7.57100    0.28701
 15.0917   78.38400 -130.56000   46.6842  142.1310    7.42400    0.21207
 15.1000   78.62200 -130.34801   46.6929  142.1414    7.26000    0.13380
 15.1083   78.86100 -130.13100   46.7017  142.1519    7.16300    0.06435
 15.1167   79.09900 -129.91000   46.7103  142.1624    7.03000    0.04057
 15.1250   79.33700 -129.68401   46.7189  142.1729    6.99700    0.04709
 15.1333   79.57400 -129.45399   46.7275  142.1833    6.99700    0.10567
 15.1417   79.81200 -129.21800   46.7360  142.1939    7.01700    0.16138
 15.1500   80.04900 -128.97701   46.7445  142.2045    6.95600    0.15161
 15.1583   80.28700 -128.73000   46.7529  142.2152    6.70900    0.09080
 15.1667   80.52400 -128.47701   46.7613  142.2258    6.52500    0.01421
 15.1750   80.76100 -128.19701   46.7697  142.2364    6.38300   -0.04516
 15.1833   80.99800 -127.90800   46.7782  142.2470    6.18600   -0.04410
 15.1917   81.23400 -127.61100   46.7865  142.2576    6.19000    0.01637
 15.2000   81.47100 -127.30300   46.7948  142.2683    6.23300    0.11957
 15.2083   81.70700 -126.98500   46.8031  142.2789    6.16200    0.16450
 15.2167   81.94300 -126.65500   46.8113  142.2897    5.98000    0.15246
 15.2250   82.17900 -126.31300   46.8195  142.3004    5.83400    0.07386
 15.2333   82.41400 -125.95700   46.8276  142.3112    5.55000   -0.01015
 15.2417   82.65000 -125.58600   46.8358  142.3221    5.35600   -0.08321
 15.2500   82.88500 -125.19900   46.8438  142.3329    5.25600   -0.11036
 15.2583   83.12000 -124.79400   46.8518  142.3438    5.13100   -0.11316
 15.2667   83.35400 -124.36900   46.8598  142.3547    5.03200   -0.11384
 15.2750   83.58800 -123.92200   46.8677  142.3657    4.95500   -0.12446
 15.2833   83.82200 -123.45100   46.8756  142.3767    4.80500   -0.13607
 15.2917   84.05500 -122.95300   46.8834  142.3877    4.69200   -0.14130
 15.3000   84.28800 -122.42500   46.8912  142.3987    4.63100   -0.12791
 15.3083   84.52100 -121.86300   46.8989  142.4099    4.54200   -0.10355
 15.3167   84.75300 -121.26200   46.9066  142.4210    4.48200   -0.09969
 15.3250   84.98400 -120.61800   46.9143  142.4321    4.38000   -0.08441
 15.3333   85.21500 -119.92500   46.9219  142.4434    4.35000   -0.05077
 15.3417   85.44500 -119.13100   46.9296  142.4545    4.36600    0.00971
 15.3500   85.67400 -118.26700   46.9372  142.4656    4.36000    0.05538
 15.3583   85.90200 -117.32100   46.9448  142.4768    4.29500    0.04001
 15.3667   86.12900 -116.27900   46.9524  142.4880    4.13200    0.01084
 15.3750   86.35500 -115.12400   46.9599  142.4993    4.08900   -0.03175
 15.3833   86.57900 -113.83400   46.9674  142.5106    3.98800   -0.05188
 15.3917   86.80200 -112.38200   46.9748  142.5219    3.90000   -0.07318
 15.4000   87.02300 -110.73400   46.9822  142.5333    3.86000   -0.05847
 15.4083   87.24100 -108.84500   46.9895  142.5447    3.87800   -0.01682
 15.4167   87.45500 -106.65800   46.9968  142.5561    3.87600    0.02116
 15.4250   87.66600 -104.09700   47.0041  142.5676    3.82700    0.03282
 15.4333   87.87200 -101.06100   47.0113  142.5792    3.76000    0.00736
 15.4417   88.07100  -97.41800   47.0185  142.5908    3.63800   -0.02167
 15.4500   88.26000  -92.99200   47.0256  142.6023    3.57200   -0.04512
 15.4583   88.43800  -87.55700   47.0327  142.6140    3.51700   -0.02936
 15.4667   88.59900  -80.84000   47.0398  142.6257    3.51700   -0.00377
 15.4750   88.73600  -72.56500   47.0468  142.6374    3.48500    0.03469
 15.4833   88.84300  -62.56600   47.0537  142.6492    3.47200    0.05859
 15.4917   88.90800  -51.00100   47.0607  142.6610    3.42200    0.09220
 15.5000   88.92700  -38.53800   47.0675  142.6729    3.40800    0.10988
 15.5083   88.89100  -26.26100   47.0745  142.6846    3.33900    0.09983
 15.5167   88.81000  -15.19500   47.0814  142.6964    3.20400    0.04261
 15.5250   88.69200   -5.81600   47.0883  142.7083    3.05500   -0.01989
 15.5333   88.54600    1.86600   47.0951  142.7201    2.97700   -0.03880
 15.5417   88.37900    8.08300   47.1020  142.7321    2.97900   -0.03006
 15.5500   88.19800   13.11800   47.1087  142.7440    2.90900   -0.02599
 15.5583   88.00700   17.23300   47.1154  142.7560    2.81200   -0.04171
 15.5667   87.80700   20.63300   47.1221  142.7681    2.75000   -0.06038
 15.5750   87.60200   23.48000   47.1287  142.7802    2.67300   -0.06355
 15.5833   87.39200   25.89400   47.1353  142.7923    2.62300   -0.05395
 15.5917   87.17900   27.96400   47.1419  142.8045    2.59800   -0.03281
 15.6000   86.96300   29.75900   47.1484  142.8168    2.55900   -0.01938
 15.6083   86.74600   31.33300   47.1548  142.8290    2.49800   -0.01091
 15.6167   86.52700   32.72400   47.1613  142.8413    2.47300   -0.02843
 15.6250   86.30600   33.96500   47.1677  142.8537    2.36300   -0.04176
 15.6333   86.08400   35.08100   47.1740  142.8661    2.31600   -0.03846
 15.6417   85.86200   36.09000   47.1803  142.8785    2.34100   -0.01222
 15.6500   85.63900   37.01000   47.1865  142.8910    2.30300    0.01099
 15.6583   85.41500   37.85300   47.1928  142.9036    2.24800    0.00502
 15.6667   85.19100   38.63000   47.1989  142.9162    2.18300    0.00142
 15.6750   84.96500   39.31100   47.2052  142.9287    2.14800    0.00960
 15.6833   84.74000   39.94400   47.2114  142.9412    2.12600    0.03163
 15.6917   84.51300   40.53600   47.2176  142.9538    2.10400    0.04993
 15.7000   84.28700   41.09200   47.2237  142.9664    2.05700    0.05948
 15.7083   84.06100   41.61500   47.2298  142.9791    2.00800    0.05503
 15.7167   83.83400   42.11000   47.2359  142.9918    1.93900    0.05009
 15.7250   83.60800   42.58000   47.2419  143.0046    1.88500    0.03285
 15.7333   83.38100   43.02600   47.2479  143.0175    1.79300    0.01060
 15.7417   83.15500   43.45200   47.2538  143.0303    1.70700   -0.01234
 15.7500   82.92800   43.85900   47.2597  143.0432    1.65500   -0.01409
 15.7583   82.70200   44.25000   47.2656  143.0562    1.63200    0.00303
 15.7667   82.47500   44.62500   47.2714  143.0692    1.60600    0.00686
 15.7750   82.24900   44.98600   47.2771  143.0823    1.51500   -0.01193
 15.7833   82.02300   45.33500   47.2829  143.0954    1.42300   -0.05128
 15.7917   81.79700   45.67200   47.2885  143.1086    1.33300   -0.07767
 15.8000   81.57100   45.99800   47.2942  143.1217    1.27800   -0.08192
 15.8083   81.34500   46.31400   47.2998  143.1350    1.25100   -0.06445
 15.8167   81.11900   46.62200   47.3053  143.1483    1.23000   -0.04095
 15.8250   80.89400   46.92100   47.3108  143.1617    1.19900   -0.01150
 15.8333   80.66800   47.21200   47.3163  143.1751    1.19200    0.01629
 15.8417   80.44200   47.47500   47.3219  143.1884    1.16400    0.04850
 15.8500   80.21600   47.73100   47.3274  143.2018    1.14200    0.06547
 15.8583   79.99000   47.98300   47.3329  143.2152    1.09000    0.06396
 15.8667   79.76400   48.23000   47.3384  143.2287    1.01300    0.03449
 15.8750   79.53900   48.47200   47.3438  143.2422    0.91800    0.00651
 15.8833   79.31300   48.71000   47.3491  143.2558    0.88000   -0.00487
 15.8917   79.08800   48.94300   47.3545  143.2695    0.85800   -0.00556
 15.9000   78.86300   49.17300   47.3597  143.2831    0.79400   -0.02861
 15.9083   78.63800   49.40000   47.3650  143.2969    0.68500   -0.05217
 15.9167   78.41300   49.62300   47.3702  143.3107    0.65800   -0.07139
 15.9250   78.18900   49.84300   47.3753  143.3245    0.60700   -0.06791
 15.9333   77.96400   50.06100   47.3804  143.3385    0.56800   -0.05022
 15.9417   77.74000   50.27500   47.3855  143.3524    0.58500   -0.02340
 15.9500   77.51600   50.48700   47.3905  143.3664    0.56400   -0.00269
 15.9583   77.29200   50.69700   47.3955  143.3805    0.51300    0.00573
 15.9667   77.06900   50.90400   47.4004  143.3945    0.49900   -0.00273
 15.9750   76.84600   51.10900   47.4053  143.4087    0.43100   -0.01132
 15.9833   76.62200   51.31300   47.4102  143.4229    0.38200   -0.01968
 15.9917   76.40000   51.51400   47.4150  143.4371    0.37700   -0.01429
 16.0000   76.17700   51.71300   47.4197  143.4515    0.36100   -0.00357
 16.0083   75.95400   51.89600   47.4246  143.4657    0.33800   -0.01089
 16.0167   75.73000   52.07700   47.4295  143.4801    0.28400   -0.02636
 16.0250   75.50800   52.25700   47.4342  143.4944    0.24700   -0.03729
 16.0333   75.28500   52.43700   47.4390  143.5089    0.24000   -0.04410
 16.0417   75.06200   52.61500   47.4437  143.5234    0.19900   -0.04423
 16.0500   74.84000   52.79200   47.4483  143.5379    0.18300   -0.04983
 16.0583   74.61800   52.96900   47.4529  143.5525    0.16300   -0.04394
 16.0667   74.39600   53.14400   47.4575  143.5671    0.16200   -0.03276
 16.0750   74.17500   53.31900   47.4620  143.5818    0.16800   -0.01955
 16.0833   73.95300   53.49300   47.4665  143.5966    0.15700   -0.00225
 16.0917   73.73200   53.66600   47.4710  143.6114    0.17000    0.01361
 16.1000   73.51100   53.83900   47.4754  143.6263    0.17500    0.02474
 16.1083   73.29000   54.01100   47.4797  143.6412    0.15300    0.02028
 16.1167   73.07000   54.18200   47.4840  143.6562    0.12100    0.00494
 16.1250   72.84900   54.35300   47.4883  143.6713    0.09600   -0.00485
 16.1333   72.62900   54.52300   47.4925  143.6864    0.09500   -0.01268
 16.1417   72.40900   54.69300   47.4967  143.7016    0.07400   -0.01137
 16.1500   72.19000   54.86200   47.5008  143.7167    0.07900   -0.01139
 16.1583   71.97000   55.03000   47.5049  143.7320    0.07500   -0.01240
 16.1667   71.75100   55.19900   47.5089  143.7474    0.05300   -0.01666
 16.1750   71.53100   55.35500   47.5131  143.7627    0.05000   -0.02639
 16.1833   71.31200   55.51100   47.5172  143.7780    0.03000   -0.03188
 16.1917   71.09300   55.66600   47.5212  143.7934    0.02300   -0.03153
 16.2000   70.87400   55.82200   47.5253  143.8089    0.04100   -0.02768
 16.2083   70.65500   55.97800   47.5292  143.8244    0.03700   -0.02125
 16.2167   70.43600   56.13300   47.5332  143.8400    0.04000   -0.02375
 16.2250   70.21800   56.28900   47.5370  143.8557    0.03100   -0.01981
 16.2333   70.00000   56.44400   47.5409  143.8714    0.04400   -0.00650
 16.2417   69.78200   56.59900   47.5447  143.8871    0.07400    0.01237
 16.2500   69.56400   56.75400   47.5484  143.9030    0.08100    0.02471
 16.2583   69.34700   56.90900   47.5521  143.9189    0.07500    0.03551
 16.2667   69.13000   57.06400   47.5558  143.9348    0.10300    0.03674
 16.2750   68.91300   57.21900   47.5594  143.9509    0.08100    0.04261
 16.2833   68.69600   57.37400   47.5630  143.9670    0.09000    0.03691
 16.2917   68.47900   57.52900   47.5665  143.9831    0.08000    0.03109
 16.3000   68.26300   57.68300   47.5699  143.9993    0.05700    0.00688
 16.3083   68.04700   57.83800   47.5734  144.0156    0.00800   -0.01437
 16.3167   67.83100   57.99300   47.5767  144.0319    0.00800   -0.03036
 16.3250   67.61600   58.14700   47.5801  144.0483    0.00200   -0.02871
 16.3333   67.40100   58.30200   47.5833  144.0647    0.01000   -0.02544
 16.3417   67.18500   58.44700   47.5867  144.0812    0.01600   -0.02500
 16.3500   66.96900   58.59200   47.5901  144.0977    0.00000   -0.02566
 16.3583   66.75400   58.73800   47.5934  144.1143    0.00400   -0.02849
 16.3667   66.53900   58.88300   47.5967  144.1309    0.00300   -0.02612
 16.3750   66.32400   59.02900   47.5999  144.1476    0.00600   -0.02346
 16.3833   66.10900   59.17500   47.6030  144.1644    0.01400   -0.01969
 16.3917   65.89500   59.32100   47.6062  144.1812    0.02300   -0.01194
 16.4000   65.68100   59.46700   47.6092  144.1981    0.04500   -0.00008
 16.4083   65.46700   59.61400   47.6122  144.2150    0.07100    0.00781
 16.4167   65.25300   59.76000   47.6152  144.2321    0.06800    0.00502
 16.4250   65.04000   59.90700   47.6181  144.2492    0.05700   -0.00440
 16.4333   64.82600   60.05400   47.6210  144.2664    0.06300   -0.00745
 16.4417   64.61300   60.20100   47.6238  144.2836    0.08300   -0.01004
 16.4500   64.40100   60.34800   47.6266  144.3009    0.07600   -0.00911
 16.4583   64.18800   60.49500   47.6293  144.3183    0.09600   -0.00669
 16.4667   63.97600   60.64200   47.6320  144.3357    0.12200   -0.00295
 16.4750   63.76400   60.79000   47.6346  144.3532    0.11800   -0.00122
 16.4833   63.55200   60.93800   47.6372  144.3708    0.12700   -0.00187
 16.4917   63.34000   61.08500   47.6398  144.3884    0.14000    0.00621
 16.5000   63.12900   61.23300   47.6422  144.4061    0.16200    0.01054
 16.5083   62.91700   61.37300   47.6448  144.4239    0.15800    0.01594
 16.5167   62.70600   61.51400   47.6474  144.4416    0.17600    0.02055
 16.5250   62.49400   61.65400   47.6499  144.4595    0.19600    0.03042
 16.5333   62.28300   61.79500   47.6524  144.4774    0.21100    0.03364
 16.5417   62.07200   61.93600   47.6548  144.4954    0.20600    0.02658
 16.5500   61.86200   62.07800   47.6571  144.5135    0.19000    0.00923
 16.5583   61.65100   62.21900   47.6594  144.5316    0.16700   -0.00652
 16.5667   61.44100   62.36100   47.6617  144.5499    0.16500   -0.01269
 16.5750   61.23100   62.50300   47.6639  144.5682    0.17800   -0.01370
 16.5833   61.02200   62.64600   47.6660  144.5865    0.16800   -0.00854
 16.5917   60.81200   62.78800   47.6681  144.6049    0.18300   -0.00029
 16.6000   60.60300   62.93100   47.6701  144.6235    0.20400    0.01401
 16.6083   60.39400   63.07400   47.6721  144.6421    0.21300    0.02062
 16.6167   60.18500   63.21700   47.6741  144.6607    0.20000    0.02531
 16.6250   59.97700   63.36100   47.6759  144.6794    0.21300    0.02096
 16.6333   59.76900   63.50400   47.6778  144.6982    0.19200    0.01864
 16.6417   59.56100   63.64800   47.6795  144.7171    0.18900    0.00610
 16.6500   59.35300   63.79200   47.6813  144.7361    0.17200   -0.00711
 16.6583   59.14500   63.93600   47.6829  144.7552    0.15300   -0.02242
 16.6667   58.93800   64.08100   47.6845  144.7743    0.14700   -0.02980
 16.6750   58.73000   64.21800   47.6863  144.7934    0.16000   -0.03360
 16.6833   58.52300   64.35600   47.6880  144.8126    0.15500   -0.03350
 16.6917   58.31600   64.49500   47.6896  144.8319    0.16200   -0.03753
 16.7000   58.10900   64.63300   47.6912  144.8512    0.16100   -0.03975
 16.7083   57.90200   64.77200   47.6927  144.8707    0.16400   -0.04169
 16.7167   57.69500   64.91200   47.6942  144.8903    0.17700   -0.03349
 16.7250   57.48900   65.05100   47.6956  144.9099    0.21700   -0.02254
 16.7333   57.28300   65.19100   47.6970  144.9296    0.23600   -0.00929
 16.7417   57.07700   65.33100   47.6983  144.9494    0.26200   -0.00070
 16.7500   56.87100   65.47100   47.6995  144.9693    0.28900    0.00383
 16.7583   56.66600   65.61100   47.7007  144.9892    0.29500    0.00211
 16.7667   56.46100   65.75200   47.7019  145.0092    0.29900   -0.00347
 16.7750   56.25600   65.89300   47.7029  145.0293    0.31200   -0.00400
 16.7833   56.05100   66.03400   47.7040  145.0495    0.33700    0.00505
 16.7917   55.84600   66.17600   47.7049  145.0698    0.37500    0.01976
 16.8000   55.64200   66.31700   47.7059  145.0902    0.40800    0.02987
 16.8083   55.43800   66.45900   47.7067  145.1106    0.41500    0.03321
 16.8167   55.23400   66.60100   47.7075  145.1312    0.42700    0.02809
 16.8250   55.03100   66.74300   47.7082  145.1517    0.42700    0.02119
 16.8333   54.82700   66.88600   47.7089  145.1725    0.42400    0.01313
 16.8417   54.62400   67.02200   47.7097  145.1932    0.42900    0.00732
 16.8500   54.42000   67.15900   47.7105  145.2141    0.43500    0.00588
 16.8583   54.21700   67.29700   47.7112  145.2350    0.44800    0.00060
 16.8667   54.01400   67.43400   47.7118  145.2560    0.43900   -0.00459
 16.8750   53.81100   67.57200   47.7124  145.2771    0.44500   -0.00643
 16.8833   53.60900   67.71000   47.7129  145.2982    0.46900   -0.00460
 16.8917   53.40600   67.84900   47.7133  145.3196    0.47300   -0.00349
 16.9000   53.20400   67.98700   47.7137  145.3409    0.47700   -0.01019
 16.9083   53.00200   68.12600   47.7141  145.3624    0.47400   -0.01680
 16.9167   52.80100   68.26500   47.7143  145.3839    0.48000   -0.02578
 16.9250   52.59900   68.40500   47.7145  145.4056    0.47600   -0.02665
 16.9333   52.39800   68.54400   47.7147  145.4273    0.50400   -0.02541
 16.9417   52.19700   68.68400   47.7148  145.4492    0.52000   -0.01724
 16.9500   51.99600   68.82400   47.7148  145.4711    0.54700   -0.00901
 16.9583   51.79500   68.96400   47.7148  145.4932    0.58000   -0.00275
 16.9667   51.59500   69.10500   47.7146  145.5153    0.59100    0.00174
 16.9750   51.39500   69.24500   47.7145  145.5375    0.61100    0.00217
 16.9833   51.19500   69.38600   47.7143  145.5598    0.62800    0.00122
 16.9917   50.99500   69.52700   47.7140  145.5823    0.63400   -0.00606
 17.0000   50.79600   69.66900   47.7136  145.6048    0.62900   -0.00933
 17.0083   50.59600   69.80500   47.7134  145.6274    0.66000   -0.00289
 17.0167   50.39700   69.94100   47.7131  145.6500    0.70000    0.01583
 17.0250   50.19700   70.07800   47.7127  145.6728    0.74100    0.03127
 17.0333   49.99800   70.21500   47.7123  145.6957    0.75800    0.03764
 17.0417   49.79900   70.35300   47.7118  145.7187    0.76200    0.03494
 17.0500   49.60100   70.49000   47.7113  145.7417    0.76600    0.03011
 17.0583   49.40200   70.62800   47.7107  145.7650    0.77200    0.02489
 17.0667   49.20400   70.76600   47.7100  145.7883    0.77000    0.01483
 17.0750   49.00600   70.90500   47.7092  145.8117    0.75000    0.00450
 17.0833   48.80800   71.04300   47.7084  145.8352    0.75300   -0.00577
 17.0917   48.61000   71.18200   47.7075  145.8589    0.75100   -0.00327
 17.1000   48.41300   71.32100   47.7065  145.8825    0.78000    0.00122
 17.1083   48.21600   71.46000   47.7055  145.9063    0.78700    0.00824
 17.1167   48.01900   71.60000   47.7044  145.9303    0.79200    0.01120
 17.1250   47.82200   71.73900   47.7033  145.9544    0.80300    0.01131
 17.1333   47.62500   71.87900   47.7020  145.9786    0.79700    0.00009
 17.1417   47.42900   72.01900   47.7007  146.0028    0.75600   -0.01632
 17.1500   47.23300   72.15900   47.6993  146.0272    0.74500   -0.02185
 17.1583   47.03700   72.29900   47.6979  146.0517    0.78200   -0.01625
 17.1667   46.84100   72.44000   47.6964  146.0763    0.78700   -0.00373
 17.1750   46.64500   72.57600   47.6950  146.1010    0.80700    0.00291
 17.1833   46.45000   72.71200   47.6935  146.1257    0.82300    0.00923
 17.1917   46.25400   72.84900   47.6920  146.1507    0.82900    0.00931
 17.2000   46.05900   72.98600   47.6904  146.1758    0.82500    0.00146
 17.2083   45.86400   73.12300   47.6887  146.2009    0.81200   -0.00852
 17.2167   45.66900   73.26000   47.6870  146.2262    0.81200   -0.02028
 17.2250   45.47400   73.39800   47.6851  146.2516    0.80800   -0.03142
 17.2333   45.27900   73.53600   47.6832  146.2772    0.80400   -0.03653
 17.2417   45.08500   73.67400   47.6812  146.3029    0.83400   -0.03613
 17.2500   44.89100   73.81200   47.6792  146.3286    0.85500   -0.03071
 17.2583   44.69700   73.95000   47.6771  146.3545    0.87300   -0.02428
 17.2667   44.50300   74.08900   47.6748  146.3806    0.90900   -0.02302
 17.2750   44.31000   74.22800   47.6725  146.4067    0.91100   -0.01811
 17.2833   44.11600   74.36600   47.6702  146.4330    0.94900   -0.01814
 17.2917   43.92300   74.50600   47.6677  146.4594    0.97000   -0.00881
 17.3000   43.73000   74.64500   47.6652  146.4860    1.01600   -0.00927
 17.3083   43.53700   74.78400   47.6627  146.5127    1.02000   -0.00537
 17.3167   43.34500   74.92400   47.6600  146.5394    1.06500   -0.00526
 17.3250   43.15300   75.06400   47.6572  146.5663    1.09900   -0.00310
 17.3333   42.96100   75.20300   47.6544  146.5933    1.11100   -0.00497
 17.3417   42.76800   75.33900   47.6517  146.6206    1.14000   -0.00598
 17.3500   42.57600   75.47600   47.6488  146.6479    1.17900   -0.00012
 17.3583   42.38400   75.61200   47.6460  146.6754    1.22400   -0.00053
 17.3667   42.19200   75.74900   47.6430  146.7030    1.22800   -0.00192
 17.3750   42.00100   75.88600   47.6399  146.7307    1.26400    0.00115
 17.3833   41.80900   76.02300   47.6368  146.7587    1.32700    0.00412
 17.3917   41.61800   76.16000   47.6336  146.7866    1.33200    0.00447
 17.4000   41.42700   76.29800   47.6303  146.8148    1.35700   -0.00910
 17.4083   41.23600   76.43500   47.6269  146.8431    1.36200   -0.01130
 17.4167   41.04600   76.57300   47.6234  146.8715    1.41800   -0.01053
 17.4250   40.85500   76.71100   47.6199  146.9002    1.45900   -0.00296
 17.4333   40.66500   76.84900   47.6162  146.9289    1.49500   -0.00208
 17.4417   40.47500   76.98800   47.6125  146.9578    1.52000   -0.00512
 17.4500   40.28500   77.12600   47.6087  146.9869    1.54200   -0.00698
 17.4583   40.09500   77.26500   47.6047  147.0161    1.58200   -0.00615
 17.4667   39.90600   77.40400   47.6007  147.0454    1.61700   -0.00488
 17.4750   39.71600   77.54300   47.5966  147.0750    1.63900    0.00105
 17.4833   39.52700   77.68200   47.5924  147.1047    1.70000    0.01030
 17.4917   39.33800   77.82100   47.5882  147.1345    1.75300    0.01857
 17.5000   39.14900   77.96000   47.5838  147.1645    1.77400    0.02086
 17.5083   38.96000   78.09600   47.5796  147.1947    1.80900    0.01526
 17.5167   38.77200   78.23200   47.5752  147.2249    1.82600    0.00481
 17.5250   38.58300   78.36800   47.5708  147.2554    1.82600   -0.00353
 17.5333   38.39500   78.50500   47.5662  147.2860    1.87300   -0.01165
 17.5417   38.20600   78.64200   47.5615  147.3169    1.89500   -0.02060
 17.5500   38.01800   78.77800   47.5568  147.3479    1.89400   -0.02292
 17.5583   37.83100   78.91500   47.5519  147.3789    1.97200   -0.02573
 17.5667   37.64300   79.05200   47.5470  147.4103    1.98900   -0.01653
 17.5750   37.45500   79.19000   47.5419  147.4419    2.03900   -0.01397
 17.5833   37.26800   79.32700   47.5368  147.4735    2.08200   -0.00852
 17.5917   37.08100   79.46500   47.5315  147.5053    2.10900   -0.00332
 17.6000   36.89400   79.60200   47.5262  147.5373    2.15900    0.00402
 17.6083   36.70700   79.74000   47.5208  147.5696    2.21800    0.01546
 17.6167   36.52000   79.87800   47.5152  147.6020    2.27700    0.02157
 17.6250   36.33400   80.01600   47.5096  147.6345    2.31400    0.01678
 17.6333   36.14700   80.15400   47.5038  147.6674    2.33400    0.00094
 17.6417   35.96100   80.29300   47.4979  147.7003    2.34500   -0.01673
 17.6500   35.77500   80.43100   47.4920  147.7335    2.37400   -0.03680
 17.6583   35.58900   80.57000   47.4859  147.7668    2.37900   -0.05648
 17.6667   35.40400   80.70800   47.4797  147.8002    2.38900   -0.06593
 17.6750   35.21800   80.84400   47.4736  147.8340    2.46600   -0.06000
 17.6833   35.03200   80.98000   47.4673  147.8680    2.54300   -0.02474
 17.6917   34.84700   81.11600   47.4610  147.9021    2.69300    0.00728
 17.7000   34.66200   81.25200   47.4546  147.9363    2.75500    0.03951
 17.7083   34.47700   81.38800   47.4480  147.9709    2.83900    0.04472
 17.7167   34.29200   81.52400   47.4414  148.0056    2.87200    0.03320
 17.7250   34.10700   81.66100   47.4345  148.0406    2.87100    0.01280
 17.7333   33.92200   81.79700   47.4277  148.0759    2.92700   -0.01331
 17.7417   33.73800   81.93400   47.4206  148.1111    2.94100   -0.03021
 17.7500   33.55400   82.07100   47.4135  148.1467    2.98600   -0.05037
 17.7583   33.36900   82.20800   47.4062  148.1826    3.02000   -0.06485
 17.7667   33.18500   82.34500   47.3988  148.2187    3.05100   -0.06659
 17.7750   33.00200   82.48200   47.3913  148.2548    3.14300   -0.04765
 17.7833   32.81800   82.62000   47.3836  148.2913    3.26800   -0.00368
 17.7917   32.63400   82.75700   47.3759  148.3281    3.42000    0.04897
 17.8000   32.45100   82.89400   47.3680  148.3649    3.56300    0.08746
 17.8083   32.26800   83.03200   47.3600  148.4021    3.63000    0.09849
 17.8167   32.08500   83.16900   47.3519  148.4394    3.65200    0.07719
 17.8250   31.90200   83.30700   47.3436  148.4771    3.63500    0.04062
 17.8333   31.71900   83.44500   47.3352  148.5150    3.62200   -0.00138
 17.8417   31.53600   83.58000   47.3268  148.5532    3.61700   -0.03741
 17.8500   31.35400   83.71500   47.3184  148.5914    3.63400   -0.06459
 17.8583   31.17100   83.85100   47.3097  148.6301    3.67200   -0.06509
 17.8667   30.98900   83.98600   47.3010  148.6689    3.80800   -0.04786
 17.8750   30.80700   84.12200   47.2921  148.7080    3.91700   -0.01904
 17.8833   30.62400   84.25700   47.2831  148.7476    4.01200   -0.00854
 17.8917   30.44300   84.39300   47.2739  148.7870    4.05100   -0.01488
 17.9000   30.26100   84.52900   47.2645  148.8270    4.07400   -0.03510
 17.9083   30.07900   84.66500   47.2551  148.8672    4.11000   -0.05211
 17.9167   29.89800   84.80100   47.2455  148.9076    4.18800   -0.06225
 17.9250   29.71600   84.93800   47.2356  148.9484    4.27600   -0.06284
 17.9333   29.53500   85.07400   47.2257  148.9894    4.39100   -0.06302
 17.9417   29.35400   85.21000   47.2157  149.0306    4.49800   -0.05746
 17.9500   29.17300   85.34600   47.2055  149.0722    4.63400   -0.05845
 17.9583   28.99200   85.48300   47.1951  149.1140    4.72500   -0.06113
 17.9667   28.81200   85.61900   47.1846  149.1560    4.82800   -0.07419
 17.9750   28.63100   85.75600   47.1739  149.1985    4.91500   -0.07526
 17.9833   28.45100   85.89300   47.1630  149.2411    5.08100   -0.06611
 17.9917   28.27000   86.02900   47.1521  149.2842    5.25200   -0.04231
 18.0000   28.09000   86.16600   47.1409  149.3275    5.43100   -0.01605
 18.0083   27.91000   86.30000   47.1297  149.3711    5.61400    0.01667
 18.0167   27.73000   86.43500   47.1184  149.4150    5.81200    0.04336
 18.0250   27.55100   86.56900   47.1069  149.4590    5.94400    0.07006
 18.0333   27.37100   86.70400   47.0952  149.5037    6.11300    0.08767
 18.0417   27.19100   86.83900   47.0834  149.5486    6.25300    0.09785
 18.0500   27.01200   86.97400   47.0714  149.5937    6.33800    0.09861
 18.0583   26.83300   87.10900   47.0592  149.6392    6.45300    0.09669
 18.0667   26.65300   87.24400   47.0468  149.6852    6.57200    0.09881
 18.0750   26.47400   87.37900   47.0342  149.7314    6.67100    0.08792
 18.0833   26.29500   87.51400   47.0215  149.7779    6.69700    0.05126
 18.0917   26.11700   87.64900   47.0086  149.8246    6.65800    0.00610
 18.1000   25.93800   87.78400   46.9955  149.8718    6.70200   -0.03231
 18.1083   25.75900   87.91900   46.9822  149.9195    6.76400   -0.04943
 18.1167   25.58100   88.05400   46.9687  149.9673    6.84400   -0.05881
 18.1250   25.40300   88.19000   46.9549  150.0155    6.92600   -0.05944
 18.1333   25.22400   88.32500   46.9410  150.0643    7.03100   -0.06117
 18.1417   25.04600   88.46000   46.9270  150.1133    7.09300   -0.06027
 18.1500   24.86800   88.59600   46.9126  150.1627    7.17400   -0.05563
 18.1583   24.69100   88.73100   46.8981  150.2122    7.28400   -0.02804
 18.1667   24.51300   88.86600   46.8835  150.2624    7.47600    0.01627
 18.1750   24.33500   89.00000   46.8686  150.3130    7.66600    0.05715
 18.1833   24.15800   89.13300   46.8537  150.3638    7.77200    0.08462
 18.1917   23.98000   89.26700   46.8385  150.4153    7.89400    0.09350
 18.2000   23.80300   89.40000   46.8231  150.4669    7.97600    0.08985
 18.2083   23.62600   89.53400   46.8075  150.5190    8.00600    0.06850
 18.2167   23.44900   89.66800   46.7916  150.5715    8.01800    0.02802
 18.2250   23.27200   89.80200   46.7754  150.6244    7.97900   -0.01223
 18.2333   23.09500   89.93500   46.7592  150.6778    8.00600   -0.03912
 18.2417   22.91900   90.06900   46.7426  150.7314    8.09500   -0.04320
 18.2500   22.74200   90.20300   46.7257  150.7857    8.18400   -0.02866
 18.2583   22.56500   90.33700   46.7087  150.8405    8.31300   -0.01975
 18.2667   22.38900   90.47100   46.6913  150.8955    8.34800   -0.00510
 18.2750   22.21300   90.60400   46.6739  150.9510    8.46000    0.00474
 18.2833   22.03700   90.73800   46.6561  151.0069    8.55100    0.01922
 18.2917   21.86100   90.87200   46.6380  151.0633    8.61300    0.02794
 18.3000   21.68500   91.00600   46.6197  151.1202    8.69400    0.03138
 18.3083   21.50900   91.14000   46.6010  151.1776    8.75700    0.02720
 18.3167   21.33300   91.27400   46.5822  151.2355    8.77800    0.01458
 18.3250   21.15700   91.40700   46.5631  151.2940    8.80400    0.01611
 18.3333   20.98200   91.54100   46.5437  151.3526    8.95000    0.00957
 18.3417   20.80600   91.67300   46.5242  151.4121    8.90500    0.00846
 18.3500   20.63100   91.80500   46.5044  151.4718    8.95300    0.01013
 18.3583   20.45600   91.93800   46.4842  151.5321    9.10800    0.01484
 18.3667   20.28100   92.07000   46.4639  151.5929    9.07300    0.03005
 18.3750   20.10600   92.20200   46.4432  151.6542    9.18100    0.02916
 18.3833   19.93100   92.33400   46.4222  151.7161    9.22100    0.03667
 18.3917   19.75600   92.46700   46.4008  151.7786    9.23800    0.03303
 18.4000   19.58200   92.59900   46.3793  151.8412    9.27100    0.01951
 18.4083   19.40700   92.73100   46.3574  151.9049    9.24200    0.01383
 18.4167   19.23200   92.86300   46.3351  151.9691    9.30700   -0.00239
 18.4250   19.05800   92.99600   46.3125  152.0334    9.26200   -0.00236
 18.4333   18.88400   93.12800   46.2896  152.0985    9.33700   -0.00856
 18.4417   18.70900   93.26000   46.2663  152.1645    9.34400   -0.01048
 18.4500   18.53500   93.39200   46.2428  152.2307    9.31600   -0.00271
 18.4583   18.36100   93.52400   46.2188  152.2975    9.44200    0.00571
 18.4667   18.18700   93.65600   46.1946  152.3650    9.45100    0.02609
 18.4750   18.01300   93.78800   46.1699  152.4331    9.49800    0.03468
 18.4833   17.83900   93.92000   46.1449  152.5019    9.53500    0.04423
 18.4917   17.66600   94.05200   46.1196  152.5708    9.54400    0.04693
 18.5000   17.49200   94.18400   46.0938  152.6409    9.53900    0.04336
 18.5083   17.31900   94.31500   46.0678  152.7112    9.52700    0.02630
 18.5167   17.14500   94.44500   46.0415  152.7826    9.43000    0.01605
 18.5250   16.97200   94.57600   46.0147  152.8542    9.46500    0.00262
 18.5333   16.79900   94.70600   45.9876  152.9266    9.42500    0.01165
 18.5417   16.62600   94.83700   45.9600  152.9996    9.48300    0.00898
 18.5500   16.45300   94.96700   45.9321  153.0734    9.42400    0.01077
 18.5583   16.28000   95.09800   45.9036  153.1478    9.40400   -0.00111
 18.5667   16.10700   95.22800   45.8748  153.2230    9.36000    0.00521
 18.5750   15.93500   95.35900   45.8456  153.2984    9.43600   -0.00011
 18.5833   15.76200   95.48900   45.8159  153.3750    9.32700   -0.00138
 18.5917   15.58900   95.61900   45.7858  153.4524    9.31600   -0.01590
 18.6000   15.41700   95.75000   45.7551  153.5300    9.30500   -0.01829
 18.6083   15.24500   95.88000   45.7241  153.6084    9.30900   -0.03259
 18.6167   15.07200   96.01000   45.6926  153.6880    9.22300   -0.03982
 18.6250   14.90000   96.14000   45.6606  153.7679    9.26800   -0.05255
 18.6333   14.72800   96.27000   45.6281  153.8486    9.24000   -0.04410
 18.6417   14.55500   96.40000   45.5951  153.9306    9.32700   -0.04265
 18.6500   14.38300   96.53000   45.5616  154.0129    9.33300   -0.04800
 18.6583   14.21100   96.66000   45.5276  154.0959    9.25800   -0.05288
 18.6667   14.03900   96.78900   45.4932  154.1799    9.36600   -0.04432
 18.6750   13.86800   96.91800   45.4583  154.2641    9.49500   -0.01798
 18.6833   13.69600   97.04700   45.4228  154.3496    9.57900   -0.00523
 18.6917   13.52500   97.17500   45.3870  154.4355    9.58900   -0.01033
 18.7000   13.35300   97.30400   45.3504  154.5228    9.58900   -0.00663
 18.7083   13.18200   97.43200   45.3134  154.6104    9.75500   -0.00995
 18.7167   13.01100   97.56100   45.2758  154.6987    9.72200   -0.00951
 18.7250   12.84000   97.68900   45.2376  154.7880    9.76000   -0.01435
 18.7333   12.66900   97.81700   45.1989  154.8782    9.89200   -0.00515
 18.7417   12.49700   97.94500   45.1594  154.9698    9.98100    0.00383
 18.7500   12.32600   98.07400   45.1193  155.0617   10.02300    0.00158
 18.7583   12.15500   98.20200   45.0787  155.1545   10.06600   -0.00226
 18.7667   11.98500   98.33000   45.0375  155.2477   10.14200   -0.00494
 18.7750   11.81400   98.45800   44.9956  155.3423   10.20100   -0.00933
 18.7833   11.64300   98.58500   44.9531  155.4379   10.23800   -0.01070
 18.7917   11.47200   98.71300   44.9099  155.5344   10.33800   -0.00696
 18.8000   11.30100   98.84100   44.8659  155.6318   10.44600   -0.00399
 18.8083   11.13100   98.96800   44.8215  155.7296   10.48200   -0.01430
 18.8167   10.96000   99.09600   44.7761  155.8289   10.47600   -0.02381
 18.8250   10.79000   99.22300   44.7303  155.9286   10.58400   -0.02138
 18.8333   10.61900   99.35000   44.6836  156.0299   10.71900   -0.00878
 18.8417   10.44900   99.47700   44.6363  156.1315   10.80500    0.00823
 18.8500   10.27900   99.60300   44.5884  156.2341   10.95200    0.01313
 18.8583   10.10900   99.72900   44.5397  156.3377   10.97500    0.00748
 18.8667    9.94000   99.85500   44.4904  156.4417   10.95700    0.01289
 18.8750    9.77000   99.98100   44.4401  156.5473   11.19100    0.02351
 18.8833    9.60000  100.10700   44.3891  156.6538   11.24700    0.03667
 18.8917    9.43000  100.23300   44.3372  156.7614   11.24400    0.03436
 18.9000    9.26100  100.35900   44.2846  156.8693   11.33400    0.03768
 18.9083    9.09100  100.48500   44.2311  156.9789   11.43600    0.04817
 18.9167    8.92100  100.61100   44.1766  157.0895   11.48400    0.05027
 18.9250    8.75200  100.73600   44.1217  157.2005   11.48500    0.04301
 18.9333    8.58200  100.86100   44.0656  157.3133   11.48100    0.02773
 18.9417    8.41300  100.98700   44.0087  157.4263   11.44000    0.01873
 18.9500    8.24400  101.11200   43.9511  157.5403   11.48300    0.00980
 18.9583    8.07400  101.23700   43.8923  157.6562   11.46800    0.01363
 18.9667    7.90500  101.36200   43.8328  157.7723   11.52300    0.01141
 18.9750    7.73500  101.48700   43.7720  157.8903   11.49900    0.01467
 18.9833    7.56600  101.61100   43.7108  158.0086   11.52100    0.01022
 18.9917    7.39700  101.73600   43.6483  158.1279   11.49800    0.01725
 19.0000    7.22800  101.86000   43.5851  158.2483   11.56400    0.01467
 19.0083    7.05900  101.98400   43.5208  158.3698   11.49000    0.01239
 19.0167    6.89100  102.10800   43.4558  158.4915   11.46300    0.00168
 19.0250    6.72200  102.23100   43.3896  158.6151   11.44000    0.00510
 19.0333    6.55300  102.35500   43.3222  158.7397   11.52000   -0.00689
 19.0417    6.38500  102.47800   43.2542  158.8647   11.33500    0.00343
 19.0500    6.21700  102.60100   43.1851  158.9907   11.51200   -0.00428
 19.0583    6.04800  102.72400   43.1146  159.1185   11.40400    0.00651
 19.0667    5.88000  102.84700   43.0433  159.2466   11.40200    0.00071
 19.0750    5.71100  102.97000   42.9706  159.3766   11.42700    0.00758
 19.0833    5.54300  103.09300   42.8971  159.5067   11.43700    0.00487
 19.0917    5.37500  103.21600   42.8223  159.6379   11.32100    0.00000

