hmax        =    300
wind_bottom =      2
wind_top    =     10
critlon     =      0
tbeg, h     =   0.00
tend, h     =  24.00
c_ionex     =      0
c_vert      =      1
time, gamma, az, latp, lonp, tec, tec_filtered
  0.0083   13.99200  -72.84200   48.8259  130.9420    0.00000    0.00000
  0.0167   13.90800  -73.04400   48.8024  130.8869    0.10600   -0.00225
  0.0250   13.82300  -73.24500   48.7789  130.8312    0.18400   -0.00197
  0.0333   13.73700  -73.44600   48.7552  130.7747    0.34400    0.00084
  0.0417   13.65000  -73.64600   48.7314  130.7176    0.47300   -0.00185
  0.0500   13.56200  -73.84600   48.7074  130.6597    0.50700   -0.00115
  0.0583   13.47400  -74.04600   48.6832  130.6015    0.70500   -0.00588
  0.0667   13.38400  -74.24500   48.6590  130.5421    0.81400   -0.00849
  0.0750   13.29400  -74.44400   48.6344  130.4825    0.87500   -0.02198
  0.0833   13.20300  -74.64200   48.6099  130.4221    1.00700   -0.02716
  0.0917   13.11000  -74.84000   48.5851  130.3603    1.19300   -0.02172
  0.1000   13.01800  -75.03800   48.5600  130.2989    1.31200   -0.01443
  0.1083   12.92400  -75.23500   48.5349  130.2361    1.46200   -0.01528
  0.1167   12.82900  -75.43100   48.5097  130.1724    1.57900   -0.01097
  0.1250   12.73400  -75.62800   48.4840  130.1085    1.74200   -0.00831
  0.1333   12.63700  -75.82300   48.4584  130.0432    1.88200    0.00813
  0.1417   12.54000  -76.01900   48.4324  129.9775    2.11100    0.01560
  0.1500   12.44200  -76.21300   48.4064  129.9111    2.19900    0.02552
  0.1583   12.34300  -76.40800   48.3799  129.8437    2.35700    0.02890
  0.1667   12.24400  -76.60200   48.3533  129.7760    2.53700    0.02638
  0.1750   12.14600  -76.79600   48.3264  129.7088    2.57500    0.01962
  0.1833   12.04700  -76.98900   48.2993  129.6406    2.69800    0.00787
  0.1917   11.94800  -77.18200   48.2720  129.5722    2.83200    0.00861
  0.2000   11.84800  -77.37500   48.2443  129.5029    2.97400    0.00830
  0.2083   11.74700  -77.56700   48.2164  129.4326    3.08400    0.00060
  0.2167   11.64500  -77.75800   48.1884  129.3613    3.15500   -0.00759
  0.2250   11.54200  -77.95000   48.1600  129.2891    3.29000   -0.01529
  0.2333   11.43900  -78.14100   48.1313  129.2165    3.40200   -0.01347
  0.2417   11.33500  -78.33100   48.1025  129.1430    3.55200   -0.01467
  0.2500   11.23000  -78.52100   48.0733  129.0684    3.65400   -0.00578
  0.2583   11.12400  -78.71000   48.0439  128.9928    3.85000   -0.00434
  0.2667   11.01800  -78.89900   48.0141  128.9169    3.93500   -0.00488
  0.2750   10.91100  -79.08800   47.9840  128.8399    4.02700   -0.00804
  0.2833   10.80300  -79.27600   47.9537  128.7619    4.20100   -0.00390
  0.2917   10.69400  -79.46400   47.9230  128.6827    4.34700    0.00827
  0.3000   10.58500  -79.65100   47.8920  128.6032    4.51100    0.01297
  0.3083   10.47500  -79.83700   47.8608  128.5225    4.62300    0.01928
  0.3167   10.36500  -80.02400   47.8291  128.4415    4.78700    0.00813
  0.3250   10.25400  -80.20900   47.7972  128.3593    4.79900    0.00191
  0.3333   10.14200  -80.39500   47.7648  128.2760    4.95500   -0.00617
  0.3417   10.03200  -80.58000   47.7321  128.1937    5.10000   -0.00101
  0.3500    9.92100  -80.76500   47.6990  128.1103    5.22700    0.00217
  0.3583    9.80900  -80.95000   47.6654  128.0257    5.36600   -0.00204
  0.3667    9.69700  -81.13400   47.6316  127.9407    5.44800   -0.00502
  0.3750    9.58400  -81.31700   47.5974  127.8545    5.58900   -0.00767
  0.3833    9.47000  -81.50000   47.5628  127.7671    5.72800   -0.00776
  0.3917    9.35600  -81.68300   47.5278  127.6792    5.83700   -0.00597
  0.4000    9.24100  -81.86500   47.4924  127.5901    5.99700   -0.00806
  0.4083    9.12500  -82.04700   47.4565  127.4997    6.11600   -0.00951
  0.4167    9.00900  -82.22900   47.4201  127.4088    6.24100   -0.01771
  0.4250    8.89300  -82.40900   47.3835  127.3174    6.35100   -0.02359
  0.4333    8.77500  -82.59000   47.3463  127.2240    6.49500   -0.02786
  0.4417    8.65700  -82.77000   47.3086  127.1300    6.63800   -0.02481
  0.4500    8.53900  -82.95000   47.2705  127.0355    6.82500   -0.02751
  0.4583    8.42000  -83.12900   47.2320  126.9396    6.92500   -0.02333
  0.4667    8.30000  -83.30800   47.1929  126.8424    7.14000   -0.02232
  0.4750    8.18000  -83.48600   47.1534  126.7446    7.30600   -0.01252
  0.4833    8.05900  -83.66400   47.1133  126.6455    7.49500   -0.00838
  0.4917    7.93800  -83.84100   47.0728  126.5458    7.66800   -0.00544
  0.5000    7.81600  -84.01800   47.0317  126.4446    7.82800   -0.00417
  0.5083    7.69600  -84.19500   46.9902  126.3447    8.00800   -0.00781
  0.5167    7.57500  -84.37200   46.9480  126.2433    8.14600   -0.00467
  0.5250    7.45400  -84.54800   46.9053  126.1414    8.37900   -0.00607
  0.5333    7.33200  -84.72400   46.8621  126.0380    8.52700   -0.00636
  0.5417    7.20900  -84.89900   46.8183  125.9332    8.68300   -0.00769
  0.5500    7.08600  -85.07400   46.7739  125.8278    8.91600   -0.00690
  0.5583    6.96300  -85.24900   46.7289  125.7218    9.09100   -0.00572
  0.5667    6.83900  -85.42300   46.6833  125.6142    9.25500   -0.01269
  0.5750    6.71400  -85.59700   46.6370  125.5052    9.41300   -0.02287
  0.5833    6.58900  -85.77000   46.5903  125.3955    9.56700   -0.02330
  0.5917    6.46400  -85.94300   46.5428  125.2853    9.83300   -0.02384
  0.6000    6.33800  -86.11500   46.4948  125.1734   10.00100   -0.01675
  0.6083    6.21100  -86.28800   46.4458  125.0601   10.23400   -0.02042
  0.6167    6.08400  -86.45900   46.3964  124.9460   10.41000   -0.00974
  0.6250    5.95700  -86.63100   46.3462  124.8313   10.68900   -0.00736
  0.6333    5.82900  -86.80100   46.2955  124.7150   10.85000   -0.00379
  0.6417    5.70100  -86.97200   46.2439  124.5981   11.06300   -0.01199
  0.6500    5.57300  -87.14200   46.1917  124.4805   11.25200   -0.00604
  0.6583    5.44400  -87.31200   46.1387  124.3613   11.55700   -0.00118
  0.6667    5.31400  -87.48100   46.0849  124.2404   11.76400   -0.00050
  0.6750    5.18600  -87.65100   46.0304  124.1209   11.93900   -0.00285
  0.6833    5.05800  -87.82000   45.9754  124.0008   12.22900    0.00000

  6.3417    5.48900 -189.99500   34.6003  145.3505   70.33900    0.00000
  6.3500    5.68800 -190.06400   34.7405  145.3440   70.37200    0.00588
  6.3583    5.88600 -190.13200   34.8780  145.3373   70.13300    0.03508
  6.3667    6.08500 -190.20000   35.0143  145.3305   69.99600    0.08031
  6.3750    6.28500 -190.26801   35.1493  145.3234   69.58801    0.17993
  6.3833    6.48400 -190.33600   35.2819  145.3164   69.15701    0.23084
  6.3917    6.68400 -190.40300   35.4131  145.3089   68.32500    0.21114
  6.4000    6.88500 -190.47000   35.5432  145.3013   67.26400    0.13348
  6.4083    7.08600 -190.53700   35.6715  145.2937   66.21400    0.06197
  6.4167    7.28700 -190.60400   35.7979  145.2860   65.30100    0.04174
  6.4250    7.48800 -190.67000   35.9225  145.2780   64.70800    0.03550
  6.4333    7.69000 -190.73700   36.0460  145.2701   64.17700    0.03161
  6.4417    7.89300 -190.80299   36.1682  145.2619   63.24700    0.01592
  6.4500    8.09500 -190.86900   36.2881  145.2538   62.51100   -0.02117
  6.4583    8.29800 -190.93500   36.4069  145.2455   61.75500   -0.07220
  6.4667    8.50100 -191.00000   36.5239  145.2369   60.67400   -0.16296
  6.4750    8.70500 -191.06599   36.6398  145.2285   59.58600   -0.25016
  6.4833    8.90900 -191.13100   36.7539  145.2199   58.91600   -0.31376
  6.4917    9.11300 -191.19600   36.8665  145.2112   58.14200   -0.31059
  6.5000    9.31800 -191.26100   36.9779  145.2025   57.77000   -0.26941
  6.5083    9.52300 -191.32700   37.0877  145.1939   57.53600   -0.18430
  6.5167    9.72800 -191.39301   37.1959  145.1854   57.22400   -0.11666
  6.5250    9.93300 -191.45799   37.3025  145.1767   56.77900   -0.10080
  6.5333   10.13900 -191.52400   37.4080  145.1681   56.20200   -0.11056
  6.5417   10.34600 -191.58900   37.5125  145.1591   55.75200   -0.13549
  6.5500   10.55200 -191.65401   37.6149  145.1503   55.23900   -0.15374
  6.5583   10.75900 -191.71899   37.7163  145.1415   54.75800   -0.16427
  6.5667   10.96700 -191.78400   37.8167  145.1325   54.44400   -0.14706
  6.5750   11.17400 -191.84900   37.9151  145.1237   54.28600   -0.11887
  6.5833   11.38200 -191.91400   38.0126  145.1148   54.00700   -0.08811
  6.5917   11.59100 -191.97800   38.1090  145.1056   53.79800   -0.02308
  6.6000   11.79900 -192.04300   38.2036  145.0967   53.92900    0.09699
  6.6083   12.00800 -192.10699   38.2972  145.0876   54.10200    0.11728
  6.6167   12.21700 -192.17101   38.3894  145.0785   53.06400    0.05827
  6.6250   12.42700 -192.23500   38.4807  145.0694   52.57200   -0.11524
  6.6333   12.63700 -192.29900   38.5707  145.0603   51.85300   -0.21277
  6.6417   12.84700 -192.36301   38.6593  145.0512   51.50600   -0.16827
  6.6500   13.05700 -192.42700   38.7466  145.0422   52.22000   -0.04767
  6.6583   13.26800 -192.49100   38.8330  145.0332   52.11300    0.07646
  6.6667   13.47900 -192.55499   38.9182  145.0241   51.75100    0.06535
  6.6750   13.69000 -192.62000   39.0021  145.0153   51.31400    0.03415
  6.6833   13.90200 -192.68401   39.0852  145.0063   50.98200    0.03580
  6.6917   14.11400 -192.74899   39.1671  144.9975   50.80500    0.07471
  6.7000   14.32700 -192.81400   39.2481  144.9886   50.63600    0.13487
  6.7083   14.53900 -192.87801   39.3276  144.9797   50.48400    0.18094
  6.7167   14.75200 -192.94200   39.4063  144.9708   50.25500    0.19794
  6.7250   14.96600 -193.00700   39.4842  144.9620   49.87800    0.17983
  6.7333   15.17900 -193.07100   39.5606  144.9532   49.40600    0.13357
  6.7417   15.39300 -193.13499   39.6362  144.9443   48.87800    0.08056
  6.7500   15.60700 -193.20000   39.7108  144.9356   48.36600    0.02198
  6.7583   15.82200 -193.26401   39.7846  144.9268   47.82700   -0.01639
  6.7667   16.03700 -193.32800   39.8574  144.9180   47.44000   -0.03058
  6.7750   16.25200 -193.39301   39.9291  144.9094   47.09500   -0.01471
  6.7833   16.46700 -193.45700   39.9998  144.9007   46.76000    0.00955
  6.7917   16.68200 -193.52100   40.0695  144.8920   46.41100    0.02507
  6.8000   16.89800 -193.58600   40.1385  144.8835   45.98500    0.02765
  6.8083   17.11400 -193.64999   40.2066  144.8748   45.54500    0.01624
  6.8167   17.33100 -193.71500   40.2739  144.8663   45.09500   -0.00973
  6.8250   17.54700 -193.77901   40.3401  144.8578   44.57300   -0.04460
  6.8333   17.76400 -193.84399   40.4056  144.8494   44.08700   -0.08412
  6.8417   17.98100 -193.90900   40.4702  144.8410   43.62600   -0.10363
  6.8500   18.19900 -193.97400   40.5341  144.8326   43.26200   -0.09641
  6.8583   18.41700 -194.03999   40.5972  144.8244   42.97100   -0.06412
  6.8667   18.63500 -194.10500   40.6595  144.8162   42.68600   -0.01548
  6.8750   18.85400 -194.17101   40.7211  144.8080   42.44400    0.01756
  6.8833   19.07300 -194.23700   40.7819  144.7999   42.06100    0.02818
  6.8917   19.29200 -194.30200   40.8418  144.7916   41.64400    0.01217
  6.9000   19.51100 -194.36800   40.9010  144.7836   41.24500   -0.00899
  6.9083   19.73100 -194.43401   40.9596  144.7756   40.85900   -0.03513
  6.9167   19.95000 -194.50000   41.0171  144.7676   40.44000   -0.06920
  6.9250   20.17000 -194.56599   41.0741  144.7597   40.01800   -0.10588
  6.9333   20.39100 -194.63300   41.1306  144.7518   39.63900   -0.12615
  6.9417   20.61100 -194.69901   41.1861  144.7439   39.35200   -0.11354
  6.9500   20.83200 -194.76500   41.2411  144.7361   39.16700   -0.08083
  6.9583   21.05300 -194.83200   41.2954  144.7283   38.93400   -0.04978
  6.9667   21.27400 -194.89900   41.3490  144.7207   38.65000   -0.03336
  6.9750   21.49500 -194.96600   41.4019  144.7130   38.38900   -0.02738
  6.9833   21.71700 -195.03300   41.4543  144.7054   38.11500   -0.03450
  6.9917   21.93900 -195.10100   41.5060  144.6979   37.77000   -0.05181
  7.0000   22.16100 -195.16800   41.5570  144.6903   37.46900   -0.06920
  7.0083   22.38300 -195.23700   41.6075  144.6830   37.22300   -0.07127
  7.0167   22.60600 -195.30499   41.6574  144.6756   37.00800   -0.05891
  7.0250   22.82900 -195.37399   41.7068  144.6683   36.82300   -0.03503
  7.0333   23.05300 -195.44299   41.7557  144.6610   36.65800   -0.01687
  7.0417   23.27600 -195.51199   41.8038  144.6538   36.41000   -0.00133
  7.0500   23.50000 -195.58099   41.8515  144.6466   36.21000    0.00608
  7.0583   23.72400 -195.64999   41.8986  144.6394   36.00300   -0.00064
  7.0667   23.94800 -195.72000   41.9451  144.6324   35.67500   -0.00736
  7.0750   24.17300 -195.78999   41.9913  144.6253   35.48800   -0.01353
  7.0833   24.39700 -195.86000   42.0366  144.6183   35.29500   -0.00906
  7.0917   24.62200 -195.93100   42.0817  144.6115   35.04000   -0.00349
  7.1000   24.84700 -196.00200   42.1261  144.6046   34.85800   -0.00538
  7.1083   25.07200 -196.07300   42.1701  144.5978   34.61700    0.00309
  7.1167   25.29800 -196.14400   42.2136  144.5909   34.42300    0.00536
  7.1250   25.52300 -196.21600   42.2565  144.5843   34.20700    0.01624
  7.1333   25.74900 -196.28799   42.2991  144.5776   34.02200    0.01326
  7.1417   25.97500 -196.36000   42.3411  144.5710   33.75300    0.01345
  7.1500   26.20100 -196.43300   42.3827  144.5644   33.56600   -0.00200
  7.1583   26.42700 -196.50600   42.4237  144.5579   33.29500   -0.02005
  7.1667   26.65300 -196.57899   42.4643  144.5515   33.01000   -0.04443
  7.1750   26.88000 -196.65300   42.5046  144.5451   32.78000   -0.05298
  7.1833   27.10800 -196.72800   42.5446  144.5387   32.59500   -0.04205
  7.1917   27.33500 -196.80200   42.5840  144.5324   32.42600   -0.02325
  7.2000   27.56300 -196.87700   42.6230  144.5261   32.24600   -0.00139
  7.2083   27.79000 -196.95300   42.6615  144.5200   32.08200    0.01964
  7.2167   28.01800 -197.02901   42.6998  144.5139   31.90800    0.03691
  7.2250   28.24600 -197.10500   42.7375  144.5077   31.70600    0.03826
  7.2333   28.47500 -197.18201   42.7751  144.5016   31.45500    0.01771
  7.2417   28.70300 -197.25900   42.8120  144.4957   31.16400   -0.01127
  7.2500   28.93100 -197.33600   42.8485  144.4897   30.92600   -0.03674
  7.2583   29.16000 -197.41400   42.8848  144.4838   30.70700   -0.03497
  7.2667   29.38900 -197.49300   42.9208  144.4780   30.57300   -0.01701
  7.2750   29.61800 -197.57201   42.9563  144.4722   30.42400   -0.00976
  7.2833   29.84700 -197.65100   42.9914  144.4664   30.14800   -0.00724
  7.2917   30.07600 -197.73100   43.0262  144.4607   29.99600   -0.02456
  7.3000   30.30500 -197.81200   43.0606  144.4551   29.75800   -0.03341
  7.3083   30.53400 -197.89301   43.0946  144.4496   29.55200   -0.05768
  7.3167   30.76400 -197.97501   43.1285  144.4441   29.34500   -0.07022
  7.3250   30.99300 -198.05701   43.1618  144.4386   29.18800   -0.08639
  7.3333   31.22300 -198.14000   43.1949  144.4332   28.97900   -0.10323
  7.3417   31.45300 -198.22301   43.2277  144.4278   28.78700   -0.12313
  7.3500   31.68400 -198.30701   43.2603  144.4224   28.63200   -0.13600
  7.3583   31.91400 -198.39101   43.2924  144.4171   28.47700   -0.12562
  7.3667   32.14500 -198.47600   43.3244  144.4118   28.42100   -0.08422
  7.3750   32.37600 -198.56200   43.3560  144.4066   28.43300   -0.02048
  7.3833   32.60700 -198.64799   43.3873  144.4014   28.39800    0.03252
  7.3917   32.83800 -198.73500   43.4183  144.3963   28.28500    0.03285
  7.4000   33.06900 -198.82201   43.4490  144.3912   28.03400    0.01754
  7.4083   33.30000 -198.91100   43.4795  144.3863   27.91000    0.02106
  7.4167   33.53100 -199.00000   43.5096  144.3814   27.87300    0.05689
  7.4250   33.76200 -199.08900   43.5394  144.3764   27.76500    0.11230
  7.4333   33.99300 -199.17999   43.5690  144.3716   27.72900    0.15369
  7.4417   34.22500 -199.27100   43.5984  144.3668   27.62200    0.16582
  7.4500   34.45600 -199.36301   43.6274  144.3621   27.36700    0.15802
  7.4583   34.68800 -199.45500   43.6562  144.3573   27.22700    0.13659
  7.4667   34.91900 -199.54900   43.6847  144.3527   27.03200    0.12671
  7.4750   35.15000 -199.64301   43.7129  144.3482   26.79800    0.08022
  7.4833   35.38200 -199.73801   43.7410  144.3436   26.45300    0.00529
  7.4917   35.61300 -199.83400   43.7687  144.3391   26.10800   -0.05904
  7.5000   35.84400 -199.93100   43.7962  144.3347   25.91700   -0.07929
  7.5083   36.07700 -200.02800   43.8236  144.3302   25.76300   -0.04967
  7.5167   36.30900 -200.12601   43.8507  144.3259   25.63300   -0.00131
  7.5250   36.54100 -200.22501   43.8775  144.3215   25.51000    0.06930
  7.5333   36.77400 -200.32500   43.9043  144.3172   25.44100    0.10790
  7.5417   37.00600 -200.42500   43.9307  144.3129   25.13000    0.08463
  7.5500   37.23800 -200.52699   43.9568  144.3087   24.69600    0.03440
  7.5583   37.47100 -200.62900   43.9829  144.3045   24.47800    0.02728
  7.5667   37.70300 -200.73300   44.0086  144.3004   24.33900    0.06408
  7.5750   37.93500 -200.83800   44.0342  144.2964   24.08100    0.09495
  7.5833   38.16800 -200.94299   44.0596  144.2923   23.81800    0.14404
  7.5917   38.40000 -201.05000   44.0847  144.2884   23.75600    0.18920
  7.6000   38.63200 -201.15700   44.1096  144.2844   23.47300    0.21367
  7.6083   38.86400 -201.26601   44.1343  144.2806   23.09400    0.17336
  7.6167   39.09600 -201.37601   44.1589  144.2768   22.70300    0.14633
  7.6250   39.32800 -201.48700   44.1832  144.2730   22.45400    0.11305
  7.6333   39.56000 -201.59900   44.2074  144.2693   22.04200    0.01869
  7.6417   39.79100 -201.71201   44.2312  144.2657   21.39300   -0.09732
  7.6500   40.02300 -201.82700   44.2550  144.2621   21.04700   -0.16403
  7.6583   40.25400 -201.94200   44.2785  144.2585   20.84600   -0.13482
  7.6667   40.48600 -202.05901   44.3020  144.2550   20.61500   -0.05700
  7.6750   40.71800 -202.17599   44.3252  144.2515   20.47000   -0.02518
  7.6833   40.95000 -202.29500   44.3483  144.2480   20.03600   -0.03384
  7.6917   41.18200 -202.41499   44.3712  144.2446   19.58200   -0.02845
  7.7000   41.41400 -202.53600   44.3939  144.2412   19.45600    0.00518
  7.7083   41.64600 -202.65800   44.4165  144.2378   19.10500    0.08700
  7.7167   41.87800 -202.78200   44.4390  144.2345   18.84000    0.13491
  7.7250   42.10900 -202.90700   44.4612  144.2312   18.57500    0.19476
  7.7333   42.34100 -203.03300   44.4833  144.2280   18.30200    0.26581
  7.7417   42.57200 -203.16100   44.5052  144.2248   18.09400    0.32819
  7.7500   42.80300 -203.29100   44.5269  144.2218   17.79900    0.29352
  7.7583   43.03400 -203.42101   44.5485  144.2187   17.11700    0.15447
  7.7667   43.26500 -203.55400   44.5700  144.2157   16.48500   -0.04783
  7.7750   43.49500 -203.68700   44.5912  144.2127   15.95000   -0.23592
  7.7833   43.72600 -203.82300   44.6124  144.2098   15.37100   -0.34227
  7.7917   43.95600 -203.96001   44.6334  144.2070   15.12400   -0.40178
  7.8000   44.18600 -204.09801   44.6542  144.2041   14.79700   -0.38812
  7.8083   44.41500 -204.23801   44.6748  144.2014   14.51000   -0.39674
  7.8167   44.64400 -204.38000   44.6954  144.1987   14.14500   -0.30999
  7.8250   44.87300 -204.52400   44.7158  144.1961   14.18500   -0.20733
  7.8333   45.10200 -204.66901   44.7360  144.1935   13.95100   -0.11384
  7.8417   45.33200 -204.81500   44.7562  144.1908   13.56700   -0.05241
  7.8500   45.56100 -204.96201   44.7763  144.1881   13.53000    0.08222
  7.8583   45.79000 -205.11200   44.7962  144.1856   13.65700    0.23636
  7.8667   46.01900 -205.26300   44.8160  144.1831   13.40800    0.29322
  7.8750   46.24800 -205.41600   44.8357  144.1806   13.00700    0.20532
  7.8833   46.47600 -205.57100   44.8552  144.1781   12.56800    0.06417
  7.8917   46.70400 -205.72800   44.8746  144.1758   12.11000   -0.05421
  7.9000   46.93200 -205.88600   44.8939  144.1734   11.82000   -0.11794
  7.9083   47.15900 -206.04700   44.9130  144.1711   11.61400   -0.14427
  7.9167   47.38600 -206.21001   44.9320  144.1689   11.32600   -0.11800
  7.9250   47.61300 -206.37399   44.9510  144.1667   11.26200   -0.09827
  7.9333   47.83900 -206.54100   44.9697  144.1646   11.04400   -0.08546
  7.9417   48.06500 -206.71001   44.9884  144.1625   10.72300   -0.11837
  7.9500   48.29000 -206.88100   45.0069  144.1604   10.46900   -0.17864
  7.9583   48.51500 -207.05499   45.0254  144.1585   10.15400   -0.23696
  7.9667   48.73900 -207.23000   45.0437  144.1565    9.87600   -0.25785
  7.9750   48.96300 -207.40800   45.0619  144.1547    9.81400   -0.21182
  7.9833   49.18700 -207.58800   45.0800  144.1528    9.80300   -0.12625
  7.9917   49.41000 -207.77100   45.0980  144.1511    9.71400   -0.06406
  8.0000   49.63200 -207.95599   45.1158  144.1494    9.58700   -0.04694
  8.0083   49.85600 -208.14200   45.1337  144.1475    9.42000   -0.03981
  8.0167   50.07900 -208.33000   45.1515  144.1458    9.31700   -0.03696
  8.0250   50.30100 -208.52000   45.1690  144.1440    9.20800   -0.04107
  8.0333   50.52300 -208.71400   45.1866  144.1424    9.06000   -0.08018
  8.0417   50.74500 -208.90900   45.2040  144.1407    8.87500   -0.12672
  8.0500   50.96600 -209.10800   45.2214  144.1392    8.78700   -0.15504
  8.0583   51.18600 -209.30901   45.2386  144.1377    8.74400   -0.16690
  8.0667   51.40600 -209.51199   45.2557  144.1362    8.64700   -0.19900
  8.0750   51.62500 -209.71899   45.2728  144.1348    8.50500   -0.22199
  8.0833   51.84300 -209.92799   45.2897  144.1334    8.51800   -0.21737
  8.0917   52.06100 -210.14000   45.3065  144.1321    8.54100   -0.17217
  8.1000   52.27800 -210.35500   45.3233  144.1309    8.55500   -0.12321
  8.1083   52.49500 -210.57300   45.3400  144.1296    8.58800   -0.07848
  8.1167   52.71100 -210.79401   45.3566  144.1285    8.60300   -0.03699
  8.1250   52.92600 -211.01801   45.3731  144.1274    8.62300   -0.01021
  8.1333   53.14000 -211.24500   45.3894  144.1263    8.61000    0.04882
  8.1417   53.35400 -211.47501   45.4058  144.1253    8.74200    0.14247
  8.1500   53.56700 -211.70799   45.4220  144.1244    8.86800    0.22272
  8.1583   53.77900 -211.94400   45.4381  144.1234    8.79000    0.24216
  8.1667   53.99000 -212.18401   45.4542  144.1226    8.68200    0.20166
  8.1750   54.20200 -212.42500   45.4702  144.1217    8.58000    0.17351
  8.1833   54.41300 -212.67000   45.4861  144.1208    8.54300    0.15908
  8.1917   54.62400 -212.91701   45.5020  144.1199    8.48400    0.17861
  8.2000   54.83300 -213.16901   45.5178  144.1192    8.49500    0.15301
  8.2083   55.04200 -213.42300   45.5335  144.1184    8.28800    0.10808
  8.2167   55.25000 -213.68100   45.5492  144.1177    8.15700   -0.01113
  8.2250   55.45700 -213.94299   45.5647  144.1170    7.89900   -0.11531
  8.2333   55.66300 -214.20900   45.5802  144.1164    7.73000   -0.21422
  8.2417   55.86800 -214.47800   45.5957  144.1159    7.59500   -0.23507
  8.2500   56.07200 -214.75101   45.6110  144.1154    7.59600   -0.17704
  8.2583   56.27500 -215.02800   45.6263  144.1150    7.69700   -0.09352
  8.2667   56.47700 -215.30800   45.6415  144.1146    7.64600   -0.06056
  8.2750   56.67800 -215.59300   45.6566  144.1142    7.47700   -0.01629
  8.2833   56.87700 -215.88200   45.6716  144.1140    7.62100    0.03481
  8.2917   57.07600 -216.17400   45.6866  144.1138    7.60800    0.11314
  8.3000   57.27300 -216.47099   45.7015  144.1136    7.53800    0.14193
  8.3083   57.47000 -216.77200   45.7164  144.1135    7.53400    0.10845
  8.3167   57.66500 -217.07700   45.7312  144.1134    7.32500    0.02294
  8.3250   57.85800 -217.38600   45.7458  144.1135    7.10100   -0.07335
  8.3333   58.05100 -217.70000   45.7605  144.1135    7.05600   -0.12653
  8.3417   58.24400 -218.01500   45.7751  144.1134    6.97700   -0.08078
  8.3500   58.43600 -218.33501   45.7897  144.1134    7.08900   -0.04151
  8.3583   58.62700 -218.66000   45.8043  144.1135    7.04000    0.00300
  8.3667   58.81700 -218.98900   45.8187  144.1135    6.99900   -0.03131
  8.3750   59.00500 -219.32300   45.8331  144.1137    6.84100   -0.01836
  8.3833   59.19100 -219.66100   45.8475  144.1139    6.94900   -0.02057
  8.3917   59.37700 -220.00400   45.8618  144.1142    6.86200    0.00172
  8.4000   59.56000 -220.35201   45.8760  144.1145    6.79300   -0.07844
  8.4083   59.74300 -220.70399   45.8901  144.1148    6.55900   -0.16989
  8.4167   59.92400 -221.06100   45.9043  144.1152    6.42800   -0.16259
  8.4250   60.10300 -221.42300   45.9183  144.1157    6.69200   -0.04889
  8.4333   60.28000 -221.78999   45.9323  144.1163    6.80200    0.08748
  8.4417   60.45600 -222.16200   45.9462  144.1169    6.73900    0.14200
  8.4500   60.63100 -222.53900   45.9601  144.1175    6.70300    0.17809
  8.4583   60.80300 -222.92101   45.9739  144.1182    6.74500    0.24077
  8.4667   60.97400 -223.30800   45.9877  144.1190    6.77100    0.23368
  8.4750   61.14300 -223.70100   46.0014  144.1198    6.51300    0.20766
  8.4833   61.31100 -224.09801   46.0151  144.1207    6.48700    0.07967
  8.4917   61.47600 -224.50101   46.0287  144.1216    6.17400   -0.00841
  8.5000   61.64000 -224.90800   46.0423  144.1226    6.06200   -0.07131
  8.5083   61.80400 -225.31900   46.0559  144.1235    6.11700   -0.06651
  8.5167   61.96600 -225.73500   46.0694  144.1244    6.00600   -0.10891
  8.5250   62.12700 -226.15700   46.0829  144.1253    5.70000   -0.14189
  8.5333   62.28500 -226.58400   46.0963  144.1264    5.77700   -0.10580
  8.5417   62.44100 -227.01601   46.1097  144.1275    5.89900    0.00817
  8.5500   62.59600 -227.45399   46.1231  144.1286    5.84500    0.04218
  8.5583   62.74800 -227.89700   46.1363  144.1298    5.65100    0.02512
  8.5667   62.89800 -228.34599   46.1496  144.1310    5.60300    0.01543
  8.5750   63.04600 -228.80000   46.1628  144.1324    5.60600    0.01259
  8.5833   63.19100 -229.25999   46.1759  144.1338    5.46200   -0.01216
  8.5917   63.33500 -229.72501   46.1891  144.1352    5.34900   -0.06458
  8.6000   63.47600 -230.19600   46.2021  144.1367    5.24300   -0.05568
  8.6083   63.61500 -230.67200   46.2152  144.1382    5.28400    0.00105
  8.6167   63.75100 -231.15300   46.2281  144.1399    5.31900    0.03448
  8.6250   63.88500 -231.64000   46.2411  144.1416    5.12100    0.03308
  8.6333   64.01700 -232.13300   46.2540  144.1433    5.03700    0.02618
  8.6417   64.14600 -232.63000   46.2669  144.1451    5.07401    0.08733
  8.6500   64.27200 -233.13400   46.2797  144.1470    5.13700    0.15640
  8.6583   64.39600 -233.64200   46.2925  144.1489    5.10201    0.13975
  8.6667   64.51700 -234.15601   46.3052  144.1509    4.85201    0.04472
  8.6750   64.63800 -234.67300   46.3179  144.1528    4.64000   -0.11413
  8.6833   64.75700 -235.19600   46.3307  144.1546    4.38400   -0.21496
  8.6917   64.87300 -235.72400   46.3434  144.1566    4.31400   -0.26497
  8.7000   64.98700 -236.25700   46.3560  144.1586    4.25800   -0.21154
  8.7083   65.09700 -236.79500   46.3686  144.1607    4.34600   -0.07301
  8.7167   65.20500 -237.33900   46.3812  144.1629    4.57100    0.10360
  8.7250   65.31000 -237.88699   46.3938  144.1651    4.65400    0.22656
  8.7333   65.41200 -238.44099   46.4063  144.1673    4.54900    0.21418
  8.7417   65.51100 -238.99899   46.4188  144.1697    4.30100    0.11190
  8.7500   65.60800 -239.56200   46.4313  144.1720    4.07300    0.00688
  8.7583   65.70100 -240.12900   46.4436  144.1745    3.96301   -0.04807
  8.7667   65.79100 -240.70100   46.4560  144.1770    3.90500   -0.06547
  8.7750   65.87800 -241.27800   46.4684  144.1797    3.82700   -0.02625
  8.7833   65.96200 -241.85899   46.4807  144.1823    3.92700    0.04167
  8.7917   66.04200 -242.44299   46.4929  144.1851    3.97100    0.10493
  8.8000   66.12000 -243.03200   46.5052  144.1878    3.86800    0.06957
  8.8083   66.19400 -243.62500   46.5174  144.1907    3.62800   -0.02495
  8.8167   66.26500 -244.22099   46.5296  144.1936    3.46600   -0.13571
  8.8250   66.33300 -244.82100   46.5418  144.1966    3.31600   -0.21431
  8.8333   66.39700 -245.42400   46.5539  144.1997    3.19700   -0.23081
  8.8417   66.46200 -246.03101   46.5661  144.2026    3.24600   -0.18493
  8.8500   66.52300 -246.64000   46.5782  144.2056    3.29700   -0.10186
  8.8583   66.58000 -247.25301   46.5903  144.2087    3.29800   -0.00902
  8.8667   66.63500 -247.86800   46.6023  144.2117    3.37400    0.06712
  8.8750   66.68600 -248.48700   46.6144  144.2149    3.37100    0.13103
  8.8833   66.73300 -249.10699   46.6264  144.2182    3.33400    0.15897
  8.8917   66.77700 -249.73100   46.6384  144.2215    3.31500    0.14588
  8.9000   66.81800 -250.35600   46.6504  144.2248    3.20500    0.09239
  8.9083   66.85500 -250.98300   46.6623  144.2283    3.06100   -0.00932
  8.9167   66.88800 -251.61200   46.6742  144.2318    2.90300   -0.11767
  8.9250   66.91800 -252.24300   46.6861  144.2355    2.78100   -0.17491
  8.9333   66.94500 -252.87399   46.6980  144.2391    2.80500   -0.18905
  8.9417   66.96800 -253.50700   46.7099  144.2428    2.78300   -0.14136
  8.9500   66.98800 -254.14101   46.7217  144.2466    2.85300   -0.09086
  8.9583   67.00300 -254.77499   46.7335  144.2505    2.88100   -0.02728
  8.9667   67.01600 -255.41000   46.7452  144.2544    2.89500   -0.00174
  8.9750   67.02500 -256.04401   46.7570  144.2584    2.84000   -0.00259
  8.9833   67.03000 -256.67899   46.7687  144.2625    2.78100   -0.00632
  8.9917   67.03100 -257.31299   46.7804  144.2668    2.78600    0.00902
  9.0000   67.03000 -257.94699   46.7921  144.2710    2.79800    0.04283
  9.0083   67.02700 -258.58200   46.8038  144.2751    2.80900    0.07641
  9.0167   67.02200 -259.21600   46.8155  144.2792    2.82100    0.09080
  9.0250   67.01300 -259.84900   46.8272  144.2834    2.77500    0.10805
  9.0333   67.00000 -260.48099   46.8389  144.2877    2.78700    0.10983
  9.0417   66.98400 -261.11200   46.8505  144.2921    2.73800    0.11166
  9.0500   66.96400 -261.74100   46.8621  144.2966    2.67900    0.08338
  9.0583   66.94100 -262.36801   46.8737  144.3011    2.58900    0.03306
  9.0667   66.91400 -262.99301   46.8853  144.3057    2.47100   -0.03174
  9.0750   66.88400 -263.61499   46.8969  144.3103    2.36900   -0.07192
  9.0833   66.85000 -264.23599   46.9084  144.3151    2.36000   -0.07410
  9.0917   66.81300 -264.85300   46.9200  144.3200    2.36200   -0.05443
  9.1000   66.77300 -265.46799   46.9315  144.3248    2.32600   -0.04567
  9.1083   66.72900 -266.07999   46.9430  144.3298    2.27500   -0.04868
  9.1167   66.68200 -266.68799   46.9545  144.3349    2.22900   -0.05077
  9.1250   66.63100 -267.29199   46.9659  144.3401    2.18800   -0.04051
  9.1333   66.57700 -267.89301   46.9774  144.3453    2.17400   -0.01873
  9.1417   66.52000 -268.49100   46.9888  144.3506    2.17300    0.00425
  9.1500   66.45900 -269.08401   47.0002  144.3560    2.15300    0.02681
  9.1583   66.39600 -269.67300   47.0116  144.3615    2.15900    0.04020
  9.1667   66.32900 -270.25699   47.0230  144.3670    2.14500    0.04193
  9.1750   66.26200 -270.84100   47.0344  144.3724    2.09800    0.01237
  9.1833   66.19200 -271.42099   47.0458  144.3779    2.00900   -0.03777
  9.1917   66.11900 -271.99500   47.0572  144.3834    1.93501   -0.09755
  9.2000   66.04300 -272.56601   47.0686  144.3890    1.86400   -0.13519
  9.2083   65.96300 -273.13101   47.0800  144.3948    1.85500   -0.14367
  9.2167   65.88100 -273.69199   47.0914  144.4006    1.88200   -0.11890
  9.2250   65.79600 -274.24701   47.1028  144.4065    1.92101   -0.08196
  9.2333   65.70800 -274.79700   47.1141  144.4124    1.95000   -0.04637
  9.2417   65.61700 -275.34201   47.1254  144.4185    1.97000   -0.00766
  9.2500   65.52300 -275.88199   47.1368  144.4246    2.01801    0.02710
  9.2583   65.42600 -276.41599   47.1481  144.4309    2.03400    0.04901
  9.2667   65.32600 -276.94400   47.1594  144.4372    2.01801    0.05618
  9.2750   65.22400 -277.46701   47.1707  144.4436    2.02800    0.06127
  9.2833   65.11900 -277.98401   47.1819  144.4501    2.05100    0.06315
  9.2917   65.01100 -278.49500   47.1932  144.4567    2.03400    0.05198
  9.3000   64.90100 -279.00101   47.2045  144.4633    2.00500    0.02764
  9.3083   64.78800 -279.50000   47.2157  144.4701    1.98200    0.00553
  9.3167   64.67300 -279.99301   47.2269  144.4769    1.96700   -0.01137
  9.3250   64.55500 -280.48099   47.2381  144.4839    1.95200   -0.02949
  9.3333   64.43400 -280.96201   47.2493  144.4910    1.92200   -0.04079
  9.3417   64.31500 -281.44299   47.2606  144.4977    1.92800   -0.04465
  9.3500   64.19200 -281.91699   47.2719  144.5048    1.93400   -0.03362
  9.3583   64.06800 -282.38599   47.2832  144.5118    1.95000   -0.02184
  9.3667   63.94100 -282.84799   47.2944  144.5189    1.95400   -0.01084
  9.3750   63.81200 -283.30499   47.3057  144.5261    1.95300   -0.00317
  9.3833   63.68000 -283.75601   47.3169  144.5335    1.95500    0.00251
  9.3917   63.54600 -284.20001   47.3282  144.5410    1.95000    0.01926
  9.4000   63.41100 -284.63901   47.3394  144.5484    1.98400    0.04016
  9.4083   63.27300 -285.07101   47.3506  144.5560    1.99700    0.06670
  9.4167   63.13200 -285.49701   47.3618  144.5638    2.00900    0.07115
  9.4250   62.99000 -285.91800   47.3730  144.5716    1.96600    0.06808
  9.4333   62.84600 -286.33200   47.3842  144.5795    1.94800    0.06142
  9.4417   62.70000 -286.73999   47.3954  144.5875    1.94000    0.05690
  9.4500   62.55200 -287.14200   47.4066  144.5957    1.89700    0.04997
  9.4583   62.40200 -287.53799   47.4178  144.6039    1.86600    0.03480
  9.4667   62.25000 -287.92899   47.4290  144.6122    1.82500    0.02541
  9.4750   62.09700 -288.31299   47.4402  144.6206    1.79700    0.01535
  9.4833   61.94200 -288.69101   47.4513  144.6291    1.75800    0.01052
  9.4917   61.78400 -289.06299   47.4625  144.6378    1.72900    0.00370
  9.5000   61.62600 -289.42999   47.4737  144.6464    1.68700   -0.00858
  9.5083   61.46800 -289.79700   47.4849  144.6550    1.62600   -0.01808
  9.5167   61.30900 -290.15799   47.4962  144.6636    1.60500   -0.02287
  9.5250   61.14700 -290.51300   47.5074  144.6725    1.57800   -0.01745
  9.5333   60.98500 -290.86301   47.5186  144.6813    1.55200   -0.01922
  9.5417   60.82000 -291.20700   47.5299  144.6903    1.50700   -0.01804
  9.5500   60.65500 -291.54501   47.5411  144.6994    1.49400   -0.01560
  9.5583   60.48700 -291.87799   47.5523  144.7086    1.47500   -0.01036
  9.5667   60.31900 -292.20599   47.5636  144.7178    1.44500   -0.01183
  9.5750   60.14800 -292.52802   47.5748  144.7273    1.41500   -0.01766
  9.5833   59.97700 -292.84500   47.5860  144.7368    1.38900   -0.02202
  9.5917   59.80400 -293.15601   47.5972  144.7465    1.37200   -0.03164
  9.6000   59.63000 -293.46201   47.6085  144.7562    1.33100   -0.03550
  9.6083   59.45400 -293.76300   47.6197  144.7661    1.33000   -0.04537
  9.6167   59.27700 -294.05899   47.6309  144.7761    1.29500   -0.04452
  9.6250   59.09900 -294.35001   47.6422  144.7862    1.29300   -0.04715
  9.6333   58.92000 -294.63501   47.6534  144.7964    1.28100   -0.03697
  9.6417   58.73900 -294.91599   47.6646  144.8067    1.29100   -0.02184
  9.6500   58.55800 -295.19101   47.6758  144.8172    1.30700    0.00044
  9.6583   58.37500 -295.46201   47.6871  144.8277    1.32100    0.01672
  9.6667   58.19100 -295.72699   47.6983  144.8385    1.31200    0.02942
  9.6750   58.00800 -295.99399   47.7096  144.8490    1.31600    0.03744
  9.6833   57.82500 -296.25601   47.7209  144.8596    1.31500    0.04047
  9.6917   57.64000 -296.51401   47.7323  144.8703    1.28800    0.03468
  9.7000   57.45400 -296.76700   47.7436  144.8813    1.26100    0.02670
  9.7083   57.26700 -297.01501   47.7549  144.8923    1.25000    0.02018
  9.7167   57.07900 -297.25900   47.7663  144.9034    1.22701    0.01833
  9.7250   56.89000 -297.49799   47.7776  144.9147    1.21400    0.01424
  9.7333   56.70100 -297.73300   47.7890  144.9260    1.19200    0.01168
  9.7417   56.51000 -297.96301   47.8003  144.9376    1.17000    0.00678
  9.7500   56.31800 -298.18900   47.8117  144.9493    1.14500    0.00479
  9.7583   56.12600 -298.41101   47.8230  144.9610    1.13000    0.00018
  9.7667   55.93300 -298.62900   47.8344  144.9729    1.09700   -0.00662
  9.7750   55.73900 -298.84201   47.8458  144.9849    1.06300   -0.01334
  9.7833   55.54400 -299.05200   47.8572  144.9971    1.04900   -0.01639
  9.7917   55.34800 -299.25699   47.8685  145.0094    1.02900   -0.01373
  9.8000   55.15200 -299.45801   47.8799  145.0218    1.01500   -0.00995
  9.8083   54.95500 -299.65500   47.8913  145.0344    1.00401   -0.00557
  9.8167   54.75700 -299.84799   47.9027  145.0471    0.98600   -0.00316
  9.8250   54.55900 -300.03799   47.9141  145.0600    0.96600   -0.00187
  9.8333   54.36000 -300.22299   47.9255  145.0730    0.95200    0.00268
  9.8417   54.16200 -300.41101   47.9370  145.0858    0.94800    0.00457
  9.8500   53.96300 -300.59500   47.9486  145.0988    0.92000    0.00733
  9.8583   53.76400 -300.77499   47.9601  145.1119    0.91200    0.00243
  9.8667   53.56400 -300.95099   47.9716  145.1252    0.88300   -0.00361
  9.8750   53.36400 -301.12399   47.9832  145.1385    0.85300   -0.01009
  9.8833   53.16300 -301.29401   47.9947  145.1521    0.84500   -0.01490
  9.8917   52.96100 -301.45901   48.0063  145.1658    0.82100   -0.01284
  9.9000   52.75900 -301.62201   48.0179  145.1796    0.81500   -0.01323
  9.9083   52.55600 -301.78101   48.0295  145.1936    0.79500   -0.00483
  9.9167   52.35300 -301.93701   48.0411  145.2078    0.80100   -0.00198
  9.9250   52.14900 -302.08899   48.0527  145.2221    0.77200    0.00476
  9.9333   51.94500 -302.23801   48.0643  145.2365    0.76600    0.01146
  9.9417   51.74000 -302.38300   48.0759  145.2512    0.77300    0.01872
  9.9500   51.53500 -302.52600   48.0876  145.2659    0.74700    0.02828
  9.9583   51.32900 -302.66501   48.0992  145.2809    0.75000    0.02537
  9.9667   51.12300 -302.80099   48.1109  145.2959    0.70900    0.02285
  9.9750   50.91600 -302.93500   48.1226  145.3112    0.68300    0.00986
  9.9833   50.71000 -303.06500   48.1342  145.3265    0.64301    0.00024
  9.9917   50.50200 -303.19199   48.1459  145.3421    0.61200   -0.00613
 10.0000   50.29500 -303.31601   48.1576  145.3578    0.59500   -0.00354
 10.0083   50.08800 -303.44199   48.1695  145.3735    0.58801    0.00869
 10.0167   49.88200 -303.56601   48.1813  145.3892    0.59200    0.01366
 10.0250   49.67400 -303.68701   48.1932  145.4052    0.54500    0.01648
 10.0333   49.46700 -303.80499   48.2050  145.4212    0.52600    0.01147
 10.0417   49.25900 -303.92001   48.2169  145.4375    0.49600    0.00837
 10.0500   49.05100 -304.03299   48.2288  145.4539    0.45600    0.00081
 10.0583   48.84200 -304.14301   48.2408  145.4705    0.41900   -0.00388
 10.0667   48.63300 -304.25000   48.2527  145.4873    0.40000   -0.00403
 10.0750   48.42400 -304.35400   48.2646  145.5043    0.37700    0.00113
 10.0833   48.21500 -304.45599   48.2766  145.5214    0.36100    0.00541
 10.0917   48.00500 -304.55499   48.2886  145.5388    0.33900    0.00605
 10.1000   47.79500 -304.65201   48.3006  145.5563    0.30000    0.00120
 10.1083   47.58500 -304.74600   48.3126  145.5739    0.26200   -0.00251
 10.1167   47.37400 -304.83701   48.3246  145.5919    0.24500   -0.00036
 10.1250   47.16400 -304.92599   48.3366  145.6099    0.23200   -0.00216
 10.1333   46.95300 -305.01300   48.3487  145.6282    0.18300   -0.01211
 10.1417   46.74200 -305.09698   48.3608  145.6466    0.13900   -0.02298
 10.1500   46.53000 -305.17899   48.3729  145.6653    0.12700   -0.02824
 10.1583   46.31900 -305.25800   48.3850  145.6842    0.10300   -0.02644
 10.1667   46.10700 -305.33499   48.3971  145.7032    0.08900   -0.02639
 10.1750   45.89700 -305.41599   48.4094  145.7221    0.07200   -0.02881
 10.1833   45.68600 -305.49301   48.4217  145.7413    0.04200   -0.02985
 10.1917   45.47500 -305.56900   48.4341  145.7606    0.03900   -0.02904
 10.2000   45.26400 -305.64200   48.4464  145.7801    0.03400   -0.02031
 10.2083   45.05300 -305.71301   48.4587  145.7998    0.03900   -0.01350
 10.2167   44.84200 -305.78201   48.4711  145.8197    0.03201   -0.00742
 10.2250   44.63000 -305.84900   48.4835  145.8400    0.03100   -0.00813
 10.2333   44.41900 -305.91400   48.4960  145.8602    0.01600   -0.01007
 10.2417   44.20700 -305.97601   48.5084  145.8809    0.01100   -0.01400
 10.2500   43.99500 -306.03699   48.5209  145.9017    0.00700   -0.01400
 10.2583   43.78300 -306.09500   48.5334  145.9227    0.01400   -0.01381
 10.2667   43.57100 -306.15100   48.5459  145.9440    0.01600   -0.01783
 10.2750   43.35900 -306.20599   48.5584  145.9654    0.00000   -0.02472
 10.2833   43.14700 -306.25800   48.5709  145.9871    0.00100   -0.03214
 10.2917   42.93400 -306.30899   48.5836  146.0091    0.00500   -0.03268
 10.3000   42.72200 -306.35699   48.5961  146.0312    0.02300   -0.03046
 10.3083   42.51000 -306.40399   48.6088  146.0535    0.04100   -0.02664
 10.3167   42.29700 -306.44800   48.6214  146.0762    0.05900   -0.02551
 10.3250   42.08500 -306.49100   48.6341  146.0990    0.07300   -0.02428
 10.3333   41.87200 -306.53201   48.6468  146.1222    0.09700   -0.02351
 10.3417   41.66100 -306.57599   48.6596  146.1451    0.11700   -0.02465
 10.3500   41.44900 -306.61801   48.6726  146.1685    0.12700   -0.02156
 10.3583   41.23800 -306.65900   48.6855  146.1919    0.17400   -0.01856
 10.3667   41.02600 -306.69800   48.6985  146.2157    0.19800   -0.01324
 10.3750   40.81400 -306.73401   48.7114  146.2397    0.22200   -0.00759
 10.3833   40.60300 -306.76901   48.7244  146.2639    0.27300    0.00075
 10.3917   40.39100 -306.80301   48.7375  146.2885    0.31100    0.00997
 10.4000   40.17900 -306.83499   48.7506  146.3133    0.34000    0.01057
 10.4083   39.96700 -306.86499   48.7637  146.3384    0.35500    0.00863
 10.4167   39.75600 -306.89301   48.7767  146.3636    0.38300    0.00930
 10.4250   39.54400 -306.92001   48.7899  146.3892    0.42400    0.01039
 10.4333   39.33200 -306.94501   48.8031  146.4151    0.44100    0.00730
 10.4417   39.12100 -306.96799   48.8163  146.4412    0.45100    0.00300
 10.4500   38.90900 -306.98999   48.8295  146.4677    0.48700    0.00015
 10.4583   38.69700 -307.01001   48.8428  146.4944    0.51000    0.00010
 10.4667   38.48600 -307.02899   48.8561  146.5213    0.53100   -0.00153
 10.4750   38.27400 -307.04599   48.8695  146.5487    0.55800   -0.00113
 10.4833   38.06300 -307.06201   48.8828  146.5762    0.58900   -0.00118
 10.4917   37.85100 -307.07599   48.8962  146.6041    0.60900   -0.00372
 10.5000   37.64000 -307.08801   48.9096  146.6323    0.62600   -0.00884
 10.5083   37.42900 -307.10400   48.9233  146.6604    0.64600   -0.00747
 10.5167   37.21900 -307.11801   48.9369  146.6888    0.69600   -0.00613
 10.5250   37.00900 -307.13101   48.9506  146.7175    0.71600   -0.00589
 10.5333   36.79800 -307.14200   48.9643  146.7467    0.73500   -0.01055
 10.5417   36.58800 -307.15201   48.9781  146.7760    0.76600   -0.01409
 10.5500   36.37800 -307.16101   48.9919  146.8056    0.79400   -0.01444
 10.5583   36.16800 -307.16800   49.0057  146.8356    0.83100   -0.01424
 10.5667   35.95800 -307.17300   49.0196  146.8660    0.86800   -0.01545
 10.5750   35.74800 -307.17700   49.0335  146.8967    0.89200   -0.01685
 10.5833   35.53800 -307.17999   49.0475  146.9277    0.93200   -0.02082
 10.5917   35.32800 -307.18201   49.0615  146.9591    0.96000   -0.01805
 10.6000   35.11800 -307.18201   49.0755  146.9908    1.01900   -0.01315
 10.6083   34.90800 -307.18100   49.0896  147.0229    1.07200   -0.00891
 10.6167   34.69900 -307.17801   49.1036  147.0552    1.10100   -0.00663
 10.6250   34.48900 -307.17499   49.1179  147.0880    1.15500   -0.00583
 10.6333   34.28000 -307.17001   49.1320  147.1211    1.20300   -0.00246
 10.6417   34.07100 -307.16299   49.1462  147.1546    1.24600   -0.00290
 10.6500   33.86200 -307.15601   49.1605  147.1884    1.28201    0.00006
 10.6583   33.65300 -307.14700   49.1748  147.2226    1.34700   -0.00169
 10.6667   33.44400 -307.13699   49.1891  147.2572    1.36600    0.00137
 10.6750   33.23600 -307.13000   49.2037  147.2918    1.42300    0.00551
 10.6833   33.02800 -307.12201   49.2183  147.3268    1.48900    0.01496
 10.6917   32.82000 -307.11200   49.2329  147.3623    1.53000    0.02261
 10.7000   32.61300 -307.10199   49.2476  147.3979    1.57500    0.02466
 10.7083   32.40500 -307.09000   49.2624  147.4342    1.60800    0.02863
 10.7167   32.19700 -307.07700   49.2772  147.4709    1.65200    0.03220
 10.7250   31.99000 -307.06299   49.2920  147.5079    1.68800    0.03493
 10.7333   31.78300 -307.04700   49.3069  147.5453    1.71100    0.03517
 10.7417   31.57600 -307.03101   49.3218  147.5831    1.73800    0.02717
 10.7500   31.36900 -307.01300   49.3368  147.6214    1.72600    0.02079
 10.7583   31.16200 -306.99399   49.3518  147.6602    1.75200    0.01792
 10.7667   30.95500 -306.97400   49.3669  147.6994    1.78800    0.02176
 10.7750   30.74900 -306.95300   49.3819  147.7390    1.80300    0.02048
 10.7833   30.54200 -306.93100   49.3972  147.7791    1.79200    0.01287
 10.7917   30.33600 -306.90799   49.4124  147.8196    1.78900    0.00845
 10.8000   30.13000 -306.88400   49.4276  147.8605    1.81300    0.00607
 10.8083   29.92400 -306.85800   49.4429  147.9020    1.80700    0.01359
 10.8167   29.71800 -306.83200   49.4583  147.9440    1.85100    0.01279
 10.8250   29.51300 -306.80399   49.4736  147.9863    1.82800    0.01764
 10.8333   29.30800 -306.77600   49.4891  148.0291    1.85300    0.00850
 10.8417   29.10300 -306.75000   49.5048  148.0722    1.82200    0.00730
 10.8500   28.89800 -306.72400   49.5206  148.1158    1.84000   -0.00292
 10.8583   28.69400 -306.69601   49.5364  148.1598    1.81100   -0.00227
 10.8667   28.49000 -306.66800   49.5522  148.2042    1.83400   -0.00716
 10.8750   28.28600 -306.63800   49.5681  148.2493    1.81900   -0.00682
 10.8833   28.08200 -306.60699   49.5841  148.2949    1.81700   -0.00862
 10.8917   27.87800 -306.57599   49.6002  148.3411    1.82700   -0.00221
 10.9000   27.67400 -306.54300   49.6163  148.3879    1.85300    0.00743
 10.9083   27.47100 -306.50900   49.6324  148.4350    1.86600    0.01817
 10.9167   27.26800 -306.47501   49.6486  148.4827    1.87901    0.02212
 10.9250   27.06400 -306.43900   49.6649  148.5313    1.86900    0.02127
 10.9333   26.86200 -306.40302   49.6811  148.5800    1.85500    0.01176
 10.9417   26.65900 -306.36499   49.6975  148.6296    1.82100    0.00431
 10.9500   26.45600 -306.32700   49.7140  148.6798    1.82300    0.00020
 10.9583   26.25400 -306.28799   49.7304  148.7304    1.83100   -0.00084
 10.9667   26.05200 -306.24701   49.7469  148.7817    1.81600   -0.00662
 10.9750   25.85000 -306.20599   49.7635  148.8336    1.79300   -0.01614
 10.9833   25.64800 -306.16400   49.7801  148.8862    1.77900   -0.02123
 10.9917   25.44700 -306.12201   49.7968  148.9391    1.79200   -0.02110
 11.0000   25.24500 -306.07800   49.8136  148.9931    1.80100   -0.02074
 11.0083   25.04500 -306.03699   49.8306  149.0470    1.79300   -0.02236
 11.0167   24.84400 -305.99500   49.8477  149.1018    1.80200   -0.02362
 11.0250   24.64400 -305.95200   49.8648  149.1571    1.82401   -0.02406
 11.0333   24.44300 -305.90900   49.8822  149.2134    1.83200   -0.02664
 11.0417   24.24300 -305.86401   49.8994  149.2702    1.83400   -0.02824
 11.0500   24.04300 -305.81900   49.9168  149.3277    1.86900   -0.03220
 11.0583   23.84400 -305.77200   49.9341  149.3857    1.87100   -0.02892
 11.0667   23.64400 -305.72501   49.9516  149.4448    1.92900   -0.02958
 11.0750   23.44500 -305.67700   49.9691  149.5043    1.94700   -0.02763
 11.0833   23.24600 -305.62900   49.9867  149.5646    1.97400   -0.02094
 11.0917   23.04700 -305.57901   50.0044  149.6258    2.06800   -0.01442
 11.1000   22.84800 -305.52899   50.0221  149.6877    2.09600   -0.00581
 11.1083   22.65000 -305.47800   50.0399  149.7502    2.14000   -0.01019
 11.1167   22.45200 -305.42599   50.0577  149.8136    2.15900   -0.00900
 11.1250   22.25400 -305.37299   50.0755  149.8777    2.22600   -0.00820
 11.1333   22.05600 -305.31900   50.0935  149.9428    2.27400   -0.00301
 11.1417   21.85800 -305.26501   50.1115  150.0088    2.32700   -0.00673
 11.1500   21.66100 -305.20999   50.1296  150.0753    2.34000   -0.00134
 11.1583   21.46400 -305.15399   50.1476  150.1427    2.44901   -0.00236
 11.1667   21.26700 -305.09799   50.1659  150.2110    2.45900    0.00930
 11.1750   21.07000 -305.04401   50.1845  150.2800    2.55200    0.00279
 11.1833   20.87400 -304.98901   50.2030  150.3497    2.53800    0.00903
 11.1917   20.67800 -304.93301   50.2215  150.4203    2.62901    0.00489
 11.2000   20.48200 -304.87701   50.2403  150.4918    2.65400    0.01090
 11.2083   20.28600 -304.82001   50.2591  150.5644    2.70700    0.01288
 11.2167   20.09100 -304.76199   50.2778  150.6376    2.77400    0.01737
 11.2250   19.89600 -304.70300   50.2966  150.7119    2.81400    0.01451
 11.2333   19.70100 -304.64401   50.3155  150.7871    2.82100    0.00706
 11.2417   19.50600 -304.58401   50.3345  150.8634    2.85000   -0.00015
 11.2500   19.31100 -304.52301   50.3536  150.9408    2.89100   -0.00619
 11.2583   19.11700 -304.46201   50.3727  151.0189    2.90000   -0.00941
 11.2667   18.92300 -304.39999   50.3918  151.0981    2.95300   -0.01138
 11.2750   18.72900 -304.33701   50.4110  151.1784    2.99900   -0.01248
 11.2833   18.53500 -304.27301   50.4302  151.2598    3.01400   -0.00290
 11.2917   18.34100 -304.20901   50.4496  151.3424    3.14000   -0.00184
 11.3000   18.14800 -304.14401   50.4689  151.4258    3.12600    0.00729
 11.3083   17.95500 -304.07800   50.4882  151.5103    3.20000   -0.00205
 11.3167   17.76200 -304.01199   50.5077  151.5960    3.19400   -0.00082
 11.3250   17.56900 -303.94501   50.5272  151.6830    3.25700   -0.00294
 11.3333   17.37700 -303.87799   50.5468  151.7707    3.30500    0.00532
 11.3417   17.18500 -303.81299   50.5667  151.8595    3.37400    0.00303
 11.3500   16.99300 -303.74701   50.5866  151.9495    3.36000    0.00129
 11.3583   16.80200 -303.67999   50.6064  152.0404    3.40701    0.00315
 11.3667   16.61100 -303.61301   50.6264  152.1326    3.49800    0.00902
 11.3750   16.41900 -303.54501   50.6465  152.2266    3.50300    0.02065
 11.3833   16.22900 -303.47601   50.6664  152.3210    3.59000    0.02375
 11.3917   16.03800 -303.40701   50.6866  152.4172    3.61100    0.02524
 11.4000   15.84700 -303.33701   50.7068  152.5149    3.60500    0.01980
 11.4083   15.65700 -303.26700   50.7270  152.6134    3.63400    0.01821
 11.4167   15.46700 -303.19601   50.7471  152.7134    3.68000    0.02081
 11.4250   15.27700 -303.12399   50.7673  152.8149    3.70200    0.01285
 11.4333   15.08800 -303.05200   50.7875  152.9173    3.65000    0.00673
 11.4417   14.89800 -302.97900   50.8079  153.0217    3.70700   -0.00455
 11.4500   14.70900 -302.90500   50.8280  153.1272    3.68100   -0.00521
 11.4583   14.52000 -302.83099   50.8483  153.2341    3.70900   -0.00548
 11.4667   14.33100 -302.75601   50.8686  153.3427    3.76500   -0.00391
 11.4750   14.14300 -302.68100   50.8889  153.4523    3.75200   -0.00710
 11.4833   13.95500 -302.60501   50.9091  153.5634    3.73700   -0.00999
 11.4917   13.76700 -302.52802   50.9293  153.6763    3.79400   -0.00333
 11.5000   13.57900 -302.45099   50.9496  153.7908    3.85500    0.00464
 11.5083   13.39200 -302.37601   50.9701  153.9061    3.84500    0.00601
 11.5167   13.20400 -302.30099   50.9909  154.0236    3.84600   -0.00066
 11.5250   13.01800 -302.22501   51.0113  154.1417    3.84000    0.00681
 11.5333   12.83100 -302.14801   51.0318  154.2622    3.94500    0.01534
 11.5417   12.64400 -302.07101   51.0525  154.3844    3.95300    0.02069
 11.5500   12.45800 -301.99301   51.0729  154.5079    3.92300    0.01599
 11.5583   12.27200 -301.91501   51.0933  154.6331    3.94700    0.01337
 11.5667   12.08600 -301.83499   51.1136  154.7603    3.97400    0.01100
 11.5750   11.90000 -301.75601   51.1340  154.8891    3.94700    0.00343
 11.5833   11.71500 -301.67599   51.1542  155.0193    3.92700   -0.00664
 11.5917   11.53000 -301.59500   51.1744  155.1514    3.93200   -0.01238
 11.6000   11.34500 -301.51401   51.1945  155.2855    3.94300   -0.02109
 11.6083   11.16000 -301.43201   51.2146  155.4215    3.90200   -0.02523
 11.6167   10.97500 -301.35001   51.2347  155.5595    3.94600   -0.01993
 11.6250   10.79100 -301.26700   51.2544  155.6988    4.03201   -0.01197
 11.6333   10.60700 -301.18399   51.2742  155.8401    4.01200   -0.01038
 11.6417   10.42300 -301.10001   51.2939  155.9836    4.01200   -0.01173
 11.6500   10.23900 -301.01599   51.3136  156.1290    4.08200   -0.00825
 11.6583   10.05600 -300.93100   51.3329  156.2759    4.11600   -0.00542
 11.6667    9.87300 -300.84500   51.3520  156.4250    4.11600   -0.00611
 11.6750    9.69000 -300.76199   51.3716  156.5759    4.17101   -0.00925
 11.6833    9.50700 -300.67801   51.3910  156.7290    4.19300   -0.01071
 11.6917    9.32500 -300.59299   51.4100  156.8836    4.22300   -0.02568
 11.7000    9.14300 -300.50800   51.4290  157.0404    4.16400   -0.03646
 11.7083    8.96100 -300.42300   51.4479  157.1994    4.22900   -0.02889
 11.7167    8.77900 -300.33701   51.4666  157.3607    4.43000   -0.02343
 11.7250    8.59700 -300.25000   51.4850  157.5244    4.36600   -0.01443
 11.7333    8.41600 -300.16299   51.5032  157.6895    4.47701   -0.02511
 11.7417    8.23500 -300.07599   51.5213  157.8570    4.51200   -0.01776
 11.7500    8.05400 -299.98801   51.5390  158.0268    4.62800   -0.02156
 11.7583    7.87300 -299.89899   51.5565  158.1992    4.66100   -0.01850
 11.7667    7.69300 -299.81000   51.5736  158.3730    4.77400   -0.02837
 11.7750    7.51300 -299.72101   51.5906  158.5491    4.78201   -0.03350
 11.7833    7.33300 -299.63101   51.6072  158.7279    4.87100   -0.03983
 11.7917    7.15300 -299.54001   51.6234  158.9091    4.99500   -0.03689
 11.8000    6.97300 -299.44901   51.6395  159.0928    5.10600   -0.03825
 11.8083    6.79400 -299.35800   51.6551  159.2781    5.17400   -0.03506
 11.8167    6.61500 -299.26599   51.6703  159.4659    5.35500   -0.02449
 11.8250    6.43600 -299.17401   51.6853  159.6563    5.49700    0.00090
 11.8333    6.25700 -299.08099   51.6998  159.8493    5.72500    0.00209
 11.8417    6.07900 -298.98999   51.7143  160.0437    5.71200   -0.00299
 11.8500    5.90100 -298.89899   51.7285  160.2406    5.83100   -0.02185
 11.8583    5.72300 -298.80701   51.7421  160.4402    5.95300   -0.01517
 11.8667    5.54500 -298.71500   51.7555  160.6424    6.17700   -0.00306
 11.8750    5.36700 -298.62201   51.7683  160.8474    6.35000    0.00182
 11.8833    5.19000 -298.52899   51.7805  161.0539    6.52100    0.00000

 21.9583    6.03900 -387.01401   57.5171  132.4167    0.77600    0.00000
 21.9667    6.17700 -387.14200   57.4254  132.4758    0.00000   -0.03393
 21.9750    6.31500 -387.26999   57.3346  132.5344    0.10700   -0.08078
 21.9833    6.45200 -387.39999   57.2449  132.5910    0.30400   -0.04741
 21.9917    6.58800 -387.53000   57.1567  132.6465    0.48200   -0.01057
 22.0000    6.72300 -387.66101   57.0697  132.7003    0.60600    0.00658
 22.0083    6.86100 -387.79099   56.9821  132.7561    0.60400    0.00773
 22.0167    6.99800 -387.92200   56.8957  132.8103    0.59900    0.00301
 22.0250    7.13400 -388.05399   56.8106  132.8631    0.70800    0.00905
 22.0333    7.26900 -388.18701   56.7267  132.9144    0.80500    0.00836
 22.0417    7.40400 -388.32001   56.6436  132.9653    0.72900    0.00302
 22.0500    7.53800 -388.45499   56.5616  133.0145    0.72000   -0.01661
 22.0583    7.67100 -388.59000   56.4809  133.0626    0.76900   -0.01393
 22.0667    7.80300 -388.72699   56.4012  133.1091    0.93400    0.00119
 22.0750    7.93500 -388.86401   56.3222  133.1552    1.02400    0.00856
 22.0833    8.06500 -389.00201   56.2448  133.1994    0.98700    0.00867
 22.0917    8.19500 -389.14200   56.1679  133.2427    1.07000    0.00056
 22.1000    8.32500 -389.28201   56.0917  133.2856    1.08000   -0.00185
 22.1083    8.45300 -389.42300   56.0171  133.3268    1.08600    0.00547
 22.1167    8.58100 -389.56500   55.9430  133.3673    1.25000    0.00320
 22.1250    8.70700 -389.70700   55.8705  133.4064    1.17200    0.00865
 22.1333    8.83300 -389.85101   55.7984  133.4447    1.25500    0.01051
 22.1417    8.95800 -389.99600   55.7273  133.4818    1.39700    0.01603
 22.1500    9.08300 -390.14099   55.6569  133.5188    1.34700    0.03001
 22.1583    9.20600 -390.28799   55.5877  133.5538    1.49700    0.02015
 22.1667    9.32900 -390.43500   55.5192  133.5886    1.41600    0.01204
 22.1750    9.45400 -390.58099   55.4505  133.6246    1.38100   -0.00942
 22.1833    9.57700 -390.72800   55.3831  133.6590    1.41500   -0.01619
 22.1917    9.70100 -390.87601   55.3158  133.6934    1.46400   -0.01368
 22.2000    9.82300 -391.02499   55.2499  133.7263    1.50600   -0.00903
 22.2083    9.94400 -391.17499   55.1848  133.7583    1.55600   -0.00124
 22.2167   10.06500 -391.32501   55.1203  133.7900    1.63200    0.00030
 22.2250   10.18400 -391.47699   55.0569  133.8200    1.61700    0.00488
 22.2333   10.30300 -391.62900   54.9940  133.8499    1.68800    0.00319
 22.2417   10.42100 -391.78299   54.9319  133.8786    1.70000    0.00606
 22.2500   10.53800 -391.93701   54.8706  133.9067    1.73000    0.00866
 22.2583   10.65400 -392.09201   54.8102  133.9338    1.80200    0.00401
 22.2667   10.76900 -392.24799   54.7505  133.9602    1.75900   -0.00015
 22.2750   10.88300 -392.40500   54.6916  133.9856    1.79700   -0.00698
 22.2833   10.99700 -392.56299   54.6330  134.0108    1.84200    0.00009
 22.2917   11.10900 -392.72198   54.5756  134.0346    1.91700    0.00248
 22.3000   11.22100 -392.88101   54.5186  134.0583    1.91400   -0.00117
 22.3083   11.33100 -393.04199   54.4625  134.0806    1.91200   -0.00423
 22.3167   11.44100 -393.20300   54.4069  134.1028    1.99100   -0.00214
 22.3250   11.54900 -393.36499   54.3523  134.1237    2.02800   -0.00117
 22.3333   11.65700 -393.52802   54.2981  134.1443    2.01400   -0.00352
 22.3417   11.76700 -393.69000   54.2436  134.1662    2.06300   -0.00118
 22.3500   11.87600 -393.85300   54.1898  134.1873    2.14200   -0.00695
 22.3583   11.98400 -394.01700   54.1367  134.2077    2.06300   -0.00742
 22.3667   12.09100 -394.18201   54.0841  134.2273    2.16100   -0.00064
 22.3750   12.19700 -394.34698   54.0323  134.2465    2.30300    0.01135
 22.3833   12.30200 -394.51401   53.9810  134.2647    2.26700    0.01141
 22.3917   12.40600 -394.68100   53.9304  134.2825    2.26900   -0.00271
 22.4000   12.50900 -394.84900   53.8804  134.2996    2.29500   -0.00873
 22.4083   12.61100 -395.01801   53.8310  134.3160    2.33400   -0.01376
 22.4167   12.71200 -395.18799   53.7821  134.3318    2.34900   -0.01677
 22.4250   12.81200 -395.35800   53.7338  134.3471    2.39700   -0.01599
 22.4333   12.91100 -395.53000   53.6860  134.3616    2.46600   -0.01688
 22.4417   13.00900 -395.70200   53.6389  134.3757    2.46900   -0.00783
 22.4500   13.10600 -395.87500   53.5922  134.3891    2.59700   -0.00946
 22.4583   13.20200 -396.04901   53.5461  134.4020    2.57700   -0.00635
 22.4667   13.29700 -396.22400   53.5004  134.4143    2.61700   -0.00776
 22.4750   13.39100 -396.39999   53.4552  134.4260    2.70800    0.00792
 22.4833   13.48300 -396.57599   53.4109  134.4368    2.82700    0.01604
 22.4917   13.57500 -396.75299   53.3668  134.4476    2.80400    0.02226
 22.5000   13.66600 -396.93100   53.3231  134.4578    2.87900    0.01827
 22.5083   13.75900 -397.10800   53.2792  134.4691    2.91500    0.01400
 22.5167   13.85000 -397.28601   53.2360  134.4794    2.88700    0.00816
 22.5250   13.94100 -397.46500   53.1930  134.4897    2.94800    0.01169
 22.5333   14.03100 -397.64401   53.1505  134.4996    3.05200    0.01968
 22.5417   14.11900 -397.82401   53.1088  134.5084    3.05800    0.02009
 22.5500   14.20700 -398.00500   53.0671  134.5173    3.05300    0.00708
 22.5583   14.29300 -398.18701   53.0262  134.5251    3.05000    0.00070
 22.5667   14.37900 -398.37000   52.9853  134.5329    3.10300   -0.00183
 22.5750   14.46300 -398.55301   52.9452  134.5399    3.12700   -0.00248
 22.5833   14.54600 -398.73801   52.9054  134.5462    3.14000   -0.00528
 22.5917   14.62800 -398.92200   52.8662  134.5524    3.18100   -0.00745
 22.6000   14.70900 -399.10800   52.8272  134.5580    3.21500   -0.01275
 22.6083   14.78900 -399.29501   52.7886  134.5630    3.20600   -0.01527
 22.6167   14.86700 -399.48199   52.7507  134.5674    3.26500   -0.02236
 22.6250   14.94500 -399.67001   52.7129  134.5717    3.26000   -0.02234
 22.6333   15.02100 -399.85800   52.6757  134.5752    3.30800   -0.01875
 22.6417   15.09600 -400.04800   52.6388  134.5782    3.40200   -0.01306
 22.6500   15.17000 -400.23801   52.6022  134.5808    3.41400   -0.00235
 22.6583   15.24300 -400.42801   52.5661  134.5832    3.50100    0.00703
 22.6667   15.31400 -400.62000   52.5304  134.5846    3.58300    0.01576
 22.6750   15.38800 -400.81000   52.4944  134.5876    3.59100    0.01639
 22.6833   15.46100 -401.00101   52.4586  134.5903    3.61600    0.01026
 22.6917   15.53300 -401.19299   52.4231  134.5925    3.64700    0.00910
 22.7000   15.60300 -401.38599   52.3882  134.5938    3.69600    0.01116
 22.7083   15.67200 -401.57999   52.3535  134.5948    3.74800    0.01376
 22.7167   15.74100 -401.77399   52.3189  134.5958    3.78300    0.00738
 22.7250   15.80700 -401.96799   52.2852  134.5958    3.75800    0.00390
 22.7333   15.87300 -402.16400   52.2514  134.5956    3.82700   -0.00029
 22.7417   15.93800 -402.35999   52.2179  134.5952    3.84700    0.00197
 22.7500   16.00100 -402.55701   52.1850  134.5939    3.86200    0.00477
 22.7583   16.06300 -402.75400   52.1523  134.5924    3.92400    0.00635
 22.7667   16.12400 -402.95200   52.1199  134.5905    3.93100    0.01473
 22.7750   16.18400 -403.15100   52.0877  134.5882    3.99700    0.01758
 22.7833   16.24200 -403.35001   52.0560  134.5853    4.01400    0.02264
 22.7917   16.29900 -403.54999   52.0245  134.5820    4.03300    0.01860
 22.8000   16.35500 -403.75000   51.9934  134.5784    4.02700    0.01757
 22.8083   16.41000 -403.95099   51.9624  134.5744    4.07000    0.01018
 22.8167   16.46400 -404.15201   51.9317  134.5702    4.04200    0.00255
 22.8250   16.51600 -404.35400   51.9014  134.5652    4.03600   -0.01002
 22.8333   16.56700 -404.55701   51.8713  134.5599    4.03800   -0.01201
 22.8417   16.62100 -404.75900   51.8408  134.5561    4.08700   -0.01168
 22.8500   16.67300 -404.96100   51.8107  134.5516    4.09400   -0.01237
 22.8583   16.72400 -405.16400   51.7808  134.5467    4.08400   -0.01260
 22.8667   16.77300 -405.36801   51.7513  134.5411    4.13200   -0.00925
 22.8750   16.82200 -405.57199   51.7218  134.5357    4.16300    0.00162
 22.8833   16.86900 -405.77701   51.6927  134.5294    4.20800    0.00800
 22.8917   16.91500 -405.98199   51.6639  134.5230    4.22200    0.01540
 22.9000   16.95900 -406.18799   51.6353  134.5158    4.25900    0.01280
 22.9083   17.00300 -406.39401   51.6069  134.5087    4.23000    0.01481
 22.9167   17.04500 -406.60101   51.5787  134.5009    4.27900    0.00947
 22.9250   17.08500 -406.80801   51.5510  134.4925    4.26000    0.01135
 22.9333   17.12500 -407.01599   51.5232  134.4842    4.28200    0.00731
 22.9417   17.16300 -407.22400   51.4959  134.4752    4.28600    0.00958
 22.9500   17.20000 -407.43301   51.4686  134.4658    4.31300    0.00717
 22.9583   17.23600 -407.64200   51.4416  134.4562    4.30000    0.00884
 22.9667   17.27100 -407.85101   51.4147  134.4464    4.33100    0.00218
 22.9750   17.30400 -408.06100   51.3882  134.4359    4.29600   -0.00133
 22.9833   17.33600 -408.27200   51.3617  134.4250    4.30600   -0.00818
 22.9917   17.36600 -408.48199   51.3357  134.4136    4.31700   -0.01219
 23.0000   17.39600 -408.69299   51.3096  134.4022    4.30700   -0.01623
 23.0083   17.42700 -408.90399   51.2834  134.3915    4.32100   -0.02040
 23.0167   17.45800 -409.11499   51.2572  134.3809    4.33500   -0.02287
 23.0250   17.48700 -409.32599   51.2313  134.3696    4.34600   -0.02416
 23.0333   17.51400 -409.53799   51.2057  134.3577    4.37700   -0.02512
 23.0417   17.54100 -409.75000   51.1801  134.3459    4.40300   -0.02687
 23.0500   17.56600 -409.96201   51.1548  134.3334    4.41700   -0.02711
 23.0583   17.59000 -410.17499   51.1296  134.3207    4.47100   -0.02744
 23.0667   17.61200 -410.38800   51.1047  134.3072    4.50600   -0.02409
 23.0750   17.63400 -410.60199   51.0798  134.2939    4.55600   -0.03031
 23.0833   17.65400 -410.81601   51.0551  134.2799    4.54900   -0.03111
 23.0917   17.67200 -411.03000   51.0308  134.2653    4.63400   -0.02739
 23.1000   17.69000 -411.24399   51.0064  134.2509    4.72500   -0.01900
 23.1083   17.70600 -411.45901   50.9822  134.2357    4.76100   -0.01289
 23.1167   17.72100 -411.67401   50.9582  134.2203    4.83600   -0.00702
 23.1250   17.73400 -411.88901   50.9345  134.2042    4.93400   -0.00171
 23.1333   17.74700 -412.10501   50.9106  134.1882    4.97400   -0.00090
 23.1417   17.75800 -412.32001   50.8872  134.1717    5.02500   -0.00474
 23.1500   17.76700 -412.53601   50.8639  134.1544    5.09800   -0.00884
 23.1583   17.77600 -412.75201   50.8405  134.1372    5.14200   -0.00652
 23.1667   17.78300 -412.96899   50.8174  134.1194    5.24500   -0.01065
 23.1750   17.79200 -413.18399   50.7941  134.1026    5.27400   -0.00984
 23.1833   17.80000 -413.40100   50.7707  134.0855    5.35600   -0.01394
 23.1917   17.80700 -413.61700   50.7476  134.0682    5.42600   -0.01073
 23.2000   17.81200 -413.83301   50.7247  134.0502    5.50900   -0.00931
 23.2083   17.81600 -414.04999   50.7018  134.0319    5.57900   -0.00310
 23.2167   17.81900 -414.26700   50.6790  134.0134    5.68400    0.00391
 23.2250   17.82000 -414.48401   50.6564  133.9941    5.77300    0.00881
 23.2333   17.82000 -414.70200   50.6339  133.9746    5.83000    0.00468
 23.2417   17.81900 -414.91901   50.6115  133.9548    5.87000   -0.00082
 23.2500   17.81700 -415.13599   50.5892  133.9348    5.94800   -0.00069
 23.2583   17.81300 -415.35400   50.5671  133.9140    6.04500    0.00523
 23.2667   17.80800 -415.57199   50.5450  133.8930    6.12700    0.00651
 23.2750   17.80200 -415.79001   50.5230  133.8717    6.17600    0.00761
 23.2833   17.79500 -416.00800   50.5011  133.8501    6.27000    0.00842
 23.2917   17.78600 -416.22601   50.4794  133.8278    6.34900    0.00581
 23.3000   17.77600 -416.44400   50.4577  133.8052    6.37100    0.00487
 23.3083   17.76400 -416.66199   50.4363  133.7820    6.47500   -0.00103
 23.3167   17.75200 -416.88000   50.4148  133.7588    6.51800   -0.00328
 23.3250   17.73800 -417.09799   50.3935  133.7350    6.57000   -0.01095
 23.3333   17.72300 -417.31601   50.3722  133.7109    6.64000   -0.01103
 23.3417   17.71000 -417.53400   50.3506  133.6877    6.73800   -0.00454
 23.3500   17.69600 -417.75201   50.3291  133.6643    6.83400   -0.00663
 23.3583   17.68000 -417.97000   50.3078  133.6401    6.84300   -0.00874
 23.3667   17.66300 -418.18799   50.2865  133.6157    6.94400   -0.01013
 23.3750   17.64500 -418.40601   50.2652  133.5909    7.04800   -0.01091
 23.3833   17.62600 -418.62399   50.2440  133.5659    7.06700   -0.00861
 23.3917   17.60500 -418.84201   50.2229  133.5401    7.19200   -0.00573
 23.4000   17.58300 -419.06100   50.2018  133.5139    7.30400   -0.00017
 23.4083   17.56000 -419.27802   50.1809  133.4875    7.34000   -0.00253
 23.4167   17.53600 -419.49600   50.1600  133.4608    7.41000   -0.00857
 23.4250   17.51000 -419.71399   50.1392  133.4333    7.49500   -0.00700
 23.4333   17.48300 -419.93201   50.1184  133.4055    7.58800   -0.00139
 23.4417   17.45500 -420.14999   50.0977  133.3773    7.69400    0.00212
 23.4500   17.42600 -420.36801   50.0770  133.3488    7.77100    0.00810
 23.4583   17.39600 -420.58499   50.0564  133.3200    7.88800    0.00523
 23.4667   17.36400 -420.80301   50.0358  133.2904    7.93300    0.00237
 23.4750   17.33100 -421.01999   50.0153  133.2605    8.01100   -0.01230
 23.4833   17.29700 -421.23700   49.9949  133.2303    8.04100   -0.01886
 23.4917   17.26100 -421.45401   49.9745  133.1992    8.14300   -0.02458
 23.5000   17.22500 -421.67099   49.9541  133.1682    8.22600   -0.01860
 23.5083   17.19000 -421.88800   49.9334  133.1378    8.33900   -0.00741
 23.5167   17.15500 -422.10400   49.9127  133.1075    8.47200    0.00700
 23.5250   17.11800 -422.32101   49.8920  133.0763    8.56900    0.02016
 23.5333   17.08000 -422.53699   49.8715  133.0449    8.66600    0.02903
 23.5417   17.04000 -422.75299   49.8510  133.0125    8.76200    0.03460
 23.5500   17.00000 -422.96899   49.8304  132.9803    8.83500    0.03672
 23.5583   16.95800 -423.18500   49.8099  132.9472    8.90700    0.03740
 23.5667   16.91500 -423.40100   49.7894  132.9137    8.99600    0.03318
 23.5750   16.87100 -423.61600   49.7689  132.8799    9.03400    0.02069
 23.5833   16.82600 -423.83200   49.7484  132.8456    9.04800    0.00442
 23.5917   16.77900 -424.04700   49.7280  132.8105    9.10700   -0.01333
 23.6000   16.73100 -424.26199   49.7076  132.7750    9.13200   -0.02489
 23.6083   16.68300 -424.47601   49.6872  132.7396    9.18900   -0.02944
 23.6167   16.63300 -424.69101   49.6667  132.7032    9.30100   -0.02795
 23.6250   16.58200 -424.90500   49.6463  132.6665    9.37300   -0.02611
 23.6333   16.53000 -425.11899   49.6258  132.6293    9.43500   -0.02793
 23.6417   16.47600 -425.33200   49.6055  132.5912    9.52200   -0.02880
 23.6500   16.42200 -425.54599   49.5850  132.5532    9.60500   -0.02507
 23.6583   16.36600 -425.75900   49.5646  132.5142    9.71100   -0.02498
 23.6667   16.31000 -425.97198   49.5441  132.4753    9.78400   -0.02247
 23.6750   16.25500 -426.18399   49.5234  132.4368    9.90200   -0.02212
 23.6833   16.19900 -426.39700   49.5025  132.3979   10.00600   -0.01688
 23.6917   16.14200 -426.60901   49.4818  132.3586   10.13100   -0.01506
 23.7000   16.08400 -426.82101   49.4609  132.3188   10.23500   -0.01813
 23.7083   16.02500 -427.03299   49.4400  132.2785   10.31600   -0.02612
 23.7167   15.96500 -427.24399   49.4191  132.2377   10.41500   -0.03252
 23.7250   15.90300 -427.45499   49.3983  132.1960   10.54300   -0.03009
 23.7333   15.84100 -427.66599   49.3772  132.1542   10.70000   -0.02808
 23.7417   15.77700 -427.87601   49.3563  132.1115   10.80500   -0.02198
 23.7500   15.71300 -428.08600   49.3353  132.0688   10.97400   -0.02522
 23.7583   15.64700 -428.29599   49.3142  132.0250   11.06800   -0.02155
 23.7667   15.58000 -428.50601   49.2930  131.9806   11.23400   -0.02032
 23.7750   15.51300 -428.71500   49.2718  131.9363   11.39100   -0.00883
 23.7833   15.44400 -428.92300   49.2507  131.8910   11.57100   -0.00382
 23.7917   15.37400 -429.13199   49.2293  131.8450   11.69600   -0.00126
 23.8000   15.30300 -429.34000   49.2080  131.7986   11.84200   -0.00552
 23.8083   15.23100 -429.54800   49.1865  131.7515   11.97700   -0.00427
 23.8167   15.15800 -429.75500   49.1651  131.7039   12.14600   -0.00356
 23.8250   15.08400 -429.96201   49.1435  131.6557   12.29100   -0.00322
 23.8333   15.00900 -430.16901   49.1218  131.6069   12.42600   -0.00298
 23.8417   14.93600 -430.37500   49.0999  131.5591   12.60100   -0.00166
 23.8500   14.86200 -430.58099   49.0779  131.5107   12.76100   -0.00038
 23.8583   14.78700 -430.78699   49.0557  131.4617   12.89900   -0.00021
 23.8667   14.71100 -430.99200   49.0336  131.4122   13.07100   -0.00599
 23.8750   14.63400 -431.19800   49.0111  131.3619   13.19200   -0.01079
 23.8833   14.55600 -431.40201   48.9888  131.3111   13.35000   -0.02199
 23.8917   14.47700 -431.60699   48.9662  131.2596   13.48400   -0.02985
 23.9000   14.39700 -431.81000   48.9437  131.2075   13.64200   -0.03490
 23.9083   14.31600 -432.01401   48.9209  131.1547   13.83400   -0.03954
 23.9167   14.23400 -432.21701   48.8981  131.1012   13.98200   -0.03847
 23.9250   14.15100 -432.42001   48.8752  131.0471   14.19500   -0.04151
 23.9333   14.06700 -432.62201   48.8521  130.9923   14.31400   -0.02970
 23.9417   13.98200 -432.82401   48.8290  130.9368   14.59200   -0.02152
 23.9500   13.89700 -433.02499   48.8057  130.8811   14.80100   -0.00719
 23.9583   13.81000 -433.22699   48.7821  130.8241   15.00300   -0.00247
 23.9667   13.72300 -433.42700   48.7586  130.7670   15.23400   -0.00062
 23.9750   13.63400 -433.62701   48.7349  130.7086   15.46200    0.00149
 23.9833   13.54500 -433.82700   48.7110  130.6500   15.68100    0.00070
 23.9917   13.45500 -434.02600   48.6870  130.5907   15.89200    0.00000
