hmax        =    300
wind_bottom =      2
wind_top    =     10
critlon     =      0
tbeg, h     =   0.00
tend, h     =  24.00
c_ionex     =      0
c_vert      =      1
time, gamma, az, latp, lonp, tec, tec_filtered
  1.5500   11.11500 -151.23900   38.7096  136.9906   32.68200    0.00000
  1.5583   11.32800 -151.18300   38.8040  137.0340   33.07600    0.02265
  1.5667   11.54000 -151.12700   38.8965  137.0767   33.07900    0.06363
  1.5750   11.75300 -151.07100   38.9880  137.1192   32.89200    0.06444
  1.5833   11.96600 -151.01401   39.0782  137.1610   32.64900    0.04717
  1.5917   12.17900 -150.95599   39.1670  137.2022   32.43800    0.02726
  1.6000   12.39200 -150.89799   39.2545  137.2430   32.20900    0.02752
  1.6083   12.60600 -150.84000   39.3411  137.2835   32.05200    0.04688
  1.6167   12.81900 -150.78101   39.4260  137.3232   31.84600    0.09984
  1.6250   13.03300 -150.72200   39.5099  137.3627   31.71000    0.16581
  1.6333   13.24700 -150.66200   39.5927  137.4016   31.50600    0.19282
  1.6417   13.46200 -150.60201   39.6745  137.4402   31.23000    0.21316
  1.6500   13.67600 -150.54201   39.7548  137.4783   30.93300    0.21664
  1.6583   13.89100 -150.48100   39.8342  137.5159   30.53100    0.19905
  1.6667   14.10600 -150.41901   39.9126  137.5530   30.07200    0.14989
  1.6750   14.32100 -150.35800   39.9896  137.5898   29.53500    0.08221
  1.6833   14.53700 -150.29601   40.0659  137.6263   29.01600   -0.00944
  1.6917   14.75300 -150.23399   40.1411  137.6624   28.40700   -0.10348
  1.7000   14.97000 -150.17200   40.2154  137.6983   27.90200   -0.20348
  1.7083   15.18600 -150.10800   40.2884  137.7333   27.38900   -0.28046
  1.7167   15.40300 -150.04500   40.3606  137.7683   27.01800   -0.34004
  1.7250   15.62000 -149.98100   40.4318  137.8027   26.70600   -0.37472
  1.7333   15.83700 -149.91600   40.5019  137.8366   26.44900   -0.38560
  1.7417   16.05500 -149.85100   40.5714  137.8703   26.32500   -0.37426
  1.7500   16.27200 -149.78600   40.6395  137.9035   26.24900   -0.33904
  1.7583   16.49000 -149.72000   40.7069  137.9364   26.24200   -0.28233
  1.7667   16.70800 -149.65401   40.7734  137.9689   26.34400   -0.20825
  1.7750   16.92600 -149.58701   40.8389  138.0009   26.46300   -0.12517
  1.7833   17.14400 -149.52000   40.9035  138.0326   26.57700   -0.03699
  1.7917   17.36300 -149.45200   40.9675  138.0639   26.76900    0.03945
  1.8000   17.58100 -149.38400   41.0302  138.0948   26.84000    0.11112
  1.8083   17.80000 -149.31500   41.0924  138.1254   26.94900    0.15974
  1.8167   18.01900 -149.24600   41.1537  138.1557   26.99300    0.19229
  1.8250   18.23800 -149.17700   41.2141  138.1856   26.95900    0.20264
  1.8333   18.45700 -149.10699   41.2737  138.2151   26.91400    0.18933
  1.8417   18.67800 -149.03700   41.3330  138.2446   26.78300    0.16316
  1.8500   18.89800 -148.96700   41.3912  138.2737   26.64500    0.11712
  1.8583   19.11900 -148.89600   41.4488  138.3025   26.44000    0.07223
  1.8667   19.34000 -148.82500   41.5056  138.3310   26.29200    0.02686
  1.8750   19.56100 -148.75301   41.5617  138.3591   26.11700   -0.01108
  1.8833   19.78200 -148.68100   41.6170  138.3868   25.92800   -0.03862
  1.8917   20.00300 -148.60899   41.6715  138.4144   25.81400   -0.05337
  1.9000   20.22500 -148.53500   41.7256  138.4415   25.69400   -0.04937
  1.9083   20.44700 -148.46201   41.7789  138.4685   25.60100   -0.04192
  1.9167   20.66900 -148.38800   41.8315  138.4951   25.48200   -0.01883
  1.9250   20.89100 -148.31300   41.8835  138.5213   25.43800    0.01330
  1.9333   21.11300 -148.23900   41.9346  138.5474   25.37500    0.05197
  1.9417   21.33600 -148.16299   41.9854  138.5732   25.27000    0.08385
  1.9500   21.55800 -148.08701   42.0353  138.5985   25.15200    0.10943
  1.9583   21.78100 -148.01100   42.0848  138.6237   25.01600    0.13563
  1.9667   22.00400 -147.93500   42.1336  138.6487   24.87900    0.16283
  1.9750   22.22800 -147.85800   42.1819  138.6736   24.72700    0.18708
  1.9833   22.45100 -147.78000   42.2295  138.6978   24.52800    0.20725
  1.9917   22.67400 -147.70200   42.2765  138.7219   24.31400    0.20842
  2.0000   22.89800 -147.62399   42.3230  138.7459   23.98800    0.20065
  2.0083   23.12300 -147.54500   42.3691  138.7697   23.67600    0.18159
  2.0167   23.34800 -147.46600   42.4147  138.7933   23.33300    0.16951
  2.0250   23.57300 -147.38699   42.4596  138.8167   22.99300    0.15099
  2.0333   23.79800 -147.30701   42.5040  138.8397   22.58800    0.12855
  2.0417   24.02300 -147.22600   42.5479  138.8624   22.17300    0.10518
  2.0500   24.24900 -147.14500   42.5914  138.8851   21.78200    0.08701
  2.0583   24.47500 -147.06400   42.6344  138.9076   21.36500    0.06882
  2.0667   24.70000 -146.98199   42.6766  138.9296   20.91100    0.04603
  2.0750   24.92700 -146.89900   42.7188  138.9516   20.46100    0.02474
  2.0833   25.15300 -146.81700   42.7601  138.9734   20.03400    0.00315
  2.0917   25.37900 -146.73300   42.8011  138.9948   19.56900   -0.01644
  2.1000   25.60600 -146.64999   42.8416  139.0162   19.13000   -0.03310
  2.1083   25.83300 -146.56500   42.8818  139.0372   18.72200   -0.04791
  2.1167   26.05900 -146.48100   42.9212  139.0581   18.27500   -0.06275
  2.1250   26.28700 -146.39600   42.9605  139.0789   17.85000   -0.08233
  2.1333   26.51400 -146.31000   42.9993  139.0993   17.43500   -0.09984
  2.1417   26.74100 -146.22501   43.0375  139.1197   17.02300   -0.10946
  2.1500   26.96900 -146.13800   43.0755  139.1399   16.66900   -0.11500
  2.1583   27.19700 -146.05200   43.1129  139.1599   16.30500   -0.11249
  2.1667   27.42400 -145.96400   43.1499  139.1795   15.97000   -0.11019
  2.1750   27.65300 -145.87700   43.1867  139.1993   15.64400   -0.10627
  2.1833   27.88200 -145.78799   43.2231  139.2188   15.31900   -0.10519
  2.1917   28.11100 -145.69901   43.2591  139.2381   14.99600   -0.09719
  2.2000   28.34100 -145.61000   43.2948  139.2573   14.73700   -0.08202
  2.2083   28.57000 -145.52000   43.3300  139.2762   14.48000   -0.06664
  2.2167   28.80000 -145.42999   43.3649  139.2951   14.18800   -0.05393
  2.2250   29.03000 -145.33900   43.3995  139.3138   13.94400   -0.04936
  2.2333   29.26000 -145.24800   43.4336  139.3323   13.67200   -0.03774
  2.2417   29.49000 -145.15700   43.4674  139.3507   13.44600   -0.03858
  2.2500   29.72000 -145.06500   43.5008  139.3689   13.16000   -0.03948
  2.2583   29.95000 -144.97200   43.5339  139.3868   12.91200   -0.04804
  2.2667   30.18100 -144.87900   43.5667  139.4048   12.66800   -0.05611
  2.2750   30.41200 -144.78600   43.5992  139.4226   12.41000   -0.06555
  2.2833   30.64300 -144.69200   43.6313  139.4402   12.17800   -0.07286
  2.2917   30.87400 -144.59700   43.6631  139.4576   11.96600   -0.07848
  2.3000   31.10500 -144.50200   43.6945  139.4749   11.73700   -0.07511
  2.3083   31.33700 -144.40700   43.7258  139.4922   11.57000   -0.07338
  2.3167   31.56800 -144.31200   43.7565  139.5093   11.36800   -0.06730
  2.3250   31.80000 -144.21500   43.7872  139.5262   11.17600   -0.06488
  2.3333   32.03200 -144.11900   43.8174  139.5431   11.00700   -0.06356
  2.3417   32.26400 -144.02100   43.8474  139.5597   10.81700   -0.05552
  2.3500   32.49700 -143.92300   43.8772  139.5764   10.67600   -0.04541
  2.3583   32.73000 -143.82401   43.9067  139.5928   10.53300   -0.03350
  2.3667   32.96300 -143.72501   43.9359  139.6092   10.36500   -0.01987
  2.3750   33.19700 -143.62601   43.9649  139.6255   10.24300   -0.01219
  2.3833   33.43000 -143.52499   43.9935  139.6415   10.08000   -0.00619
  2.3917   33.66400 -143.42500   44.0219  139.6576    9.91200   -0.00428
  2.4000   33.89700 -143.32401   44.0500  139.6735    9.77900   -0.00235
  2.4083   34.13100 -143.22200   44.0779  139.6892    9.62200    0.00584
  2.4167   34.36500 -143.12000   44.1055  139.7049    9.49000    0.00595
  2.4250   34.60000 -143.01700   44.1329  139.7206    9.32100    0.00789
  2.4333   34.83400 -142.91400   44.1600  139.7360    9.17500    0.00301
  2.4417   35.06800 -142.81000   44.1869  139.7513    9.01100   -0.00543
  2.4500   35.30300 -142.70599   44.2135  139.7666    8.82700   -0.01046
  2.4583   35.53800 -142.60201   44.2399  139.7818    8.69900   -0.00937
  2.4667   35.77300 -142.49699   44.2661  139.7969    8.56800   -0.00371
  2.4750   36.00800 -142.39101   44.2920  139.8119    8.41000   -0.00578
  2.4833   36.24300 -142.28500   44.3176  139.8268    8.25200   -0.01259
  2.4917   36.47800 -142.17900   44.3431  139.8416    8.10700   -0.02463
  2.5000   36.71400 -142.07201   44.3683  139.8564    7.93200   -0.03552
  2.5083   36.95000 -141.96400   44.3934  139.8710    7.79100   -0.04704
  2.5167   37.18600 -141.85500   44.4183  139.8855    7.65400   -0.05411
  2.5250   37.42300 -141.74500   44.4430  139.9000    7.51500   -0.06197
  2.5333   37.66000 -141.63499   44.4675  139.9144    7.38400   -0.06786
  2.5417   37.89600 -141.52400   44.4917  139.9286    7.26900   -0.07239
  2.5500   38.13300 -141.41299   44.5158  139.9428    7.14500   -0.07115
  2.5583   38.37000 -141.30099   44.5396  139.9569    7.04800   -0.06404
  2.5667   38.60800 -141.18900   44.5633  139.9711    6.96700   -0.05476
  2.5750   38.84500 -141.07600   44.5868  139.9850    6.86100   -0.03899
  2.5833   39.08200 -140.96300   44.6100  139.9989    6.80100   -0.02483
  2.5917   39.32000 -140.84900   44.6331  140.0128    6.72000   -0.00030
  2.6000   39.55800 -140.73399   44.6560  140.0266    6.66600    0.01325
  2.6083   39.79500 -140.61900   44.6786  140.0402    6.56100    0.02702
  2.6167   40.03300 -140.50400   44.7011  140.0539    6.48500    0.02973
  2.6250   40.27100 -140.38800   44.7235  140.0674    6.38600    0.03310
  2.6333   40.51000 -140.27100   44.7457  140.0810    6.28800    0.02884
  2.6417   40.74800 -140.15401   44.7676  140.0944    6.18100    0.02532
  2.6500   40.98600 -140.03700   44.7894  140.1078    6.08600    0.01680
  2.6583   41.22500 -139.91901   44.8110  140.1212    5.96700    0.01023
  2.6667   41.46400 -139.80000   44.8325  140.1344    5.86800   -0.00147
  2.6750   41.70300 -139.67900   44.8539  140.1476    5.75300   -0.01240
  2.6833   41.94200 -139.55800   44.8750  140.1607    5.63800   -0.02268
  2.6917   42.18200 -139.43600   44.8961  140.1738    5.54600   -0.03026
  2.7000   42.42200 -139.31300   44.9170  140.1868    5.44700   -0.03590
  2.7083   42.66100 -139.18900   44.9377  140.1996    5.34700   -0.04323
  2.7167   42.90100 -139.06500   44.9582  140.2125    5.25600   -0.05298
  2.7250   43.14100 -138.94099   44.9786  140.2254    5.15700   -0.06186
  2.7333   43.38200 -138.81599   44.9989  140.2383    5.07300   -0.07079
  2.7417   43.62200 -138.69000   45.0190  140.2510    4.99600   -0.07200
  2.7500   43.86200 -138.56300   45.0390  140.2636    4.94400   -0.07135
  2.7583   44.10300 -138.43600   45.0588  140.2763    4.88400   -0.06900
  2.7667   44.34300 -138.30901   45.0784  140.2889    4.83000   -0.06818
  2.7750   44.58400 -138.17999   45.0980  140.3015    4.78800   -0.07104
  2.7833   44.82500 -138.05200   45.1173  140.3141    4.72900   -0.06992
  2.7917   45.06600 -137.92200   45.1365  140.3265    4.70800   -0.07142
  2.8000   45.30700 -137.79201   45.1556  140.3390    4.67300   -0.06666
  2.8083   45.54800 -137.66100   45.1746  140.3514    4.65800   -0.06296
  2.8167   45.78900 -137.53000   45.1934  140.3638    4.65200   -0.05875
  2.8250   46.03000 -137.39799   45.2120  140.3761    4.63900   -0.05648
  2.8333   46.27100 -137.26500   45.2305  140.3883    4.63400   -0.05813
  2.8417   46.51300 -137.13000   45.2490  140.4005    4.62800   -0.05986
  2.8500   46.75500 -136.99300   45.2674  140.4127    4.62800   -0.06188
  2.8583   46.99700 -136.85600   45.2856  140.4248    4.63300   -0.05932
  2.8667   47.23900 -136.71899   45.3037  140.4369    4.65500   -0.05421
  2.8750   47.48200 -136.58000   45.3217  140.4490    4.67300   -0.04594
  2.8833   47.72400 -136.44099   45.3395  140.4610    4.69800   -0.03192
  2.8917   47.96600 -136.30099   45.3572  140.4730    4.74900   -0.01218
  2.9000   48.20900 -136.16000   45.3749  140.4850    4.79500    0.00710
  2.9083   48.45200 -136.01801   45.3924  140.4969    4.82500    0.02002
  2.9167   48.69400 -135.87601   45.4097  140.5088    4.85800    0.02534
  2.9250   48.93700 -135.73300   45.4270  140.5207    4.88200    0.02085
  2.9333   49.18000 -135.58900   45.4441  140.5326    4.88000    0.00914
  2.9417   49.42300 -135.44400   45.4612  140.5444    4.89000   -0.00304
  2.9500   49.66600 -135.29900   45.4781  140.5563    4.91300   -0.01473
  2.9583   49.90900 -135.15300   45.4949  140.5681    4.91100   -0.01834
  2.9667   50.15200 -135.00600   45.5115  140.5798    4.94700   -0.01998
  2.9750   50.39500 -134.85800   45.5281  140.5916    4.97200   -0.00774
  2.9833   50.63800 -134.71001   45.5445  140.6033    5.01500    0.00892
  2.9917   50.88200 -134.56100   45.5609  140.6151    5.05900    0.03076
  3.0000   51.12500 -134.41100   45.5771  140.6267    5.09400    0.04954
  3.0083   51.36900 -134.25600   45.5934  140.6383    5.11700    0.06621
  3.0167   51.61200 -134.10201   45.6094  140.6499    5.14500    0.07183
  3.0250   51.85600 -133.94600   45.6254  140.6614    5.13100    0.07076
  3.0333   52.10000 -133.78900   45.6413  140.6729    5.12100    0.06263
  3.0417   52.34400 -133.63100   45.6572  140.6845    5.11500    0.06159
  3.0500   52.58800 -133.47200   45.6729  140.6960    5.11900    0.06033
  3.0583   52.83200 -133.31200   45.6885  140.7074    5.10000    0.05902
  3.0667   53.07600 -133.15100   45.7040  140.7189    5.08300    0.05194
  3.0750   53.32000 -132.99001   45.7194  140.7304    5.05500    0.04726
  3.0833   53.56500 -132.82700   45.7347  140.7419    5.03400    0.03803
  3.0917   53.80900 -132.66299   45.7499  140.7533    4.99200    0.02524
  3.1000   54.05300 -132.49800   45.7651  140.7647    4.94500    0.01046
  3.1083   54.29800 -132.33200   45.7801  140.7762    4.91200   -0.00287
  3.1167   54.54200 -132.16600   45.7950  140.7876    4.87400   -0.01189
  3.1250   54.78600 -131.99800   45.8098  140.7990    4.84200   -0.01921
  3.1333   55.03100 -131.82899   45.8246  140.8104    4.81600   -0.02882
  3.1417   55.27500 -131.65900   45.8392  140.8218    4.77100   -0.03677
  3.1500   55.51900 -131.48801   45.8538  140.8332    4.74700   -0.04302
  3.1583   55.76400 -131.31500   45.8683  140.8446    4.73100   -0.04297
  3.1667   56.00800 -131.14200   45.8827  140.8559    4.71100   -0.03645
  3.1750   56.25300 -130.96400   45.8970  140.8672    4.71400   -0.03825
  3.1833   56.49800 -130.78400   45.9114  140.8785    4.67200   -0.03147
  3.1917   56.74200 -130.60201   45.9256  140.8897    4.68600   -0.03112
  3.2000   56.98700 -130.42000   45.9397  140.9010    4.66900   -0.01774
  3.2083   57.23200 -130.23599   45.9538  140.9123    4.67400   -0.00530
  3.2167   57.47700 -130.05099   45.9677  140.9236    4.68500    0.00891
  3.2250   57.72100 -129.86400   45.9816  140.9348    4.67300    0.02487
  3.2333   57.96600 -129.67599   45.9954  140.9461    4.68200    0.03369
  3.2417   58.21100 -129.48700   46.0091  140.9574    4.66600    0.04476
  3.2500   58.45500 -129.29601   46.0228  140.9686    4.65900    0.04872
  3.2583   58.70000 -129.10300   46.0363  140.9798    4.64000    0.05045
  3.2667   58.94500 -128.90900   46.0498  140.9911    4.61400    0.04890
  3.2750   59.18900 -128.71400   46.0632  141.0023    4.59300    0.04382
  3.2833   59.43400 -128.51700   46.0765  141.0136    4.56100    0.03736
  3.2917   59.67900 -128.31900   46.0898  141.0249    4.52800    0.02089
  3.3000   59.92300 -128.11900   46.1029  141.0362    4.47100    0.00273
  3.3083   60.16800 -127.91700   46.1160  141.0475    4.43100   -0.01186
  3.3167   60.41200 -127.71400   46.1290  141.0587    4.40700   -0.02283
  3.3250   60.65700 -127.50900   46.1420  141.0701    4.36000   -0.02789
  3.3333   60.90100 -127.30300   46.1548  141.0814    4.33700   -0.03432
  3.3417   61.14500 -127.08900   46.1677  141.0925    4.30600   -0.03290
  3.3500   61.39000 -126.87300   46.1805  141.1037    4.28400   -0.02702
  3.3583   61.63400 -126.65600   46.1932  141.1149    4.27500   -0.01545
  3.3667   61.87800 -126.43600   46.2059  141.1261    4.26400   -0.00215
  3.3750   62.12200 -126.21400   46.2185  141.1373    4.24800    0.00877
  3.3833   62.36600 -125.99000   46.2310  141.1486    4.23200    0.01486
  3.3917   62.61000 -125.76400   46.2434  141.1598    4.20600    0.01820
  3.4000   62.85400 -125.53600   46.2558  141.1711    4.18200    0.01772
  3.4083   63.09800 -125.30600   46.2681  141.1823    4.15600    0.01310
  3.4167   63.34200 -125.07300   46.2804  141.1936    4.11800    0.00902
  3.4250   63.58500 -124.83800   46.2925  141.2049    4.09900    0.00386
  3.4333   63.82900 -124.60100   46.3046  141.2162    4.07100    0.00592
  3.4417   64.07200 -124.36100   46.3167  141.2275    4.05600    0.00391
  3.4500   64.31600 -124.11800   46.3287  141.2388    4.02000   -0.00275
  3.4583   64.55900 -123.87400   46.3405  141.2502    3.97100   -0.00971
  3.4667   64.80200 -123.62600   46.3524  141.2615    3.95100   -0.01321
  3.4750   65.04500 -123.37600   46.3641  141.2729    3.92300   -0.00389
  3.4833   65.28800 -123.12300   46.3758  141.2842    3.91300    0.00659
  3.4917   65.53100 -122.86800   46.3874  141.2957    3.89000    0.02544
  3.5000   65.77300 -122.61000   46.3990  141.3070    3.88200    0.04582
  3.5083   66.01500 -122.34100   46.4106  141.3183    3.86600    0.05862
  3.5167   66.25700 -122.06900   46.4221  141.3296    3.81000    0.06585
  3.5250   66.49900 -121.79400   46.4336  141.3410    3.77300    0.06425
  3.5333   66.74100 -121.51600   46.4450  141.3523    3.72100    0.07255
  3.5417   66.98200 -121.23400   46.4564  141.3637    3.69000    0.08087
  3.5500   67.22400 -120.94800   46.4677  141.3751    3.64900    0.09045
  3.5583   67.46500 -120.65900   46.4789  141.3865    3.59700    0.07724
  3.5667   67.70600 -120.36600   46.4901  141.3979    3.48700    0.05877
  3.5750   67.94600 -120.06900   46.5012  141.4093    3.42400    0.02276
  3.5833   68.18700 -119.76700   46.5122  141.4208    3.30900    0.00376
  3.5917   68.42700 -119.46200   46.5232  141.4323    3.24800   -0.02218
  3.6000   68.66700 -119.15300   46.5341  141.4438    3.15800   -0.03231
  3.6083   68.90700 -118.83900   46.5450  141.4553    3.09100   -0.04702
  3.6167   69.14600 -118.52100   46.5558  141.4668    3.01400   -0.04405
  3.6250   69.38600 -118.19800   46.5665  141.4784    2.97700   -0.03765
  3.6333   69.62500 -117.87000   46.5772  141.4900    2.91800   -0.02702
  3.6417   69.86300 -117.53700   46.5878  141.5015    2.85300   -0.01716
  3.6500   70.10200 -117.20000   46.5984  141.5132    2.81700   -0.01231
  3.6583   70.34000 -116.85700   46.6089  141.5249    2.74700   -0.00605
  3.6667   70.57800 -116.50900   46.6193  141.5366    2.69400   -0.00604
  3.6750   70.81400 -116.14500   46.6298  141.5481    2.64200   -0.00362
  3.6833   71.05100 -115.77600   46.6402  141.5597    2.58500   -0.00539
  3.6917   71.28700 -115.40000   46.6506  141.5713    2.52100   -0.01266
  3.7000   71.52300 -115.01700   46.6609  141.5830    2.45500   -0.01724
  3.7083   71.75800 -114.62800   46.6712  141.5946    2.40600   -0.01277
  3.7167   71.99300 -114.23200   46.6814  141.6063    2.37000   -0.00317
  3.7250   72.22700 -113.82800   46.6916  141.6180    2.32000    0.00750
  3.7333   72.46100 -113.41700   46.7017  141.6297    2.27500    0.01401
  3.7417   72.69500 -112.99800   46.7118  141.6416    2.22600    0.01396
  3.7500   72.92800 -112.57200   46.7217  141.6534    2.15400    0.01501
  3.7583   73.16000 -112.13600   46.7317  141.6651    2.11100    0.01323
  3.7667   73.39200 -111.69300   46.7415  141.6770    2.05100    0.01296
  3.7750   73.62300 -111.24000   46.7514  141.6889    1.98300    0.00651
  3.7833   73.85400 -110.77800   46.7611  141.7008    1.92000    0.00286
  3.7917   74.08400 -110.30600   46.7708  141.7127    1.86900    0.00599
  3.8000   74.31400 -109.82400   46.7805  141.7247    1.82000    0.01497
  3.8083   74.54300 -109.33200   46.7901  141.7367    1.77400    0.01681
  3.8167   74.77100 -108.82900   46.7997  141.7487    1.70000    0.01223
  3.8250   74.99800 -108.31500   46.8091  141.7607    1.63400    0.00097
  3.8333   75.22500 -107.78900   46.8186  141.7728    1.57200   -0.01263
  3.8417   75.45000 -107.23700   46.8281  141.7848    1.49600   -0.02177
  3.8500   75.67300 -106.67300   46.8375  141.7968    1.44800   -0.03742
  3.8583   75.89700 -106.09400   46.8470  141.8089    1.37100   -0.04677
  3.8667   76.11900 -105.50100   46.8563  141.8209    1.32100   -0.06377
  3.8750   76.34000 -104.89400   46.8656  141.8330    1.25700   -0.07153
  3.8833   76.56000 -104.27000   46.8749  141.8452    1.21500   -0.07816
  3.8917   76.77900 -103.63000   46.8841  141.8573    1.17400   -0.06762
  3.9000   76.99700 -102.97300   46.8932  141.8695    1.16900   -0.05637
  3.9083   77.21300 -102.29900   46.9023  141.8817    1.13700   -0.04439
  3.9167   77.42900 -101.60500   46.9114  141.8940    1.10800   -0.04542
  3.9250   77.64300 -100.89300   46.9203  141.9063    1.07300   -0.04232
  3.9333   77.85600 -100.16000   46.9293  141.9186    1.06200   -0.04006
  3.9417   78.06700  -99.40600   46.9382  141.9310    1.04000   -0.03108
  3.9500   78.27700  -98.63000   46.9470  141.9434    1.03400   -0.02547
  3.9583   78.48500  -97.83000   46.9558  141.9558    1.02200   -0.02278
  3.9667   78.69100  -97.00700   46.9645  141.9683    0.99800   -0.02504
  3.9750   78.89600  -96.15800   46.9732  141.9808    0.98300   -0.02366
  3.9833   79.09900  -95.28300   46.9818  141.9933    0.98500   -0.01577
  3.9917   79.30000  -94.38100   46.9904  142.0059    0.98300   -0.00837
  4.0000   79.49800  -93.44900   46.9989  142.0185    0.96800   -0.00612
  4.0083   79.69300  -92.47000   47.0075  142.0310    0.95700   -0.00090
  4.0167   79.88500  -91.45900   47.0161  142.0435    0.96500    0.00555
  4.0250   80.07500  -90.41400   47.0246  142.0561    0.95300    0.01275
  4.0333   80.26200  -89.33400   47.0331  142.0687    0.94400    0.01627
  4.0417   80.44700  -88.21800   47.0415  142.0814    0.94100    0.01725
  4.0500   80.62800  -87.06300   47.0499  142.0941    0.92200    0.01742
  4.0583   80.80600  -85.87000   47.0582  142.1068    0.91100    0.01616
  4.0667   80.98100  -84.63500   47.0664  142.1195    0.90400    0.01431
  4.0750   81.15200  -83.35800   47.0747  142.1323    0.88500    0.00949
  4.0833   81.32000  -82.03700   47.0828  142.1452    0.86600    0.00047
  4.0917   81.48400  -80.67000   47.0909  142.1581    0.84800   -0.01733
  4.1000   81.64300  -79.25600   47.0990  142.1710    0.80300   -0.02325
  4.1083   81.79900  -77.79400   47.1070  142.1840    0.82200   -0.02722
  4.1167   81.94900  -76.28200   47.1150  142.1970    0.81200   -0.03015
  4.1250   82.09500  -74.72000   47.1229  142.2100    0.77500   -0.03953
  4.1333   82.23600  -73.10500   47.1308  142.2231    0.78000   -0.04690
  4.1417   82.37100  -71.43900   47.1386  142.2362    0.78100   -0.03823
  4.1500   82.50000  -69.71900   47.1464  142.2493    0.79400   -0.03415
  4.1583   82.62400  -67.94600   47.1541  142.2626    0.78400   -0.02946
  4.1667   82.74100  -66.12000   47.1617  142.2758    0.78600   -0.02858
  4.1750   82.84900  -64.22400   47.1695  142.2890    0.78700   -0.01873
  4.1833   82.95000  -62.27700   47.1772  142.3022    0.80600   -0.00720
  4.1917   83.04300  -60.28100   47.1849  142.3154    0.81300    0.01781
  4.2000   83.12900  -58.23700   47.1925  142.3287    0.85500    0.04465
  4.2083   83.20700  -56.14800   47.2001  142.3420    0.88000    0.06619
  4.2167   83.27700  -54.01700   47.2076  142.3553    0.87300    0.06409
  4.2250   83.33900  -51.84800   47.2151  142.3687    0.84600    0.04643
  4.2333   83.39200  -49.64500   47.2225  142.3822    0.82200    0.02874
  4.2417   83.43600  -47.41200   47.2299  142.3956    0.81200    0.01093
  4.2500   83.47200  -45.15400   47.2372  142.4092    0.78100   -0.00023
  4.2583   83.49900  -42.87800   47.2445  142.4228    0.77600   -0.01120
  4.2667   83.51600  -40.58800   47.2518  142.4364    0.76700   -0.01758
  4.2750   83.52500  -38.29100   47.2589  142.4501    0.75100   -0.01992
  4.2833   83.52400  -35.99300   47.2661  142.4638    0.75700   -0.01585
  4.2917   83.51400  -33.70000   47.2732  142.4775    0.76400   -0.00535
  4.3000   83.49500  -31.41700   47.2802  142.4913    0.76500   -0.00651
  4.3083   83.46700  -29.15100   47.2872  142.5052    0.73700   -0.01906
  4.3167   83.43100  -26.90800   47.2941  142.5191    0.71300   -0.03735
  4.3250   83.38500  -24.69200   47.3010  142.5330    0.70000   -0.04401
  4.3333   83.33100  -22.50800   47.3079  142.5470    0.71000   -0.03192
  4.3417   83.26600  -20.36600   47.3148  142.5609    0.74300   -0.01395
  4.3500   83.19200  -18.26700   47.3217  142.5748    0.74900    0.00213
  4.3583   83.11000  -16.21200   47.3286  142.5888    0.75500    0.00640
  4.3667   83.02100  -14.20500   47.3354  142.6028    0.75400    0.01192
  4.3750   82.92500  -12.24800   47.3421  142.6169    0.76300    0.01793
  4.3833   82.82200  -10.34300   47.3489  142.6310    0.76800    0.02191
  4.3917   82.71300   -8.49000   47.3555  142.6452    0.76100    0.02361
  4.4000   82.59700   -6.68900   47.3621  142.6595    0.76500    0.02063
  4.4083   82.47600   -4.94200   47.3687  142.6737    0.75800    0.00881
  4.4167   82.34900   -3.24800   47.3752  142.6881    0.72300    0.00472
  4.4250   82.21600   -1.60600   47.3817  142.7024    0.74300    0.01200
  4.4333   82.07900   -0.01700   47.3881  142.7169    0.76100    0.02438
  4.4417   81.93700    1.52200   47.3945  142.7313    0.73500    0.02738
  4.4500   81.79000    3.01100   47.4008  142.7458    0.72500    0.02619
  4.4583   81.64000    4.45200   47.4071  142.7604    0.72800    0.03143
  4.4667   81.48500    5.84500   47.4133  142.7750    0.71700    0.03915
  4.4750   81.32700    7.19200   47.4195  142.7897    0.71000    0.04496
  4.4833   81.16500    8.49500   47.4256  142.8044    0.70400    0.04233
  4.4917   81.00000    9.75500   47.4317  142.8192    0.66600    0.02002
  4.5000   80.83100   10.97500   47.4378  142.8340    0.60000   -0.00905
  4.5083   80.65700   12.13800   47.4439  142.8487    0.57400   -0.02026
  4.5167   80.48000   13.26400   47.4500  142.8635    0.58900   -0.01220
  4.5250   80.30000   14.35300   47.4561  142.8784    0.58000   -0.00729
  4.5333   80.11800   15.40700   47.4621  142.8933    0.54400   -0.01648
  4.5417   79.93400   16.42800   47.4680  142.9082    0.51700   -0.02806
  4.5500   79.74800   17.41600   47.4739  142.9232    0.50100   -0.03214
  4.5583   79.56000   18.37400   47.4798  142.9383    0.48400   -0.02614
  4.5667   79.37000   19.30300   47.4856  142.9534    0.48100   -0.01461
  4.5750   79.17800   20.20400   47.4914  142.9686    0.47600    0.00071
  4.5833   78.98500   21.07800   47.4971  142.9837    0.47300    0.01083
  4.5917   78.79000   21.92600   47.5027  142.9990    0.46200    0.01970
  4.6000   78.59400   22.75100   47.5083  143.0143    0.45900    0.02467
  4.6083   78.39600   23.55200   47.5139  143.0297    0.44700    0.03147
  4.6167   78.19700   24.33000   47.5194  143.0452    0.44500    0.03847
  4.6250   77.99700   25.08700   47.5249  143.0606    0.44700    0.02117
  4.6333   77.79600   25.82400   47.5303  143.0762    0.36000   -0.01564
  4.6417   77.59400   26.54200   47.5357  143.0918    0.29400   -0.05476
  4.6500   77.39100   27.24100   47.5410  143.1074    0.28400   -0.06174
  4.6583   77.18700   27.92200   47.5463  143.1231    0.29600   -0.04309
  4.6667   76.98200   28.58600   47.5515  143.1388    0.31200   -0.02097
  4.6750   76.77400   29.22000   47.5568  143.1545    0.31700    0.00137
  4.6833   76.56500   29.83800   47.5621  143.1703    0.33100    0.02453
  4.6917   76.35600   30.44200   47.5673  143.1861    0.34600    0.04328
  4.7000   76.14600   31.03200   47.5725  143.2019    0.32800    0.03245
  4.7083   75.93500   31.60900   47.5777  143.2178    0.24000    0.00700
  4.7167   75.72400   32.17300   47.5828  143.2338    0.20600   -0.01543
  4.7250   75.51200   32.72400   47.5878  143.2499    0.20200   -0.00479
  4.7333   75.30000   33.26400   47.5928  143.2659    0.22600    0.02504
  4.7417   75.08800   33.79300   47.5977  143.2821    0.25900    0.05609
  4.7500   74.87500   34.31100   47.6026  143.2983    0.26400    0.06806
  4.7583   74.66100   34.81800   47.6075  143.3146    0.23200    0.04688
  4.7667   74.44800   35.31600   47.6123  143.3309    0.16400   -0.00743
  4.7750   74.23400   35.80400   47.6170  143.3472    0.06600   -0.06899
  4.7833   74.01900   36.28300   47.6217  143.3637    0.01200   -0.11261
  4.7917   73.80500   36.75300   47.6263  143.3802    0.00400   -0.12603
  4.8000   73.59000   37.21500   47.6309  143.3967    0.00600   -0.11334
  4.8083   73.37500   37.66800   47.6355  143.4133    0.03800   -0.08273
  4.8167   73.16000   38.11400   47.6399  143.4300    0.08500   -0.04039
  4.8250   72.94400   38.55200   47.6444  143.4467    0.12000   -0.00507
  4.8333   72.72900   38.98300   47.6488  143.4635    0.12600    0.02428
  4.8417   72.51100   39.39500   47.6533  143.4803    0.15300    0.04099
  4.8500   72.29300   39.80100   47.6578  143.4971    0.15300    0.05191
  4.8583   72.07500   40.20000   47.6622  143.5139    0.15300    0.04741
  4.8667   71.85700   40.59300   47.6665  143.5309    0.14900    0.03288
  4.8750   71.63900   40.98100   47.6708  143.5479    0.13200    0.01096
  4.8833   71.42100   41.36300   47.6751  143.5649    0.11700   -0.00979
  4.8917   71.20300   41.74000   47.6793  143.5820    0.11700   -0.02602
  4.9000   70.98500   42.11200   47.6834  143.5992    0.11300   -0.04210
  4.9083   70.76600   42.47800   47.6875  143.6164    0.09600   -0.05789
  4.9167   70.54800   42.84000   47.6916  143.6337    0.09400   -0.06751
  4.9250   70.33000   43.19700   47.6956  143.6511    0.10100   -0.05966
  4.9333   70.11200   43.55000   47.6995  143.6685    0.12700   -0.02255
  4.9417   69.89400   43.89800   47.7034  143.6860    0.20300    0.01889
  4.9500   69.67500   44.24200   47.7072  143.7036    0.21700    0.05397
  4.9583   69.45700   44.58200   47.7110  143.7212    0.22600    0.06560
  4.9667   69.23900   44.91800   47.7148  143.7388    0.23800    0.08153
  4.9750   69.02100   45.25100   47.7184  143.7566    0.27700    0.09791
  4.9833   68.80300   45.57900   47.7220  143.7744    0.29500    0.10231
  4.9917   68.58500   45.90400   47.7256  143.7923    0.27300    0.06686
  5.0000   68.36800   46.22600   47.7291  143.8102    0.18600   -0.00330
  5.0083   68.14800   46.53400   47.7328  143.8281    0.09400   -0.09101
  5.0167   67.92900   46.83900   47.7364  143.8460    0.01800   -0.14158
  5.0250   67.71000   47.14200   47.7399  143.8641    0.04800   -0.13765
  5.0333   67.49100   47.44100   47.7434  143.8822    0.12800   -0.09334
  5.0417   67.27200   47.73800   47.7468  143.9004    0.17900   -0.04363
  5.0500   67.05300   48.03200   47.7502  143.9186    0.22900   -0.01205
  5.0583   66.83500   48.32300   47.7535  143.9369    0.25000    0.00205
  5.0667   66.61600   48.61200   47.7568  143.9553    0.23700    0.00378
  5.0750   66.39800   48.89900   47.7600  143.9737    0.23500    0.01174
  5.0833   66.18000   49.18300   47.7631  143.9922    0.26700    0.04163
  5.0917   65.96100   49.46400   47.7663  144.0108    0.32400    0.06804
  5.1000   65.74400   49.74400   47.7693  144.0294    0.31400    0.08745
  5.1083   65.52600   50.02100   47.7723  144.0482    0.32700    0.10017
  5.1167   65.30800   50.29700   47.7752  144.0670    0.36200    0.12529
  5.1250   65.09100   50.57000   47.7781  144.0858    0.39100    0.14088
  5.1333   64.87300   50.84100   47.7809  144.1048    0.37000    0.12075
  5.1417   64.65600   51.11000   47.7837  144.1238    0.28500    0.06564
  5.1500   64.44000   51.37700   47.7864  144.1428    0.19700   -0.01173
  5.1583   64.22300   51.64300   47.7890  144.1619    0.10400   -0.07846
  5.1667   64.00600   51.90700   47.7916  144.1812    0.05700   -0.13642
  5.1750   63.78900   52.16000   47.7943  144.2003    0.00000   -0.15665
  5.1833   63.57100   52.41200   47.7970  144.2196    0.03400   -0.14846
  5.1917   63.35400   52.66200   47.7996  144.2389    0.08400   -0.10985
  5.2000   63.13700   52.91100   47.8022  144.2583    0.12900   -0.07225
  5.2083   62.92000   53.15900   47.8047  144.2778    0.15700   -0.05124
  5.2167   62.70300   53.40500   47.8071  144.2974    0.15000   -0.04490
  5.2250   62.48600   53.65000   47.8095  144.3170    0.15300   -0.03760
  5.2333   62.27000   53.89300   47.8118  144.3367    0.19900   -0.02301
  5.2417   62.05400   54.13500   47.8141  144.3565    0.23700    0.00163
  5.2500   61.83800   54.37600   47.8163  144.3763    0.29300    0.01828
  5.2583   61.62200   54.61600   47.8185  144.3963    0.33100    0.02722
  5.2667   61.40700   54.85500   47.8205  144.4163    0.35500    0.01585
  5.2750   61.19100   55.09200   47.8226  144.4364    0.34800   -0.00603
  5.2833   60.97600   55.32800   47.8246  144.4566    0.35000   -0.03349
  5.2917   60.76100   55.56300   47.8265  144.4768    0.35700   -0.04859
  5.3000   60.54700   55.79700   47.8283  144.4971    0.39900   -0.05668
  5.3083   60.33300   56.03000   47.8301  144.5174    0.43500   -0.05580
  5.3167   60.11800   56.26200   47.8319  144.5379    0.48100   -0.05319
  5.3250   59.90500   56.49300   47.8335  144.5584    0.53400   -0.04519
  5.3333   59.69100   56.72300   47.8351  144.5790    0.59100   -0.03854
  5.3417   59.47600   56.94500   47.8369  144.5997    0.63400   -0.03898
  5.3500   59.26200   57.16500   47.8386  144.6204    0.66300   -0.04133
  5.3583   59.04800   57.38600   47.8402  144.6412    0.71400   -0.03173
  5.3667   58.83400   57.60500   47.8417  144.6620    0.79800   -0.00978
  5.3750   58.62000   57.82300   47.8433  144.6830    0.87000    0.01685
  5.3833   58.40700   58.04100   47.8447  144.7040    0.93500    0.03984
  5.3917   58.19300   58.25800   47.8461  144.7252    1.00300    0.05850
  5.4000   57.98000   58.47500   47.8474  144.7464    1.05400    0.08044
  5.4083   57.76800   58.69000   47.8486  144.7676    1.12300    0.09711
  5.4167   57.55500   58.90500   47.8498  144.7890    1.16400    0.10530
  5.4250   57.34300   59.11900   47.8510  144.8104    1.17700    0.09917
  5.4333   57.13100   59.33300   47.8520  144.8319    1.18800    0.08145
  5.4417   56.91900   59.54600   47.8530  144.8535    1.18100    0.06348
  5.4500   56.70800   59.75800   47.8539  144.8752    1.18400    0.04730
  5.4583   56.49600   59.97000   47.8548  144.8970    1.19200    0.03664
  5.4667   56.28500   60.18100   47.8556  144.9189    1.19400    0.02630
  5.4750   56.07500   60.39200   47.8563  144.9408    1.18900    0.01326
  5.4833   55.86400   60.60100   47.8570  144.9628    1.18100    0.00040
  5.4917   55.65400   60.81100   47.8576  144.9849    1.18000   -0.01181
  5.5000   55.44400   61.01900   47.8582  145.0071    1.17800   -0.02848
  5.5083   55.23300   61.22100   47.8589  145.0293    1.15800   -0.04522
  5.5167   55.02300   61.42300   47.8594  145.0516    1.16500   -0.06201
  5.5250   54.81300   61.62400   47.8600  145.0740    1.17400   -0.07116
  5.5333   54.60300   61.82400   47.8605  145.0965    1.19300   -0.08613
  5.5417   54.39300   62.02500   47.8609  145.1191    1.19100   -0.10182
  5.5500   54.18300   62.22400   47.8613  145.1418    1.20900   -0.11311
  5.5583   53.97400   62.42400   47.8615  145.1646    1.25800   -0.11292
  5.5667   53.76500   62.62300   47.8617  145.1875    1.31300   -0.10177
  5.5750   53.55600   62.82100   47.8619  145.2104    1.38700   -0.08859
  5.5833   53.34800   63.02000   47.8619  145.2335    1.45900   -0.07251
  5.5917   53.14000   63.21700   47.8619  145.2566    1.54000   -0.05831
  5.6000   52.93200   63.41500   47.8618  145.2798    1.62200   -0.04893
  5.6083   52.72400   63.61200   47.8617  145.3031    1.69000   -0.04259
  5.6167   52.51600   63.80900   47.8615  145.3266    1.77400   -0.03886
  5.6250   52.30900   64.00500   47.8613  145.3501    1.86100   -0.02817
  5.6333   52.10200   64.20100   47.8609  145.3737    1.96700   -0.01688
  5.6417   51.89600   64.39700   47.8605  145.3974    2.05900   -0.00340
  5.6500   51.68900   64.59200   47.8600  145.4212    2.15400    0.00851
  5.6583   51.48300   64.78700   47.8594  145.4451    2.24900    0.01778
  5.6667   51.27800   64.98200   47.8588  145.4690    2.32500    0.02814
  5.6750   51.07100   65.17000   47.8583  145.4931    2.41600    0.03772
  5.6833   50.86500   65.35900   47.8577  145.5172    2.50100    0.06249
  5.6917   50.65900   65.54700   47.8571  145.5414    2.62600    0.08962
  5.7000   50.45300   65.73500   47.8564  145.5658    2.71800    0.10982
  5.7083   50.24700   65.92300   47.8556  145.5903    2.76800    0.10732
  5.7167   50.04200   66.11100   47.8547  145.6149    2.79700    0.09295
  5.7250   49.83700   66.29800   47.8538  145.6395    2.83400    0.07031
  5.7333   49.63200   66.48600   47.8527  145.6643    2.84300    0.05084
  5.7417   49.42800   66.67300   47.8516  145.6891    2.87700    0.03040
  5.7500   49.22400   66.86000   47.8505  145.7141    2.90500    0.01759
  5.7583   49.02000   67.04600   47.8492  145.7392    2.93900    0.00034
  5.7667   48.81600   67.23300   47.8479  145.7644    2.95100   -0.01436
  5.7750   48.61300   67.41900   47.8465  145.7896    2.98000   -0.03012
  5.7833   48.40900   67.60500   47.8451  145.8151    3.00000   -0.03905
  5.7917   48.20700   67.79000   47.8435  145.8405    3.03100   -0.04335
  5.8000   48.00400   67.97600   47.8419  145.8661    3.07700   -0.04305
  5.8083   47.80200   68.16100   47.8402  145.8918    3.11800   -0.03474
  5.8167   47.60000   68.34600   47.8384  145.9176    3.18600   -0.02322
  5.8250   47.39800   68.53100   47.8365  145.9436    3.25000   -0.00936
  5.8333   47.19600   68.71600   47.8346  145.9697    3.30600   -0.00254
  5.8417   46.99400   68.89600   47.8328  145.9958    3.35000   -0.00319
  5.8500   46.79200   69.07500   47.8309  146.0220    3.39000   -0.01086
  5.8583   46.59000   69.25500   47.8289  146.0485    3.42500   -0.01782
  5.8667   46.38900   69.43400   47.8268  146.0749    3.48100   -0.02058
  5.8750   46.18800   69.61300   47.8247  146.1015    3.54600   -0.02024
  5.8833   45.98700   69.79300   47.8224  146.1282    3.60000   -0.01868
  5.8917   45.78600   69.97200   47.8202  146.1551    3.66400   -0.01762
  5.9000   45.58600   70.15000   47.8178  146.1820    3.72600   -0.01691
  5.9083   45.38600   70.32900   47.8153  146.2091    3.77600   -0.01888
  5.9167   45.18600   70.50800   47.8127  146.2363    3.82600   -0.01676
  5.9250   44.98600   70.68600   47.8101  146.2637    3.90300   -0.00802
  5.9333   44.78700   70.86500   47.8074  146.2911    3.98000    0.00849
  5.9417   44.58800   71.04300   47.8046  146.3186    4.06500    0.02411
  5.9500   44.38900   71.22100   47.8017  146.3463    4.14300    0.03487
  5.9583   44.19100   71.39900   47.7987  146.3740    4.20400    0.03329
  5.9667   43.99200   71.57700   47.7956  146.4020    4.24100    0.02177
  5.9750   43.79400   71.75500   47.7924  146.4301    4.27900    0.00728
  5.9833   43.59700   71.93300   47.7891  146.4581    4.32800   -0.00668
  5.9917   43.39900   72.11000   47.7858  146.4865    4.36800   -0.01929
  6.0000   43.20200   72.28800   47.7824  146.5149    4.41400   -0.03103
  6.0083   43.00400   72.46100   47.7791  146.5435    4.46800   -0.03303
  6.0167   42.80600   72.63400   47.7757  146.5723    4.54600   -0.02612
  6.0250   42.60900   72.80700   47.7722  146.6011    4.62500   -0.01504
  6.0333   42.41200   72.97900   47.7686  146.6300    4.69300   -0.00455
  6.0417   42.21500   73.15200   47.7649  146.6592    4.76800    0.00091
  6.0500   42.01900   73.32500   47.7611  146.6884    4.82900    0.00177
  6.0583   41.82200   73.49800   47.7573  146.7178    4.88400    0.00202
  6.0667   41.62600   73.67000   47.7533  146.7473    4.96600    0.00380
  6.0750   41.43100   73.84300   47.7492  146.7769    5.04300    0.00173
  6.0833   41.23500   74.01500   47.7451  146.8068    5.09300   -0.01508
  6.0917   41.04000   74.18800   47.7408  146.8367    5.12200   -0.03432
  6.1000   40.84500   74.36000   47.7365  146.8667    5.19800   -0.05249
  6.1083   40.65000   74.53300   47.7320  146.8970    5.26100   -0.06286
  6.1167   40.45500   74.70500   47.7275  146.9274    5.33200   -0.06927
  6.1250   40.26100   74.87700   47.7229  146.9579    5.43200   -0.07114
  6.1333   40.06700   75.04900   47.7181  146.9886    5.51900   -0.06260
  6.1417   39.87300   75.22100   47.7133  147.0194    5.63800   -0.05350
  6.1500   39.68000   75.39300   47.7083  147.0503    5.73900   -0.03349
  6.1583   39.48600   75.56500   47.7033  147.0815    5.87200   -0.01586
  6.1667   39.29300   75.73600   47.6982  147.1127    5.97900    0.00690
  6.1750   39.10000   75.90400   47.6931  147.1441    6.10700    0.03116
  6.1833   38.90600   76.07200   47.6880  147.1758    6.25200    0.05623
  6.1917   38.71300   76.24000   47.6827  147.2076    6.36700    0.07381
  6.2000   38.52100   76.40800   47.6773  147.2394    6.46200    0.07632
  6.2083   38.32800   76.57500   47.6719  147.2715    6.53700    0.06876
  6.2167   38.13600   76.74300   47.6663  147.3037    6.60200    0.04719
  6.2250   37.94400   76.91100   47.6606  147.3361    6.62800    0.02682
  6.2333   37.75200   77.07900   47.6548  147.3687    6.70200    0.00959
  6.2417   37.56000   77.24600   47.6490  147.4015    6.77400    0.00562
  6.2500   37.36900   77.41400   47.6429  147.4343    6.85200    0.00804
  6.2583   37.17800   77.58200   47.6368  147.4674    6.94500    0.01161
  6.2667   36.98700   77.74900   47.6306  147.5007    7.01200    0.01063
  6.2750   36.79600   77.91700   47.6242  147.5341    7.06000    0.00630
  6.2833   36.60500   78.08400   47.6177  147.5678    7.13100    0.00001
  6.2917   36.41500   78.25100   47.6112  147.6015    7.18600    0.00104
  6.3000   36.22500   78.41900   47.6044  147.6355    7.26800   -0.00065
  6.3083   36.03500   78.58600   47.5976  147.6696    7.32800    0.00370
  6.3167   35.84600   78.75300   47.5907  147.7038    7.41100   -0.00032
  6.3250   35.65700   78.92000   47.5837  147.7383    7.45100   -0.00603
  6.3333   35.46700   79.08700   47.5765  147.7731    7.49900   -0.00846
  6.3417   35.27800   79.25100   47.5694  147.8079    7.59400   -0.00301
  6.3500   35.08900   79.41400   47.5622  147.8430    7.66800    0.00621
  6.3583   34.90000   79.57800   47.5549  147.8783    7.73300    0.01543
  6.3667   34.71100   79.74200   47.5474  147.9138    7.82700    0.02491
  6.3750   34.52300   79.90500   47.5398  147.9494    7.90100    0.02828
  6.3833   34.33500   80.06900   47.5321  147.9852    7.93300    0.02317
  6.3917   34.14600   80.23300   47.5243  148.0214    7.98300    0.01234
  6.4000   33.95900   80.39600   47.5163  148.0575    8.02600    0.00730
  6.4083   33.77100   80.56000   47.5082  148.0940    8.08400    0.00764
  6.4167   33.58400   80.72300   47.5000  148.1306    8.16000    0.00633
  6.4250   33.39600   80.88700   47.4916  148.1677    8.19500    0.00836
  6.4333   33.20900   81.05000   47.4831  148.2048    8.26700    0.00649
  6.4417   33.02300   81.21400   47.4744  148.2419    8.32000    0.00211
  6.4500   32.83600   81.37700   47.4657  148.2795    8.34000   -0.00380
  6.4583   32.65000   81.54000   47.4568  148.3171    8.40500   -0.00899
  6.4667   32.46400   81.70400   47.4477  148.3550    8.46500   -0.01089
  6.4750   32.27800   81.86700   47.4385  148.3932    8.51200   -0.02203
  6.4833   32.09200   82.03000   47.4292  148.4316    8.54800   -0.03213
  6.4917   31.90600   82.19300   47.4197  148.4703    8.63000   -0.04112
  6.5000   31.72100   82.35600   47.4101  148.5091    8.69700   -0.05589
  6.5083   31.53600   82.51600   47.4006  148.5481    8.71700   -0.07483
  6.5167   31.35000   82.67600   47.3909  148.5876    8.79600   -0.09272
  6.5250   31.16500   82.83600   47.3810  148.6271    8.88400   -0.10110
  6.5333   30.98000   82.99600   47.3710  148.6670    8.96700   -0.10794
  6.5417   30.79600   83.15600   47.3608  148.7069    9.06400   -0.10011
  6.5500   30.61100   83.31600   47.3505  148.7473    9.24000   -0.07255
  6.5583   30.42700   83.47600   47.3400  148.7878    9.43600   -0.04615
  6.5667   30.24300   83.63600   47.3294  148.8286    9.53900   -0.02448
  6.5750   30.05900   83.79600   47.3186  148.8696    9.69800   -0.00832
  6.5833   29.87500   83.95600   47.3077  148.9110    9.87200    0.02712
  6.5917   29.69200   84.11600   47.2965  148.9524   10.08600    0.04451
  6.6000   29.50900   84.27600   47.2852  148.9942   10.16800    0.04704
  6.6083   29.32500   84.43500   47.2739  149.0364   10.28800    0.02925
  6.6167   29.14300   84.59500   47.2622  149.0786   10.41900    0.01308
  6.6250   28.96000   84.75500   47.2504  149.1212   10.52900   -0.00884
  6.6333   28.77700   84.91400   47.2385  149.1642   10.62600   -0.02792
  6.6417   28.59500   85.07400   47.2264  149.2072   10.77200   -0.05749
  6.6500   28.41300   85.23300   47.2141  149.2506   10.82600   -0.08548
  6.6583   28.23100   85.39200   47.2017  149.2943   10.93500   -0.11545
  6.6667   28.04900   85.55200   47.1890  149.3383   11.07500   -0.10639
  6.6750   27.86700   85.70900   47.1763  149.3827   11.34400   -0.07049
  6.6833   27.68600   85.86500   47.1636  149.4272   11.60400   -0.01743
  6.6917   27.50400   86.02200   47.1506  149.4722   11.83700    0.01608
  6.7000   27.32300   86.17900   47.1374  149.5173   11.99200    0.02995
  6.7083   27.14200   86.33500   47.1241  149.5628   12.13300    0.03436
  6.7167   26.96100   86.49200   47.1105  149.6086   12.31400    0.04618
  6.7250   26.78000   86.64900   47.0967  149.6548   12.51600    0.05916
  6.7333   26.59900   86.80500   47.0828  149.7013   12.68000    0.06975
  6.7417   26.41900   86.96200   47.0686  149.7479   12.86800    0.07065
  6.7500   26.23900   87.11900   47.0542  149.7949   13.04100    0.06074
  6.7583   26.05900   87.27500   47.0397  149.8423   13.15700    0.02311
  6.7667   25.87900   87.43100   47.0249  149.8900   13.18600   -0.03071
  6.7750   25.69900   87.58800   47.0099  149.9381   13.25700   -0.08879
  6.7833   25.52000   87.74400   46.9947  149.9863   13.34300   -0.11648
  6.7917   25.34000   87.90000   46.9794  150.0352   13.54700   -0.13094
  6.8000   25.16100   88.05600   46.9638  150.0842   13.69300   -0.11741
  6.8083   24.98200   88.21200   46.9480  150.1335   13.94000   -0.08758
  6.8167   24.80300   88.36800   46.9319  150.1833   14.23800   -0.03891
  6.8250   24.62500   88.52400   46.9156  150.2332   14.50200    0.00671
  6.8333   24.44600   88.68000   46.8991  150.2837   14.73900    0.03912
  6.8417   24.26800   88.83400   46.8826  150.3344   14.97000    0.05821
  6.8500   24.08900   88.98700   46.8658  150.3858   15.16600    0.06569
  6.8583   23.91100   89.14100   46.8488  150.4374   15.34500    0.05310
  6.8667   23.73300   89.29500   46.8315  150.4893   15.46500    0.03034
  6.8750   23.55500   89.44800   46.8141  150.5417   15.60200    0.00518
  6.8833   23.37800   89.60200   46.7963  150.5942   15.76900   -0.01221
  6.8917   23.20000   89.75500   46.7783  150.6474   15.93000   -0.00437
  6.9000   23.02300   89.90800   46.7602  150.7008   16.21400    0.01145
  6.9083   22.84600   90.06200   46.7416  150.7547   16.40500    0.03938
  6.9167   22.66900   90.21500   46.7229  150.8089   16.61300    0.04870
  6.9250   22.49200   90.36800   46.7039  150.8636   16.75000    0.04808
  6.9333   22.31500   90.52100   46.6846  150.9189   16.85100    0.04521
  6.9417   22.13900   90.67400   46.6651  150.9742   17.02800    0.04896
  6.9500   21.96200   90.82700   46.6453  151.0303   17.19600    0.06418
  6.9583   21.78600   90.98000   46.6252  151.0866   17.36700    0.07408
  6.9667   21.61000   91.13300   46.6048  151.1433   17.50900    0.08758
  6.9750   21.43400   91.28600   46.5841  151.2005   17.69700    0.07167
  6.9833   21.25800   91.43800   46.5632  151.2583   17.67000    0.04626
  6.9917   21.08200   91.59100   46.5419  151.3165   17.72900    0.01397
  7.0000   20.90700   91.74300   46.5205  151.3749   17.85100   -0.01691
  7.0083   20.73100   91.89300   46.4988  151.4341   17.81700   -0.02485
  7.0167   20.55600   92.04400   46.4769  151.4936   18.02100   -0.03477
  7.0250   20.38100   92.19400   46.4546  151.5535   18.13000   -0.03362
  7.0333   20.20600   92.34500   46.4320  151.6140   18.16900   -0.02550
  7.0417   20.03100   92.49500   46.4091  151.6750   18.41900   -0.01883
  7.0500   19.85700   92.64500   46.3860  151.7361   18.51800    0.00293
  7.0583   19.68200   92.79600   46.3623  151.7982   18.66400   -0.01183
  7.0667   19.50800   92.94600   46.3385  151.8604   18.68300   -0.02131
  7.0750   19.33400   93.09600   46.3143  151.9232   18.84000   -0.04288
  7.0833   19.15900   93.24600   46.2897  151.9870   18.92700   -0.05769
  7.0917   18.98500   93.39600   46.2648  152.0509   19.01100   -0.05864
  7.1000   18.81200   93.54600   46.2396  152.1150   19.27000   -0.06029
  7.1083   18.63800   93.69500   46.2140  152.1801   19.35500   -0.05329
  7.1167   18.46400   93.84500   46.1880  152.2457   19.50400   -0.04913
  7.1250   18.29100   93.99400   46.1617  152.3116   19.73900   -0.03005
  7.1333   18.11700   94.14400   46.1349  152.3784   19.92400    0.00215
  7.1417   17.94400   94.29300   46.1079  152.4454   20.15000    0.03527
  7.1500   17.77100   94.44200   46.0804  152.5131   20.38900    0.06645
  7.1583   17.59800   94.59100   46.0526  152.5814   20.55700    0.08120
  7.1667   17.42500   94.74000   46.0243  152.6503   20.66500    0.08192
  7.1750   17.25300   94.88800   45.9958  152.7193   20.79900    0.07417
  7.1833   17.08000   95.03500   45.9669  152.7896   20.89200    0.08160
  7.1917   16.90800   95.18200   45.9377  152.8600   21.09500    0.07590
  7.2000   16.73600   95.32900   45.9080  152.9310   21.11600    0.06521
  7.2083   16.56400   95.47600   45.8779  153.0027   21.15600    0.04334
  7.2167   16.39200   95.62400   45.8471  153.0750   21.24900    0.02910
  7.2250   16.22000   95.77000   45.8162  153.1481   21.28900    0.02656
  7.2333   16.04800   95.91700   45.7847  153.2218   21.37900    0.03109
  7.2417   15.87700   96.06400   45.7528  153.2957   21.49400    0.04084
  7.2500   15.70500   96.21100   45.7203  153.3707   21.54300    0.04440
  7.2583   15.53400   96.35700   45.6876  153.4460   21.56100    0.04369
  7.2667   15.36200   96.50400   45.6541  153.5225   21.61600    0.05365
  7.2750   15.19100   96.65000   45.6203  153.5992   21.72200    0.06584
  7.2833   15.02000   96.79600   45.5860  153.6766   21.73400    0.06790
  7.2917   14.84900   96.94200   45.5512  153.7547   21.69100    0.05591
  7.3000   14.67800   97.08800   45.5159  153.8336   21.67200    0.04513
  7.3083   14.50800   97.23400   45.4801  153.9126   21.68100    0.04732
  7.3167   14.33700   97.37900   45.4438  153.9930   21.73000    0.03670
  7.3250   14.16600   97.52500   45.4068  154.0741   21.60000    0.02666
  7.3333   13.99600   97.67000   45.3695  154.1554   21.60500    0.00366
  7.3417   13.82600   97.81400   45.3318  154.2376   21.54400   -0.00227
  7.3500   13.65600   97.95800   45.2935  154.3205   21.55100   -0.01895
  7.3583   13.48600   98.10200   45.2545  154.4042   21.46900   -0.03397
  7.3667   13.31600   98.24600   45.2150  154.4886   21.42400   -0.05226
  7.3750   13.14700   98.39000   45.1750  154.5733   21.40900   -0.06044
  7.3833   12.97700   98.53400   45.1343  154.6594   21.42100   -0.05852
  7.3917   12.80800   98.67700   45.0931  154.7457   21.47000   -0.05601
  7.4000   12.63900   98.82100   45.0512  154.8327   21.46700   -0.04840
  7.4083   12.46900   98.96400   45.0087  154.9213   21.52600   -0.04548
  7.4167   12.30000   99.10700   44.9657  155.0100   21.54100   -0.03291
  7.4250   12.13100   99.25000   44.9219  155.0995   21.62300   -0.01773
  7.4333   11.96200   99.39300   44.8775  155.1899   21.70400    0.00535
  7.4417   11.79300   99.53600   44.8324  155.2812   21.78700    0.02073
  7.4500   11.62400   99.67800   44.7868  155.3733   21.80500    0.03754
  7.4583   11.45600   99.82100   44.7404  155.4656   21.89800    0.05251
  7.4667   11.28700   99.96300   44.6933  155.5594   21.95700    0.06919
  7.4750   11.11900  100.10500   44.6457  155.6534   21.97800    0.06915
  7.4833   10.95000  100.24700   44.5971  155.7490   21.91400    0.07045
  7.4917   10.78200  100.38900   44.5479  155.8447   21.96300    0.06192
  7.5000   10.61300  100.53000   44.4980  155.9421   21.87500    0.06122
  7.5083   10.44600  100.67100   44.4476  156.0390   21.85000    0.05666
  7.5167   10.27800  100.81200   44.3962  156.1375   21.83600    0.05578
  7.5250   10.11000  100.95200   44.3443  156.2369   21.74300    0.05546
  7.5333    9.94300  101.09200   44.2916  156.3366   21.68400    0.05250
  7.5417    9.77500  101.23300   44.2378  156.4377   21.60600    0.05813
  7.5500    9.60800  101.37300   44.1836  156.5391   21.54900    0.06535
  7.5583    9.44100  101.51300   44.1284  156.6414   21.46700    0.06612
  7.5667    9.27300  101.65200   44.0724  156.7455   21.30000    0.06216
  7.5750    9.10600  101.79200   44.0155  156.8496   21.16800    0.06112
  7.5833    8.93900  101.93200   43.9578  156.9546   21.07900    0.06480
  7.5917    8.77200  102.07100   43.8993  157.0606   20.92400    0.06211
  7.6000    8.60500  102.21000   43.8399  157.1676   20.71200    0.05087
  7.6083    8.43800  102.34900   43.7796  157.2755   20.52200    0.04048
  7.6167    8.27200  102.48800   43.7185  157.3835   20.34600    0.03193
  7.6250    8.10500  102.62700   43.6563  157.4932   20.12200    0.03129
  7.6333    7.93800  102.76500   43.5933  157.6040   19.98200    0.02684
  7.6417    7.77200  102.90300   43.5295  157.7149   19.75700    0.02118
  7.6500    7.60500  103.04100   43.4645  157.8275   19.51000    0.00385
  7.6583    7.43900  103.17900   43.3988  157.9402   19.25100   -0.00296
  7.6667    7.27200  103.31700   43.3317  158.0547   19.11100    0.00114
  7.6750    7.10600  103.45400   43.2641  158.1694   18.95900    0.00266
  7.6833    6.94100  103.59100   43.1957  158.2842   18.68300   -0.01070
  7.6917    6.77500  103.72800   43.1260  158.4008   18.41300   -0.03194
  7.7000    6.60900  103.86400   43.0553  158.5184   18.19300   -0.03338
  7.7083    6.44400  104.00100   42.9837  158.6360   18.06500   -0.01952
  7.7167    6.27800  104.13700   42.9109  158.7554   17.93500   -0.01274
  7.7250    6.11300  104.27300   42.8373  158.8749   17.67000   -0.01071
  7.7333    5.94700  104.40900   42.7622  158.9962   17.49400   -0.01819
  7.7417    5.78200  104.54500   42.6863  159.1176   17.31400   -0.01768
  7.7500    5.61700  104.68000   42.6095  159.2399   17.16600    0.00031
  7.7583    5.45200  104.81600   42.5313  159.3631   17.17100    0.00251
  7.7667    5.28700  104.95100   42.4521  159.4872   16.95000    0.00000

