hmax        =    300
wind_bottom =      2
wind_top    =     10
critlon     =      0
tbeg, h     =   0.00
tend, h     =  24.00
c_ionex     =      0
c_vert      =      1
time, gamma, az, latp, lonp, tec, tec_filtered
  5.9833    7.84600  309.77200   53.2962  128.4435   30.65000    0.00000
  5.9917    8.03200  309.80099   53.2478  128.6097   29.52400   -0.03158
  6.0000    8.21700  309.82901   53.1998  128.7722   29.75100   -0.06135
  6.0083    8.40300  309.85800   53.1522  128.9332   29.49900   -0.01189
  6.0167    8.59000  309.88800   53.1048  129.0927   29.15800   -0.01036
  6.0250    8.77600  309.91599   53.0578  129.2486   28.97500   -0.01448
  6.0333    8.96300  309.94299   53.0107  129.4027   28.68900   -0.00554
  6.0417    9.15000  309.97000   52.9640  129.5544   28.44300   -0.00825
  6.0500    9.33600  309.99600   52.9179  129.7029   28.18000   -0.00445
  6.0583    9.52300  310.02100   52.8717  129.8496   27.98500   -0.00787
  6.0667    9.71000  310.04599   52.8260  129.9940   27.71300   -0.01151
  6.0750    9.89700  310.07001   52.7805  130.1361   27.37400   -0.03242
  6.0833   10.08400  310.09299   52.7353  130.2758   27.10300   -0.05093
  6.0917   10.27200  310.11499   52.6901  130.4138   26.88700   -0.05183
  6.1000   10.45900  310.13599   52.6455  130.5490   26.69400   -0.04715
  6.1083   10.64600  310.15701   52.6013  130.6820   26.48800   -0.04944
  6.1167   10.83400  310.17700   52.5571  130.8135   26.23200   -0.04886
  6.1250   11.02100  310.19601   52.5135  130.9422   26.08500   -0.04402
  6.1333   11.20900  310.21399   52.4699  131.0694   25.93800   -0.03612
  6.1417   11.39600  310.23199   52.4270  131.1940   25.72500   -0.02965
  6.1500   11.58400  310.24799   52.3840  131.3171   25.58200   -0.03355
  6.1583   11.77200  310.26401   52.3415  131.4383   25.36900   -0.03497
  6.1667   11.96000  310.27899   52.2992  131.5575   25.20300   -0.04309
  6.1750   12.14800  310.29599   52.2577  131.6751   25.02900   -0.04352
  6.1833   12.33700  310.31201   52.2162  131.7915   24.90000   -0.03881
  6.1917   12.52600  310.32700   52.1750  131.9059   24.79100   -0.02430
  6.2000   12.71400  310.34201   52.1345  132.0180   24.71200   -0.01733
  6.2083   12.90300  310.35599   52.0940  132.1289   24.53000   -0.01240
  6.2167   13.09200  310.36801   52.0537  132.2378   24.41200   -0.01151
  6.2250   13.28100  310.38000   52.0139  132.3451   24.30300   -0.00730
  6.2333   13.47000  310.39099   51.9743  132.4507   24.15200   -0.00537
  6.2417   13.66000  310.40201   51.9350  132.5552   24.02000    0.00177
  6.2500   13.84900  310.41101   51.8960  132.6574   23.95600    0.01185
  6.2583   14.03800  310.42001   51.8575  132.7581   23.83300    0.01852
  6.2667   14.22700  310.42700   51.8191  132.8570   23.67300    0.02087
  6.2750   14.41700  310.43399   51.7810  132.9550   23.56900    0.02125
  6.2833   14.60600  310.44000   51.7433  133.0509   23.42000    0.02543
  6.2917   14.79500  310.44501   51.7060  133.1454   23.28400    0.02351
  6.3000   14.98500  310.44901   51.6687  133.2388   23.12500    0.02515
  6.3083   15.17400  310.45200   51.6319  133.3302   22.99400    0.02165
  6.3167   15.36400  310.45401   51.5953  133.4207   22.80700    0.02119
  6.3250   15.55300  310.45599   51.5592  133.5094   22.66400    0.02192
  6.3333   15.74200  310.45599   51.5233  133.5966   22.53500    0.02268
  6.3417   15.93300  310.45901   51.4877  133.6839   22.33900    0.01867
  6.3500   16.12300  310.45999   51.4525  133.7692   22.15200    0.01477
  6.3583   16.31400  310.46100   51.4175  133.8537   22.02400    0.01472
  6.3667   16.50400  310.46100   51.3830  133.9365   21.85900    0.00946
  6.3750   16.69500  310.45901   51.3484  134.0183   21.63800   -0.00704
  6.3833   16.88500  310.45700   51.3144  134.0986   21.43000   -0.02367
  6.3917   17.07600  310.45401   51.2806  134.1780   21.26900   -0.03355
  6.4000   17.26600  310.45001   51.2471  134.2558   21.10100   -0.03657
  6.4083   17.45700  310.44501   51.2138  134.3329   20.94500   -0.04026
  6.4167   17.64700  310.43900   51.1808  134.4084   20.77800   -0.04466
  6.4250   17.83800  310.43201   51.1480  134.4831   20.60500   -0.03431
  6.4333   18.02900  310.42401   51.1155  134.5567   20.55500   -0.02149
  6.4417   18.21900  310.41501   51.0833  134.6288   20.40100    0.00388
  6.4500   18.41000  310.40500   51.0513  134.7002   20.30700    0.01851
  6.4583   18.60000  310.39401   51.0197  134.7702   20.17100    0.03740
  6.4667   18.79100  310.38199   50.9881  134.8395   20.04400    0.04575
  6.4750   18.98100  310.36899   50.9570  134.9075   19.87100    0.05428
  6.4833   19.17200  310.35501   50.9260  134.9748   19.73100    0.05742
  6.4917   19.36200  310.34000   50.8953  135.0407   19.55900    0.06311
  6.5000   19.55200  310.32300   50.8649  135.1056   19.40100    0.06159
  6.5083   19.74400  310.31000   50.8348  135.1708   19.20800    0.05209
  6.5167   19.93500  310.29401   50.8049  135.2344   18.97400    0.03275
  6.5250   20.12600  310.27802   50.7753  135.2973   18.74000    0.01470
  6.5333   20.31800  310.26099   50.7459  135.3595   18.54200    0.00325
  6.5417   20.50900  310.24301   50.7168  135.4206   18.34100   -0.01017
  6.5500   20.70000  310.22400   50.6879  135.4808   18.08100   -0.01733
  6.5583   20.89100  310.20300   50.6592  135.5400   17.91700   -0.02190
  6.5667   21.08300  310.18201   50.6306  135.5988   17.72400   -0.01274
  6.5750   21.27400  310.15900   50.6023  135.6564   17.54300   -0.00339
  6.5833   21.46500  310.13599   50.5743  135.7132   17.36500    0.01095
  6.5917   21.65600  310.11099   50.5465  135.7692   17.19100    0.02221
  6.6000   21.84700  310.08499   50.5188  135.8244   16.98300    0.02963
  6.6083   22.03800  310.05801   50.4914  135.8789   16.78100    0.02978
  6.6167   22.22800  310.03000   50.4643  135.9323   16.56500    0.03063
  6.6250   22.41900  310.00000   50.4372  135.9852   16.36800    0.03240
  6.6333   22.61000  309.97000   50.4104  136.0374   16.17900    0.02964
  6.6417   22.80000  309.93799   50.3838  136.0886   15.94200    0.01109
  6.6500   22.99100  309.90601   50.3574  136.1394   15.65400   -0.01429
  6.6583   23.18100  309.87201   50.3313  136.1892   15.43100   -0.04525
  6.6667   23.37100  309.83600   50.3052  136.2383   15.17000   -0.06625
  6.6750   23.56200  309.80301   50.2796  136.2873   14.95500   -0.07767
  6.6833   23.75400  309.76901   50.2540  136.3359   14.80100   -0.08015
  6.6917   23.94500  309.73401   50.2287  136.3837   14.60600   -0.07535
  6.7000   24.13600  309.69699   50.2035  136.4307   14.44500   -0.07385
  6.7083   24.32700  309.66000   50.1786  136.4772   14.27800   -0.06522
  6.7167   24.51700  309.62100   50.1539  136.5227   14.13100   -0.05401
  6.7250   24.70800  309.57999   50.1292  136.5679   13.99400   -0.03467
  6.7333   24.89900  309.53900   50.1047  136.6125   13.88900   -0.01570
  6.7417   25.08900  309.49600   50.0805  136.6562   13.75900    0.00116
  6.7500   25.28000  309.45200   50.0563  136.6997   13.63200    0.00710
  6.7583   25.47000  309.40701   50.0324  136.7423   13.48700    0.01103
  6.7667   25.66000  309.35999   50.0086  136.7844   13.36800    0.00071
  6.7750   25.85000  309.31299   49.9850  136.8260   13.17900   -0.01681
  6.7833   26.03900  309.26300   49.9616  136.8667   13.01400   -0.04548
  6.7917   26.22900  309.21301   49.9383  136.9072   12.85500   -0.06793
  6.8000   26.41800  309.16101   49.9152  136.9469   12.72500   -0.09369
  6.8083   26.60800  309.10800   49.8922  136.9863   12.55800   -0.10513
  6.8167   26.79700  309.05399   49.8694  137.0250   12.49300   -0.11076
  6.8250   26.98500  308.99799   49.8468  137.0630   12.40300   -0.09697
  6.8333   27.17400  308.94101   49.8242  137.1008   12.35100   -0.08027
  6.8417   27.36400  308.88599   49.8019  137.1385   12.30500   -0.05605
  6.8500   27.55300  308.82999   49.7799  137.1756   12.26000   -0.02444
  6.8583   27.74300  308.77200   49.7578  137.2124   12.25500    0.01166
  6.8667   27.93200  308.71301   49.7360  137.2485   12.24100    0.04492
  6.8750   28.12100  308.65302   49.7144  137.2842   12.18900    0.06366
  6.8833   28.31000  308.59100   49.6928  137.3195   12.11000    0.07129
  6.8917   28.49900  308.52802   49.6713  137.3543   12.04300    0.06794
  6.9000   28.68700  308.46301   49.6500  137.3885   11.93400    0.05786
  6.9083   28.87600  308.39700   49.6288  137.4225   11.82100    0.03860
  6.9167   29.06400  308.32901   49.6077  137.4558   11.69900    0.02350
  6.9250   29.25100  308.26099   49.5870  137.4887   11.60600    0.01082
  6.9333   29.43900  308.19000   49.5661  137.5212   11.49200    0.00395
  6.9417   29.62600  308.11801   49.5455  137.5532   11.38500    0.00127
  6.9500   29.81300  308.04501   49.5250  137.5848   11.29500    0.00484
  6.9583   30.00000  307.97000   49.5045  137.6161   11.19800    0.01413
  6.9667   30.18600  307.89401   49.4843  137.6468   11.10900    0.02268
  6.9750   30.37200  307.81601   49.4641  137.6771   11.00700    0.03559
  6.9833   30.55800  307.73599   49.4440  137.7070   10.92900    0.04178
  6.9917   30.74400  307.65500   49.4241  137.7367   10.80300    0.04246
  7.0000   30.92900  307.57300   49.4043  137.7658   10.67500    0.02536
  7.0083   31.11500  307.49301   49.3847  137.7950   10.50500    0.00914
  7.0167   31.30100  307.41101   49.3652  137.8239   10.38400   -0.01108
  7.0250   31.48700  307.32700   49.3458  137.8524   10.23300   -0.02012
  7.0333   31.67300  307.24200   49.3265  137.8806   10.11900   -0.02737
  7.0417   31.85800  307.15500   49.3073  137.9083   10.00400   -0.02693
  7.0500   32.04300  307.06699   49.2883  137.9357    9.88900   -0.02233
  7.0583   32.22800  306.97699   49.2692  137.9628    9.79400   -0.01411
  7.0667   32.41200  306.88599   49.2504  137.9894    9.69500   -0.00102
  7.0750   32.59600  306.79300   49.2317  138.0158    9.60600    0.00654
  7.0833   32.78000  306.69800   49.2129  138.0418    9.48500    0.00727
  7.0917   32.96300  306.60101   49.1943  138.0674    9.36100   -0.00108
  7.1000   33.14600  306.50299   49.1759  138.0927    9.23700   -0.01084
  7.1083   33.32800  306.40302   49.1575  138.1175    9.12300   -0.02214
  7.1167   33.51000  306.30200   49.1392  138.1422    9.00000   -0.03185
  7.1250   33.69200  306.19901   49.1210  138.1666    8.89000   -0.03816
  7.1333   33.87300  306.09399   49.1029  138.1905    8.79200   -0.03949
  7.1417   34.05300  305.98700   49.0850  138.2140    8.68900   -0.03186
  7.1500   34.23400  305.87900   49.0670  138.2375    8.61400   -0.02344
  7.1583   34.41300  305.76901   49.0492  138.2603    8.50700   -0.00238
  7.1667   34.59300  305.65701   49.0314  138.2832    8.44900    0.02727
  7.1750   34.77300  305.54700   49.0139  138.3059    8.39500    0.06924
  7.1833   34.95400  305.43500   48.9964  138.3286    8.32600    0.10602
  7.1917   35.13400  305.32199   48.9790  138.3509    8.22100    0.13759
  7.2000   35.31300  305.20700   48.9617  138.3729    8.12300    0.15335
  7.2083   35.49200  305.09000   48.9444  138.3946    7.96100    0.16191
  7.2167   35.67000  304.97101   48.9273  138.4159    7.80500    0.16107
  7.2250   35.84800  304.85001   48.9101  138.4371    7.64400    0.15482
  7.2333   36.02600  304.72699   48.8931  138.4580    7.43800    0.13163
  7.2417   36.20300  304.60300   48.8762  138.4786    7.18700    0.09038
  7.2500   36.37900  304.47601   48.8593  138.4988    6.93100    0.03965
  7.2583   36.55500  304.34799   48.8425  138.5189    6.67700   -0.00993
  7.2667   36.73000  304.21799   48.8258  138.5386    6.43400   -0.04938
  7.2750   36.90500  304.08600   48.8091  138.5582    6.23400   -0.08309
  7.2833   37.07900  303.95200   48.7926  138.5773    6.01900   -0.11609
  7.2917   37.25300  303.81601   48.7760  138.5964    5.79700   -0.15764
  7.3000   37.42600  303.67801   48.7596  138.6151    5.57900   -0.19864
  7.3083   37.59800  303.53900   48.7433  138.6336    5.39400   -0.23598
  7.3167   37.76900  303.39700   48.7270  138.6517    5.22200   -0.25256
  7.3250   37.94000  303.25299   48.7108  138.6696    5.13600   -0.24884
  7.3333   38.11100  303.10699   48.6946  138.6874    5.08300   -0.21982
  7.3417   38.28300  302.96399   48.6786  138.7054    5.06100   -0.18139
  7.3500   38.45400  302.81799   48.6626  138.7230    5.04700   -0.14143
  7.3583   38.62500  302.67001   48.6467  138.7405    5.02200   -0.10168
  7.3667   38.79500  302.51999   48.6308  138.7578    5.01400   -0.05983
  7.3750   38.96400  302.36801   48.6151  138.7747    5.02100   -0.01013
  7.3833   39.13200  302.21399   48.5994  138.7914    5.04200    0.05262
  7.3917   39.30000  302.05701   48.5837  138.8079    5.10100    0.10936
  7.4000   39.46800  301.89899   48.5680  138.8243    5.08700    0.15740
  7.4083   39.63400  301.73901   48.5525  138.8404    5.06900    0.17940
  7.4167   39.80000  301.57599   48.5370  138.8562    5.00800    0.18307
  7.4250   39.96500  301.41199   48.5216  138.8719    4.90600    0.16687
  7.4333   40.12900  301.24500   48.5062  138.8873    4.79400    0.13399
  7.4417   40.29200  301.07599   48.4908  138.9024    4.65500    0.09231
  7.4500   40.45500  300.90500   48.4755  138.9174    4.50900    0.04493
  7.4583   40.61700  300.73199   48.4603  138.9323    4.36600   -0.00162
  7.4667   40.77800  300.55701   48.4452  138.9469    4.22100   -0.04524
  7.4750   40.93800  300.37900   48.4300  138.9612    4.07400   -0.08329
  7.4833   41.09700  300.20001   48.4150  138.9753    3.94300   -0.10848
  7.4917   41.25600  300.01801   48.3999  138.9894    3.84400   -0.11137
  7.5000   41.41300  299.83401   48.3850  139.0031    3.78900   -0.09689
  7.5083   41.57200  299.65201   48.3701  139.0171    3.73100   -0.07053
  7.5167   41.73100  299.46701   48.3553  139.0309    3.68400   -0.04628
  7.5250   41.88800  299.28000   48.3405  139.0445    3.62400   -0.02280
  7.5333   42.04400  299.09100   48.3258  139.0579    3.56900   -0.00672
  7.5417   42.20000  298.89899   48.3111  139.0711    3.50000    0.00408
  7.5500   42.35500  298.70499   48.2964  139.0842    3.43000    0.01372
  7.5583   42.50800  298.50900   48.2818  139.0970    3.38500    0.02280
  7.5667   42.66100  298.31100   48.2673  139.1097    3.32900    0.02631
  7.5750   42.81300  298.10999   48.2527  139.1222    3.24900    0.02004
  7.5833   42.96400  297.90799   48.2383  139.1345    3.17100    0.00454
  7.5917   43.11300  297.70200   48.2238  139.1465    3.08000   -0.01480
  7.6000   43.26200  297.49500   48.2094  139.1585    2.98400   -0.03520
  7.6083   43.41000  297.28500   48.1950  139.1703    2.90300   -0.04874
  7.6167   43.55600  297.07300   48.1807  139.1818    2.84200   -0.05141
  7.6250   43.70200  296.85800   48.1664  139.1932    2.79300   -0.04345
  7.6333   43.84700  296.64200   48.1522  139.2045    2.75500   -0.02927
  7.6417   43.99000  296.42300   48.1380  139.2155    2.71500   -0.01123
  7.6500   44.13200  296.20099   48.1238  139.2264    2.67500    0.00548
  7.6583   44.27300  295.97800   48.1097  139.2371    2.62600    0.01904
  7.6667   44.41300  295.75201   48.0956  139.2477    2.57100    0.02695
  7.6750   44.55500  295.52701   48.0816  139.2585    2.51100    0.03741
  7.6833   44.69500  295.29901   48.0675  139.2691    2.48000    0.04671
  7.6917   44.83500  295.07001   48.0536  139.2797    2.43000    0.05051
  7.7000   44.97300  294.83801   48.0397  139.2900    2.35600    0.03832
  7.7083   45.11000  294.60300   48.0258  139.3001    2.26500    0.01112
  7.7167   45.24500  294.36600   48.0119  139.3100    2.15800   -0.02356
  7.7250   45.38000  294.12701   47.9981  139.3199    2.05900   -0.05565
  7.7333   45.51300  293.88599   47.9843  139.3296    1.98500   -0.08142
  7.7417   45.64500  293.64200   47.9705  139.3391    1.91100   -0.09345
  7.7500   45.77600  293.39499   47.9567  139.3485    1.87400   -0.09034
  7.7583   45.90500  293.14600   47.9430  139.3577    1.86700   -0.07837
  7.7667   46.03300  292.89499   47.9293  139.3668    1.83100   -0.06514
  7.7750   46.16000  292.64200   47.9156  139.3757    1.79900   -0.05642
  7.7833   46.28500  292.38599   47.9020  139.3844    1.77300   -0.04343
  7.7917   46.41000  292.12799   47.8883  139.3932    1.75500   -0.02056
  7.8000   46.53200  291.86700   47.8747  139.4015    1.76400    0.01028
  7.8083   46.65400  291.60400   47.8611  139.4099    1.76900    0.04372
  7.8167   46.77300  291.33899   47.8476  139.4180    1.75900    0.07041
  7.8250   46.89200  291.07101   47.8341  139.4261    1.73800    0.09196
  7.8333   47.00900  290.80099   47.8206  139.4340    1.71800    0.10302
  7.8417   47.12700  290.53201   47.8071  139.4421    1.66000    0.10575
  7.8500   47.24500  290.26099   47.7937  139.4502    1.60000    0.10123
  7.8583   47.36000  289.98700   47.7803  139.4580    1.54800    0.09070
  7.8667   47.47400  289.71100   47.7670  139.4657    1.46600    0.06903
  7.8750   47.58700  289.43301   47.7536  139.4734    1.36200    0.03084
  7.8833   47.69800  289.15201   47.7403  139.4808    1.24400   -0.01048
  7.8917   47.80800  288.86801   47.7269  139.4882    1.14900   -0.04761
  7.9000   47.91600  288.58301   47.7136  139.4954    1.06200   -0.07680
  7.9083   48.02200  288.29501   47.7003  139.5023    0.97800   -0.09973
  7.9167   48.12700  288.00500   47.6870  139.5093    0.91100   -0.11244
  7.9250   48.23100  287.71301   47.6738  139.5161    0.86900   -0.11275
  7.9333   48.33200  287.41800   47.6605  139.5227    0.83800   -0.10492
  7.9417   48.43200  287.12100   47.6473  139.5292    0.80900   -0.09377
  7.9500   48.53100  286.82199   47.6341  139.5357    0.78600   -0.07980
  7.9583   48.62800  286.52100   47.6209  139.5420    0.77500   -0.05934
  7.9667   48.72300  286.21799   47.6077  139.5481    0.78200   -0.03324
  7.9750   48.81600  285.91199   47.5945  139.5541    0.79200   -0.00532
  7.9833   48.90800  285.60501   47.5813  139.5600    0.79900    0.01687
  7.9917   48.99800  285.29501   47.5682  139.5658    0.79200    0.03361
  8.0000   49.08600  284.98300   47.5550  139.5714    0.78800    0.03733
  8.0083   49.17600  284.67200   47.5420  139.5773    0.75000    0.03972
  8.0167   49.26400  284.35901   47.5289  139.5831    0.74300    0.03379
  8.0250   49.35000  284.04401   47.5158  139.5887    0.71200    0.03015
  8.0333   49.43400  283.72601   47.5028  139.5942    0.68700    0.01772
  8.0417   49.51700  283.40701   47.4897  139.5996    0.64900    0.00380
  8.0500   49.59800  283.08499   47.4767  139.6049    0.61200   -0.00594
  8.0583   49.67700  282.76199   47.4636  139.6101    0.60000   -0.01967
  8.0667   49.75400  282.43600   47.4506  139.6151    0.54200   -0.03086
  8.0750   49.82900  282.10901   47.4376  139.6200    0.51000   -0.03854
  8.0833   49.90300  281.78000   47.4246  139.6249    0.50600   -0.03162
  8.0917   49.97400  281.44800   47.4115  139.6295    0.50000   -0.01456
  8.1000   50.04400  281.11499   47.3985  139.6341    0.50100    0.00533
  8.1083   50.11200  280.78101   47.3855  139.6386    0.50300    0.02367
  8.1167   50.17700  280.44400   47.3725  139.6429    0.48600    0.03721
  8.1250   50.24100  280.10599   47.3595  139.6471    0.46700    0.04576
  8.1333   50.30300  279.76599   47.3465  139.6513    0.45000    0.05063
  8.1417   50.36300  279.42499   47.3335  139.6553    0.41800    0.05161
  8.1500   50.42200  279.08200   47.3205  139.6593    0.38600    0.04539
  8.1583   50.47800  278.73700   47.3075  139.6631    0.34300    0.03529
  8.1667   50.53200  278.39099   47.2945  139.6667    0.30000    0.01549
  8.1750   50.58700  278.04501   47.2816  139.6706    0.23300   -0.00869
  8.1833   50.64100  277.69800   47.2686  139.6745    0.17800   -0.03211
  8.1917   50.69200  277.34900   47.2557  139.6781    0.14300   -0.04889
  8.2000   50.74100  276.99899   47.2427  139.6817    0.10700   -0.06023
  8.2083   50.78900  276.64801   47.2298  139.6853    0.07800   -0.07477
  8.2167   50.83400  276.29501   47.2168  139.6886    0.03600   -0.08169
  8.2250   50.87700  275.94000   47.2038  139.6918    0.03300   -0.09049
  8.2333   50.91900  275.58499   47.1909  139.6951    0.00000   -0.08651
  8.2417   50.95800  275.22800   47.1779  139.6982    0.01000   -0.08011
  8.2500   50.99500  274.87000   47.1649  139.7011    0.02100   -0.05224
  8.2583   51.03000  274.51099   47.1519  139.7039    0.07500   -0.02156
  8.2667   51.06300  274.14999   47.1389  139.7067    0.10200    0.00911
  8.2750   51.09400  273.78900   47.1259  139.7094    0.11900    0.03052
  8.2833   51.12300  273.42700   47.1130  139.7119    0.14400    0.04324
  8.2917   51.14900  273.06299   47.0999  139.7143    0.14400    0.04680
  8.3000   51.17400  272.69901   47.0869  139.7167    0.13300    0.03887
  8.3083   51.19600  272.33401   47.0739  139.7188    0.12000    0.02773
  8.3167   51.21700  271.96799   47.0608  139.7211    0.11300    0.01757
  8.3250   51.23500  271.60199   47.0478  139.7231    0.10800    0.00595
  8.3333   51.25100  271.23499   47.0348  139.7250    0.09000   -0.00759
  8.3417   51.26800  270.86801   47.0217  139.7271    0.07200   -0.01941
  8.3500   51.28300  270.50101   47.0087  139.7292    0.06800   -0.02358
  8.3583   51.29600  270.13300   46.9957  139.7312    0.07400   -0.02080
  8.3667   51.30700  269.76401   46.9826  139.7331    0.07900   -0.01624
  8.3750   51.31600  269.39499   46.9696  139.7349    0.08100   -0.00918
  8.3833   51.32200  269.02499   46.9565  139.7365    0.09700   -0.00470
  8.3917   51.32700  268.65500   46.9434  139.7381    0.09500   -0.00039
  8.4000   51.32900  268.28500   46.9303  139.7396    0.09900   -0.00200
  8.4083   51.32900  267.91400   46.9171  139.7410    0.09400   -0.00255
  8.4167   51.32700  267.54300   46.9040  139.7422    0.09700   -0.00718
  8.4250   51.32300  267.17099   46.8908  139.7434    0.08700   -0.00621
  8.4333   51.31600  266.79999   46.8777  139.7445    0.10400   -0.00438
  8.4417   51.30800  266.42801   46.8645  139.7455    0.10900    0.00279
  8.4500   51.29700  266.05600   46.8512  139.7464    0.11700    0.00934
  8.4583   51.28500  265.68500   46.8380  139.7472    0.13000    0.01648
  8.4667   51.27000  265.31299   46.8248  139.7480    0.13600    0.02162
  8.4750   51.25300  264.94101   46.8115  139.7486    0.13600    0.02053
  8.4833   51.23400  264.57001   46.7982  139.7491    0.12600    0.01715
  8.4917   51.21200  264.19800   46.7849  139.7495    0.12600    0.01130
  8.5000   51.18900  263.82700   46.7716  139.7498    0.11900    0.00384
  8.5083   51.16700  263.45700   46.7583  139.7505    0.10600   -0.00913
  8.5167   51.14200  263.08701   46.7450  139.7509    0.08700   -0.02013
  8.5250   51.11600  262.71701   46.7316  139.7513    0.08900   -0.02873
  8.5333   51.08700  262.34799   46.7183  139.7516    0.08600   -0.03209
  8.5417   51.05600  261.97900   46.7049  139.7517    0.08800   -0.03505
  8.5500   51.02300  261.60999   46.6914  139.7518    0.09400   -0.03365
  8.5583   50.98800  261.24200   46.6780  139.7518    0.11000   -0.02741
  8.5667   50.95100  260.87399   46.6645  139.7518    0.13400   -0.02241
  8.5750   50.91200  260.50699   46.6510  139.7516    0.13900   -0.01838
  8.5833   50.87000  260.14099   46.6375  139.7513    0.15600   -0.01684
  8.5917   50.82700  259.77499   46.6239  139.7510    0.17500   -0.01616
  8.6000   50.78100  259.41000   46.6103  139.7505    0.18200   -0.01473
  8.6083   50.73400  259.04599   46.5967  139.7500    0.20600   -0.01366
  8.6167   50.68500  258.68201   46.5831  139.7494    0.22700   -0.00715
  8.6250   50.63300  258.31900   46.5694  139.7486    0.25700   -0.00276
  8.6333   50.57900  257.95801   46.5557  139.7478    0.27500    0.00110
  8.6417   50.52400  257.59698   46.5420  139.7469    0.29600    0.00220
  8.6500   50.46600  257.23700   46.5282  139.7459    0.31600    0.00620
  8.6583   50.40700  256.87799   46.5144  139.7449    0.34600    0.00800
  8.6667   50.34500  256.52100   46.5006  139.7437    0.35900    0.00851
  8.6750   50.28500  256.16400   46.4868  139.7428    0.37600    0.00571
  8.6833   50.22200  255.80800   46.4729  139.7417    0.39500    0.00106
  8.6917   50.15800  255.45300   46.4590  139.7406    0.40300   -0.00240
  8.7000   50.09200  255.10001   46.4451  139.7394    0.42500   -0.00765
  8.7083   50.02300  254.74800   46.4311  139.7381    0.43700   -0.00755
  8.7167   49.95300  254.39600   46.4171  139.7367    0.46400   -0.00925
  8.7250   49.88100  254.04601   46.4031  139.7352    0.47900   -0.00809
  8.7333   49.80700  253.69800   46.3890  139.7337    0.50200   -0.01080
  8.7417   49.73100  253.35001   46.3749  139.7320    0.51500   -0.00711
  8.7500   49.65300  253.00400   46.3607  139.7303    0.55600   -0.00523
  8.7583   49.57300  252.65900   46.3465  139.7284    0.57400    0.00022
  8.7667   49.49200  252.31599   46.3323  139.7265    0.60400   -0.00249
  8.7750   49.40800  251.97400   46.3180  139.7245    0.61700   -0.00305
  8.7833   49.32300  251.63400   46.3037  139.7224    0.64600   -0.01167
  8.7917   49.23600  251.29500   46.2893  139.7202    0.64800   -0.01506
  8.8000   49.14700  250.95700   46.2749  139.7179    0.68300   -0.02010
  8.8083   49.05700  250.62100   46.2604  139.7156    0.70800   -0.01959
  8.8167   48.96500  250.28700   46.2459  139.7132    0.73300   -0.01760
  8.8250   48.87100  249.95399   46.2314  139.7107    0.77600   -0.01527
  8.8333   48.77500  249.62300   46.2168  139.7080    0.80400   -0.00915
  8.8417   48.68000  249.29300   46.2022  139.7056    0.84600   -0.00575
  8.8500   48.58400  248.96400   46.1875  139.7032    0.88000   -0.00416
  8.8583   48.48600  248.63699   46.1729  139.7006    0.90600   -0.00520
  8.8667   48.38600  248.31100   46.1581  139.6979    0.94300   -0.00775
  8.8750   48.28400  247.98801   46.1433  139.6951    0.97900   -0.01169
  8.8833   48.18100  247.66499   46.1284  139.6923    1.00500   -0.01757
  8.8917   48.07600  247.34500   46.1135  139.6893    1.04100   -0.02585
  8.9000   47.97000  247.02600   46.0986  139.6864    1.07300   -0.03167
  8.9083   47.86100  246.70900   46.0835  139.6832    1.11400   -0.03688
  8.9167   47.75200  246.39400   46.0685  139.6800    1.15700   -0.04276
  8.9250   47.64100  246.08000   46.0534  139.6768    1.19000   -0.03955
  8.9333   47.52800  245.76801   46.0382  139.6734    1.27000   -0.03356
  8.9417   47.41300  245.45799   46.0229  139.6699    1.32700   -0.02271
  8.9500   47.29800  245.14999   46.0076  139.6664    1.38300   -0.01873
  8.9583   47.18000  244.84300   45.9922  139.6627    1.44000   -0.01154
  8.9667   47.06100  244.53799   45.9768  139.6590    1.51400   -0.00506
  8.9750   46.94100  244.23500   45.9613  139.6552    1.57100    0.00278
  8.9833   46.81900  243.93401   45.9458  139.6513    1.63700    0.00687
  8.9917   46.69600  243.63499   45.9302  139.6474    1.69900    0.00960
  9.0000   46.57200  243.33701   45.9145  139.6434    1.75400    0.00819
  9.0083   46.44800  243.04100   45.8988  139.6395    1.80700    0.00423
  9.0167   46.32300  242.74600   45.8830  139.6355    1.85900    0.00286
  9.0250   46.19700  242.45300   45.8672  139.6315    1.92300    0.00351
  9.0333   46.06900  242.16200   45.8513  139.6274    1.98100    0.00615
  9.0417   45.94000  241.87300   45.8354  139.6232    2.04000    0.00602
  9.0500   45.80900  241.58501   45.8193  139.6188    2.09100    0.00439
  9.0583   45.67700  241.29900   45.8032  139.6144    2.14200    0.00320
  9.0667   45.54400  241.01500   45.7870  139.6099    2.20200    0.00621
  9.0750   45.41000  240.73300   45.7708  139.6054    2.27000    0.01002
  9.0833   45.27400  240.45300   45.7545  139.6007    2.32400    0.00822
  9.0917   45.13700  240.17500   45.7381  139.5960    2.36200    0.00254
  9.1000   44.99800  239.89799   45.7216  139.5911    2.41500   -0.00585
  9.1083   44.85900  239.62300   45.7050  139.5862    2.45900   -0.01014
  9.1167   44.71800  239.35001   45.6884  139.5812    2.51400   -0.01520
  9.1250   44.57600  239.07899   45.6717  139.5761    2.56500   -0.01584
  9.1333   44.43300  238.81000   45.6549  139.5709    2.62900   -0.01415
  9.1417   44.28900  238.54201   45.6380  139.5657    2.69600   -0.01198
  9.1500   44.14400  238.27699   45.6210  139.5603    2.75200   -0.01258
  9.1583   43.99700  238.01300   45.6040  139.5548    2.80600   -0.01194
  9.1667   43.85000  237.75101   45.5869  139.5494    2.87900   -0.01357
  9.1750   43.70300  237.49001   45.5697  139.5439    2.92700   -0.01234
  9.1833   43.55500  237.23000   45.5524  139.5385    2.99600   -0.01398
  9.1917   43.40700  236.97200   45.5351  139.5330    3.06100   -0.01082
  9.2000   43.25700  236.71700   45.5177  139.5273    3.13200   -0.00831
  9.2083   43.10600  236.46201   45.5001  139.5216    3.20100   -0.00555
  9.2167   42.95400  236.21001   45.4825  139.5158    3.26900   -0.00044
  9.2250   42.80100  235.95900   45.4648  139.5099    3.35100    0.00120
  9.2333   42.64600  235.71001   45.4470  139.5038    3.40600    0.00119
  9.2417   42.49100  235.46300   45.4291  139.4977    3.46800   -0.00240
  9.2500   42.33500  235.21800   45.4111  139.4915    3.53700   -0.00234
  9.2583   42.17800  234.97400   45.3930  139.4853    3.61100   -0.00178
  9.2667   42.02000  234.73199   45.3748  139.4789    3.67800   -0.00211
  9.2750   41.86100  234.49200   45.3564  139.4724    3.74600   -0.00453
  9.2833   41.70100  234.25301   45.3380  139.4659    3.81200   -0.00539
  9.2917   41.54100  234.01601   45.3195  139.4594    3.88400   -0.00632
  9.3000   41.37900  233.78101   45.3009  139.4526    3.94900   -0.00810
  9.3083   41.21600  233.54700   45.2821  139.4457    4.00800   -0.01013
  9.3167   41.05300  233.31500   45.2633  139.4389    4.07900   -0.00599
  9.3250   40.88900  233.08501   45.2443  139.4319    4.17200    0.00168
  9.3333   40.72400  232.85600   45.2252  139.4248    4.25100    0.00904
  9.3417   40.56000  232.62801   45.2061  139.4178    4.32500    0.01269
  9.3500   40.39500  232.40199   45.1869  139.4108    4.40600    0.01316
  9.3583   40.22900  232.17700   45.1675  139.4036    4.47300    0.00258
  9.3667   40.06300  231.95399   45.1481  139.3964    4.50000   -0.01214
  9.3750   39.89500  231.73300   45.1285  139.3890    4.56300   -0.02716
  9.3833   39.72700  231.51300   45.1088  139.3816    4.62900   -0.03060
  9.3917   39.55800  231.29401   45.0889  139.3741    4.70700   -0.03007
  9.4000   39.38800  231.07700   45.0689  139.3664    4.78800   -0.01837
  9.4083   39.21800  230.86200   45.0488  139.3587    4.90300   -0.00460
  9.4167   39.04700  230.64799   45.0286  139.3510    4.99000    0.01007
  9.4250   38.87500  230.43600   45.0082  139.3430    5.07500    0.01464
  9.4333   38.70200  230.22501   44.9877  139.3350    5.14600    0.01526
  9.4417   38.52900  230.01601   44.9671  139.3269    5.21800    0.01173
  9.4500   38.35500  229.80800   44.9463  139.3186    5.29000    0.00677
  9.4583   38.18100  229.60100   44.9254  139.3104    5.36200   -0.00359
  9.4667   38.00600  229.39600   44.9044  139.3021    5.41700   -0.01354
  9.4750   37.83000  229.19299   44.8832  139.2935    5.49500   -0.02264
  9.4833   37.65300  228.99100   44.8618  139.2849    5.57200   -0.02611
  9.4917   37.47600  228.78999   44.8403  139.2762    5.65000   -0.02803
  9.5000   37.29900  228.59100   44.8187  139.2674    5.73300   -0.02651
  9.5083   37.12200  228.39200   44.7970  139.2587    5.82400   -0.02082
  9.5167   36.94500  228.19501   44.7752  139.2500    5.92200   -0.01248
  9.5250   36.76700  227.99899   44.7531  139.2411    6.01700   -0.00069
  9.5333   36.58900  227.80400   44.7310  139.2322    6.12500    0.01079
  9.5417   36.41000  227.61099   44.7086  139.2231    6.22300    0.01948
  9.5500   36.23000  227.41901   44.6861  139.2139    6.30800    0.01964
  9.5583   36.05000  227.22800   44.6634  139.2046    6.37700    0.01391
  9.5667   35.86900  227.03900   44.6406  139.1951    6.44800    0.01289
  9.5750   35.68800  226.85100   44.6176  139.1857    6.55300    0.01379
  9.5833   35.50600  226.66400   44.5944  139.1760    6.63000    0.01571
  9.5917   35.32400  226.47900   44.5711  139.1663    6.70300    0.01053
  9.6000   35.14200  226.29500   44.5476  139.1565    6.77200    0.00758
  9.6083   34.95800  226.11200   44.5239  139.1465    6.85800    0.00675
  9.6167   34.77500  225.92999   44.5000  139.1366    6.94000    0.00861
  9.6250   34.59100  225.74899   44.4759  139.1264    7.02200    0.00409
  9.6333   34.40600  225.57001   44.4517  139.1161    7.08000   -0.00084
  9.6417   34.22200  225.39200   44.4273  139.1059    7.16500   -0.01329
  9.6500   34.03600  225.21500   44.4026  139.0953    7.21500   -0.02117
  9.6583   33.85100  225.03900   44.3778  139.0848    7.29700   -0.03375
  9.6667   33.66500  224.86400   44.3528  139.0742    7.36100   -0.03969
  9.6750   33.47900  224.69000   44.3276  139.0635    7.44800   -0.04264
  9.6833   33.29400  224.51700   44.3023  139.0528    7.55200   -0.04216
  9.6917   33.10800  224.34500   44.2768  139.0420    7.64100   -0.03904
  9.7000   32.92200  224.17400   44.2511  139.0312    7.74900   -0.02784
  9.7083   32.73500  224.00500   44.2251  139.0200    7.89800   -0.01665
  9.7167   32.54800  223.83600   44.1989  139.0089    7.99100   -0.01252
  9.7250   32.36000  223.66901   44.1725  138.9975    8.06800   -0.01679
  9.7333   32.17200  223.50200   44.1459  138.9862    8.18100   -0.01898
  9.7417   31.98400  223.33701   44.1191  138.9746    8.29100   -0.01426
  9.7500   31.79600  223.17200   44.0920  138.9631    8.41000   -0.00707
  9.7583   31.60700  223.00900   44.0647  138.9513    8.54100    0.00348
  9.7667   31.41800  222.84700   44.0372  138.9394    8.67200    0.01467
  9.7750   31.22800  222.68500   44.0094  138.9274    8.79500    0.01569
  9.7833   31.03900  222.52499   43.9815  138.9154    8.87300    0.00970
  9.7917   30.84900  222.36501   43.9532  138.9032    8.96300    0.00738
  9.8000   30.65900  222.20700   43.9248  138.8909    9.10100    0.00718
  9.8083   30.46800  222.04900   43.8959  138.8784    9.18900    0.01140
  9.8167   30.27700  221.89301   43.8669  138.8657    9.30600    0.01109
  9.8250   30.08600  221.73700   43.8377  138.8530    9.42400    0.01191
  9.8333   29.89500  221.58200   43.8081  138.8403    9.52000    0.01048
  9.8417   29.70500  221.42799   43.7785  138.8275    9.62500    0.00281
  9.8500   29.51400  221.27400   43.7485  138.8146    9.70900   -0.00383
  9.8583   29.32400  221.12199   43.7184  138.8017    9.80900   -0.01556
  9.8667   29.13300  220.97000   43.6879  138.7886    9.88700   -0.02553
  9.8750   28.94100  220.82001   43.6571  138.7751    9.98300   -0.03083
  9.8833   28.75000  220.67000   43.6261  138.7618   10.10800   -0.02631
  9.8917   28.55800  220.52100   43.5947  138.7482   10.24000   -0.01853
  9.9000   28.36600  220.37300   43.5630  138.7345   10.35500   -0.01018
  9.9083   28.17400  220.22501   43.5311  138.7208   10.48800   -0.00566
  9.9167   27.98200  220.07899   43.4989  138.7068   10.60100    0.00074
  9.9250   27.78900  219.93300   43.4662  138.6927   10.72700    0.00517
  9.9333   27.59700  219.78799   43.4335  138.6786   10.85100    0.00643
  9.9417   27.40400  219.64400   43.4003  138.6642   10.94900    0.00678
  9.9500   27.21100  219.50000   43.3667  138.6498   11.07400   -0.00063
  9.9583   27.01800  219.35699   43.3329  138.6352   11.15600   -0.00474
  9.9667   26.82500  219.21500   43.2987  138.6205   11.27300   -0.00240
  9.9750   26.63200  219.07401   43.2643  138.6057   11.43200    0.00887
  9.9833   26.43900  218.93300   43.2295  138.5908   11.56400    0.01334
  9.9917   26.24500  218.79300   43.1942  138.5756   11.64100    0.01027
 10.0000   26.05200  218.65401   43.1588  138.5604   11.75600    0.00667
 10.0083   25.85900  218.51601   43.1231  138.5450   11.88100    0.00774
 10.0167   25.66600  218.37801   43.0869  138.5296   11.98100    0.00950
 10.0250   25.47300  218.24001   43.0504  138.5141   12.09500    0.00770
 10.0333   25.28000  218.10400   43.0136  138.4984   12.19500    0.00528
 10.0417   25.08600  217.96800   42.9763  138.4825   12.29000    0.00157
 10.0500   24.89300  217.83299   42.9387  138.4665   12.39500    0.00610
 10.0583   24.70000  217.69800   42.9008  138.4505   12.53800    0.01448
 10.0667   24.50600  217.56400   42.8623  138.4341   12.64600    0.02375
 10.0750   24.31300  217.43100   42.8236  138.4177   12.74800    0.02556
 10.0833   24.11900  217.29800   42.7843  138.4011   12.84000    0.02544
 10.0917   23.92500  217.16600   42.7446  138.3843   12.92800    0.02166
 10.1000   23.73200  217.03400   42.7047  138.3676   12.99900    0.02225
 10.1083   23.53800  216.90300   42.6642  138.3505   13.11100    0.02449
 10.1167   23.34400  216.77200   42.6233  138.3333   13.20900    0.03066
 10.1250   23.15100  216.64200   42.5821  138.3161   13.30200    0.02699
 10.1333   22.95700  216.51300   42.5403  138.2986   13.34900    0.02025
 10.1417   22.76300  216.38400   42.4980  138.2810   13.41800    0.01386
 10.1500   22.56900  216.25600   42.4553  138.2631   13.50100    0.01095
 10.1583   22.37600  216.12801   42.4123  138.2453   13.55700    0.00258
 10.1667   22.18200  216.00000   42.3687  138.2273   13.57800   -0.00164
 10.1750   21.98900  215.87399   42.3248  138.2091   13.68000   -0.00008
 10.1833   21.79600  215.74699   42.2803  138.1909   13.76600    0.01765
 10.1917   21.60300  215.62199   42.2355  138.1724   13.88800    0.02839
 10.2000   21.41000  215.49600   42.1900  138.1539   13.93700    0.03619
 10.2083   21.21600  215.37199   42.1440  138.1349   13.99600    0.03553
 10.2167   21.02300  215.24699   42.0975  138.1160   14.05300    0.03049
 10.2250   20.83000  215.12300   42.0505  138.0970   14.06800    0.02329
 10.2333   20.63700  215.00000   42.0031  138.0777   14.10600    0.00896
 10.2417   20.44400  214.87700   41.9550  138.0583   14.11100    0.00814
 10.2500   20.25100  214.75400   41.9064  138.0387   14.21300    0.00377
 10.2583   20.05800  214.63200   41.8573  138.0190   14.22400    0.01103
 10.2667   19.86500  214.51100   41.8076  137.9989   14.30400    0.00886
 10.2750   19.67300  214.38901   41.7574  137.9791   14.33300    0.01091
 10.2833   19.48000  214.26801   41.7065  137.9588   14.36600    0.00069
 10.2917   19.28700  214.14799   41.6550  137.9383   14.35500    0.00116
 10.3000   19.09500  214.02800   41.6032  137.9178   14.45000   -0.00341
 10.3083   18.90200  213.90800   41.5504  137.8970   14.44300    0.00148
 10.3167   18.71000  213.78799   41.4972  137.8763   14.49200    0.00228
 10.3250   18.51800  213.66901   41.4434  137.8552   14.55500    0.00696
 10.3333   18.32600  213.55000   41.3890  137.8341   14.56500    0.01522
 10.3417   18.13400  213.43201   41.3339  137.8127   14.63200    0.02437
 10.3500   17.94300  213.31500   41.2784  137.7912   14.69100    0.03343
 10.3583   17.75100  213.19701   41.2219  137.7695   14.69300    0.04076
 10.3667   17.56000  213.08000   41.1651  137.7477   14.73800    0.03716
 10.3750   17.36800  212.96300   41.1072  137.7256   14.71500    0.03628
 10.3833   17.17700  212.84700   41.0489  137.7033   14.73100    0.03047
 10.3917   16.98600  212.73100   40.9899  137.6810   14.73600    0.02477
 10.4000   16.79500  212.61501   40.9301  137.6584   14.70500    0.01374
 10.4083   16.60400  212.49899   40.8696  137.6358   14.67700    0.00680
 10.4167   16.41400  212.38400   40.8086  137.6130   14.70500    0.00305
 10.4250   16.22300  212.26900   40.7465  137.5899   14.69100   -0.00198
 10.4333   16.03300  212.15401   40.6839  137.5668   14.64300   -0.00811
 10.4417   15.84200  212.03900   40.6202  137.5433   14.65500   -0.00844
 10.4500   15.65200  211.92500   40.5561  137.5198   14.67900   -0.00616
 10.4583   15.46200  211.81100   40.4910  137.4961   14.65400   -0.00449
 10.4667   15.27200  211.69701   40.4252  137.4722   14.66100   -0.00666
 10.4750   15.08300  211.58400   40.3588  137.4482   14.65600   -0.00313
 10.4833   14.89300  211.47000   40.2912  137.4240   14.68200   -0.00496
 10.4917   14.70400  211.35699   40.2231  137.3997   14.65600   -0.00521
 10.5000   14.51500  211.24400   40.1541  137.3752   14.67700   -0.01592
 10.5083   14.32600  211.13200   40.0842  137.3504   14.62500   -0.02234
 10.5167   14.13800  211.02000   40.0137  137.3257   14.64600   -0.02838
 10.5250   13.94900  210.90800   39.9420  137.3006   14.67600   -0.02457
 10.5333   13.76100  210.79601   39.8696  137.2755   14.70900   -0.02816
 10.5417   13.57300  210.68500   39.7963  137.2501   14.67400   -0.03472
 10.5500   13.38500  210.57401   39.7221  137.2245   14.68400   -0.02814
 10.5583   13.19700  210.46201   39.6468  137.1989   14.83000   -0.02350
 10.5667   13.01000  210.35100   39.5709  137.1732   14.78200   -0.00538
 10.5750   12.82300  210.24100   39.4940  137.1472   14.91600   -0.00763
 10.5833   12.63500  210.13000   39.4157  137.1209   14.89700    0.00879
 10.5917   12.44900  210.01900   39.3371  137.0949   15.01300    0.00540
 10.6000   12.26200  209.90900   39.2571  137.0684   14.98900    0.00631
 10.6083   12.07500  209.79900   39.1760  137.0416   15.01400    0.00141
 10.6167   11.88900  209.68900   39.0942  137.0150   15.08400   -0.00156
 10.6250   11.70300  209.57899   39.0113  136.9881   15.07500   -0.00297
 10.6333   11.51700  209.46899   38.9273  136.9612   15.12300   -0.00881
 10.6417   11.33200  209.35899   38.8426  136.9342   15.15600    0.00491
 10.6500   11.14600  209.24899   38.7563  136.9069   15.32100   -0.00435
 10.6583   10.96100  209.13901   38.6693  136.8797   15.16700   -0.00423
 10.6667   10.77600  209.03000   38.5811  136.8521   15.28500   -0.00780
 10.6750   10.59200  208.92101   38.4922  136.8246   15.41100   -0.00379
 10.6833   10.40700  208.81200   38.4017  136.7966   15.32600   -0.00303
 10.6917   10.22300  208.70399   38.3104  136.7686   15.41900   -0.01651
 10.7000   10.03900  208.59500   38.2179  136.7406   15.42300   -0.00955
 10.7083    9.85600  208.48700   38.1246  136.7126   15.52400   -0.01077
 10.7167    9.67200  208.37801   38.0295  136.6842   15.55500   -0.00053
 10.7250    9.48900  208.27000   37.9337  136.6559   15.67000   -0.00398
 10.7333    9.30600  208.16100   37.8366  136.6275   15.64600   -0.00300
 10.7417    9.12300  208.05299   37.7382  136.5988   15.71300   -0.00929
 10.7500    8.94100  207.94501   37.6390  136.5703   15.76800   -0.01071
 10.7583    8.75900  207.83701   37.5384  136.5416   15.78100   -0.00812
 10.7667    8.57700  207.72800   37.4365  136.5130   15.89000   -0.00962
 10.7750    8.39500  207.62000   37.3332  136.4840   15.89600   -0.00291
 10.7833    8.21400  207.51199   37.2292  136.4552   15.99500    0.01495
 10.7917    8.03300  207.40401   37.1237  136.4262   16.18700    0.02754
 10.8000    7.85200  207.29601   37.0168  136.3971   16.14100    0.03447
 10.8083    7.67200  207.18700   36.9090  136.3684   16.17700    0.01946
 10.8167    7.49200  207.07899   36.7999  136.3394   16.16300    0.03292
 10.8250    7.31200  206.97099   36.6893  136.3102   16.37500    0.01816
 10.8333    7.13200  206.86301   36.5772  136.2810   16.14000    0.03589
 10.8417    6.95300  206.75500   36.4643  136.2520   16.43000    0.01698
 10.8500    6.77400  206.64799   36.3500  136.2226   16.28400    0.03056
 10.8583    6.59500  206.53999   36.2342  136.1933   16.35900    0.00126
 10.8667    6.41600  206.43300   36.1169  136.1637   16.25000   -0.00232
 10.8750    6.23800  206.32500   35.9986  136.1346   16.33000   -0.00571
 10.8833    6.06000  206.21800   35.8789  136.1052   16.38900   -0.00312
 10.8917    5.88300  206.11000   35.7583  136.0762   16.32500   -0.00297
 10.9000    5.70500  206.00301   35.6355  136.0467   16.36300   -0.01077
 10.9083    5.52800  205.89500   35.5118  136.0176   16.34100   -0.00268
 10.9167    5.35100  205.78700   35.3865  135.9885   16.45400   -0.01622
 10.9250    5.17500  205.67900   35.2603  135.9596   16.28100   -0.00508
 10.9333    4.99900  205.57100   35.1326  135.9307   16.54200    0.00000

 16.1917    7.81100  108.64900   42.5487  157.0196   22.98300    0.00000
 16.2000    7.95300  108.49000   42.6160  156.9385   22.90000    0.00271
 16.2083    8.09500  108.33100   42.6824  156.8580   22.82000    0.01871
 16.2167    8.23700  108.17100   42.7482  156.7779   22.66200    0.03147
 16.2250    8.37800  108.01100   42.8129  156.6991   22.36100    0.02327
 16.2333    8.52000  107.85100   42.8771  156.6199   22.14800   -0.02582
 16.2417    8.66100  107.69000   42.9404  156.5421   21.74200   -0.05276
 16.2500    8.80200  107.52900   43.0029  156.4646   21.68800   -0.07826
 16.2583    8.94300  107.36800   43.0647  156.3876   21.51800   -0.04954
 16.2667    9.08300  107.20600   43.1256  156.3119   21.59000   -0.03710
 16.2750    9.22400  107.04400   43.1860  156.2359   21.36000   -0.00813
 16.2833    9.36400  106.88100   43.2456  156.1611   21.31600   -0.00320
 16.2917    9.50400  106.71900   43.3043  156.0866   21.15500    0.02222
 16.3000    9.64400  106.55500   43.3626  156.0128   21.10100    0.03894
 16.3083    9.78300  106.39200   43.4198  155.9399   20.97700    0.05435
 16.3167    9.92200  106.22800   43.4765  155.8676   20.80500    0.05206
 16.3250   10.06100  106.06300   43.5327  155.7957   20.60500    0.04999
 16.3333   10.19900  105.89900   43.5878  155.7248   20.48100    0.04433
 16.3417   10.33900  105.73400   43.6428  155.6532   20.27500    0.02968
 16.3500   10.47800  105.56800   43.6971  155.5827   19.98000    0.01851
 16.3583   10.61700  105.40300   43.7506  155.5125   19.88700    0.01245
 16.3667   10.75600  105.23700   43.8036  155.4429   19.72700    0.01706
 16.3750   10.89400  105.07000   43.8559  155.3743   19.53100    0.01052
 16.3833   11.03200  104.90300   43.9076  155.3061   19.32900   -0.00292
 16.3917   11.17000  104.73600   43.9587  155.2383   19.08300   -0.01959
 16.4000   11.30700  104.56800   44.0091  155.1716   18.82900   -0.03565
 16.4083   11.44400  104.40000   44.0590  155.1053   18.61800   -0.04775
 16.4167   11.58100  104.23100   44.1083  155.0394   18.40400   -0.03513
 16.4250   11.71800  104.06200   44.1572  154.9740   18.36100   -0.00755
 16.4333   11.85400  103.89300   44.2052  154.9094   18.28600    0.03681
 16.4417   11.99000  103.72300   44.2529  154.8453   18.22000    0.06414
 16.4500   12.12500  103.55200   44.2999  154.7823   18.04200    0.07242
 16.4583   12.26000  103.38200   44.3463  154.7195   17.79100    0.03894
 16.4667   12.39500  103.21000   44.3924  154.6572   17.36800   -0.00454
 16.4750   12.52900  103.03900   44.4377  154.5957   17.10400   -0.03164
 16.4833   12.66300  102.86700   44.4826  154.5347   17.00600   -0.03159
 16.4917   12.79700  102.69400   44.5272  154.4740   16.81900   -0.02949
 16.5000   12.93000  102.52100   44.5710  154.4143   16.58100   -0.01455
 16.5083   13.06400  102.34800   44.6146  154.3543   16.57200    0.00142
 16.5167   13.19800  102.17400   44.6577  154.2947   16.37600    0.03242
 16.5250   13.33100  102.00000   44.7003  154.2360   16.23900    0.01609
 16.5333   13.46400  101.82500   44.7425  154.1777   15.84300    0.00196
 16.5417   13.59700  101.65000   44.7842  154.1197   15.66900   -0.01790
 16.5500   13.72900  101.47500   44.8253  154.0625   15.50500   -0.00036
 16.5583   13.86100  101.29900   44.8661  154.0057   15.42000    0.00656
 16.5667   13.99200  101.12200   44.9065  153.9498   15.14900    0.01887
 16.5750   14.12300  100.94500   44.9464  153.8941   14.99900    0.00030
 16.5833   14.25300  100.76800   44.9857  153.8393   14.64300    0.00001
 16.5917   14.38300  100.59000   45.0247  153.7848   14.50300    0.00901
 16.6000   14.51300  100.41100   45.0635  153.7307   14.42200    0.04899
 16.6083   14.64200  100.23200   45.1017  153.6772   14.31000    0.07318
 16.6167   14.77000  100.05300   45.1394  153.6246   14.06900    0.08663
 16.6250   14.89800   99.87300   45.1768  153.5723   13.92200    0.06334
 16.6333   15.02600   99.69200   45.2139  153.5203   13.54600    0.00981
 16.6417   15.15300   99.51100   45.2506  153.4690   13.07600   -0.05778
 16.6500   15.27900   99.33000   45.2867  153.4185   12.83000   -0.11209
 16.6583   15.40500   99.14800   45.3226  153.3682   12.55400   -0.13312
 16.6667   15.53000   98.96500   45.3581  153.3187   12.35700   -0.13125
 16.6750   15.65700   98.78200   45.3935  153.2685   12.30400   -0.10578
 16.6833   15.78300   98.59900   45.4284  153.2190   12.22400   -0.06929
 16.6917   15.90900   98.41500   45.4631  153.1698   12.10200   -0.04204
 16.7000   16.03300   98.23100   45.4972  153.1217   11.96400   -0.00744
 16.7083   16.15800   98.04600   45.5312  153.0734   11.92800    0.02061
 16.7167   16.28200   97.86100   45.5647  153.0258   11.76500    0.03805
 16.7250   16.40500   97.67500   45.5980  152.9789   11.57800    0.01831
 16.7333   16.52800   97.48900   45.6309  152.9322   11.30800    0.00748
 16.7417   16.65000   97.30200   45.6635  152.8862   11.26000    0.01608
 16.7500   16.77200   97.11500   45.6958  152.8404   11.24600    0.03082
 16.7583   16.89300   96.92700   45.7278  152.7953   11.03200    0.01905
 16.7667   17.01300   96.73800   45.7595  152.7508   10.78400   -0.02001
 16.7750   17.13300   96.54900   45.7909  152.7065   10.56500   -0.06154
 16.7833   17.25200   96.35900   45.8221  152.6628   10.33800   -0.08656
 16.7917   17.37100   96.16900   45.8529  152.6193   10.21200   -0.08623
 16.8000   17.48900   95.97800   45.8835  152.5764   10.18100   -0.06605
 16.8083   17.60600   95.78700   45.9138  152.5341   10.10500   -0.02768
 16.8167   17.72200   95.59500   45.9438  152.4924   10.12200   -0.00355
 16.8250   17.83800   95.40300   45.9735  152.4509    9.99500    0.00277
 16.8333   17.95300   95.21000   46.0030  152.4099    9.78500   -0.00125
 16.8417   18.07000   95.01700   46.0323  152.3683    9.72700    0.00138
 16.8500   18.18600   94.82400   46.0613  152.3272    9.65300    0.01056
 16.8583   18.30100   94.62900   46.0902  152.2868    9.50600    0.01407
 16.8667   18.41500   94.43500   46.1187  152.2468    9.41700    0.01865
 16.8750   18.52900   94.23900   46.1471  152.2070    9.35500    0.02791
 16.8833   18.64200   94.04400   46.1751  152.1678    9.24600    0.01833
 16.8917   18.75500   93.84700   46.2031  152.1287    9.02900    0.01454
 16.9000   18.86600   93.65000   46.2307  152.0905    9.01200   -0.00105
 16.9083   18.97700   93.45300   46.2581  152.0524    8.82700    0.00068
 16.9167   19.08700   93.25500   46.2853  152.0149    8.74400   -0.01122
 16.9250   19.19700   93.05600   46.3123  151.9774    8.63500   -0.02190
 16.9333   19.30600   92.85700   46.3391  151.9405    8.45600   -0.05237
 16.9417   19.41400   92.65700   46.3657  151.9041    8.23600   -0.08152
 16.9500   19.52100   92.45700   46.3921  151.8681    8.15000   -0.08443
 16.9583   19.62700   92.25600   46.4182  151.8327    8.16900   -0.06564
 16.9667   19.73300   92.05500   46.4442  151.7973    8.10100   -0.02985
 16.9750   19.83800   91.85300   46.4700  151.7624    8.13500   -0.00056
 16.9833   19.94200   91.65100   46.4955  151.7279    8.10600    0.02477
 16.9917   20.04500   91.44800   46.5209  151.6939    8.01600    0.01275
 17.0000   20.14700   91.24400   46.5462  151.6604    7.79700   -0.00988
 17.0083   20.25100   91.04000   46.5713  151.6262    7.70800   -0.01768
 17.0167   20.35400   90.83600   46.5962  151.5924    7.73000    0.00441
 17.0250   20.45600   90.63100   46.6210  151.5590    7.72900    0.03612
 17.0333   20.55800   90.42600   46.6455  151.5258    7.71700    0.03518
 17.0417   20.65800   90.22000   46.6699  151.4933    7.52400    0.01996
 17.0500   20.75800   90.01300   46.6942  151.4609    7.42300   -0.00467
 17.0583   20.85700   89.80600   46.7183  151.4288    7.33200   -0.01514
 17.0667   20.95500   89.59900   46.7422  151.3972    7.22000   -0.01674
 17.0750   21.05200   89.39100   46.7659  151.3660    7.16900   -0.00504
 17.0833   21.14800   89.18200   46.7896  151.3352    7.17200    0.00550
 17.0917   21.24300   88.97300   46.8131  151.3048    7.05700    0.01163
 17.1000   21.33800   88.76300   46.8364  151.2744    6.97300    0.01378
 17.1083   21.43100   88.55300   46.8596  151.2448    6.93500    0.02484
 17.1167   21.52400   88.34200   46.8827  151.2151    6.86600    0.03015
 17.1250   21.61500   88.13100   46.9056  151.1862    6.74900    0.01641
 17.1333   21.70600   87.91900   46.9284  151.1573    6.60200    0.00002
 17.1417   21.79600   87.70700   46.9510  151.1288    6.53600   -0.00774
 17.1500   21.88500   87.49400   46.9736  151.1006    6.48900   -0.01069
 17.1583   21.97300   87.28000   46.9960  151.0728    6.37800   -0.02485
 17.1667   22.06000   87.06700   47.0182  151.0452    6.23400   -0.04608
 17.1750   22.14800   86.85300   47.0404  151.0174    6.13400   -0.06613
 17.1833   22.23500   86.63800   47.0625  150.9899    6.03100   -0.06850
 17.1917   22.32200   86.42300   47.0844  150.9624    6.01000   -0.05492
 17.2000   22.40700   86.20700   47.1063  150.9356    6.02100   -0.02726
 17.2083   22.49200   85.99100   47.1280  150.9088    6.01700   -0.00064
 17.2167   22.57600   85.77500   47.1496  150.8823    6.00200    0.01741
 17.2250   22.65800   85.55800   47.1711  150.8564    5.97300    0.01503
 17.2333   22.74000   85.34000   47.1925  150.8305    5.85000   -0.00455
 17.2417   22.82000   85.12200   47.2138  150.8053    5.73500   -0.03264
 17.2500   22.90000   84.90400   47.2350  150.7800    5.66200   -0.04510
 17.2583   22.97800   84.68500   47.2561  150.7553    5.64900   -0.03785
 17.2667   23.05600   84.46500   47.2772  150.7307    5.66900   -0.02561
 17.2750   23.13200   84.24500   47.2981  150.7066    5.63900   -0.01952
 17.2833   23.20800   84.02500   47.3189  150.6825    5.60300   -0.02036
 17.2917   23.28200   83.80400   47.3397  150.6590    5.59100   -0.01559
 17.3000   23.35500   83.58300   47.3603  150.6358    5.59900   -0.01084
 17.3083   23.42800   83.36200   47.3809  150.6125    5.55600   -0.00659
 17.3167   23.49900   83.13900   47.4015  150.5898    5.53600   -0.01432
 17.3250   23.56900   82.91700   47.4219  150.5674    5.47300   -0.02723
 17.3333   23.63700   82.69400   47.4422  150.5456    5.40400   -0.03934
 17.3417   23.70800   82.47100   47.4625  150.5227    5.39000   -0.02694
 17.3500   23.77700   82.24800   47.4826  150.5005    5.47300    0.01680
 17.3583   23.84600   82.02400   47.5027  150.4782    5.59400    0.06317
 17.3667   23.91300   81.79900   47.5228  150.4565    5.59400    0.08440
 17.3750   23.97900   81.57500   47.5427  150.4350    5.52100    0.06966
 17.3833   24.04400   81.34900   47.5627  150.4137    5.41800    0.04069
 17.3917   24.10800   81.12400   47.5825  150.3927    5.33600    0.02003
 17.4000   24.17000   80.89800   47.6023  150.3722    5.32100   -0.00196
 17.4083   24.23200   80.67200   47.6221  150.3517    5.22100   -0.02319
 17.4167   24.29200   80.44500   47.6418  150.3317    5.15000   -0.04399
 17.4250   24.35200   80.21800   47.6614  150.3117    5.14400   -0.04974
 17.4333   24.41000   79.99100   47.6809  150.2921    5.13800   -0.05346
 17.4417   24.46700   79.76300   47.7005  150.2728    5.07800   -0.05940
 17.4500   24.52200   79.53500   47.7200  150.2540    5.06000   -0.06788
 17.4583   24.57700   79.30700   47.7394  150.2351    5.04800   -0.05673
 17.4667   24.63000   79.07800   47.7588  150.2168    5.12400   -0.04378
 17.4750   24.68300   78.84900   47.7782  150.1983    5.13000   -0.02964
 17.4833   24.73400   78.62000   47.7974  150.1804    5.12600   -0.03447
 17.4917   24.78300   78.39100   47.8167  150.1629    5.08400   -0.03771
 17.5000   24.83200   78.16100   47.8359  150.1454    5.09900   -0.03041
 17.5083   24.88200   77.93100   47.8551  150.1275    5.16400   -0.00303
 17.5167   24.93100   77.70100   47.8742  150.1098    5.24800    0.03412
 17.5250   24.97900   77.47000   47.8933  150.0923    5.32900    0.06845
 17.5333   25.02600   77.23900   47.9123  150.0750    5.38900    0.08777
 17.5417   25.07100   77.00800   47.9313  150.0581    5.39700    0.07968
 17.5500   25.11500   76.77700   47.9503  150.0415    5.32300    0.04145
 17.5583   25.15800   76.54600   47.9692  150.0251    5.20900   -0.01110
 17.5667   25.20000   76.31400   47.9881  150.0088    5.13500   -0.05401
 17.5750   25.24000   76.08200   48.0070  149.9930    5.12500   -0.07608
 17.5833   25.28000   75.85000   48.0259  149.9772    5.13700   -0.08013
 17.5917   25.31700   75.61800   48.0448  149.9621    5.15700   -0.07149
 17.6000   25.35400   75.38500   48.0636  149.9468    5.20000   -0.04575
 17.6083   25.39000   75.15200   48.0825  149.9317    5.28900   -0.01270
 17.6167   25.42400   74.92000   48.1013  149.9172    5.34000    0.02726
 17.6250   25.45700   74.68700   48.1201  149.9028    5.41900    0.06010
 17.6333   25.48800   74.45400   48.1389  149.8888    5.47200    0.08157
 17.6417   25.51900   74.22100   48.1576  149.8747    5.47300    0.08904
 17.6500   25.54800   73.98700   48.1765  149.8611    5.49200    0.08035
 17.6583   25.57500   73.75400   48.1953  149.8479    5.46800    0.03329
 17.6667   25.60200   73.52100   48.2140  149.8347    5.25400   -0.02178
 17.6750   25.63000   73.28700   48.2327  149.8210    5.23000   -0.07192
 17.6833   25.65700   73.05300   48.2514  149.8075    5.23400   -0.08235
 17.6917   25.68200   72.81900   48.2701  149.7944    5.24800   -0.07985
 17.7000   25.70700   72.58500   48.2887  149.7812    5.29100   -0.06566
 17.7083   25.73000   72.35100   48.3074  149.7685    5.35300   -0.04351
 17.7167   25.75100   72.11700   48.3261  149.7562    5.40200   -0.01619
 17.7250   25.77200   71.88300   48.3448  149.7438    5.46600    0.00920
 17.7333   25.79100   71.64900   48.3635  149.7318    5.50900    0.03351
 17.7417   25.80900   71.41500   48.3822  149.7200    5.54800    0.04804
 17.7500   25.82500   71.18100   48.4009  149.7086    5.56400    0.05146
 17.7583   25.84000   70.94700   48.4197  149.6974    5.55500    0.05007
 17.7667   25.85400   70.71300   48.4384  149.6863    5.57600    0.04565
 17.7750   25.86600   70.47900   48.4572  149.6756    5.57100    0.04363
 17.7833   25.87800   70.24500   48.4760  149.6649    5.56900    0.03353
 17.7917   25.88700   70.01100   48.4948  149.6548    5.53600    0.02450
 17.8000   25.89600   69.77800   48.5135  149.6446    5.52900    0.01212
 17.8083   25.90300   69.54400   48.5324  149.6348    5.49800    0.00145
 17.8167   25.90900   69.31000   48.5513  149.6252    5.46600   -0.00188
 17.8250   25.91300   69.07700   48.5702  149.6160    5.49200    0.00077
 17.8333   25.91600   68.84400   48.5891  149.6070    5.48800   -0.00023
 17.8417   25.92100   68.61000   48.6080  149.5973    5.42800   -0.00578
 17.8500   25.92500   68.37700   48.6268  149.5878    5.42300   -0.01131
 17.8583   25.92700   68.14400   48.6457  149.5786    5.41500   -0.00510
 17.8667   25.92800   67.91000   48.6647  149.5696    5.42100    0.00193
 17.8750   25.92700   67.67700   48.6837  149.5610    5.41900    0.00960
 17.8833   25.92600   67.44500   48.7026  149.5524    5.41100    0.01597
 17.8917   25.92300   67.21200   48.7216  149.5441    5.40500    0.01811
 17.9000   25.91800   66.98000   48.7407  149.5363    5.37500    0.01912
 17.9083   25.91200   66.74700   48.7599  149.5285    5.35600    0.01734
 17.9167   25.90500   66.51600   48.7789  149.5210    5.32600    0.02102
 17.9250   25.89700   66.28400   48.7981  149.5136    5.31900    0.02328
 17.9333   25.88700   66.05200   48.8174  149.5066    5.28600    0.03165
 17.9417   25.87600   65.82100   48.8367  149.4998    5.28700    0.03517
 17.9500   25.86300   65.59000   48.8561  149.4934    5.24400    0.03381
 17.9583   25.84900   65.36000   48.8755  149.4872    5.17300    0.02728
 17.9667   25.83400   65.13000   48.8949  149.4810    5.13400    0.02624
 17.9750   25.81700   64.90000   48.9144  149.4754    5.11100    0.02944
 17.9833   25.79900   64.67000   48.9340  149.4698    5.05300    0.02872
 17.9917   25.78000   64.44100   48.9536  149.4645    4.97900    0.02037
 18.0000   25.75900   64.21300   48.9732  149.4595    4.90200    0.01926
 18.0083   25.74100   63.98300   48.9928  149.4536    4.87600    0.02207
 18.0167   25.72100   63.75400   49.0125  149.4482    4.81400    0.02953
 18.0250   25.69900   63.52600   49.0322  149.4431    4.75100    0.03365
 18.0333   25.67600   63.29800   49.0519  149.4383    4.69300    0.03895
 18.0417   25.65200   63.07000   49.0718  149.4335    4.62700    0.03565
 18.0500   25.62700   62.84300   49.0916  149.4290    4.50300    0.03045
 18.0583   25.60000   62.61600   49.1116  149.4248    4.42300    0.02518
 18.0667   25.57200   62.39000   49.1316  149.4209    4.34400    0.02653
 18.0750   25.54200   62.16400   49.1518  149.4173    4.25000    0.02867
 18.0833   25.51200   61.93800   49.1720  149.4137    4.16700    0.02864
 18.0917   25.48000   61.71300   49.1922  149.4104    4.06400    0.02828
 18.1000   25.44600   61.48800   49.2127  149.4076    3.95600    0.02757
 18.1083   25.41100   61.26400   49.2331  149.4050    3.85700    0.02661
 18.1167   25.37500   61.04100   49.2536  149.4026    3.74300    0.02267
 18.1250   25.33800   60.81800   49.2742  149.4003    3.60600    0.02158
 18.1333   25.29900   60.59600   49.2948  149.3985    3.51900    0.01787
 18.1417   25.25900   60.37400   49.3156  149.3969    3.38600    0.01915
 18.1500   25.21800   60.15200   49.3365  149.3954    3.27700    0.01691
 18.1583   25.17500   59.93200   49.3574  149.3944    3.16400    0.00960
 18.1667   25.13100   59.71200   49.3785  149.3936    2.99800    0.00096
 18.1750   25.08900   59.49100   49.3994  149.3920    2.88100   -0.01094
 18.1833   25.04600   59.27100   49.4205  149.3907    2.75000   -0.01468
 18.1917   25.00100   59.05200   49.4416  149.3898    2.63300   -0.02464
 18.2000   24.95500   58.83300   49.4629  149.3891    2.48000   -0.02506
 18.2083   24.90800   58.61400   49.4843  149.3886    2.40900   -0.02485
 18.2167   24.85900   58.39700   49.5058  149.3886    2.29800   -0.02221
 18.2250   24.80900   58.18000   49.5273  149.3887    2.16500   -0.02585
 18.2333   24.75800   57.96300   49.5491  149.3890    2.06000   -0.02365
 18.2417   24.70600   57.74800   49.5708  149.3896    1.99100   -0.01844
 18.2500   24.65200   57.53300   49.5927  149.3906    1.88500   -0.01223
 18.2583   24.59700   57.31800   49.6148  149.3918    1.79600   -0.01453
 18.2667   24.54100   57.10400   49.6369  149.3932    1.68800   -0.01724
 18.2750   24.48400   56.89200   49.6591  149.3949    1.58800   -0.02153
 18.2833   24.42500   56.67900   49.6815  149.3969    1.50200   -0.02726
 18.2917   24.36500   56.46800   49.7040  149.3993    1.39300   -0.02821
 18.3000   24.30300   56.25700   49.7267  149.4021    1.33200   -0.03009
 18.3083   24.24100   56.04700   49.7494  149.4049    1.24600   -0.02851
 18.3167   24.17700   55.83800   49.7723  149.4082    1.16800   -0.02758
 18.3250   24.11200   55.62900   49.7954  149.4116    1.11100   -0.02623
 18.3333   24.04600   55.42200   49.8185  149.4154    1.03800   -0.02192
 18.3417   23.98200   55.21400   49.8415  149.4185    0.98900   -0.02315
 18.3500   23.91600   55.00600   49.8648  149.4220    0.90800   -0.01902
 18.3583   23.85000   54.79900   49.8881  149.4255    0.87700   -0.02108
 18.3667   23.78200   54.59300   49.9116  149.4295    0.79800   -0.01793
 18.3750   23.71300   54.38800   49.9353  149.4338    0.76200   -0.02598
 18.3833   23.64200   54.18300   49.9592  149.4385    0.67100   -0.02819
 18.3917   23.57100   53.98000   49.9830  149.4433    0.63700   -0.03013
 18.4000   23.49800   53.77700   50.0072  149.4486    0.60600   -0.02107
 18.4083   23.42400   53.57500   50.0314  149.4542    0.58900   -0.00900
 18.4167   23.34900   53.37400   50.0558  149.4600    0.57900   -0.00721
 18.4250   23.27300   53.17300   50.0804  149.4660    0.49200   -0.00890
 18.4333   23.19500   52.97400   50.1052  149.4727    0.46300   -0.01413
 18.4417   23.11600   52.77500   50.1302  149.4796    0.43900   -0.00653
 18.4500   23.03600   52.57800   50.1552  149.4868    0.44200   -0.00470
 18.4583   22.95500   52.38100   50.1805  149.4943    0.38100   -0.00466
 18.4667   22.87300   52.18500   50.2059  149.5020    0.35500   -0.01797
 18.4750   22.79000   51.99000   50.2315  149.5101    0.28000   -0.02478
 18.4833   22.70600   51.79600   50.2572  149.5184    0.26900   -0.03260
 18.4917   22.62000   51.60300   50.2832  149.5274    0.24200   -0.02794
 18.5000   22.53300   51.41000   50.3095  149.5366    0.25100   -0.02277
 18.5083   22.44900   51.21700   50.3355  149.5449    0.25000   -0.01585
 18.5167   22.36300   51.02500   50.3618  149.5538    0.23800   -0.01073
 18.5250   22.27600   50.83400   50.3883  149.5630    0.24200   -0.01522
 18.5333   22.18800   50.64300   50.4150  149.5724    0.18200   -0.01524
 18.5417   22.09800   50.45400   50.4419  149.5826    0.20700   -0.01742
 18.5500   22.00800   50.26500   50.4690  149.5927    0.20100   -0.01119
 18.5583   21.91700   50.07800   50.4962  149.6032    0.20100   -0.00475
 18.5667   21.82400   49.89100   50.5238  149.6143    0.23200    0.00222
 18.5750   21.73100   49.70500   50.5515  149.6255    0.23600    0.00480
 18.5833   21.63600   49.52100   50.5794  149.6374    0.21200   -0.00255
 18.5917   21.54000   49.33700   50.6077  149.6496    0.17700   -0.00449
 18.6000   21.44300   49.15400   50.6361  149.6621    0.21600   -0.00382
 18.6083   21.34600   48.97200   50.6646  149.6747    0.20900    0.00855
 18.6167   21.24700   48.79200   50.6934  149.6881    0.25400    0.00818
 18.6250   21.14700   48.61200   50.7225  149.7018    0.20700    0.00161
 18.6333   21.04600   48.43300   50.7518  149.7159    0.15700   -0.00045
 18.6417   20.94400   48.25500   50.7814  149.7304    0.22700    0.00303
 18.6500   20.84100   48.07800   50.8112  149.7453    0.21400    0.01443
 18.6583   20.73700   47.90300   50.8412  149.7607    0.21100    0.01140
 18.6667   20.63100   47.72800   50.8717  149.7767    0.18200    0.01372
 18.6750   20.52800   47.55200   50.9020  149.7917    0.20700    0.01537
 18.6833   20.42400   47.37700   50.9325  149.8072    0.20200    0.01701
 18.6917   20.31900   47.20400   50.9633  149.8231    0.17400    0.00873
 18.7000   20.21300   47.03100   50.9944  149.8394    0.12800    0.00005
 18.7083   20.10600   46.85900   51.0257  149.8562    0.12100   -0.00744
 18.7167   19.99800   46.68800   51.0574  149.8734    0.10500   -0.00836
 18.7250   19.88900   46.51800   51.0893  149.8910    0.10300   -0.01608
 18.7333   19.77900   46.35000   51.1214  149.9093    0.04500   -0.01876
 18.7417   19.66800   46.18200   51.1539  149.9279    0.05600   -0.01628
 18.7500   19.55600   46.01500   51.1867  149.9470    0.09200   -0.00914
 18.7583   19.44300   45.85000   51.2198  149.9667    0.07100   -0.00390
 18.7667   19.32900   45.68500   51.2532  149.9868    0.07300   -0.00196
 18.7750   19.21500   45.52200   51.2868  150.0071    0.08900    0.00065
 18.7833   19.09900   45.35900   51.3209  150.0283    0.08000    0.00503
 18.7917   18.98200   45.19800   51.3552  150.0500    0.10300   -0.00105
 18.8000   18.86500   45.03700   51.3898  150.0719    0.05500   -0.01444
 18.8083   18.74600   44.87800   51.4249  150.0948    0.00000   -0.02877
 18.8167   18.62700   44.72000   51.4601  150.1179    0.02000   -0.03097
 18.8250   18.50700   44.56300   51.4957  150.1415    0.06200   -0.02260
 18.8333   18.38600   44.40700   51.5317  150.1658    0.08500   -0.01774
 18.8417   18.26700   44.24900   51.5677  150.1891    0.08400   -0.01623
 18.8500   18.14700   44.09300   51.6040  150.2133    0.10300   -0.01228
 18.8583   18.02600   43.93800   51.6408  150.2380    0.14400   -0.00519
 18.8667   17.90400   43.78400   51.6779  150.2633    0.16700    0.00389
 18.8750   17.78200   43.63100   51.7152  150.2888    0.20200    0.00937
 18.8833   17.65800   43.47800   51.7532  150.3153    0.22200    0.00348
 18.8917   17.53400   43.32700   51.7914  150.3421    0.17300    0.00213
 18.9000   17.40900   43.17700   51.8299  150.3696    0.24900    0.00100
 18.9083   17.28300   43.02900   51.8688  150.3979    0.27400    0.00623
 18.9167   17.15600   42.88100   51.9082  150.4267    0.26600    0.00295
 18.9250   17.02800   42.73400   51.9481  150.4563    0.27800   -0.00326
 18.9333   16.90000   42.58800   51.9882  150.4861    0.28200   -0.00663
 18.9417   16.77100   42.44400   52.0287  150.5168    0.29900   -0.00692
 18.9500   16.64100   42.30000   52.0698  150.5482    0.33400   -0.00820
 18.9583   16.51000   42.15800   52.1112  150.5803    0.33400   -0.00158
 18.9667   16.37800   42.01600   52.1533  150.6132    0.41000   -0.00107
 18.9750   16.24600   41.87600   52.1955  150.6465    0.40800   -0.00024
 18.9833   16.11300   41.73700   52.2382  150.6806    0.40700   -0.01184
 18.9917   15.97900   41.59900   52.2815  150.7156    0.39300   -0.01680
 19.0000   15.84400   41.46100   52.3253  150.7512    0.43600   -0.01945
 19.0083   15.71100   41.32300   52.3691  150.7862    0.46200   -0.01110
 19.0167   15.57800   41.18600   52.4132  150.8217    0.53500   -0.01059
 19.0250   15.44400   41.04900   52.4580  150.8579    0.52400    0.00054
 19.0333   15.30900   40.91400   52.5032  150.8951    0.62700    0.00157
 19.0417   15.17300   40.78000   52.5490  150.9332    0.61400    0.01503
 19.0500   15.03600   40.64700   52.5953  150.9722    0.69000    0.00548
 19.0583   14.89900   40.51500   52.6420  151.0116    0.60900    0.01416
 19.0667   14.76100   40.38300   52.6894  151.0519    0.73700    0.00738
 19.0750   14.62300   40.25300   52.7370  151.0928    0.69400    0.02772
 19.0833   14.48300   40.12500   52.7854  151.1352    0.82400    0.02982
 19.0917   14.34300   39.99700   52.8343  151.1781    0.80600    0.04191
 19.1000   14.20300   39.87000   52.8835  151.2215    0.83200    0.03395
 19.1083   14.06100   39.74400   52.9337  151.2664    0.79400    0.01622
 19.1167   13.91900   39.61900   52.9842  151.3119    0.69100    0.00553
 19.1250   13.77600   39.49600   53.0354  151.3587    0.76800   -0.00203
 19.1333   13.63300   39.37300   53.0870  151.4059    0.75100    0.00386
 19.1417   13.48900   39.25200   53.1392  151.4544    0.75600    0.00316
 19.1500   13.34400   39.13100   53.1923  151.5038    0.77600    0.00054
 19.1583   13.19900   39.01200   53.2457  151.5541    0.75100   -0.00267
 19.1667   13.05300   38.89300   53.2999  151.6055    0.74600   -0.01160
 19.1750   12.90900   38.77400   53.3541  151.6563    0.72500   -0.02575
 19.1833   12.76400   38.65500   53.4091  151.7082    0.65700   -0.02450
 19.1917   12.61900   38.53700   53.4646  151.7608    0.78400   -0.02977
 19.2000   12.47300   38.42000   53.5209  151.8147    0.72200   -0.02352
 19.2083   12.32700   38.30500   53.5775  151.8695    0.75800   -0.03304
 19.2167   12.17900   38.19000   53.6353  151.9260    0.76800   -0.03580
 19.2250   12.03200   38.07700   53.6933  151.9829    0.76800   -0.02733
 19.2333   11.88300   37.96400   53.7524  152.0415    0.90600   -0.02326
 19.2417   11.73400   37.85200   53.8121  152.1010    0.88800   -0.01300
 19.2500   11.58400   37.74200   53.8725  152.1620    0.95000   -0.00795
 19.2583   11.43400   37.63200   53.9335  152.2238    1.05300   -0.01206
 19.2667   11.28400   37.52400   53.9950  152.2867    0.97000   -0.01096
 19.2750   11.13200   37.41700   54.0577  152.3517    1.08000   -0.01452
 19.2833   10.98000   37.31000   54.1211  152.4174    1.15300   -0.00348
 19.2917   10.82800   37.20500   54.1849  152.4843    1.19600    0.00093
 19.3000   10.67500   37.10000   54.2498  152.5527    1.25900    0.00230
 19.3083   10.52200   36.99700   54.3152  152.6222    1.30900    0.00523
 19.3167   10.36800   36.89500   54.3815  152.6935    1.36000    0.00803
 19.3250   10.21300   36.79400   54.4488  152.7664    1.42600    0.00582
 19.3333   10.05800   36.69300   54.5168  152.8403    1.42100    0.00769
 19.3417    9.90500   36.59100   54.5849  152.9136    1.51000    0.00571
 19.3500    9.75100   36.49100   54.6540  152.9889    1.53400    0.01196
 19.3583    9.59700   36.39100   54.7238  153.0652    1.60600    0.00994
 19.3667    9.44200   36.29200   54.7946  153.1434    1.61800    0.01464
 19.3750    9.28600   36.19400   54.8664  153.2234    1.70200    0.01226
 19.3833    9.13000   36.09700   54.9390  153.3047    1.71200    0.00274
 19.3917    8.97400   36.00100   55.0122  153.3872    1.65700    0.01062
 19.4000    8.81700   35.90700   55.0863  153.4720    1.89600   -0.00521
 19.4083    8.66000   35.81300   55.1613  153.5580    1.68300    0.00173
 19.4167    8.50200   35.72000   55.2374  153.6460    1.84600   -0.02010
 19.4250    8.34400   35.62800   55.3143  153.7355    1.82300   -0.01160
 19.4333    8.18500   35.53700   55.3922  153.8271    1.89200   -0.02311
 19.4417    8.02600   35.44700   55.4709  153.9203    1.87500   -0.01239
 19.4500    7.86600   35.35800   55.5508  154.0157    2.04800   -0.00474
 19.4583    7.70600   35.27000   55.6314  154.1127    2.09700   -0.00739
 19.4667    7.54500   35.18300   55.7132  154.2120    1.98200   -0.01008
 19.4750    7.38400   35.09700   55.7958  154.3130    2.17900   -0.02587
 19.4833    7.22300   35.01200   55.8792  154.4158    2.10600   -0.00906
 19.4917    7.06100   34.92800   55.9638  154.5210    2.31500   -0.01131
 19.5000    6.89900   34.84500   56.0493  154.6281    2.33700   -0.01025
 19.5083    6.73800   34.76000   56.1354  154.7353    2.31700   -0.00593
 19.5167    6.57700   34.67600   56.2224  154.8444    2.56500   -0.03088
 19.5250    6.41600   34.59300   56.3102  154.9553    2.28500   -0.01723
 19.5333    6.25400   34.51100   56.3993  155.0689    2.63100   -0.03370
 19.5417    6.09200   34.43000   56.4892  155.1845    2.62000   -0.00334
 19.5500    5.92900   34.35000   56.5805  155.3029    2.78900   -0.00441
 19.5583    5.76600   34.27100   56.6725  155.4234    2.83800    0.00186
 19.5667    5.60200   34.19300   56.7660  155.5469    2.95600   -0.00435
 19.5750    5.43800   34.11600   56.8602  155.6725    3.04000   -0.00076
 19.5833    5.27400   34.04000   56.9553  155.8002    3.18000    0.00000

