hmax        =    300
wind_bottom =      2
wind_top    =     10
critlon     =      0
tbeg, h     =   0.00
tend, h     =  24.00
c_ionex     =      0
c_vert      =      1
time, gamma, az, latp, lonp, tec, tec_filtered
  9.5917    6.83800  328.88400   56.5823  131.7686   14.27600    0.00000
  9.6000    6.99000  328.78101   56.4944  131.8522   13.16600   -0.03273
  9.6083    7.14100  328.67700   56.4079  131.9339   13.16600   -0.07238
  9.6167    7.29200  328.57199   56.3221  132.0141   12.98100   -0.02990
  9.6250    7.44200  328.46600   56.2375  132.0924   12.77800   -0.01899
  9.6333    7.59200  328.35999   56.1539  132.1698   12.53100   -0.01771
  9.6417    7.74100  328.25201   56.0713  132.2449   12.30000   -0.02411
  9.6500    7.88900  328.14301   55.9900  132.3182   12.03100   -0.02579
  9.6583    8.03700  328.03400   55.9095  132.3905   11.85200   -0.01935
  9.6667    8.18400  327.92300   55.8301  132.4609   11.70500   -0.01627
  9.6750    8.33300  327.81400   55.7508  132.5322   11.42700   -0.00923
  9.6833    8.48200  327.70499   55.6724  132.6027   11.19100   -0.01807
  9.6917    8.62900  327.59399   55.5954  132.6706   10.98800   -0.02021
  9.7000    8.77700  327.48199   55.5187  132.7380   10.81700   -0.01841
  9.7083    8.92300  327.36899   55.4436  132.8031   10.61400   -0.02418
  9.7167    9.06900  327.25500   55.3691  132.8673   10.36000   -0.03331
  9.7250    9.21500  327.14001   55.2953  132.9305   10.17800   -0.04016
  9.7333    9.36000  327.02499   55.2226  132.9924   10.01600   -0.04244
  9.7417    9.50400  326.90799   55.1509  133.0525    9.81800   -0.04280
  9.7500    9.64700  326.79001   55.0802  133.1111    9.66300   -0.03869
  9.7583    9.79000  326.67099   55.0101  133.1688    9.55200   -0.04294
  9.7667    9.93200  326.55200   54.9411  133.2253    9.29900   -0.03909
  9.7750   10.07400  326.43100   54.8726  133.2808    9.23300   -0.03877
  9.7833   10.21500  326.31000   54.8052  133.3351    9.10800   -0.02287
  9.7917   10.35500  326.18701   54.7386  133.3879    9.00000   -0.01127
  9.8000   10.49400  326.06400   54.6731  133.4396    8.91000   -0.00540
  9.8083   10.63300  325.93900   54.6080  133.4903    8.74300   -0.00515
  9.8167   10.77100  325.81400   54.5439  133.5399    8.59700   -0.00591
  9.8250   10.90900  325.68701   54.4802  133.5887    8.50100   -0.00525
  9.8333   11.04500  325.56000   54.4178  133.6359    8.35000    0.00765
  9.8417   11.18400  325.43399   54.3551  133.6845    8.30600    0.00851
  9.8500   11.32200  325.30701   54.2933  133.7319    8.10900    0.02256
  9.8583   11.45900  325.17899   54.2323  133.7780    8.06900    0.02009
  9.8667   11.59500  325.04999   54.1722  133.8231    7.88400    0.02706
  9.8750   11.73100  324.92001   54.1125  133.8675    7.75900    0.02059
  9.8833   11.86600  324.79001   54.0538  133.9110    7.59400    0.02591
  9.8917   12.00000  324.65799   53.9957  133.9532    7.50000    0.01939
  9.9000   12.13400  324.52499   53.9381  133.9949    7.27000    0.01797
  9.9083   12.26600  324.39099   53.8815  134.0350    7.14800    0.00681
  9.9167   12.39800  324.25601   53.8254  134.0746    6.97200    0.00427
  9.9250   12.53000  324.12000   53.7697  134.1136    6.81000    0.00140
  9.9333   12.66000  323.98401   53.7152  134.1514    6.68500    0.00237
  9.9417   12.79000  323.84601   53.6610  134.1885    6.54000   -0.00106
  9.9500   12.91900  323.70700   53.6074  134.2247    6.35300   -0.01433
  9.9583   13.04700  323.56799   53.5546  134.2601    6.15500   -0.02949
  9.9667   13.17400  323.42700   53.5025  134.2944    6.00800   -0.04145
  9.9750   13.30100  323.28500   53.4506  134.3283    5.85100   -0.04355
  9.9833   13.42600  323.14301   53.3998  134.3611    5.74400   -0.04602
  9.9917   13.55100  322.99899   53.3493  134.3932    5.60100   -0.04640
 10.0000   13.67500  322.85501   53.2995  134.4247    5.47800   -0.05205
 10.0083   13.80100  322.71100   53.2496  134.4569    5.34300   -0.04704
 10.0167   13.92600  322.56699   53.2003  134.4884    5.30300   -0.03207
 10.0250   14.05100  322.42200   53.1514  134.5196    5.27200   -0.01863
 10.0333   14.17400  322.27600   53.1034  134.5495    5.13600   -0.01022
 10.0417   14.29700  322.12900   53.0557  134.5790    5.07100   -0.01581
 10.0500   14.41900  321.98099   53.0085  134.6078    4.94700   -0.01997
 10.0583   14.54000  321.83200   52.9620  134.6358    4.84000   -0.02807
 10.0667   14.66000  321.68100   52.9158  134.6628    4.75500   -0.02293
 10.0750   14.77900  321.53000   52.8703  134.6894    4.74400   -0.01714
 10.0833   14.89700  321.37799   52.8254  134.7152    4.65200   -0.00569
 10.0917   15.01500  321.22501   52.7807  134.7407    4.62000   -0.00224
 10.1000   15.13100  321.07101   52.7368  134.7651    4.55100   -0.00368
 10.1083   15.24700  320.91699   52.6932  134.7894    4.42200   -0.00562
 10.1167   15.36200  320.76099   52.6500  134.8128    4.38800   -0.00142
 10.1250   15.47600  320.60400   52.6073  134.8356    4.36800    0.00379
 10.1333   15.58900  320.44601   52.5651  134.8578    4.24900    0.00438
 10.1417   15.70100  320.28799   52.5234  134.8795    4.18400   -0.00081
 10.1500   15.81200  320.12799   52.4821  134.9004    4.12600    0.00255
 10.1583   15.92200  319.96799   52.4414  134.9208    4.07100   -0.00016
 10.1667   16.03100  319.80600   52.4010  134.9405    3.95700    0.00040
 10.1750   16.14200  319.64600   52.3605  134.9612    3.91700    0.00416
 10.1833   16.25300  319.48499   52.3203  134.9817    3.88400    0.01048
 10.1917   16.36200  319.32199   52.2807  135.0011    3.78500    0.01339
 10.2000   16.47000  319.15900   52.2416  135.0201    3.71700    0.00597
 10.2083   16.57800  318.99500   52.2026  135.0388    3.60400    0.00846
 10.2167   16.68400  318.82999   52.1643  135.0567    3.57800    0.01168
 10.2250   16.79000  318.66400   52.1261  135.0743    3.51500    0.01113
 10.2333   16.89400  318.49701   52.0886  135.0910    3.37900    0.00846
 10.2417   16.99800  318.32901   52.0512  135.1076    3.33500    0.00312
 10.2500   17.10000  318.16000   52.0144  135.1233    3.25100    0.00216
 10.2583   17.20200  317.99100   51.9778  135.1390    3.14500   -0.00862
 10.2667   17.30300  317.82001   51.9415  135.1540    3.02900   -0.01523
 10.2750   17.40200  317.64899   51.9058  135.1683    2.97700   -0.01662
 10.2833   17.50100  317.47601   51.8702  135.1824    2.91000   -0.01283
 10.2917   17.59800  317.30301   51.8352  135.1957    2.83600   -0.01201
 10.3000   17.69500  317.12900   51.8003  135.2089    2.76600   -0.00238
 10.3083   17.79000  316.95401   51.7659  135.2213    2.76400   -0.00408
 10.3167   17.88400  316.77802   51.7319  135.2332    2.61300   -0.01032
 10.3250   17.97800  316.60101   51.6979  135.2451    2.51100   -0.01710
 10.3333   18.07000  316.42401   51.6645  135.2562    2.51100   -0.01570
 10.3417   18.16400  316.24701   51.6310  135.2682    2.42300   -0.01027
 10.3500   18.25700  316.07001   51.5978  135.2797    2.36000   -0.01081
 10.3583   18.35000  315.89099   51.5646  135.2911    2.32500   -0.01409
 10.3667   18.44100  315.71201   51.5320  135.3018    2.22400   -0.00924
 10.3750   18.53100  315.53201   51.4997  135.3121    2.22400   -0.01094
 10.3833   18.62000  315.35101   51.4676  135.3220    2.14800   -0.00578
 10.3917   18.70800  315.16901   51.4358  135.3315    2.09500   -0.01570
 10.4000   18.79500  314.98599   51.4042  135.3405    1.99200   -0.01560
 10.4083   18.88000  314.80301   51.3732  135.3490    1.99200   -0.01616
 10.4167   18.96500  314.61801   51.3421  135.3572    1.94100   -0.01109
 10.4250   19.04900  314.43301   51.3114  135.3652    1.88100   -0.00801
 10.4333   19.13100  314.24701   51.2811  135.3725    1.86500   -0.00287
 10.4417   19.21200  314.06000   51.2510  135.3794    1.82800    0.00522
 10.4500   19.29200  313.87299   51.2212  135.3860    1.78800    0.01173
 10.4583   19.37100  313.68399   51.1915  135.3921    1.75800    0.01150
 10.4667   19.44900  313.49500   51.1622  135.3980    1.67400    0.01085
 10.4750   19.52600  313.30499   51.1330  135.4035    1.62800    0.01064
 10.4833   19.60200  313.11499   51.1042  135.4088    1.60400    0.01442
 10.4917   19.67600  312.92300   51.0756  135.4133    1.54700    0.01912
 10.5000   19.74900  312.73099   51.0472  135.4175    1.50600    0.01488
 10.5083   19.82500  312.53900   51.0185  135.4229    1.41700    0.01066
 10.5167   19.89900  312.34698   50.9903  135.4277    1.35700    0.00437
 10.5250   19.97200  312.15399   50.9622  135.4321    1.30000    0.00050
 10.5333   20.04400  311.96100   50.9344  135.4363    1.22700   -0.00224
 10.5417   20.11500  311.76599   50.9067  135.4400    1.17600   -0.00659
 10.5500   20.18400  311.57101   50.8794  135.4432    1.11200   -0.00994
 10.5583   20.25300  311.37500   50.8521  135.4464    1.05200   -0.01272
 10.5667   20.32000  311.17801   50.8251  135.4490    1.01100   -0.01810
 10.5750   20.38600  310.98099   50.7984  135.4513    0.93500   -0.02442
 10.5833   20.45100  310.78299   50.7718  135.4533    0.87200   -0.03340
 10.5917   20.51400  310.58401   50.7455  135.4547    0.82100   -0.03754
 10.6000   20.57700  310.38501   50.7193  135.4562    0.78500   -0.03677
 10.6083   20.63800  310.18399   50.6933  135.4570    0.76600   -0.03393
 10.6167   20.69800  309.98401   50.6675  135.4576    0.73800   -0.03255
 10.6250   20.75700  309.78201   50.6419  135.4579    0.70400   -0.02731
 10.6333   20.81400  309.57999   50.6165  135.4576    0.72200   -0.02265
 10.6417   20.87100  309.37701   50.5912  135.4574    0.70000   -0.01717
 10.6500   20.92600  309.17401   50.5662  135.4566    0.68000   -0.01871
 10.6583   20.98000  308.97000   50.5413  135.4556    0.66200   -0.01920
 10.6667   21.03200  308.76501   50.5166  135.4539    0.65900   -0.02291
 10.6750   21.08700  308.56100   50.4917  135.4535    0.63000   -0.01968
 10.6833   21.14000  308.35699   50.4672  135.4525    0.66500   -0.02006
 10.6917   21.19300  308.15201   50.4425  135.4515    0.64300   -0.01176
 10.7000   21.24400  307.94601   50.4182  135.4500    0.67500   -0.00688
 10.7083   21.29300  307.73999   50.3941  135.4479    0.69100   -0.00407
 10.7167   21.34200  307.53299   50.3700  135.4458    0.65700   -0.00309
 10.7250   21.38900  307.32501   50.3461  135.4432    0.67500    0.00227
 10.7333   21.43500  307.11700   50.3224  135.4404    0.71700    0.01130
 10.7417   21.48000  306.90799   50.2987  135.4373    0.70500    0.02035
 10.7500   21.52300  306.69901   50.2754  135.4338    0.72000    0.02033
 10.7583   21.56600  306.48901   50.2520  135.4302    0.70000    0.02158
 10.7667   21.60700  306.27899   50.2289  135.4262    0.69200    0.02356
 10.7750   21.64600  306.06799   50.2059  135.4216    0.70900    0.02663
 10.7833   21.68500  305.85699   50.1830  135.4171    0.68900    0.03023
 10.7917   21.72200  305.64499   50.1603  135.4120    0.67900    0.02538
 10.8000   21.75800  305.43301   50.1377  135.4068    0.63600    0.02045
 10.8083   21.79200  305.22101   50.1153  135.4011    0.61200    0.01320
 10.8167   21.82600  305.00699   50.0928  135.3953    0.58300    0.00630
 10.8250   21.85800  304.79401   50.0707  135.3892    0.53700    0.00019
 10.8333   21.88800  304.57999   50.0487  135.3824    0.51300   -0.00215
 10.8417   21.92100  304.36700   50.0264  135.3768    0.50500   -0.00289
 10.8500   21.95300  304.15302   50.0042  135.3710    0.46900   -0.00747
 10.8583   21.98300  303.93799   49.9822  135.3646    0.42200   -0.00992
 10.8667   22.01200  303.72400   49.9604  135.3581    0.43000   -0.01386
 10.8750   22.03900  303.50900   49.9387  135.3510    0.38600   -0.01600
 10.8833   22.06600  303.29300   49.9169  135.3440    0.35600   -0.01652
 10.8917   22.09100  303.07700   49.8953  135.3365    0.37900   -0.01802
 10.9000   22.11500  302.86099   49.8739  135.3288    0.33300   -0.02032
 10.9083   22.13700  302.64401   49.8525  135.3206    0.30100   -0.02747
 10.9167   22.15800  302.42700   49.8313  135.3121    0.29700   -0.02558
 10.9250   22.17800  302.20901   49.8101  135.3034    0.31300   -0.01767
 10.9333   22.19700  301.99200   49.7891  135.2946    0.32500   -0.00965
 10.9417   22.21400  301.77399   49.7681  135.2853    0.32700   -0.00426
 10.9500   22.23000  301.55499   49.7472  135.2757    0.33000    0.00276
 10.9583   22.24500  301.33701   49.7265  135.2660    0.35400    0.00645
 10.9667   22.25800  301.11801   49.7058  135.2557    0.33600    0.00663
 10.9750   22.27000  300.89899   49.6853  135.2452    0.31600    0.00317
 10.9833   22.28100  300.67899   49.6647  135.2345    0.31500    0.00304
 10.9917   22.29000  300.45999   49.6444  135.2234    0.31700    0.00503
 11.0000   22.29900  300.23999   49.6240  135.2123    0.31000    0.01380
 11.0083   22.30900  300.01999   49.6034  135.2017    0.34900    0.01983
 11.0167   22.31800  299.80099   49.5830  135.1910    0.32700    0.02545
 11.0250   22.32500  299.58099   49.5628  135.1796    0.31000    0.02356
 11.0333   22.33200  299.35999   49.5423  135.1684    0.29600    0.02466
 11.0417   22.33700  299.14001   49.5222  135.1567    0.28700    0.02299
 11.0500   22.34000  298.91901   49.5021  135.1445    0.25000    0.01789
 11.0583   22.34300  298.69901   49.4820  135.1324    0.21200    0.01285
 11.0667   22.34400  298.47800   49.4620  135.1198    0.20600    0.00558
 11.0750   22.34400  298.25699   49.4421  135.1070    0.15600   -0.00084
 11.0833   22.34200  298.03500   49.4222  135.0936    0.12800   -0.00971
 11.0917   22.33900  297.81400   49.4025  135.0801    0.10800   -0.02111
 11.1000   22.33500  297.59201   49.3827  135.0663    0.04500   -0.02736
 11.1083   22.33000  297.37100   49.3630  135.0524    0.05300   -0.03662
 11.1167   22.32300  297.14899   49.3434  135.0379    0.01900   -0.03818
 11.1250   22.31500  296.92700   49.3238  135.0232    0.01200   -0.04401
 11.1333   22.30600  296.70499   49.3043  135.0083    0.00000   -0.04186
 11.1417   22.29600  296.48300   49.2848  134.9932    0.02800   -0.04149
 11.1500   22.28400  296.26099   49.2654  134.9775    0.01800   -0.03074
 11.1583   22.27100  296.03900   49.2460  134.9617    0.08100   -0.02363
 11.1667   22.25700  295.81699   49.2266  134.9457    0.09400   -0.01772
 11.1750   22.24400  295.59500   49.2072  134.9301    0.08800   -0.01556
 11.1833   22.23100  295.37299   49.1876  134.9146    0.14000   -0.01715
 11.1917   22.21600  295.15100   49.1682  134.8986    0.14000   -0.01402
 11.2000   22.19900  294.92899   49.1489  134.8820    0.17700   -0.01399
 11.2083   22.18200  294.70700   49.1295  134.8656    0.21900   -0.00852
 11.2167   22.16300  294.48499   49.1102  134.8486    0.26400   -0.01137
 11.2250   22.14300  294.26300   49.0909  134.8314    0.25500   -0.01682
 11.2333   22.12200  294.04099   49.0716  134.8139    0.28700   -0.02227
 11.2417   22.09900  293.81900   49.0524  134.7960    0.33700   -0.02051
 11.2500   22.07600  293.59799   49.0332  134.7781    0.37900   -0.01749
 11.2583   22.05100  293.37601   49.0140  134.7597    0.42300   -0.01482
 11.2667   22.02400  293.15399   48.9949  134.7407    0.47300   -0.01050
 11.2750   21.99700  292.93201   48.9757  134.7218    0.53000   -0.00580
 11.2833   21.96800  292.71100   48.9567  134.7024    0.58000   -0.00534
 11.2917   21.93800  292.48901   48.9375  134.6827    0.60900   -0.00304
 11.3000   21.90700  292.26801   48.9185  134.6628    0.68200   -0.00420
 11.3083   21.87400  292.04700   48.8995  134.6423    0.71400    0.00039
 11.3167   21.84100  291.82501   48.8803  134.6219    0.78500    0.00140
 11.3250   21.80600  291.60400   48.8613  134.6009    0.83700    0.00010
 11.3333   21.77000  291.38400   48.8423  134.5797    0.85600   -0.00723
 11.3417   21.73600  291.16299   48.8230  134.5592    0.88800   -0.01108
 11.3500   21.70000  290.94299   48.8039  134.5382    0.96400   -0.01020
 11.3583   21.66300  290.72198   48.7846  134.5169    1.01200   -0.00189
 11.3667   21.62600  290.50201   48.7654  134.4957    1.08800    0.00727
 11.3750   21.58600  290.28201   48.7463  134.4736    1.16600    0.01053
 11.3833   21.54600  290.06201   48.7270  134.4515    1.17300    0.01358
 11.3917   21.50500  289.84299   48.7078  134.4292    1.24700    0.01011
 11.4000   21.46200  289.62299   48.6886  134.4063    1.27900    0.01434
 11.4083   21.41800  289.40399   48.6694  134.3831    1.33600    0.01466
 11.4167   21.37300  289.18500   48.6502  134.3597    1.38500    0.01871
 11.4250   21.32700  288.96600   48.6309  134.3359    1.44300    0.01665
 11.4333   21.27900  288.74701   48.6116  134.3116    1.45500    0.00827
 11.4417   21.23100  288.52899   48.5923  134.2873    1.45800    0.00001
 11.4500   21.18100  288.31100   48.5731  134.2624    1.51000   -0.00233
 11.4583   21.13000  288.09299   48.5537  134.2371    1.55700   -0.00146
 11.4667   21.07800  287.87500   48.5344  134.2116    1.57800   -0.00135
 11.4750   21.02500  287.65799   48.5150  134.1858    1.62300    0.00390
 11.4833   20.97100  287.44101   48.4956  134.1597    1.70500    0.01016
 11.4917   20.91600  287.22400   48.4761  134.1333    1.73000    0.01355
 11.5000   20.85900  287.00699   48.4566  134.1062    1.75500    0.00237
 11.5083   20.80400  286.79099   48.4370  134.0799    1.73800   -0.00317
 11.5167   20.74900  286.57501   48.4173  134.0537    1.80200   -0.00897
 11.5250   20.69200  286.35901   48.3976  134.0267    1.83000   -0.00762
 11.5333   20.63300  286.14401   48.3779  133.9992    1.86500   -0.01048
 11.5417   20.57400  285.92899   48.3581  133.9716    1.90300   -0.01025
 11.5500   20.51400  285.71399   48.3382  133.9437    1.95200   -0.00894
 11.5583   20.45200  285.50000   48.3184  133.9151    1.99600   -0.01125
 11.5667   20.39000  285.28500   48.2984  133.8866    2.01200   -0.01235
 11.5750   20.32600  285.07199   48.2785  133.8573    2.07100   -0.01329
 11.5833   20.26200  284.85800   48.2584  133.8281    2.11800   -0.01065
 11.5917   20.19600  284.64499   48.2383  133.7981    2.16200   -0.00631
 11.6000   20.12900  284.43201   48.2181  133.7678    2.23700   -0.00498
 11.6083   20.06100  284.22000   48.1980  133.7372    2.26700   -0.00488
 11.6167   19.99200  284.00800   48.1777  133.7061    2.30500   -0.00734
 11.6250   19.92200  283.79599   48.1573  133.6747    2.36400   -0.00731
 11.6333   19.85100  283.58499   48.1369  133.6430    2.41300   -0.00096
 11.6417   19.77900  283.37399   48.1164  133.6108    2.49600    0.00459
 11.6500   19.70600  283.16299   48.0958  133.5782    2.55300    0.00637
 11.6583   19.63200  282.95300   48.0752  133.5453    2.58300   -0.00235
 11.6667   19.55700  282.74301   48.0544  133.5120    2.60000   -0.00390
 11.6750   19.48300  282.53400   48.0336  133.4790    2.71100   -0.00838
 11.6833   19.40900  282.32501   48.0127  133.4461    2.72000   -0.00846
 11.6917   19.33400  282.11600   47.9916  133.4128    2.77100   -0.01491
 11.7000   19.25700  281.90701   47.9703  133.3786    2.84000   -0.01780
 11.7083   19.18000  281.69901   47.9491  133.3444    2.88100   -0.02062
 11.7167   19.10100  281.49200   47.9278  133.3094    2.93600   -0.02266
 11.7250   19.02200  281.28500   47.9064  133.2744    3.01300   -0.01490
 11.7333   18.94100  281.07800   47.8849  133.2385    3.12700   -0.00965
 11.7417   18.86000  280.87201   47.8633  133.2026    3.17300   -0.00531
 11.7500   18.77800  280.66599   47.8415  133.1663    3.25700   -0.01538
 11.7583   18.69400  280.45999   47.8196  133.1290    3.27800   -0.01730
 11.7667   18.61000  280.25500   47.7976  133.0918    3.39200   -0.02594
 11.7750   18.52500  280.05099   47.7756  133.0541    3.44000   -0.02419
 11.7833   18.43900  279.84601   47.7533  133.0159    3.54900   -0.03264
 11.7917   18.35200  279.64301   47.7311  132.9772    3.60400   -0.03872
 11.8000   18.26400  279.44000   47.7087  132.9380    3.68300   -0.04256
 11.8083   18.17500  279.23700   47.6861  132.8983    3.82600   -0.04132
 11.8167   18.08600  279.03500   47.6634  132.8586    3.93300   -0.03883
 11.8250   17.99500  278.83301   47.6406  132.8179    4.03800   -0.04449
 11.8333   17.90400  278.63101   47.6175  132.7771    4.13800   -0.04819
 11.8417   17.81400  278.42999   47.5944  132.7367    4.27700   -0.04759
 11.8500   17.72300  278.22900   47.5711  132.6958    4.42700   -0.04576
 11.8583   17.63100  278.02899   47.5476  132.6543    4.54900   -0.04520
 11.8667   17.53900  277.82901   47.5240  132.6128    4.69000   -0.04290
 11.8750   17.44500  277.63000   47.5003  132.5702    4.86500   -0.03065
 11.8833   17.35100  277.43100   47.4764  132.5276    5.07000   -0.01598
 11.8917   17.25600  277.23199   47.4523  132.4844    5.23800   -0.00104
 11.9000   17.16000  277.03400   47.4280  132.4406    5.42500    0.00908
 11.9083   17.06300  276.83701   47.4037  132.3963    5.60600    0.01180
 11.9167   16.96600  276.64001   47.3791  132.3518    5.73300    0.01291
 11.9250   16.86700  276.44299   47.3543  132.3063    5.91300    0.00584
 11.9333   16.76800  276.24701   47.3294  132.2606    6.03700    0.00586
 11.9417   16.66800  276.05099   47.3042  132.2144    6.21600    0.00025
 11.9500   16.56700  275.85599   47.2789  132.1674    6.36100   -0.00679
 11.9583   16.46500  275.66199   47.2535  132.1199    6.47900   -0.01315
 11.9667   16.36300  275.46701   47.2277  132.0723    6.66100   -0.01004
 11.9750   16.26000  275.27399   47.2019  132.0239    6.87100    0.00074
 11.9833   16.15600  275.08099   47.1758  131.9750    7.04000    0.01047
 11.9917   16.05100  274.88800   47.1495  131.9253    7.21900    0.00286
 12.0000   15.94600  274.69601   47.1230  131.8755    7.30600   -0.00258
 12.0083   15.84200  274.50400   47.0962  131.8260    7.49500   -0.01484
 12.0167   15.73700  274.31201   47.0692  131.7758    7.62400   -0.00800
 12.0250   15.63100  274.12100   47.0420  131.7249    7.84900   -0.00254
 12.0333   15.52500  273.92999   47.0146  131.6739    8.02600   -0.00263
 12.0417   15.41800  273.73999   46.9869  131.6221    8.11000   -0.00815
 12.0500   15.31000  273.54999   46.9590  131.5696    8.28900   -0.01287
 12.0583   15.20200  273.36099   46.9309  131.5169    8.45800    0.00898
 12.0667   15.09300  273.17200   46.9024  131.4635    8.73100    0.03507
 12.0750   14.98300  272.98401   46.8738  131.4093    8.92800    0.05135
 12.0833   14.87300  272.79599   46.8449  131.3549    9.02000    0.05672
 12.0917   14.76100  272.60901   46.8157  131.2992    9.20200    0.04587
 12.1000   14.64900  272.42200   46.7862  131.2433    9.27600    0.04540
 12.1083   14.53700  272.23599   46.7565  131.1871    9.43600    0.04307
 12.1167   14.42400  272.04999   46.7265  131.1301    9.59200    0.03935
 12.1250   14.31000  271.86499   46.6962  131.0723    9.64000    0.02124
 12.1333   14.19500  271.67999   46.6656  131.0136    9.68200    0.00554
 12.1417   14.08000  271.49600   46.6348  130.9547    9.84500   -0.00826
 12.1500   13.96400  271.31201   46.6035  130.8949    9.89800   -0.00246
 12.1583   13.84800  271.12799   46.5719  130.8349   10.07900   -0.00445
 12.1667   13.73100  270.94501   46.5401  130.7740   10.17400    0.01322
 12.1750   13.61500  270.76300   46.5081  130.7134   10.37100    0.00932
 12.1833   13.49900  270.57999   46.4756  130.6525   10.37700    0.00800
 12.1917   13.38200  270.39801   46.4428  130.5907   10.49000   -0.00740
 12.2000   13.26500  270.21701   46.4098  130.5285   10.57100   -0.00280
 12.2083   13.14700  270.03601   46.3763  130.4655   10.74400   -0.01751
 12.2167   13.02800  269.85599   46.3425  130.4015   10.70800   -0.00636
 12.2250   12.90900  269.67599   46.3084  130.3373   11.01400   -0.01152
 12.2333   12.78900  269.49600   46.2738  130.2721   11.06200   -0.00090
 12.2417   12.66800  269.31699   46.2389  130.2059   11.15700   -0.01972
 12.2500   12.54700  269.13800   46.2035  130.1394   11.22200   -0.02421
 12.2583   12.42600  268.95999   46.1679  130.0725   11.37300   -0.02199
 12.2667   12.30400  268.78201   46.1318  130.0046   11.52100   -0.02027
 12.2750   12.18100  268.60501   46.0953  129.9358   11.57900   -0.00722
 12.2833   12.05800  268.42801   46.0584  129.8665   11.83400   -0.00125
 12.2917   11.93400  268.25201   46.0211  129.7962   11.92500    0.01799
 12.3000   11.81000  268.07599   45.9834  129.7256   12.09900    0.02543
 12.3083   11.68500  267.90100   45.9453  129.6539   12.25100    0.03384
 12.3167   11.56000  267.72601   45.9067  129.5817   12.34700    0.03599
 12.3250   11.43500  267.55099   45.8676  129.5092   12.46000    0.01747
 12.3333   11.30800  267.37701   45.8281  129.4349   12.44400    0.00450
 12.3417   11.18400  267.20300   45.7883  129.3622   12.59400   -0.00715
 12.3500   11.05800  267.03000   45.7480  129.2877   12.72200   -0.00633
 12.3583   10.93200  266.85699   45.7072  129.2128   12.81600   -0.00155
 12.3667   10.80600  266.68399   45.6659  129.1374   12.99400   -0.00943
 12.3750   10.67900  266.51199   45.6241  129.0609   13.01500   -0.00829
 12.3833   10.55200  266.34000   45.5819  128.9840   13.17800   -0.02064
 12.3917   10.42400  266.16800   45.5389  128.9060   13.24100   -0.02733
 12.4000   10.29600  265.99701   45.4957  128.8275   13.30900   -0.02613
 12.4083   10.16700  265.82700   45.4519  128.7477   13.54000   -0.01458
 12.4167   10.03800  265.65701   45.4075  128.6675   13.69600   -0.00468
 12.4250    9.90800  265.48700   45.3625  128.5861   13.75400    0.00160
 12.4333    9.77800  265.31799   45.3170  128.5042   13.96100   -0.00183
 12.4417    9.64800  265.14899   45.2710  128.4219   14.03900    0.00566
 12.4500    9.51700  264.98001   45.2242  128.3383   14.20200    0.00051
 12.4583    9.38600  264.81201   45.1770  128.2541   14.31200    0.00712
 12.4667    9.25400  264.64499   45.1293  128.1687   14.50300    0.00395
 12.4750    9.12200  264.47699   45.0807  128.0828   14.58900   -0.00429
 12.4833    8.99000  264.31000   45.0317  127.9964   14.65800   -0.02539
 12.4917    8.85700  264.14401   44.9820  127.9086   14.73200   -0.03570
 12.5000    8.72400  263.97800   44.9318  127.8204   14.91200   -0.03752
 12.5083    8.59200  263.81201   44.8810  127.7323   15.06100   -0.02764
 12.5167    8.46000  263.64600   44.8295  127.6438   15.25300   -0.01560
 12.5250    8.32700  263.48099   44.7775  127.5539   15.46500   -0.00033
 12.5333    8.19400  263.31601   44.7247  127.4634   15.64700    0.00725
 12.5417    8.06100  263.15201   44.6714  127.3724   15.76600    0.00863
 12.5500    7.92700  262.98700   44.6171  127.2801   15.91100    0.00429
 12.5583    7.79300  262.82401   44.5624  127.1872   16.03300   -0.00372
 12.5667    7.65800  262.66000   44.5066  127.0930   16.12200   -0.00752
 12.5750    7.52400  262.49701   44.4505  126.9990   16.31700   -0.00080
 12.5833    7.38900  262.33499   44.3936  126.9035   16.53900    0.02053
 12.5917    7.25300  262.17200   44.3356  126.8067   16.76100    0.03632
 12.6000    7.11700  262.01001   44.2770  126.7093   16.88400    0.04710
 12.6083    6.98100  261.84900   44.2178  126.6113   17.03900    0.03867
 12.6167    6.84500  261.68701   44.1576  126.5128   17.05300    0.02973
 12.6250    6.70900  261.52701   44.0970  126.4136   17.15300    0.01972
 12.6333    6.57200  261.36600   44.0352  126.3130   17.29000    0.02861
 12.6417    6.43500  261.20599   43.9728  126.2118   17.48100    0.03864
 12.6500    6.29700  261.04599   43.9093  126.1092   17.59500    0.04115
 12.6583    6.16000  260.88599   43.8452  126.0069   17.65300    0.03797
 12.6667    6.02200  260.72699   43.7802  125.9030   17.80900    0.01906
 12.6750    5.88500  260.56799   43.7146  125.7994   17.71600    0.00539
 12.6833    5.74800  260.40900   43.6482  125.6953   17.81200   -0.01782
 12.6917    5.61100  260.25000   43.5808  125.5907   17.87200   -0.02313
 12.7000    5.47300  260.09201   43.5125  125.4845   17.89200   -0.01168
 12.7083    5.33500  259.93399   43.4434  125.3777   18.11700   -0.00146
 12.7167    5.19700  259.77600   43.3733  125.2704   18.22100    0.00504
 12.7250    5.05800  259.61899   43.3021  125.1615   18.29900    0.00000

 18.1750    8.25200  160.09700   36.7599  147.2899   13.04000    0.00000
 18.1833    8.44800  160.00301   36.8730  147.2699   13.13000    0.01148
 18.1917    8.64400  159.91000   36.9846  147.2497   13.04100    0.01160
 18.2000    8.84000  159.81700   37.0946  147.2296   12.81600    0.00260
 18.2083    9.03700  159.72400   37.2035  147.2094   12.82200   -0.02057
 18.2167    9.23400  159.63100   37.3109  147.1893   12.77200   -0.06197
 18.2250    9.43100  159.53799   37.4168  147.1693   12.55400   -0.10451
 18.2333    9.62900  159.44501   37.5217  147.1491   12.70700   -0.13642
 18.2417    9.82700  159.35300   37.6250  147.1289   12.89800   -0.12609
 18.2500   10.02500  159.25999   37.7269  147.1090   13.00900   -0.10725
 18.2583   10.22400  159.16701   37.8279  147.0889   13.13200   -0.08771
 18.2667   10.42300  159.07401   37.9274  147.0690   13.21400   -0.02567
 18.2750   10.62200  158.98100   38.0255  147.0492   13.67900    0.04880
 18.2833   10.82100  158.88901   38.1221  147.0293   13.91300    0.14142
 18.2917   11.02100  158.79601   38.2179  147.0095   14.17800    0.17659
 18.3000   11.22100  158.70300   38.3123  146.9898   14.16500    0.17674
 18.3083   11.42100  158.61099   38.4053  146.9701   14.11100    0.14517
 18.3167   11.62200  158.51801   38.4974  146.9505   14.10100    0.10361
 18.3250   11.82300  158.42500   38.5883  146.9310   14.00200    0.06389
 18.3333   12.02400  158.33200   38.6778  146.9116   13.96500    0.00413
 18.3417   12.22500  158.23801   38.7661  146.8925   13.81100   -0.04935
 18.3500   12.42700  158.14500   38.8535  146.8732   13.79000   -0.08497
 18.3583   12.62900  158.05099   38.9397  146.8542   13.89600   -0.07119
 18.3667   12.83100  157.95700   39.0247  146.8353   14.11100   -0.06277
 18.3750   13.03400  157.86301   39.1089  146.8164   13.99500   -0.07269
 18.3833   13.23700  157.76900   39.1918  146.7976   13.92100   -0.10845
 18.3917   13.44000  157.67500   39.2736  146.7789   13.91400   -0.11317
 18.4000   13.64300  157.58099   39.3542  146.7603   14.04700   -0.07139
 18.4083   13.84700  157.48700   39.4341  146.7417   14.33700    0.02355
 18.4167   14.05100  157.39301   39.5128  146.7232   14.73600    0.10594
 18.4250   14.25500  157.29900   39.5904  146.7049   14.75100    0.16160
 18.4333   14.45900  157.20399   39.6670  146.6868   14.81500    0.15589
 18.4417   14.66400  157.11000   39.7427  146.6686   14.70400    0.16242
 18.4500   14.86800  157.01500   39.8171  146.6507   14.77200    0.16355
 18.4583   15.07400  156.92101   39.8912  146.6326   14.74500    0.17320
 18.4667   15.27900  156.82600   39.9638  146.6149   14.66800    0.16671
 18.4750   15.48400  156.73100   40.0355  146.5972   14.58800    0.13952
 18.4833   15.69000  156.63600   40.1065  146.5796   14.37400    0.10707
 18.4917   15.89600  156.53999   40.1765  146.5623   14.21100    0.08139
 18.5000   16.10200  156.44501   40.2456  146.5449   14.11200    0.08230
 18.5083   16.30900  156.34900   40.3140  146.5276   14.02800    0.07457
 18.5167   16.51500  156.25200   40.3813  146.5108   13.73600    0.06343
 18.5250   16.72200  156.15601   40.4478  146.4937   13.58600    0.03010
 18.5333   16.93000  156.05901   40.5138  146.4769   13.31400    0.01638
 18.5417   17.13700  155.96201   40.5786  146.4602   13.15400   -0.00115
 18.5500   17.34500  155.86501   40.6428  146.4435   12.95700    0.00124
 18.5583   17.55300  155.76700   40.7062  146.4271   12.81900    0.00248
 18.5667   17.76100  155.67000   40.7687  146.4107   12.65400   -0.00703
 18.5750   17.96900  155.57201   40.8303  146.3945   12.39100   -0.03442
 18.5833   18.17800  155.47400   40.8914  146.3783   12.13900   -0.06991
 18.5917   18.38600  155.37601   40.9515  146.3624   11.91400   -0.07520
 18.6000   18.59500  155.27800   41.0110  146.3464   11.86200   -0.06822
 18.6083   18.80400  155.17900   41.0697  146.3306   11.69800   -0.05214
 18.6167   19.01400  155.08000   41.1279  146.3149   11.55000   -0.04497
 18.6250   19.22300  154.98100   41.1851  146.2993   11.44300   -0.03979
 18.6333   19.43200  154.88200   41.2416  146.2839   11.27100   -0.01742
 18.6417   19.64200  154.78200   41.2976  146.2686   11.24600    0.01395
 18.6500   19.85200  154.68201   41.3528  146.2534   11.20800    0.04685
 18.6583   20.06200  154.58200   41.4074  146.2383   11.05300    0.04679
 18.6667   20.27200  154.48100   41.4612  146.2234   10.81600    0.02072
 18.6750   20.48300  154.38000   41.5147  146.2085   10.61700    0.00534
 18.6833   20.69400  154.27800   41.5674  146.1938   10.54600   -0.00303
 18.6917   20.90500  154.17599   41.6195  146.1792   10.36100   -0.00571
 18.7000   21.11600  154.07401   41.6709  146.1647   10.19700   -0.02249
 18.7083   21.32700  153.97099   41.7218  146.1504   10.03800   -0.02502
 18.7167   21.53800  153.86800   41.7719  146.1362    9.95600   -0.01811
 18.7250   21.75000  153.76500   41.8217  146.1219    9.86600   -0.02204
 18.7333   21.96200  153.66100   41.8709  146.1079    9.64300   -0.03000
 18.7417   22.17400  153.55701   41.9194  146.0939    9.54600   -0.04924
 18.7500   22.38600  153.45300   41.9674  146.0801    9.40400   -0.05303
 18.7583   22.59800  153.34801   42.0148  146.0664    9.30900   -0.06515
 18.7667   22.81000  153.24300   42.0616  146.0528    9.18100   -0.08987
 18.7750   23.02200  153.13699   42.1079  146.0395    8.97600   -0.10004
 18.7833   23.23500  153.03101   42.1538  146.0260    8.98500   -0.10437
 18.7917   23.44700  152.92400   42.1990  146.0129    8.90800   -0.07833
 18.8000   23.66000  152.81700   42.2438  145.9997    8.90300   -0.05845
 18.8083   23.87200  152.71001   42.2880  145.9867    8.88200   -0.02536
 18.8167   24.08500  152.60201   42.3318  145.9738    8.89500    0.00040
 18.8250   24.29800  152.49400   42.3751  145.9610    8.85200    0.02322
 18.8333   24.51000  152.38499   42.4177  145.9484    8.82000    0.04071
 18.8417   24.72400  152.27499   42.4603  145.9358    8.80200    0.04737
 18.8500   24.93800  152.16499   42.5023  145.9233    8.69800    0.04233
 18.8583   25.15100  152.05499   42.5437  145.9109    8.60700    0.02969
 18.8667   25.36500  151.94400   42.5848  145.8986    8.55400    0.02294
 18.8750   25.57900  151.83200   42.6254  145.8864    8.49800    0.02484
 18.8833   25.79300  151.72000   42.6656  145.8743    8.46300    0.01618
 18.8917   26.00600  151.60800   42.7052  145.8624    8.35000    0.00299
 18.9000   26.22000  151.49500   42.7445  145.8505    8.25800   -0.01727
 18.9083   26.43400  151.38100   42.7834  145.8387    8.16500   -0.03198
 18.9167   26.64800  151.26700   42.8219  145.8271    8.06900   -0.04201
 18.9250   26.86300  151.15199   42.8601  145.8154    7.99500   -0.04199
 18.9333   27.07700  151.03600   42.8978  145.8040    7.95800   -0.02862
 18.9417   27.29100  150.92000   42.9351  145.7927    7.93500    0.00383
 18.9500   27.50500  150.80299   42.9720  145.7815    7.95500    0.04885
 18.9583   27.71900  150.68600   43.0084  145.7703    7.97000    0.08328
 18.9667   27.93300  150.56799   43.0446  145.7593    7.87300    0.09197
 18.9750   28.14700  150.44901   43.0803  145.7484    7.75200    0.06569
 18.9833   28.36100  150.33000   43.1157  145.7375    7.58300    0.04019
 18.9917   28.57500  150.21001   43.1508  145.7268    7.50100    0.03008
 19.0000   28.78900  150.08900   43.1855  145.7162    7.47200    0.03411
 19.0083   29.00300  149.96800   43.2198  145.7056    7.38900    0.02231
 19.0167   29.21800  149.84500   43.2540  145.6951    7.22900   -0.03240
 19.0250   29.43300  149.72301   43.2878  145.6846    6.96800   -0.08815
 19.0333   29.64700  149.59900   43.3211  145.6744    6.86400   -0.11010
 19.0417   29.86200  149.47501   43.3543  145.6641    6.85600   -0.07791
 19.0500   30.07600  149.35001   43.3870  145.6540    6.85500   -0.02709
 19.0583   30.29100  149.22400   43.4195  145.6439    6.83200    0.00600
 19.0667   30.50500  149.09700   43.4516  145.6340    6.73300    0.02916
 19.0750   30.72000  148.97000   43.4836  145.6241    6.68600    0.06242
 19.0833   30.93400  148.84100   43.5151  145.6144    6.71900    0.11110
 19.0917   31.14800  148.71201   43.5463  145.6048    6.68900    0.14722
 19.1000   31.36200  148.58200   43.5772  145.5952    6.56000    0.13427
 19.1083   31.57600  148.45200   43.6079  145.5857    6.33200    0.07906
 19.1167   31.79000  148.32001   43.6383  145.5763    6.08200    0.01619
 19.1250   32.00400  148.18700   43.6684  145.5671    5.91000   -0.01812
 19.1333   32.21800  148.05400   43.6982  145.5578    5.81300   -0.00241
 19.1417   32.43100  147.91901   43.7277  145.5488    5.80000    0.02772
 19.1500   32.64400  147.78400   43.7569  145.5398    5.69200    0.06182
 19.1583   32.85700  147.64799   43.7859  145.5309    5.61000    0.06036
 19.1667   33.07000  147.50999   43.8147  145.5221    5.41400    0.02787
 19.1750   33.28400  147.37300   43.8432  145.5132    5.14900   -0.01671
 19.1833   33.49800  147.23399   43.8716  145.5044    5.01100   -0.05975
 19.1917   33.71100  147.09399   43.8996  145.4958    4.84100   -0.09162
 19.2000   33.92500  146.95300   43.9275  145.4871    4.65700   -0.12153
 19.2083   34.13800  146.81100   43.9551  145.4787    4.55700   -0.14497
 19.2167   34.35100  146.66800   43.9824  145.4703    4.44300   -0.14793
 19.2250   34.56400  146.52400   44.0095  145.4619    4.37500   -0.14460
 19.2333   34.77700  146.37900   44.0364  145.4536    4.31800   -0.12945
 19.2417   34.98900  146.23300   44.0630  145.4455    4.27600   -0.10165
 19.2500   35.20100  146.08600   44.0894  145.4374    4.29600   -0.08042
 19.2583   35.41400  145.93700   44.1157  145.4294    4.24700   -0.06805
 19.2667   35.62500  145.78799   44.1416  145.4215    4.20100   -0.07840
 19.2750   35.83700  145.63699   44.1674  145.4137    4.14500   -0.09154
 19.2833   36.04800  145.48500   44.1929  145.4060    4.11000   -0.09753
 19.2917   36.25900  145.33200   44.2182  145.3983    4.12200   -0.08899
 19.3000   36.47000  145.17799   44.2433  145.3907    4.15100   -0.07871
 19.3083   36.68000  145.02200   44.2682  145.3833    4.12700   -0.05450
 19.3167   36.89000  144.86501   44.2929  145.3759    4.20300   -0.01649
 19.3250   37.10000  144.70700   44.3175  145.3686    4.29200    0.04164
 19.3333   37.31000  144.54800   44.3418  145.3613    4.35600    0.08185
 19.3417   37.52000  144.38800   44.3660  145.3540    4.34800    0.09983
 19.3500   37.73000  144.22600   44.3900  145.3469    4.33900    0.10981
 19.3583   37.94000  144.06400   44.4138  145.3397    4.37400    0.11508
 19.3667   38.14900  143.89999   44.4374  145.3327    4.34600    0.10404
 19.3750   38.35800  143.73399   44.4609  145.3258    4.25300    0.06710
 19.3833   38.56700  143.56700   44.4842  145.3189    4.15300    0.02735
 19.3917   38.77600  143.39900   44.5074  145.3120    4.09600   -0.00423
 19.4000   38.98400  143.23000   44.5303  145.3052    4.02300   -0.01335
 19.4083   39.19100  143.05901   44.5530  145.2986    4.00300    0.00413
 19.4167   39.39900  142.88600   44.5756  145.2920    4.03800    0.04609
 19.4250   39.60500  142.71201   44.5980  145.2856    4.05300    0.08621
 19.4333   39.81200  142.53700   44.6203  145.2791    4.00900    0.10475
 19.4417   40.01800  142.36000   44.6423  145.2727    3.93500    0.08923
 19.4500   40.22300  142.18100   44.6642  145.2665    3.78900    0.05669
 19.4583   40.42800  142.00101   44.6860  145.2603    3.67100    0.02560
 19.4667   40.63300  141.81900   44.7076  145.2542    3.61700    0.00394
 19.4750   40.83700  141.63600   44.7291  145.2482    3.52800   -0.02296
 19.4833   41.04100  141.45100   44.7504  145.2422    3.40200   -0.05492
 19.4917   41.24400  141.26500   44.7715  145.2363    3.33300   -0.07647
 19.5000   41.44600  141.07600   44.7925  145.2306    3.28800   -0.09333
 19.5083   41.65000  140.88699   44.8135  145.2247    3.17300   -0.10566
 19.5167   41.85300  140.69600   44.8343  145.2189    3.11300   -0.11216
 19.5250   42.05500  140.50400   44.8548  145.2132    3.08500   -0.08934
 19.5333   42.25700  140.31000   44.8754  145.2075    3.08900   -0.04023
 19.5417   42.45900  140.11400   44.8958  145.2018    3.13300    0.01477
 19.5500   42.66000  139.91600   44.9160  145.1963    3.12000    0.07280
 19.5583   42.86000  139.71700   44.9361  145.1909    3.12700    0.11532
 19.5667   43.06000  139.51500   44.9561  145.1855    3.09900    0.14497
 19.5750   43.25900  139.31200   44.9759  145.1802    3.02800    0.16027
 19.5833   43.45700  139.10699   44.9955  145.1750    2.97200    0.16441
 19.5917   43.65500  138.89999   45.0151  145.1698    2.89800    0.15352
 19.6000   43.85200  138.69099   45.0346  145.1648    2.76900    0.11279
 19.6083   44.04900  138.48000   45.0539  145.1598    2.59600    0.04945
 19.6167   44.24400  138.26801   45.0730  145.1549    2.43000   -0.01675
 19.6250   44.44000  138.05299   45.0922  145.1499    2.28800   -0.06717
 19.6333   44.63400  137.83600   45.1111  145.1452    2.17700   -0.10558
 19.6417   44.82800  137.61700   45.1300  145.1405    2.06000   -0.13755
 19.6500   45.02000  137.39700   45.1486  145.1359    1.94700   -0.15675
 19.6583   45.21200  137.17400   45.1672  145.1313    1.89300   -0.16000
 19.6667   45.40400  136.94901   45.1857  145.1268    1.84600   -0.14606
 19.6750   45.59600  136.72301   45.2042  145.1222    1.81200   -0.12344
 19.6833   45.78700  136.49500   45.2225  145.1177    1.80700   -0.10500
 19.6917   45.97800  136.26401   45.2408  145.1133    1.76700   -0.08247
 19.7000   46.16800  136.03200   45.2589  145.1089    1.77900   -0.07163
 19.7083   46.35700  135.79700   45.2769  145.1046    1.76000   -0.05337
 19.7167   46.54500  135.56000   45.2948  145.1004    1.78100   -0.04560
 19.7250   46.73300  135.32100   45.3126  145.0961    1.77900   -0.04670
 19.7333   46.91900  135.08000   45.3303  145.0921    1.75200   -0.06647
 19.7417   47.10500  134.83600   45.3480  145.0880    1.71800   -0.07859
 19.7500   47.29000  134.59000   45.3655  145.0840    1.75800   -0.08266
 19.7583   47.47300  134.34200   45.3828  145.0802    1.76500   -0.06790
 19.7667   47.65600  134.09200   45.4001  145.0763    1.80400   -0.04818
 19.7750   47.83800  133.83900   45.4174  145.0726    1.86000   -0.01457
 19.7833   48.01900  133.58299   45.4345  145.0689    1.91700    0.02741
 19.7917   48.19900  133.32500   45.4516  145.0653    1.98500    0.06618
 19.8000   48.37800  133.06500   45.4685  145.0617    2.02500    0.10926
 19.8083   48.55500  132.80299   45.4853  145.0583    2.09600    0.12595
 19.8167   48.73200  132.53700   45.5021  145.0549    2.06000    0.12407
 19.8250   48.90800  132.27000   45.5188  145.0516    2.02700    0.09774
 19.8333   49.08200  132.00000   45.5353  145.0483    2.00100    0.06997
 19.8417   49.25700  131.72800   45.5519  145.0450    1.95400    0.03553
 19.8500   49.43200  131.45399   45.5684  145.0416    1.88800    0.01061
 19.8583   49.60500  131.17799   45.5848  145.0384    1.89400   -0.01269
 19.8667   49.77700  130.89900   45.6011  145.0352    1.85000   -0.01830
 19.8750   49.94800  130.61700   45.6173  145.0321    1.85100   -0.02333
 19.8833   50.11700  130.33299   45.6334  145.0291    1.85500   -0.02366
 19.8917   50.28600  130.04601   45.6495  145.0261    1.82200   -0.03679
 19.9000   50.45300  129.75600   45.6655  145.0233    1.76900   -0.04735
 19.9083   50.61900  129.46400   45.6815  145.0204    1.78100   -0.06661
 19.9167   50.78400  129.16901   45.6973  145.0177    1.72200   -0.07924
 19.9250   50.94700  128.87100   45.7131  145.0150    1.70500   -0.07666
 19.9333   51.10900  128.57100   45.7288  145.0124    1.78700   -0.05707
 19.9417   51.27000  128.26801   45.7444  145.0098    1.80600   -0.01978
 19.9500   51.42900  127.96200   45.7599  145.0074    1.87000   -0.00747
 19.9583   51.58700  127.65300   45.7754  145.0050    1.87100   -0.00753
 19.9667   51.74400  127.34200   45.7908  145.0026    1.85300   -0.03005
 19.9750   51.89900  127.02800   45.8062  145.0004    1.84000   -0.05679
 19.9833   52.05200  126.71100   45.8214  144.9982    1.83700   -0.06827
 19.9917   52.20500  126.39100   45.8366  144.9960    1.88400   -0.06452
 20.0000   52.35500  126.06900   45.8517  144.9940    1.93800   -0.06093
 20.0083   52.50700  125.74500   45.8669  144.9918    1.94000   -0.04204
 20.0167   52.65700  125.41800   45.8820  144.9897    2.04800   -0.01812
 20.0250   52.80500  125.08900   45.8969  144.9876    2.12000    0.01355
 20.0333   52.95200  124.75600   45.9119  144.9857    2.14700    0.02630
 20.0417   53.09800  124.42100   45.9268  144.9837    2.18500    0.02794
 20.0500   53.24100  124.08300   45.9416  144.9819    2.21700    0.03907
 20.0583   53.38300  123.74100   45.9563  144.9801    2.28100    0.03442
 20.0667   53.52400  123.39800   45.9710  144.9784    2.26400    0.03626
 20.0750   53.66300  123.05100   45.9857  144.9767    2.31700    0.02440
 20.0833   53.80000  122.70100   46.0003  144.9752    2.32400    0.02921
 20.0917   53.93500  122.34900   46.0148  144.9737    2.35800    0.03357
 20.1000   54.06900  121.99400   46.0292  144.9722    2.39600    0.04911
 20.1083   54.20100  121.63600   46.0437  144.9709    2.42900    0.06210
 20.1167   54.33100  121.27500   46.0580  144.9696    2.43800    0.07408
 20.1250   54.45900  120.91100   46.0723  144.9684    2.45900    0.07538
 20.1333   54.58600  120.54500   46.0866  144.9672    2.44300    0.08151
 20.1417   54.71000  120.17600   46.1007  144.9662    2.45600    0.07969
 20.1500   54.83300  119.80400   46.1149  144.9652    2.43800    0.07729
 20.1583   54.95400  119.42900   46.1290  144.9642    2.40600    0.06528
 20.1667   55.07300  119.05200   46.1431  144.9634    2.37500    0.05486
 20.1750   55.19200  118.67300   46.1571  144.9624    2.34800    0.04790
 20.1833   55.31000  118.29100   46.1711  144.9614    2.31400    0.04648
 20.1917   55.42500  117.90600   46.1851  144.9606    2.28500    0.04202
 20.2000   55.53900  117.51900   46.1990  144.9598    2.23400    0.04499
 20.2083   55.65100  117.12900   46.2128  144.9590    2.21400    0.04511
 20.2167   55.76100  116.73600   46.2267  144.9583    2.16500    0.04871
 20.2250   55.86800  116.34100   46.2404  144.9578    2.11600    0.04017
 20.2333   55.97400  115.94300   46.2542  144.9572    2.04900    0.03869
 20.2417   56.07700  115.54300   46.2678  144.9568    2.02600    0.02158
 20.2500   56.17800  115.14000   46.2815  144.9565    1.92900   -0.00058
 20.2583   56.27800  114.73500   46.2951  144.9561    1.85300   -0.03627
 20.2667   56.37400  114.32700   46.3086  144.9560    1.79200   -0.05645
 20.2750   56.46900  113.91700   46.3221  144.9558    1.75800   -0.08000
 20.2833   56.56200  113.50400   46.3356  144.9557    1.67800   -0.10432
 20.2917   56.65200  113.08900   46.3491  144.9557    1.62000   -0.13276
 20.3000   56.74000  112.67200   46.3625  144.9558    1.57800   -0.13866
 20.3083   56.82600  112.25300   46.3758  144.9559    1.58400   -0.12565
 20.3167   56.90900  111.83200   46.3891  144.9561    1.60000   -0.09105
 20.3250   56.99100  111.40800   46.4024  144.9564    1.63700   -0.05212
 20.3333   57.06900  110.98200   46.4156  144.9568    1.66100   -0.00970
 20.3417   57.14900  110.55500   46.4289  144.9570    1.69200    0.02258
 20.3500   57.22600  110.12600   46.4421  144.9572    1.69800    0.04673
 20.3583   57.30100  109.69500   46.4553  144.9576    1.69500    0.06198
 20.3667   57.37300  109.26100   46.4685  144.9580    1.69700    0.07503
 20.3750   57.44300  108.82600   46.4816  144.9585    1.69900    0.08798
 20.3833   57.51100  108.39000   46.4947  144.9590    1.70000    0.09284
 20.3917   57.57600  107.95100   46.5077  144.9597    1.67300    0.08368
 20.4000   57.63900  107.51100   46.5207  144.9604    1.62100    0.06202
 20.4083   57.69900  107.06900   46.5337  144.9612    1.57000    0.04021
 20.4167   57.75700  106.62500   46.5467  144.9621    1.53300    0.02059
 20.4250   57.81200  106.18100   46.5596  144.9630    1.47800    0.00470
 20.4333   57.86500  105.73400   46.5725  144.9640    1.43100   -0.00642
 20.4417   57.91500  105.28700   46.5854  144.9651    1.40200   -0.00665
 20.4500   57.96300  104.83800   46.5982  144.9663    1.37700   -0.00307
 20.4583   58.00800  104.38800   46.6111  144.9676    1.33500   -0.00079
 20.4667   58.05100  103.93700   46.6238  144.9689    1.29500    0.00074
 20.4750   58.09100  103.48600   46.6366  144.9703    1.26200    0.00722
 20.4833   58.12800  103.03300   46.6493  144.9718    1.23400    0.01291
 20.4917   58.16300  102.57900   46.6620  144.9734    1.19000    0.01647
 20.5000   58.19500  102.12500   46.6747  144.9751    1.15000    0.01981
 20.5083   58.22800  101.67000   46.6874  144.9765    1.12300    0.01700
 20.5167   58.25900  101.21400   46.7000  144.9780    1.05900    0.00969
 20.5250   58.28600  100.75700   46.7127  144.9797    1.00400    0.00029
 20.5333   58.31200  100.30000   46.7253  144.9814    0.96700    0.00260
 20.5417   58.33400   99.84200   46.7379  144.9832    0.94100    0.00301
 20.5500   58.35400   99.38400   46.7505  144.9850    0.87800   -0.00052
 20.5583   58.37100   98.92600   46.7631  144.9870    0.82800   -0.00828
 20.5667   58.38600   98.46800   46.7756  144.9890    0.78800   -0.01059
 20.5750   58.39800   98.00900   46.7881  144.9911    0.74500   -0.00670
 20.5833   58.40800   97.55100   46.8006  144.9933    0.71900   -0.00456
 20.5917   58.41500   97.09300   46.8131  144.9955    0.67500   -0.00526
 20.6000   58.41900   96.63500   46.8256  144.9979    0.62500   -0.01610
 20.6083   58.42000   96.17700   46.8380  145.0004    0.56600   -0.02590
 20.6167   58.41900   95.72000   46.8504  145.0029    0.52900   -0.03288
 20.6250   58.41600   95.26300   46.8628  145.0054    0.49100   -0.03201
 20.6333   58.40900   94.80700   46.8752  145.0082    0.46300   -0.02784
 20.6417   58.40000   94.35200   46.8875  145.0110    0.44100   -0.02341
 20.6500   58.38900   93.89700   46.8999  145.0138    0.40700   -0.01355
 20.6583   58.37500   93.44400   46.9122  145.0167    0.39900   -0.00618
 20.6667   58.35800   92.99100   46.9245  145.0198    0.36900   -0.00067
 20.6750   58.34200   92.53800   46.9368  145.0226    0.33000   -0.00392
 20.6833   58.32300   92.08600   46.9492  145.0256    0.29400   -0.00454
 20.6917   58.30200   91.63500   46.9615  145.0285    0.27700   -0.00203
 20.7000   58.27800   91.18500   46.9738  145.0317    0.25400    0.00552
 20.7083   58.25200   90.73600   46.9861  145.0348    0.24100    0.00672
 20.7167   58.22300   90.28800   46.9984  145.0381    0.20600    0.00005
 20.7250   58.19200   89.84200   47.0106  145.0414    0.15900   -0.01199
 20.7333   58.15800   89.39800   47.0229  145.0448    0.13100   -0.02135
 20.7417   58.12100   88.95500   47.0351  145.0484    0.10900   -0.02892
 20.7500   58.08200   88.51400   47.0473  145.0520    0.07300   -0.03483
 20.7583   58.04100   88.07500   47.0595  145.0557    0.05600   -0.04396
 20.7667   57.99700   87.63700   47.0717  145.0595    0.03000   -0.04630
 20.7750   57.95000   87.20200   47.0839  145.0634    0.02500   -0.04534
 20.7833   57.90100   86.76800   47.0961  145.0674    0.02600   -0.04467
 20.7917   57.85000   86.33700   47.1082  145.0715    0.00400   -0.04528
 20.8000   57.79600   85.90800   47.1204  145.0757    0.00000   -0.04490
 20.8083   57.74000   85.48100   47.1325  145.0799    0.01100   -0.04040
 20.8167   57.68100   85.05600   47.1447  145.0843    0.01100   -0.03444
 20.8250   57.62000   84.63400   47.1568  145.0887    0.01900   -0.02929
 20.8333   57.55700   84.21400   47.1689  145.0933    0.03400   -0.02335
 20.8417   57.49400   83.79400   47.1811  145.0976    0.04300   -0.01461
 20.8500   57.43000   83.37600   47.1932  145.1020    0.06800   -0.00775
 20.8583   57.36200   82.96100   47.2054  145.1066    0.08200   -0.00403
 20.8667   57.29300   82.54800   47.2176  145.1112    0.08500   -0.00404
 20.8750   57.22100   82.13800   47.2297  145.1160    0.10100   -0.00628
 20.8833   57.14700   81.73100   47.2418  145.1208    0.11100   -0.00734
 20.8917   57.07100   81.32600   47.2540  145.1257    0.12100   -0.00991
 20.9000   56.99300   80.92400   47.2661  145.1306    0.13400   -0.00989
 20.9083   56.91200   80.52500   47.2782  145.1358    0.15500   -0.01085
 20.9167   56.82900   80.12900   47.2903  145.1410    0.16400   -0.00824
 20.9250   56.74400   79.73600   47.3024  145.1463    0.19100   -0.00548
 20.9333   56.65700   79.34500   47.3146  145.1517    0.21300   -0.00122
 20.9417   56.56800   78.95800   47.3267  145.1572    0.22800   -0.00107
 20.9500   56.47600   78.57400   47.3388  145.1629    0.24200   -0.00261
 20.9583   56.38300   78.19300   47.3509  145.1685    0.26000   -0.00669
 20.9667   56.28700   77.81500   47.3630  145.1744    0.26800   -0.00796
 20.9750   56.19000   77.44000   47.3751  145.1803    0.29300   -0.00844
 20.9833   56.09000   77.06800   47.3872  145.1864    0.31500   -0.00481
 20.9917   55.98900   76.70000   47.3993  145.1924    0.33800   -0.00445
 21.0000   55.88500   76.33500   47.4114  145.1987    0.35200   -0.00433
 21.0083   55.78300   75.96900   47.4235  145.2047    0.37300   -0.00332
 21.0167   55.67800   75.60700   47.4357  145.2109    0.39900    0.00046
 21.0250   55.57200   75.24800   47.4479  145.2172    0.42200    0.00446
 21.0333   55.46400   74.89200   47.4600  145.2235    0.44300    0.00786
 21.0417   55.35400   74.54000   47.4722  145.2300    0.46600    0.00846
 21.0500   55.24200   74.19100   47.4843  145.2366    0.47900    0.00887
 21.0583   55.12800   73.84500   47.4965  145.2433    0.49900    0.00838
 21.0667   55.01300   73.50200   47.5087  145.2500    0.51800    0.00879
 21.0750   54.89600   73.16300   47.5209  145.2569    0.53300    0.00953
 21.0833   54.77700   72.82700   47.5331  145.2639    0.55300    0.01072
 21.0917   54.65600   72.49500   47.5452  145.2710    0.57300    0.01035
 21.1000   54.53400   72.16600   47.5574  145.2782    0.58100    0.00648
 21.1083   54.40900   71.84000   47.5696  145.2857    0.58800    0.00166
 21.1167   54.28400   71.51800   47.5818  145.2931    0.60300   -0.00007
 21.1250   54.15600   71.19900   47.5940  145.3007    0.62100    0.00010
 21.1333   54.02700   70.88400   47.6062  145.3084    0.63200    0.00006
 21.1417   53.89700   70.57200   47.6184  145.3162    0.64400    0.00213
 21.1500   53.76400   70.26400   47.6307  145.3242    0.66700    0.00213
 21.1583   53.63100   69.95900   47.6429  145.3322    0.66900    0.00493
 21.1667   53.49500   69.65700   47.6552  145.3405    0.69000    0.00469
 21.1750   53.36200   69.35500   47.6674  145.3484    0.70100    0.01289
 21.1833   53.22600   69.05600   47.6798  145.3565    0.73200    0.01520
 21.1917   53.08900   68.76100   47.6921  145.3647    0.73100    0.01910
 21.2000   52.95100   68.46900   47.7044  145.3730    0.74700    0.01103
 21.2083   52.81100   68.18000   47.7168  145.3815    0.73400    0.00666
 21.2167   52.67000   67.89400   47.7292  145.3901    0.74500   -0.00106
 21.2250   52.52700   67.61200   47.7415  145.3988    0.74800   -0.00171
 21.2333   52.38300   67.33400   47.7539  145.4077    0.76000   -0.00086
 21.2417   52.23800   67.05800   47.7663  145.4166    0.77600    0.00181
 21.2500   52.09100   66.78600   47.7787  145.4257    0.78500   -0.00173
 21.2583   51.94300   66.51700   47.7911  145.4350    0.77400   -0.00224
 21.2667   51.79400   66.25200   47.8036  145.4443    0.80000   -0.00529
 21.2750   51.64400   65.99000   47.8160  145.4537    0.79900   -0.00181
 21.2833   51.49200   65.73100   47.8285  145.4634    0.81100   -0.00441
 21.2917   51.33900   65.47600   47.8409  145.4732    0.81600   -0.00373
 21.3000   51.18500   65.22300   47.8534  145.4830    0.82800   -0.00388
 21.3083   51.03000   64.97500   47.8659  145.4930    0.83900   -0.00484
 21.3167   50.87300   64.72900   47.8784  145.5032    0.84200   -0.00444
 21.3250   50.71600   64.48600   47.8909  145.5135    0.86100   -0.00446
 21.3333   50.55700   64.24700   47.9035  145.5239    0.87200   -0.00339
 21.3417   50.40000   64.00700   47.9161  145.5342    0.88200   -0.00522
 21.3500   50.24100   63.76900   47.9288  145.5446    0.89200   -0.01067
 21.3583   50.08200   63.53500   47.9414  145.5551    0.89300   -0.01314
 21.3667   49.92100   63.30400   47.9541  145.5658    0.91600   -0.01790
 21.3750   49.76000   63.07600   47.9668  145.5765    0.92000   -0.01999
 21.3833   49.59700   62.85100   47.9795  145.5875    0.93400   -0.02155
 21.3917   49.43400   62.62900   47.9923  145.5985    0.96200   -0.01864
 21.4000   49.26900   62.41000   48.0051  145.6098    0.98700   -0.01642
 21.4083   49.10300   62.19500   48.0178  145.6212    1.00100   -0.01465
 21.4167   48.93700   61.98200   48.0306  145.6327    1.03100   -0.01586
 21.4250   48.76900   61.77200   48.0435  145.6445    1.04800   -0.01206
 21.4333   48.60100   61.56500   48.0563  145.6562    1.08600   -0.01307
 21.4417   48.43200   61.36200   48.0691  145.6682    1.10200   -0.01604
 21.4500   48.26100   61.16100   48.0821  145.6805    1.11600   -0.01613
 21.4583   48.09000   60.96300   48.0950  145.6928    1.17000   -0.01727
 21.4667   47.91900   60.76800   48.1079  145.7052    1.18700   -0.01553
 21.4750   47.74600   60.57500   48.1209  145.7178    1.21700   -0.01959
 21.4833   47.57200   60.38600   48.1339  145.7307    1.25200   -0.01928
 21.4917   47.39800   60.20000   48.1468  145.7436    1.29000   -0.01897
 21.5000   47.22300   60.01600   48.1599  145.7567    1.32300   -0.01594
 21.5083   47.04900   59.83100   48.1730  145.7697    1.37200   -0.01664
 21.5167   46.87500   59.64800   48.1861  145.7827    1.39700   -0.01401
 21.5250   46.70000   59.46800   48.1993  145.7959    1.44500   -0.01250
 21.5333   46.52400   59.29100   48.2126  145.8094    1.49200   -0.00698
 21.5417   46.34700   59.11700   48.2258  145.8230    1.53500   -0.00248
 21.5500   46.17000   58.94500   48.2391  145.8367    1.58200    0.00183
 21.5583   45.99200   58.77600   48.2523  145.8507    1.62900    0.00680
 21.5667   45.81300   58.61000   48.2657  145.8648    1.67600    0.00813
 21.5750   45.63400   58.44600   48.2790  145.8790    1.70800    0.00901
 21.5833   45.45300   58.28400   48.2925  145.8936    1.75300    0.00808
 21.5917   45.27300   58.12600   48.3058  145.9082    1.79200    0.00451
 21.6000   45.09100   57.97000   48.3193  145.9231    1.81400    0.00293
 21.6083   44.90900   57.81600   48.3328  145.9381    1.86700    0.00333
 21.6167   44.72700   57.66500   48.3463  145.9532    1.91400    0.00871
 21.6250   44.54400   57.51700   48.3598  145.9686    1.95500    0.00794
 21.6333   44.36000   57.37100   48.3734  145.9842    1.98100    0.00572
 21.6417   44.17600   57.22700   48.3870  145.9999    2.02000    0.00114
 21.6500   43.99100   57.08600   48.4007  146.0159    2.04900   -0.00101
 21.6583   43.80500   56.94700   48.4144  146.0321    2.08300   -0.00141
 21.6667   43.62000   56.81100   48.4280  146.0484    2.12700    0.00175
 21.6750   43.43500   56.67300   48.4419  146.0646    2.16900    0.00554
 21.6833   43.25000   56.53700   48.4558  146.0810    2.20500    0.00876
 21.6917   43.06500   56.40300   48.4697  146.0975    2.24600    0.01093
 21.7000   42.87900   56.27200   48.4836  146.1143    2.28200    0.01065
 21.7083   42.69200   56.14200   48.4976  146.1313    2.30500    0.01077
 21.7167   42.50500   56.01600   48.5116  146.1485    2.34500    0.01084
 21.7250   42.31800   55.89100   48.5257  146.1658    2.38000    0.00872
 21.7333   42.13000   55.76900   48.5398  146.1835    2.39400    0.00474
 21.7417   41.94100   55.64900   48.5540  146.2014    2.42800    0.00022
 21.7500   41.75300   55.53100   48.5681  146.2193    2.46200   -0.00208
 21.7583   41.56300   55.41500   48.5824  146.2377    2.48700   -0.00296
 21.7667   41.37400   55.30200   48.5966  146.2561    2.52800   -0.00634
 21.7750   41.18400   55.19000   48.6110  146.2748    2.55200   -0.01001
 21.7833   40.99300   55.08100   48.6254  146.2938    2.57600   -0.01975
 21.7917   40.80300   54.97400   48.6397  146.3128    2.59100   -0.02310
 21.8000   40.61200   54.86900   48.6542  146.3322    2.64300   -0.02465
 21.8083   40.42000   54.76600   48.6687  146.3519    2.67500   -0.01747
 21.8167   40.22800   54.66500   48.6832  146.3718    2.73000   -0.01192
 21.8250   40.03600   54.56600   48.6978  146.3918    2.77700   -0.00330
 21.8333   39.84400   54.46900   48.7124  146.4121    2.82600    0.00198
 21.8417   39.65300   54.37000   48.7272  146.4323    2.87000    0.00499
 21.8500   39.46100   54.27300   48.7420  146.4528    2.91100    0.00363
 21.8583   39.27000   54.17700   48.7569  146.4733    2.94600   -0.00228
 21.8667   39.07700   54.08400   48.7719  146.4944    2.97600   -0.00927
 21.8750   38.88500   53.99300   48.7868  146.5155    3.02100   -0.01980
 21.8833   38.69200   53.90300   48.8019  146.5369    3.04800   -0.02664
 21.8917   38.49900   53.81600   48.8169  146.5586    3.10100   -0.03557
 21.9000   38.30600   53.73000   48.8321  146.5805    3.14200   -0.04049
 21.9083   38.11200   53.64600   48.8473  146.6028    3.19300   -0.04395
 21.9167   37.91900   53.56400   48.8625  146.6251    3.26000   -0.04590
 21.9250   37.72500   53.48400   48.8778  146.6479    3.31600   -0.04564
 21.9333   37.53000   53.40600   48.8932  146.6710    3.38500   -0.04354
 21.9417   37.33600   53.32900   48.9086  146.6942    3.46800   -0.03741
 21.9500   37.14100   53.25500   48.9240  146.7178    3.55000   -0.03086
 21.9583   36.94600   53.18200   48.9396  146.7417    3.63000   -0.02985
 21.9667   36.75100   53.11000   48.9552  146.7658    3.69500   -0.02632
 21.9750   36.55600   53.04100   48.9708  146.7902    3.79600   -0.02325
 21.9833   36.36000   52.97300   48.9865  146.8149    3.88000   -0.01224
 21.9917   36.16400   52.90700   49.0023  146.8400    3.98900   -0.00194
 22.0000   35.96800   52.84300   49.0181  146.8654    4.09200    0.00469
 22.0083   35.77400   52.77600   49.0341  146.8904    4.16500    0.00568
 22.0167   35.57900   52.71100   49.0502  146.9160    4.25300    0.00080
 22.0250   35.38400   52.64800   49.0663  146.9418    4.33700    0.00149
 22.0333   35.18900   52.58600   49.0825  146.9679    4.44400   -0.00683
 22.0417   34.99300   52.52600   49.0988  146.9944    4.49700   -0.01247
 22.0500   34.79800   52.46700   49.1151  147.0211    4.60000   -0.02488
 22.0583   34.60200   52.41000   49.1315  147.0482    4.68000   -0.03124
 22.0667   34.40600   52.35500   49.1480  147.0757    4.76800   -0.04203
 22.0750   34.21000   52.30100   49.1645  147.1034    4.85300   -0.04637
 22.0833   34.01400   52.24900   49.1811  147.1315    4.96800   -0.04952
 22.0917   33.81800   52.19800   49.1978  147.1599    5.06500   -0.03692
 22.1000   33.62100   52.14900   49.2146  147.1888    5.23100   -0.02498
 22.1083   33.42500   52.10200   49.2314  147.2178    5.34500   -0.00802
 22.1167   33.22800   52.05600   49.2483  147.2474    5.46600   -0.00159
 22.1250   33.03100   52.01100   49.2653  147.2773    5.57900    0.00748
 22.1333   32.83500   51.96800   49.2823  147.3073    5.70500    0.01744
 22.1417   32.63800   51.92600   49.2995  147.3379    5.83100    0.02811
 22.1500   32.44100   51.88600   49.3167  147.3689    5.94600    0.03956
 22.1583   32.24400   51.84800   49.3339  147.4002    6.07400    0.04778
 22.1667   32.04700   51.81000   49.3513  147.4318    6.18000    0.05315
 22.1750   31.85100   51.77100   49.3688  147.4635    6.27600    0.05018
 22.1833   31.65500   51.73200   49.3865  147.4955    6.35300    0.04360
 22.1917   31.45900   51.69500   49.4043  147.5280    6.43200    0.03301
 22.2000   31.26300   51.66000   49.4220  147.5608    6.49900    0.02562
 22.2083   31.06600   51.62500   49.4400  147.5941    6.58700    0.02043
 22.2167   30.87000   51.59300   49.4580  147.6277    6.67200    0.01494
 22.2250   30.67300   51.56100   49.4761  147.6619    6.73200    0.00547
 22.2333   30.47700   51.53100   49.4942  147.6963    6.79500   -0.00245
 22.2417   30.28100   51.50200   49.5125  147.7311    6.88200   -0.01007
 22.2500   30.08400   51.47500   49.5308  147.7666    6.93900   -0.01491
 22.2583   29.88700   51.44900   49.5493  147.8024    7.01200   -0.01951
 22.2667   29.69100   51.42400   49.5678  147.8385    7.10200   -0.01924
 22.2750   29.49400   51.40000   49.5865  147.8753    7.18900   -0.02062
 22.2833   29.29800   51.37800   49.6052  147.9123    7.26000   -0.02004
 22.2917   29.10100   51.35700   49.6240  147.9500    7.36500   -0.02028
 22.3000   28.90400   51.33800   49.6429  147.9882    7.45500   -0.01723
 22.3083   28.70800   51.31900   49.6619  148.0266    7.55400   -0.02268
 22.3167   28.51100   51.30200   49.6810  148.0657    7.62500   -0.02877
 22.3250   28.31400   51.28600   49.7003  148.1053    7.72300   -0.04113
 22.3333   28.11800   51.27100   49.7195  148.1452    7.79900   -0.04287
 22.3417   27.92200   51.25400   49.7391  148.1853    7.94100   -0.04437
 22.3500   27.72700   51.23800   49.7587  148.2258    8.05200   -0.04317
 22.3583   27.53100   51.22300   49.7785  148.2669    8.15300   -0.05004
 22.3667   27.33500   51.20900   49.7985  148.3086    8.26000   -0.04745
 22.3750   27.14000   51.19700   49.8184  148.3506    8.43300   -0.03877
 22.3833   26.94400   51.18600   49.8385  148.3934    8.57600   -0.02671
 22.3917   26.74900   51.17600   49.8586  148.4365    8.70700   -0.01815
 22.4000   26.55300   51.16700   49.8790  148.4804    8.86700   -0.01121
 22.4083   26.35700   51.15900   49.8995  148.5248    9.01100   -0.00261
 22.4167   26.16200   51.15200   49.9200  148.5696    9.16300    0.00244
 22.4250   25.96600   51.14700   49.9406  148.6153    9.30900    0.00669
 22.4333   25.77100   51.14200   49.9614  148.6612    9.45000    0.01246
 22.4417   25.57600   51.13900   49.9822  148.7078    9.61100    0.01494
 22.4500   25.38000   51.13700   50.0033  148.7552    9.73700    0.01428
 22.4583   25.18500   51.13600   50.0244  148.8031    9.85400    0.00975
 22.4667   24.99000   51.13600   50.0456  148.8515    9.98400    0.00859
 22.4750   24.79500   51.13700   50.0669  148.9006   10.12100    0.02034
 22.4833   24.59900   51.13900   50.0885  148.9506   10.31000    0.03328
 22.4917   24.40400   51.14200   50.1102  149.0011   10.43900    0.04386
 22.5000   24.21000   51.14700   50.1317  149.0520   10.55400    0.04291
 22.5083   24.01500   51.14800   50.1539  149.1034   10.66600    0.04237
 22.5167   23.82100   51.15100   50.1761  149.1554   10.79000    0.03468
 22.5250   23.62700   51.15500   50.1984  149.2080   10.85600    0.02424
 22.5333   23.43400   51.16000   50.2207  149.2611   10.94300    0.01342
 22.5417   23.24000   51.16600   50.2433  149.3152   11.06200    0.00395
 22.5500   23.04600   51.17300   50.2660  149.3700   11.13400    0.00169
 22.5583   22.85200   51.18100   50.2888  149.4256   11.26900   -0.00997
 22.5667   22.65800   51.19000   50.3118  149.4819   11.32900   -0.01736
 22.5750   22.46500   51.20000   50.3349  149.5388   11.43000   -0.02334
 22.5833   22.27100   51.21100   50.3582  149.5967   11.57400   -0.03146
 22.5917   22.07800   51.22300   50.3815  149.6551   11.62600   -0.03106
 22.6000   21.88500   51.23600   50.4050  149.7144   11.78500   -0.04237
 22.6083   21.69100   51.25000   50.4287  149.7747   11.85900   -0.04177
 22.6167   21.49800   51.26500   50.4525  149.8357   11.99200   -0.04597
 22.6250   21.30500   51.28100   50.4765  149.8974   12.12400   -0.03440
 22.6333   21.11200   51.29800   50.5005  149.9601   12.30500   -0.01984
 22.6417   20.91900   51.31500   50.5249  150.0236   12.45800   -0.00002
 22.6500   20.72700   51.33400   50.5491  150.0877   12.62800    0.00989
 22.6583   20.53400   51.35300   50.5738  150.1530   12.74700    0.02348
 22.6667   20.34100   51.37400   50.5985  150.2193   12.93000    0.02882
 22.6750   20.15000   51.39200   50.6234  150.2855   13.04800    0.03324
 22.6833   19.95800   51.41100   50.6487  150.3530   13.16000    0.02906
 22.6917   19.76700   51.43100   50.6739  150.4212   13.28700    0.02495
 22.7000   19.57500   51.45200   50.6995  150.4907   13.40200    0.01970
 22.7083   19.38400   51.47300   50.7252  150.5608   13.50800    0.01092
 22.7167   19.19300   51.49600   50.7509  150.6319   13.60300    0.00127
 22.7250   19.00100   51.52000   50.7770  150.7045   13.70900   -0.00106
 22.7333   18.81000   51.54400   50.8032  150.7777   13.85800    0.00247
 22.7417   18.61900   51.56900   50.8295  150.8520   13.99700    0.00021
 22.7500   18.42900   51.59500   50.8559  150.9270   14.05600   -0.00432
 22.7583   18.23800   51.62200   50.8825  151.0035   14.19100   -0.00866
 22.7667   18.04700   51.65000   50.9094  151.0811   14.32500   -0.01640
 22.7750   17.85700   51.67900   50.9362  151.1595   14.36100   -0.01357
 22.7833   17.66700   51.70800   50.9634  151.2390   14.57100   -0.02033
 22.7917   17.47600   51.73900   50.9907  151.3202   14.63300   -0.01162
 22.8000   17.28600   51.77000   51.0181  151.4021   14.78300   -0.01082
 22.8083   17.09600   51.80200   51.0458  151.4852   14.93300    0.00880
 22.8167   16.90700   51.83500   51.0734  151.5692   15.13300    0.00892
 22.8250   16.71700   51.86800   51.1014  151.6547   15.13300    0.02507
 22.8333   16.52800   51.90300   51.1294  151.7413   15.39600    0.01885
 22.8417   16.33900   51.93500   51.1579  151.8287   15.43100    0.02530
 22.8500   16.15000   51.96800   51.1866  151.9175   15.52200    0.02489
 22.8583   15.96100   52.00100   51.2156  152.0075   15.74100    0.01778
 22.8667   15.77300   52.03600   51.2445  152.0985   15.72500    0.01771
 22.8750   15.58500   52.07100   51.2737  152.1909   15.87500    0.00541
 22.8833   15.39700   52.10800   51.3029  152.2848   15.99600    0.00485
 22.8917   15.20800   52.14500   51.3326  152.3805   16.06800   -0.00697
 22.9000   15.02100   52.18200   51.3621  152.4766   16.12600   -0.02041
 22.9083   14.83300   52.22100   51.3920  152.5748   16.23100   -0.01890
 22.9167   14.64500   52.26000   51.4221  152.6744   16.41200   -0.02823
 22.9250   14.45800   52.30000   51.4521  152.7750   16.38800   -0.01412
 22.9333   14.27000   52.34100   51.4826  152.8778   16.67200   -0.00795
 22.9417   14.08300   52.38200   51.5131  152.9815   16.78900    0.00252
 22.9500   13.89600   52.42500   51.5436  153.0869   16.80700    0.00249
 22.9583   13.70900   52.46800   51.5745  153.1939   17.01100    0.00111
 22.9667   13.52200   52.51100   51.6056  153.3025   17.12700    0.00792
 22.9750   13.33600   52.55600   51.6365  153.4123   17.21100    0.00093
 22.9833   13.14900   52.60100   51.6679  153.5243   17.31500   -0.00352
 22.9917   12.96300   52.64700   51.6992  153.6375   17.46300   -0.00717
 23.0000   12.77700   52.69300   51.7309  153.7524   17.56500   -0.02060
 23.0083   12.59100   52.73700   51.7630  153.8687   17.60800   -0.03425
 23.0167   12.40600   52.78300   51.7950  153.9864   17.76500   -0.03312
 23.0250   12.22100   52.82900   51.8272  154.1059   17.99800   -0.03514
 23.0333   12.03600   52.87500   51.8597  154.2271   18.02200   -0.03552
 23.0417   11.85100   52.92200   51.8923  154.3502   18.20600   -0.05017
 23.0500   11.66600   52.97000   51.9250  154.4753   18.34100   -0.05161
 23.0583   11.48100   53.01900   51.9579  154.6023   18.49200   -0.05702
 23.0667   11.29700   53.06900   51.9907  154.7307   18.66500   -0.05256
 23.0750   11.11200   53.11900   52.0239  154.8618   18.91000   -0.04286
 23.0833   10.92800   53.16900   52.0572  154.9940   19.13100   -0.03353
 23.0917   10.74400   53.22100   52.0904  155.1286   19.33100   -0.03997
 23.1000   10.56000   53.27300   52.1239  155.2651   19.46100   -0.04845
 23.1083   10.37700   53.32600   52.1572  155.4031   19.68900   -0.05589
 23.1167   10.19300   53.37900   52.1910  155.5439   19.92300   -0.04642
 23.1250   10.01000   53.43300   52.2246  155.6861   20.22400   -0.04509
 23.1333    9.82700   53.48800   52.2583  155.8307   20.40200   -0.04190
 23.1417    9.64300   53.54300   52.2924  155.9781   20.66300   -0.03075
 23.1500    9.46100   53.59900   52.3261  156.1264   21.05200   -0.02117
 23.1583    9.27800   53.65600   52.3601  156.2777   21.22400   -0.00865
 23.1667    9.09500   53.71300   52.3943  156.4314   21.51500   -0.01203
 23.1750    8.91300   53.76800   52.4288  156.5863   21.75500    0.00725
 23.1833    8.73200   53.82400   52.4631  156.7428   22.13500    0.02574
 23.1917    8.55000   53.88100   52.4976  156.9026   22.41600    0.04206
 23.2000    8.36800   53.93800   52.5322  157.0647   22.63200    0.04570
 23.2083    8.18700   53.99600   52.5667  157.2286   22.87900    0.04200
 23.2167    8.00600   54.05400   52.6012  157.3949   23.08300    0.05169
 23.2250    7.82500   54.11300   52.6358  157.5638   23.41200    0.05569
 23.2333    7.64400   54.17300   52.6703  157.7353   23.58300    0.06169
 23.2417    7.46300   54.23300   52.7049  157.9094   23.77900    0.05486
 23.2500    7.28300   54.29400   52.7392  158.0852   23.95100    0.05845
 23.2583    7.10200   54.35600   52.7737  158.2647   24.19500    0.05188
 23.2667    6.92200   54.41800   52.8080  158.4459   24.25500    0.05128
 23.2750    6.74200   54.48000   52.8424  158.6297   24.43900    0.04905
 23.2833    6.56200   54.54400   52.8764  158.8165   24.61600    0.04768
 23.2917    6.38200   54.60800   52.9106  159.0060   24.78300    0.05342
 23.3000    6.20300   54.67200   52.9445  159.1973   24.98300    0.04663
 23.3083    6.02300   54.73700   52.9784  159.3924   24.98800    0.03855
 23.3167    5.84400   54.80300   53.0120  159.5895   25.09700    0.01551
 23.3250    5.66500   54.86900   53.0455  159.7894   25.11800    0.01291
 23.3333    5.48600   54.93500   53.0790  159.9921   25.23300    0.01018
 23.3417    5.30800   55.00000   53.1124  160.1965   25.23600    0.00574
 23.3500    5.13000   55.06600   53.1455  160.4039   25.18400    0.00000

