hmax        =    300
wind_bottom =      2
wind_top    =     10
critlon     =      0
tbeg, h     =   0.00
tend, h     =  24.00
c_ionex     =      0
c_vert      =      1
time, gamma, az, latp, lonp, tec, tec_filtered
  0.0083   39.97900   60.13700   48.4496  146.6169    0.00000    0.00000
  0.0167   39.85300   59.90700   48.4660  146.6256    0.10900   -0.00068
  0.0250   39.72500   59.67900   48.4825  146.6345    0.21400    0.00294
  0.0333   39.59500   59.45200   48.4991  146.6437    0.33200    0.00648
  0.0417   39.46500   59.22800   48.5157  146.6530    0.42300    0.00420
  0.0500   39.33300   59.00500   48.5325  146.6625    0.50800   -0.00337
  0.0583   39.20000   58.78500   48.5492  146.6723    0.61300   -0.00957
  0.0667   39.06600   58.56600   48.5661  146.6821    0.70700   -0.00634
  0.0750   38.93100   58.35000   48.5829  146.6922    0.82800   -0.00353
  0.0833   38.79400   58.13500   48.6000  146.7026    0.93400    0.00518
  0.0917   38.65600   57.92300   48.6170  146.7132    1.05000    0.01028
  0.1000   38.51700   57.71200   48.6341  146.7239    1.15400    0.01138
  0.1083   38.37700   57.50300   48.6513  146.7348    1.24000    0.00708
  0.1167   38.23600   57.29600   48.6686  146.7460    1.33200    0.00321
  0.1250   38.09400   57.09200   48.6859  146.7574    1.44200    0.00036
  0.1333   37.95100   56.88900   48.7033  146.7689    1.53800    0.00353
  0.1417   37.80600   56.68800   48.7209  146.7808    1.66500   -0.00046
  0.1500   37.66100   56.48900   48.7384  146.7927    1.74900   -0.00812
  0.1583   37.51400   56.29300   48.7561  146.8051    1.83400   -0.02722
  0.1667   37.36600   56.09800   48.7739  146.8176    1.91300   -0.04443
  0.1750   37.22000   55.90100   48.7917  146.8298    2.00900   -0.05682
  0.1833   37.07400   55.70700   48.8096  146.8421    2.11900   -0.05801
  0.1917   36.92600   55.51500   48.8276  146.8547    2.25200   -0.04820
  0.2000   36.77700   55.32400   48.8457  146.8676    2.40200   -0.03783
  0.2083   36.62700   55.13600   48.8639  146.8807    2.51700   -0.02212
  0.2167   36.47600   54.94900   48.8822  146.8940    2.67700   -0.00883
  0.2250   36.32400   54.76500   48.9005  146.9076    2.81300    0.00912
  0.2333   36.17100   54.58200   48.9190  146.9215    2.94900    0.02357
  0.2417   36.01700   54.40100   48.9376  146.9356    3.08900    0.03912
  0.2500   35.86200   54.22200   48.9562  146.9499    3.22700    0.05012
  0.2583   35.70600   54.04500   48.9750  146.9645    3.33500    0.05533
  0.2667   35.55000   53.87000   48.9938  146.9793    3.44100    0.05908
  0.2750   35.39200   53.69700   49.0128  146.9945    3.56500    0.06309
  0.2833   35.23300   53.52500   49.0319  147.0099    3.66400    0.07010
  0.2917   35.07400   53.35600   49.0510  147.0255    3.77300    0.06823
  0.3000   34.91400   53.18900   49.0702  147.0414    3.84000    0.07069
  0.3083   34.75300   53.02300   49.0896  147.0575    3.94700    0.06287
  0.3167   34.59100   52.85900   49.1091  147.0739    3.99400    0.04815
  0.3250   34.42800   52.69700   49.1287  147.0907    4.01900    0.02476
  0.3333   34.26500   52.53700   49.1484  147.1076    4.07600    0.00825
  0.3417   34.10300   52.37600   49.1682  147.1244    4.15100    0.00127
  0.3500   33.94000   52.21600   49.1881  147.1414    4.22000   -0.00637
  0.3583   33.77700   52.05800   49.2082  147.1586    4.27300   -0.01766
  0.3667   33.61300   51.90200   49.2283  147.1762    4.33000   -0.03501
  0.3750   33.44800   51.74800   49.2486  147.1941    4.36900   -0.04889
  0.3833   33.28200   51.59500   49.2690  147.2122    4.44000   -0.05662
  0.3917   33.11500   51.44400   49.2896  147.2308    4.52800   -0.05361
  0.4000   32.94800   51.29600   49.3102  147.2495    4.62400   -0.04817
  0.4083   32.78000   51.14800   49.3310  147.2686    4.71400   -0.04059
  0.4167   32.61100   51.00300   49.3520  147.2880    4.82100   -0.03069
  0.4250   32.44200   50.86000   49.3729  147.3077    4.93500   -0.01818
  0.4333   32.27100   50.71800   49.3942  147.3279    5.04100   -0.00450
  0.4417   32.10000   50.57800   49.4155  147.3483    5.15500    0.01001
  0.4500   31.92900   50.44000   49.4369  147.3689    5.27400    0.01657
  0.4583   31.75700   50.30300   49.4585  147.3899    5.34200    0.02192
  0.4667   31.58400   50.16800   49.4803  147.4113    5.45300    0.02533
  0.4750   31.41000   50.03600   49.5022  147.4332    5.56300    0.03291
  0.4833   31.23600   49.90400   49.5242  147.4552    5.64900    0.03691
  0.4917   31.06100   49.77500   49.5464  147.4778    5.73500    0.04010
  0.5000   30.88600   49.64700   49.5687  147.5005    5.83400    0.03962
  0.5083   30.71200   49.51700   49.5912  147.5231    5.89700    0.03222
  0.5167   30.53800   49.38900   49.6138  147.5459    5.94300    0.02087
  0.5250   30.36300   49.26300   49.6366  147.5692    6.01800    0.01197
  0.5333   30.18700   49.13900   49.6596  147.5930    6.08800    0.00947
  0.5417   30.01100   49.01600   49.6827  147.6170    6.16700    0.00497
  0.5500   29.83400   48.89400   49.7060  147.6414    6.23100   -0.00515
  0.5583   29.65700   48.77500   49.7294  147.6663    6.27200   -0.02191
  0.5667   29.47900   48.65700   49.7530  147.6915    6.31400   -0.03616
  0.5750   29.30000   48.54000   49.7769  147.7172    6.39200   -0.03663
  0.5833   29.12100   48.42600   49.8008  147.7433    6.50900   -0.03347
  0.5917   28.94200   48.31300   49.8249  147.7697    6.57300   -0.02786
  0.6000   28.76200   48.20100   49.8493  147.7965    6.67000   -0.03157
  0.6083   28.58100   48.09100   49.8738  147.8239    6.74400   -0.02673
  0.6167   28.40000   47.98300   49.8985  147.8517    6.86100   -0.02187
  0.6250   28.21900   47.87600   49.9233  147.8798    6.96300   -0.01376
  0.6333   28.03700   47.77100   49.9484  147.9084    7.05800   -0.01152
  0.6417   27.85400   47.66800   49.9736  147.9377    7.15200   -0.00883
  0.6500   27.67100   47.56600   49.9991  147.9673    7.26600   -0.00756
  0.6583   27.48800   47.46500   50.0247  147.9972    7.36600   -0.01030
  0.6667   27.30400   47.36700   50.0505  148.0278    7.44400   -0.01084
  0.6750   27.12200   47.26600   50.0766  148.0580    7.57700   -0.00799
  0.6833   26.93900   47.16600   50.1029  148.0888    7.70000   -0.01139
  0.6917   26.75600   47.06900   50.1293  148.1202    7.75100   -0.01480
  0.7000   26.57200   46.97200   50.1561  148.1520    7.89000   -0.02797
  0.7083   26.38800   46.87800   50.1829  148.1843    7.96500   -0.02504
  0.7167   26.20300   46.78400   50.2101  148.2172    8.11300   -0.02951
  0.7250   26.01900   46.69300   50.2373  148.2504    8.21400   -0.02021
  0.7333   25.83300   46.60200   50.2650  148.2844    8.37200   -0.01939
  0.7417   25.64700   46.51300   50.2929  148.3189    8.47400   -0.01515
  0.7500   25.46100   46.42600   50.3209  148.3539    8.60000   -0.01723
  0.7583   25.27500   46.34000   50.3491  148.3894    8.72100   -0.01088
  0.7667   25.08800   46.25600   50.3776  148.4256    8.87200   -0.00332
  0.7750   24.90100   46.17300   50.4063  148.4622    9.00600    0.01224
  0.7833   24.71300   46.09100   50.4354  148.4996    9.17600    0.01790
  0.7917   24.52500   46.01100   50.4647  148.5376    9.26900    0.02250
  0.8000   24.33700   45.93200   50.4942  148.5760    9.39000    0.02263
  0.8083   24.14800   45.85500   50.5240  148.6152    9.53100    0.02618
  0.8167   23.95900   45.77900   50.5540  148.6550    9.64100    0.03131
  0.8250   23.77000   45.70400   50.5843  148.6953    9.77200    0.02562
  0.8333   23.58000   45.63100   50.6149  148.7365    9.84700    0.01905
  0.8417   23.39200   45.55600   50.6457  148.7775    9.95500    0.01208
  0.8500   23.20400   45.48200   50.6768  148.8190   10.08700    0.00600
  0.8583   23.01500   45.41000   50.7082  148.8615   10.17100   -0.00719
  0.8667   22.82600   45.33900   50.7399  148.9044   10.23600   -0.02977
  0.8750   22.63700   45.26900   50.7719  148.9481   10.31700   -0.04458
  0.8833   22.44700   45.20000   50.8042  148.9925   10.45700   -0.05391
  0.8917   22.25700   45.13300   50.8368  149.0377   10.56900   -0.06046
  0.9000   22.06700   45.06700   50.8697  149.0835   10.67800   -0.06319
  0.9083   21.87700   45.00300   50.9028  149.1301   10.85400   -0.06477
  0.9167   21.68600   44.94000   50.9363  149.1776   10.98900   -0.06095
  0.9250   21.49500   44.87800   50.9701  149.2258   11.14900   -0.05805
  0.9333   21.30400   44.81700   51.0042  149.2747   11.33400   -0.05474
  0.9417   21.11200   44.75800   51.0388  149.3247   11.48400   -0.04170
  0.9500   20.92000   44.70000   51.0736  149.3754   11.71900   -0.03628
  0.9583   20.72900   44.64300   51.1086  149.4265   11.87100   -0.02333
  0.9667   20.53600   44.58800   51.1442  149.4792   12.08400   -0.01551
  0.9750   20.34400   44.53300   51.1800  149.5322   12.29600   -0.00501
  0.9833   20.15100   44.48100   51.2161  149.5865   12.47700    0.00532
  0.9917   19.95900   44.42900   51.2525  149.6412   12.69900    0.01429
  1.0000   19.76600   44.37800   51.2894  149.6971   12.91400    0.01875
  1.0083   19.57400   44.32600   51.3267  149.7532   13.07300    0.01590
  1.0167   19.38200   44.27400   51.3643  149.8101   13.25400    0.00135
  1.0250   19.19000   44.22400   51.4023  149.8680   13.39400   -0.00354
  1.0333   18.99800   44.17500   51.4406  149.9267   13.62100   -0.01200
  1.0417   18.80500   44.12700   51.4795  149.9867   13.77600   -0.01878
  1.0500   18.61300   44.08100   51.5185  150.0475   13.92800   -0.02198
  1.0583   18.42000   44.03500   51.5581  150.1093   14.17900   -0.02246
  1.0667   18.22700   43.99100   51.5980  150.1723   14.35300   -0.01362
  1.0750   18.03400   43.94800   51.6384  150.2363   14.56800   -0.00676
  1.0833   17.84000   43.90600   51.6793  150.3017   14.80500    0.00373
  1.0917   17.64700   43.86600   51.7203  150.3678   15.00500    0.00838
  1.1000   17.45300   43.82600   51.7620  150.4353   15.17700    0.01304
  1.1083   17.25900   43.78800   51.8040  150.5039   15.41100    0.00727
  1.1167   17.06500   43.75000   51.8466  150.5736   15.52900    0.01412
  1.1250   16.87100   43.71400   51.8894  150.6445   15.79300    0.01332
  1.1333   16.67700   43.67900   51.9328  150.7166   15.97200    0.01877
  1.1417   16.48200   43.64500   51.9767  150.7903   16.13500    0.01741
  1.1500   16.28800   43.61300   52.0208  150.8649   16.34400    0.02457
  1.1583   16.09300   43.58100   52.0656  150.9410   16.58000    0.02951
  1.1667   15.89900   43.55000   52.1107  151.0180   16.72000    0.02758
  1.1750   15.70500   43.51800   52.1564  151.0960   16.86900    0.01238
  1.1833   15.51200   43.48600   52.2025  151.1747   16.99600    0.00039
  1.1917   15.31800   43.45600   52.2492  151.2554   17.15300   -0.00063
  1.2000   15.12400   43.42600   52.2964  151.3372   17.38300    0.00422
  1.2083   14.93000   43.39800   52.3440  151.4206   17.55000    0.00634
  1.2167   14.73600   43.37100   52.3921  151.5054   17.68500    0.00350
  1.2250   14.54200   43.34400   52.4408  151.5915   17.87300    0.00288
  1.2333   14.34800   43.31900   52.4899  151.6793   18.06000    0.00087
  1.2417   14.15300   43.29500   52.5398  151.7690   18.18100   -0.00091
  1.2500   13.95900   43.27200   52.5899  151.8598   18.36900   -0.00730
  1.2583   13.76400   43.25000   52.6407  151.9527   18.52200   -0.01246
  1.2667   13.57000   43.22900   52.6919  152.0466   18.66600   -0.01975
  1.2750   13.37500   43.20900   52.7438  152.1428   18.84500   -0.02295
  1.2833   13.18000   43.19000   52.7962  152.2406   19.03400   -0.02276
  1.2917   12.98600   43.17200   52.8489  152.3396   19.20600   -0.02328
  1.3000   12.79100   43.15500   52.9024  152.4410   19.38700   -0.01810
  1.3083   12.59600   43.14000   52.9564  152.5443   19.63900   -0.02081
  1.3167   12.40100   43.12500   53.0110  152.6492   19.75700   -0.02510
  1.3250   12.20600   43.11100   53.0662  152.7561   19.94000   -0.02752
  1.3333   12.01100   43.09800   53.1219  152.8648   20.22000   -0.02065
  1.3417   11.81700   43.08300   53.1783  152.9745   20.43400   -0.02584
  1.3500   11.62300   43.06900   53.2352  153.0861   20.53500   -0.03431
  1.3583   11.42900   43.05600   53.2927  153.1997   20.80000   -0.04683
  1.3667   11.23500   43.04300   53.3510  153.3152   20.99900   -0.04734
  1.3750   11.04100   43.03200   53.4096  153.4330   21.21700   -0.03718
  1.3833   10.84700   43.02200   53.4689  153.5529   21.59400   -0.03853
  1.3917   10.65200   43.01300   53.5290  153.6757   21.71700   -0.03342
  1.4000   10.45800   43.00500   53.5895  153.8000   22.00500   -0.03631
  1.4083   10.26400   42.99700   53.6506  153.9265   22.33100   -0.03340
  1.4167   10.07000   42.99100   53.7122  154.0554   22.52400   -0.02761
  1.4250    9.87500   42.98600   53.7747  154.1874   22.85500   -0.03790
  1.4333    9.68100   42.98100   53.8377  154.3210   23.06100   -0.02876
  1.4417    9.48700   42.97800   53.9011  154.4572   23.42000   -0.02823
  1.4500    9.29200   42.97500   53.9655  154.5965   23.68200   -0.01576
  1.4583    9.09800   42.97300   54.0303  154.7376   23.98600    0.01009
  1.4667    8.90400   42.97200   54.0956  154.8813   24.45600    0.01214
  1.4750    8.70900   42.97200   54.1619  155.0285   24.49900    0.02475
  1.4833    8.51500   42.97300   54.2284  155.1776   24.89000    0.04129
  1.4917    8.32100   42.97500   54.2955  155.3296   25.40400    0.06502
  1.5000    8.12600   42.97800   54.3636  155.4851   25.50500    0.09076
  1.5083    7.93300   42.97800   54.4321  155.6412   25.90400    0.05639
  1.5167    7.74000   42.98000   54.5011  155.8003   25.86700    0.04790
  1.5250    7.54600   42.98200   54.5713  155.9631   26.20800    0.01688
  1.5333    7.35300   42.98600   54.6414  156.1282   26.41100   -0.00393
  1.5417    7.16000   42.99000   54.7123  156.2962   26.45800   -0.02081
  1.5500    6.96700   42.99500   54.7838  156.4674   26.82300   -0.03803
  1.5583    6.77300   43.00100   54.8562  156.6426   27.02200   -0.02438
  1.5667    6.58000   43.00800   54.9289  156.8203   27.33200   -0.02927
  1.5750    6.38700   43.01500   55.0022  157.0010   27.45600   -0.03654
  1.5833    6.19400   43.02400   55.0759  157.1852   27.63800   -0.03033
  1.5917    6.00000   43.03300   55.1507  157.3737   28.11600   -0.01316
  1.6000    5.80700   43.04300   55.2257  157.5647   28.39800    0.01883
  1.6083    5.61400   43.05400   55.3012  157.7593   28.74100    0.00288
  1.6167    5.42100   43.06600   55.3771  157.9575   28.86500   -0.00027
  1.6250    5.22800   43.07900   55.4536  158.1594   29.21600    0.00000

 11.8667    5.65900  324.20801   56.4923  129.4964    6.56200    0.00000
 11.8750    5.84100  324.16901   56.3989  129.6505    6.54400   -0.00208
 11.8833    6.02400  324.12900   56.3060  129.8027    6.51800   -0.00115
 11.8917    6.20600  324.08801   56.2144  129.9511    6.56000    0.00317
 11.9000    6.38800  324.04599   56.1236  130.0968    6.53300    0.01856
 11.9083    6.57000  324.00400   56.0340  130.2401    6.52900    0.02717
 11.9167    6.75200  323.95999   55.9450  130.3804    6.48700    0.02267
 11.9250    6.93300  323.91501   55.8574  130.5174    6.33500    0.01864
 11.9333    7.11500  323.86899   55.7701  130.6526    6.30200    0.00812
 11.9417    7.29600  323.82300   55.6844  130.7848    6.18100    0.01547
 11.9500    7.47700  323.77499   55.5993  130.9143    6.18400    0.01984
 11.9583    7.65800  323.72601   55.5151  131.0415    6.16300    0.02746
 11.9667    7.83800  323.67599   55.4322  131.1656    6.05700    0.02469
 11.9750    8.01900  323.62601   55.3499  131.2885    5.94900    0.01493
 11.9833    8.19900  323.57401   55.2686  131.4081    5.84900    0.01242
 11.9917    8.37800  323.52100   55.1886  131.5249    5.79600    0.01084
 12.0000    8.55800  323.46701   55.1090  131.6402    5.69000    0.00675
 12.0083    8.73900  323.41501   55.0303  131.7549    5.56400    0.00880
 12.0167    8.92000  323.36200   54.9523  131.8675    5.56200    0.00124
 12.0250    9.10100  323.30801   54.8752  131.9781    5.36900    0.00598
 12.0333    9.28100  323.25299   54.7992  132.0861    5.34900   -0.00345
 12.0417    9.46100  323.19699   54.7241  132.1921    5.21800   -0.00471
 12.0500    9.64100  323.14001   54.6497  132.2962    5.09500   -0.00814
 12.0583    9.82100  323.08200   54.5761  132.3985    5.05900   -0.00900
 12.0667   10.00100  323.02301   54.5033  132.4990    4.95800   -0.00402
 12.0750   10.18000  322.96301   54.4316  132.5971    4.89400   -0.00649
 12.0833   10.35900  322.90100   54.3605  132.6933    4.80000   -0.01749
 12.0917   10.53800  322.83899   54.2903  132.7880    4.63500   -0.02691
 12.1000   10.71600  322.77600   54.2212  132.8805    4.58900   -0.03121
 12.1083   10.89400  322.71100   54.1527  132.9712    4.54700   -0.02560
 12.1167   11.07200  322.64499   54.0849  133.0603    4.47000   -0.02453
 12.1250   11.25000  322.57901   54.0180  133.1482    4.39200   -0.02089
 12.1333   11.42700  322.51099   53.9519  133.2337    4.37500   -0.01881
 12.1417   11.60400  322.44199   53.8866  133.3178    4.28600   -0.00898
 12.1500   11.78000  322.37201   53.8222  133.4000    4.27300    0.00225
 12.1583   11.95700  322.30099   53.7582  133.4813    4.26500    0.01575
 12.1667   12.13300  322.22900   53.6952  133.5607    4.19900    0.01845
 12.1750   12.31000  322.15799   53.6327  133.6396    4.10500    0.01708
 12.1833   12.48800  322.08701   53.5707  133.7180    4.07400    0.01712
 12.1917   12.66500  322.01401   53.5095  133.7943    4.02200    0.01437
 12.2000   12.84100  321.94101   53.4494  133.8691    3.90400    0.01001
 12.2083   13.01800  321.86600   53.3895  133.9430    3.85900   -0.00036
 12.2167   13.19400  321.79001   53.3304  134.0151    3.76000   -0.01235
 12.2250   13.36900  321.71301   53.2723  134.0856    3.63300   -0.02072
 12.2333   13.54500  321.63400   53.2144  134.1553    3.61800   -0.02006
 12.2417   13.71900  321.55499   53.1577  134.2231    3.59100   -0.01367
 12.2500   13.89400  321.47400   53.1013  134.2901    3.50900   -0.00352
 12.2583   14.06800  321.39301   53.0458  134.3557    3.52600   -0.00909
 12.2667   14.24200  321.31000   52.9907  134.4202    3.37900   -0.01158
 12.2750   14.41600  321.22601   52.9362  134.4836    3.32500   -0.01870
 12.2833   14.58900  321.14001   52.8824  134.5454    3.31200   -0.01705
 12.2917   14.76100  321.05399   52.8295  134.6060    3.24300   -0.01457
 12.3000   14.93400  320.96600   52.7767  134.6659    3.20600   -0.01414
 12.3083   15.10600  320.87799   52.7248  134.7247    3.18800   -0.01709
 12.3167   15.27700  320.78799   52.6736  134.7819    3.10200   -0.01569
 12.3250   15.44800  320.69601   52.6228  134.8382    3.10200   -0.01714
 12.3333   15.61900  320.60400   52.5725  134.8937    3.06400   -0.01218
 12.3417   15.79100  320.51300   52.5227  134.9491    3.02400   -0.01293
 12.3500   15.96300  320.42200   52.4735  135.0038    2.98600   -0.00922
 12.3583   16.13400  320.32901   52.4248  135.0572    2.98400   -0.00244
 12.3667   16.30500  320.23401   52.3766  135.1097    2.97100    0.00390
 12.3750   16.47600  320.13901   52.3289  135.1615    2.92700    0.01060
 12.3833   16.64600  320.04199   52.2817  135.2120    2.92500    0.01637
 12.3917   16.81500  319.94400   52.2353  135.2614    2.90400    0.01667
 12.4000   16.98500  319.84500   52.1890  135.3105    2.82100    0.01973
 12.4083   17.15300  319.74399   52.1435  135.3580    2.83700    0.01483
 12.4167   17.32200  319.64301   52.0983  135.4053    2.75500    0.01728
 12.4250   17.48900  319.54001   52.0539  135.4511    2.71800    0.01510
 12.4333   17.65700  319.43600   52.0096  135.4966    2.69500    0.01430
 12.4417   17.82300  319.32999   51.9661  135.5406    2.61900    0.00771
 12.4500   17.99000  319.22299   51.9227  135.5844    2.53900    0.00365
 12.4583   18.15500  319.11499   51.8802  135.6269    2.53300    0.00361
 12.4667   18.32100  319.00601   51.8378  135.6691    2.48400    0.00786
 12.4750   18.48500  318.89600   51.7961  135.7101    2.43400    0.00507
 12.4833   18.64900  318.78400   51.7548  135.7504    2.38300   -0.00066
 12.4917   18.81300  318.67099   51.7137  135.7902    2.31600   -0.01655
 12.5000   18.97600  318.55600   51.6732  135.8291    2.20300   -0.03100
 12.5083   19.14000  318.44400   51.6331  135.8682    2.16900   -0.03942
 12.5167   19.30500  318.32999   51.5931  135.9070    2.15700   -0.03770
 12.5250   19.46800  318.21399   51.5537  135.9445    2.12600   -0.03961
 12.5333   19.63100  318.09799   51.5147  135.9817    2.07800   -0.04325
 12.5417   19.79400  317.98001   51.4760  136.0183    2.06200   -0.04482
 12.5500   19.95600  317.86099   51.4377  136.0541    2.04900   -0.03688
 12.5583   20.11700  317.73999   51.3998  136.0890    2.06900   -0.03448
 12.5667   20.27800  317.61801   51.3623  136.1235    2.02200   -0.02708
 12.5750   20.43800  317.49500   51.3252  136.1573    2.05200   -0.02020
 12.5833   20.59800  317.37000   51.2883  136.1905    2.07800   -0.00204
 12.5917   20.75700  317.24399   51.2519  136.2231    2.11200    0.01393
 12.6000   20.91500  317.11700   51.2159  136.2549    2.13000    0.02363
 12.6083   21.07300  316.98801   51.1801  136.2863    2.11100    0.02662
 12.6167   21.23000  316.85800   51.1448  136.3170    2.09800    0.02231
 12.6250   21.38600  316.72699   51.1098  136.3471    2.06300    0.02177
 12.6333   21.54100  316.59399   51.0752  136.3765    2.06800    0.02556
 12.6417   21.69600  316.45999   51.0409  136.4055    2.08100    0.03364
 12.6500   21.85100  316.32501   51.0068  136.4341    2.07300    0.03440
 12.6583   22.00400  316.18799   50.9732  136.4619    2.02500    0.02741
 12.6667   22.15700  316.04999   50.9398  136.4893    1.97900    0.02455
 12.6750   22.31100  315.91400   50.9067  136.5169    1.98300    0.01826
 12.6833   22.46500  315.77600   50.8737  136.5442    1.90100    0.01223
 12.6917   22.61900  315.63699   50.8410  136.5712    1.84700   -0.00069
 12.7000   22.77100  315.49600   50.8088  136.5972    1.79900    0.00165
 12.7083   22.92300  315.35400   50.7767  136.6230    1.80400    0.01329
 12.7167   23.07400  315.20999   50.7449  136.6482    1.79400    0.02771
 12.7250   23.22500  315.06601   50.7134  136.6732    1.74600    0.03853
 12.7333   23.37400  314.91901   50.6823  136.6972    1.70900    0.04068
 12.7417   23.52300  314.77200   50.6514  136.7211    1.63300    0.03751
 12.7500   23.67100  314.62299   50.6208  136.7444    1.55300    0.03971
 12.7583   23.81800  314.47198   50.5904  136.7671    1.55500    0.04043
 12.7667   23.96500  314.32001   50.5602  136.7896    1.47700    0.03706
 12.7750   24.11000  314.16699   50.5305  136.8114    1.37600    0.01916
 12.7833   24.25500  314.01199   50.5008  136.8329    1.29500   -0.00975
 12.7917   24.39900  313.85599   50.4715  136.8540    1.15600   -0.04193
 12.8000   24.54200  313.69901   50.4425  136.8746    1.03900   -0.07647
 12.8083   24.68500  313.54001   50.4135  136.8950    0.94800   -0.09727
 12.8167   24.82600  313.38000   50.3850  136.9147    0.89500   -0.08838
 12.8250   24.96700  313.21799   50.3565  136.9341    0.96000   -0.06432
 12.8333   25.10600  313.05499   50.3285  136.9529    0.96300   -0.04067
 12.8417   25.24800  312.89401   50.3004  136.9725    0.90900   -0.02869
 12.8500   25.38900  312.73001   50.2725  136.9916    0.90700   -0.02124
 12.8583   25.52900  312.56601   50.2449  137.0103    0.88800   -0.00182
 12.8667   25.66800  312.39999   50.2175  137.0285    0.91500    0.01372
 12.8750   25.80600  312.23300   50.1904  137.0464    0.90400    0.02747
 12.8833   25.94300  312.06400   50.1635  137.0639    0.89000    0.02687
 12.8917   26.07900  311.89301   50.1367  137.0809    0.85100    0.01567
 12.9000   26.21400  311.72198   50.1102  137.0976    0.79200    0.00073
 12.9083   26.34900  311.54901   50.0838  137.1142    0.76100   -0.00972
 12.9167   26.48200  311.37399   50.0577  137.1301    0.74500   -0.01709
 12.9250   26.61500  311.19800   50.0317  137.1458    0.70100   -0.02205
 12.9333   26.74600  311.02100   50.0060  137.1611    0.68600   -0.02540
 12.9417   26.87700  310.84201   49.9804  137.1761    0.68400   -0.02611
 12.9500   27.00600  310.66199   49.9551  137.1907    0.65900   -0.02545
 12.9583   27.13500  310.48001   49.9299  137.2050    0.65600   -0.01926
 12.9667   27.26200  310.29700   49.9049  137.2189    0.68900   -0.01459
 12.9750   27.38900  310.11301   49.8801  137.2326    0.66000   -0.01029
 12.9833   27.51400  309.92700   49.8555  137.2458    0.66000   -0.01736
 12.9917   27.63800  309.73999   49.8310  137.2587    0.63600   -0.02457
 13.0000   27.76200  309.55099   49.8067  137.2715    0.61300   -0.02769
 13.0083   27.88700  309.36401   49.7825  137.2846    0.64200   -0.02626
 13.0167   28.01100  309.17499   49.7584  137.2974    0.64900   -0.01389
 13.0250   28.13400  308.98499   49.7345  137.3099    0.68900   -0.00149
 13.0333   28.25600  308.79300   49.7107  137.3221    0.71900    0.00987
 13.0417   28.37700  308.60001   49.6871  137.3340    0.71800    0.01463
 13.0500   28.49700  308.40500   49.6637  137.3456    0.71800    0.01269
 13.0583   28.61600  308.20901   49.6403  137.3569    0.70600    0.01599
 13.0667   28.73400  308.01199   49.6172  137.3680    0.72800    0.02156
 13.0750   28.85000  307.81299   49.5942  137.3786    0.73600    0.02828
 13.0833   28.96600  307.61301   49.5714  137.3892    0.72600    0.03792
 13.0917   29.08000  307.41199   49.5487  137.3993    0.75700    0.03938
 13.1000   29.19300  307.20901   49.5262  137.4091    0.71300    0.04302
 13.1083   29.30500  307.00400   49.5037  137.4187    0.70600    0.04023
 13.1167   29.41600  306.79901   49.4814  137.4280    0.69400    0.03985
 13.1250   29.52500  306.59201   49.4593  137.4370    0.65700    0.03405
 13.1333   29.63300  306.38300   49.4373  137.4456    0.61400    0.02654
 13.1417   29.74100  306.17401   49.4154  137.4543    0.58700    0.01518
 13.1500   29.84600  305.96301   49.3937  137.4623    0.52100    0.00719
 13.1583   29.95100  305.75000   49.3721  137.4703    0.48700   -0.00291
 13.1667   30.05500  305.53699   49.3506  137.4781    0.44200   -0.00806
 13.1750   30.16000  305.32401   49.3291  137.4862    0.39700   -0.00739
 13.1833   30.26400  305.10999   49.3078  137.4941    0.39500   -0.00372
 13.1917   30.36700  304.89499   49.2865  137.5018    0.36600    0.00517
 13.2000   30.46900  304.67801   49.2654  137.5093    0.35100    0.00312
 13.2083   30.56900  304.45999   49.2444  137.5163    0.29400   -0.00486
 13.2167   30.66800  304.24100   49.2235  137.5233    0.24000   -0.01881
 13.2250   30.76600  304.01999   49.2027  137.5299    0.19900   -0.03576
 13.2333   30.86300  303.79800   49.1820  137.5364    0.13400   -0.04466
 13.2417   30.95800  303.57501   49.1615  137.5426    0.12900   -0.04873
 13.2500   31.05200  303.35001   49.1410  137.5485    0.12100   -0.03977
 13.2583   31.14400  303.12500   49.1207  137.5541    0.12900   -0.03405
 13.2667   31.23600  302.89801   49.1005  137.5597    0.11000   -0.02850
 13.2750   31.32600  302.66901   49.0802  137.5649    0.10500   -0.02019
 13.2833   31.41400  302.44000   49.0603  137.5698    0.13000   -0.00815
 13.2917   31.50100  302.20901   49.0403  137.5745    0.13600   -0.00366
 13.3000   31.58700  301.97699   49.0204  137.5791    0.09700    0.00238
 13.3083   31.67100  301.74399   49.0007  137.5833    0.13600    0.00490
 13.3167   31.75500  301.51001   48.9810  137.5876    0.13100    0.00718
 13.3250   31.83600  301.27499   48.9615  137.5913    0.09700    0.00290
 13.3333   31.91600  301.03799   48.9420  137.5949    0.10500   -0.00179
 13.3417   31.99800  300.80200   48.9225  137.5990    0.09700    0.00032
 13.3500   32.07900  300.56500   48.9031  137.6029    0.09700    0.00436
 13.3583   32.15900  300.32700   48.8837  137.6067    0.11300    0.00933
 13.3667   32.23700  300.08801   48.8645  137.6102    0.10700    0.00754
 13.3750   32.31300  299.84698   48.8453  137.6133    0.07000    0.00395
 13.3833   32.38800  299.60599   48.8263  137.6164    0.07800    0.00271
 13.3917   32.46200  299.36301   48.8073  137.6192    0.08400    0.00718
 13.4000   32.53400  299.11899   48.7883  137.6218    0.07800    0.00432
 13.4083   32.60400  298.87399   48.7695  137.6241    0.05100    0.00129
 13.4167   32.67400  298.62799   48.7507  137.6264    0.06100   -0.00503
 13.4250   32.74100  298.38101   48.7320  137.6282    0.04300   -0.01540
 13.4333   32.80700  298.13300   48.7134  137.6299    0.00000   -0.02657
 13.4417   32.87200  297.88400   48.6949  137.6316    0.01100   -0.03315
 13.4500   32.93500  297.63400   48.6764  137.6329    0.02200   -0.03487
 13.4583   32.99700  297.38300   48.6579  137.6341    0.01300   -0.04005
 13.4667   33.05700  297.13101   48.6396  137.6350    0.01700   -0.04168
 13.4750   33.11600  296.87799   48.6213  137.6358    0.05600   -0.04344
 13.4833   33.17300  296.62399   48.6030  137.6363    0.05400   -0.04338
 13.4917   33.22900  296.36899   48.5848  137.6367    0.07700   -0.04640
 13.5000   33.28300  296.11401   48.5668  137.6369    0.10900   -0.04562
 13.5083   33.33800  295.85901   48.5487  137.6373    0.13600   -0.04332
 13.5167   33.39300  295.60300   48.5306  137.6379    0.17700   -0.03881
 13.5250   33.44600  295.34601   48.5125  137.6381    0.23000   -0.02852
 13.5333   33.49700  295.08801   48.4946  137.6381    0.29000   -0.01704
 13.5417   33.54700  294.82999   48.4767  137.6380    0.33800   -0.00419
 13.5500   33.59500  294.57001   48.4588  137.6376    0.40000    0.00508
 13.5583   33.64100  294.31000   48.4410  137.6370    0.44400    0.01520
 13.5667   33.68600  294.04901   48.4233  137.6363    0.49800    0.02058
 13.5750   33.73000  293.78699   48.4055  137.6354    0.53700    0.02892
 13.5833   33.77100  293.52399   48.3879  137.6342    0.59900    0.03566
 13.5917   33.81200  293.26099   48.3702  137.6330    0.64600    0.04122
 13.6000   33.85000  292.99701   48.3527  137.6314    0.67800    0.03136
 13.6083   33.88700  292.73199   48.3351  137.6297    0.66000    0.01724
 13.6167   33.92300  292.46600   48.3176  137.6279    0.68200    0.00700
 13.6250   33.95600  292.20001   48.3002  137.6257    0.72900    0.00106
 13.6333   33.98800  291.93301   48.2828  137.6234    0.72800   -0.00227
 13.6417   34.01900  291.66599   48.2654  137.6211    0.75900   -0.00648
 13.6500   34.04800  291.39801   48.2481  137.6185    0.80000   -0.00138
 13.6583   34.07500  291.12900   48.2307  137.6156    0.84500    0.00055
 13.6667   34.10100  290.85999   48.2135  137.6127    0.85900   -0.00131
 13.6750   34.12800  290.59100   48.1962  137.6101    0.87900   -0.01000
 13.6833   34.15400  290.32199   48.1789  137.6074    0.89000   -0.01389
 13.6917   34.17800  290.05200   48.1617  137.6045    0.93500   -0.01895
 13.7000   34.20100  289.78201   48.1445  137.6015    0.96000   -0.02402
 13.7083   34.22200  289.51099   48.1273  137.5983    0.98000   -0.03272
 13.7167   34.24100  289.23999   48.1101  137.5948    1.01600   -0.03418
 13.7250   34.25900  288.96799   48.0930  137.5912    1.08700   -0.03529
 13.7333   34.27500  288.69601   48.0759  137.5874    1.12400   -0.04254
 13.7417   34.28900  288.42300   48.0588  137.5834    1.14300   -0.05734
 13.7500   34.30200  288.14999   48.0418  137.5793    1.18900   -0.06892
 13.7583   34.31300  287.87601   48.0247  137.5749    1.25500   -0.06941
 13.7667   34.32200  287.60199   48.0077  137.5703    1.34500   -0.06548
 13.7750   34.33000  287.32800   47.9907  137.5657    1.42900   -0.06779
 13.7833   34.33600  287.05399   47.9737  137.5608    1.47800   -0.07054
 13.7917   34.34100  286.77899   47.9567  137.5558    1.57800   -0.06638
 13.8000   34.34400  286.50400   47.9398  137.5506    1.70700   -0.04649
 13.8083   34.34500  286.22900   47.9229  137.5452    1.84000   -0.02679
 13.8167   34.34400  285.95300   47.9059  137.5395    1.94200   -0.01508
 13.8250   34.34200  285.67700   47.8890  137.5338    2.03200   -0.00188
 13.8333   34.33900  285.40201   47.8721  137.5280    2.17100    0.01955
 13.8417   34.33700  285.12601   47.8552  137.5225    2.30700    0.04783
 13.8500   34.33300  284.85101   47.8383  137.5168    2.42100    0.06762
 13.8583   34.32800  284.57501   47.8213  137.5110    2.50700    0.08641
 13.8667   34.32100  284.29901   47.8044  137.5049    2.62800    0.10266
 13.8750   34.31200  284.02301   47.7875  137.4987    2.71700    0.11569
 13.8833   34.30200  283.74701   47.7706  137.4923    2.77200    0.11910
 13.8917   34.29000  283.47000   47.7537  137.4857    2.82800    0.11101
 13.9000   34.27600  283.19400   47.7368  137.4789    2.84400    0.09550
 13.9083   34.26100  282.91800   47.7199  137.4721    2.84900    0.07044
 13.9167   34.24400  282.64099   47.7029  137.4649    2.84300    0.05008
 13.9250   34.22600  282.36499   47.6860  137.4578    2.86600    0.03297
 13.9333   34.20600  282.08801   47.6691  137.4503    2.86900    0.02134
 13.9417   34.18400  281.81201   47.6522  137.4427    2.87400    0.00488
 13.9500   34.16100  281.53601   47.6353  137.4349    2.85800   -0.01001
 13.9583   34.13600  281.26001   47.6184  137.4269    2.85600   -0.01692
 13.9667   34.10900  280.98401   47.6014  137.4187    2.89200   -0.01809
 13.9750   34.08100  280.70801   47.5845  137.4104    2.90200   -0.01575
 13.9833   34.05200  280.43201   47.5675  137.4020    2.92000   -0.01972
 13.9917   34.02000  280.15601   47.5505  137.3932    2.93200   -0.02109
 14.0000   33.98700  279.88101   47.5335  137.3844    2.96400   -0.02648
 14.0083   33.95600  279.60599   47.5165  137.3760    2.97100   -0.03645
 14.0167   33.92300  279.33099   47.4994  137.3673    2.96900   -0.05025
 14.0250   33.88900  279.05701   47.4824  137.3586    2.99300   -0.06187
 14.0333   33.85300  278.78201   47.4653  137.3497    3.02800   -0.06621
 14.0417   33.81500  278.50800   47.4482  137.3405    3.08200   -0.06451
 14.0500   33.77600  278.23401   47.4310  137.3312    3.15200   -0.06098
 14.0583   33.73500  277.96100   47.4139  137.3216    3.20900   -0.05472
 14.0667   33.69300  277.68701   47.3967  137.3120    3.29100   -0.05590
 14.0750   33.64900  277.41400   47.3795  137.3021    3.34300   -0.06136
 14.0833   33.60400  277.14200   47.3623  137.2921    3.39800   -0.07195
 14.0917   33.55700  276.86899   47.3450  137.2819    3.47200   -0.07491
 14.1000   33.50800  276.59698   47.3278  137.2714    3.58200   -0.06522
 14.1083   33.45800  276.32599   47.3105  137.2608    3.72000   -0.04947
 14.1167   33.40600  276.05399   47.2931  137.2499    3.84300   -0.04449
 14.1250   33.35300  275.78400   47.2758  137.2390    3.91000   -0.04889
 14.1333   33.29900  275.51300   47.2583  137.2280    4.01000   -0.04466
 14.1417   33.24300  275.24399   47.2409  137.2167    4.18200   -0.03045
 14.1500   33.18500  274.97400   47.2234  137.2051    4.30600   -0.01119
 14.1583   33.12600  274.70499   47.2059  137.1934    4.43700   -0.00286
 14.1667   33.06600  274.43701   47.1884  137.1816    4.56400    0.01200
 14.1750   33.00700  274.16901   47.1708  137.1701    4.72900    0.02447
 14.1833   32.94600  273.90100   47.1531  137.1584    4.85200    0.03810
 14.1917   32.88500  273.63400   47.1354  137.1467    4.97800    0.03347
 14.2000   32.82100  273.36801   47.1177  137.1345    5.04000    0.03349
 14.2083   32.75600  273.10199   47.0999  137.1223    5.17400    0.03117
 14.2167   32.69000  272.83701   47.0821  137.1099    5.27500    0.04186
 14.2250   32.62200  272.57199   47.0642  137.0972    5.38600    0.04567
 14.2333   32.55300  272.30801   47.0463  137.0845    5.47100    0.06616
 14.2417   32.48300  272.04401   47.0283  137.0716    5.64400    0.08191
 14.2500   32.41100  271.78101   47.0103  137.0584    5.72200    0.09555
 14.2583   32.33700  271.51801   46.9921  137.0449    5.78300    0.08771
 14.2667   32.26300  271.25699   46.9740  137.0315    5.83300    0.07543
 14.2750   32.18700  270.99500   46.9558  137.0178    5.87500    0.05321
 14.2833   32.10900  270.73499   46.9375  137.0037    5.87700    0.02168
 14.2917   32.03000  270.47501   46.9192  136.9895    5.87200   -0.01182
 14.3000   31.95000  270.21600   46.9008  136.9753    5.89900   -0.02529
 14.3083   31.86800  269.95700   46.8823  136.9606    5.99900   -0.02477
 14.3167   31.78600  269.70001   46.8639  136.9461    6.06300   -0.02003
 14.3250   31.70100  269.44299   46.8453  136.9310    6.10400   -0.02134
 14.3333   31.61600  269.18600   46.8266  136.9160    6.16500   -0.02541
 14.3417   31.53200  268.93100   46.8079  136.9012    6.21000   -0.02754
 14.3500   31.44700  268.67499   46.7891  136.8863    6.26500   -0.03190
 14.3583   31.36000  268.42099   46.7703  136.8711    6.32000   -0.03132
 14.3667   31.27200  268.16699   46.7513  136.8557    6.39700   -0.02725
 14.3750   31.18300  267.91400   46.7323  136.8401    6.47800   -0.01358
 14.3833   31.09200  267.66199   46.7132  136.8243    6.59000   -0.00402
 14.3917   31.00100  267.41000   46.6940  136.8084    6.64700    0.00073
 14.4000   30.90800  267.16000   46.6748  136.7922    6.70000   -0.00116
 14.4083   30.81300  266.91000   46.6555  136.7757    6.77600    0.00301
 14.4167   30.71800  266.66101   46.6361  136.7592    6.86800    0.01507
 14.4250   30.62100  266.41199   46.6165  136.7423    6.96700    0.02432
 14.4333   30.52300  266.16501   46.5969  136.7253    7.03400    0.02476
 14.4417   30.42400  265.91800   46.5772  136.7080    7.08600    0.01864
 14.4500   30.32400  265.67200   46.5574  136.6906    7.15500    0.00680
 14.4583   30.22200  265.42700   46.5375  136.6728    7.19000   -0.00614
 14.4667   30.12000  265.18201   46.5175  136.6551    7.23100   -0.02038
 14.4750   30.01600  264.93900   46.4975  136.6369    7.28800   -0.02615
 14.4833   29.91100  264.69601   46.4772  136.6186    7.36800   -0.02215
 14.4917   29.80500  264.45499   46.4570  136.6001    7.46000   -0.01780
 14.5000   29.69800  264.21399   46.4366  136.5813    7.51900   -0.00640
 14.5083   29.59200  263.97299   46.4161  136.5628    7.63500    0.00573
 14.5167   29.48500  263.73300   46.3955  136.5442    7.73300    0.01792
 14.5250   29.37700  263.49399   46.3748  136.5253    7.79600    0.01179
 14.5333   29.26800  263.25601   46.3540  136.5062    7.81800    0.00426
 14.5417   29.15800  263.01901   46.3331  136.4869    7.91100   -0.00716
 14.5500   29.04700  262.78299   46.3121  136.4674    7.95400   -0.00602
 14.5583   28.93400  262.54700   46.2909  136.4474    8.04400   -0.01583
 14.5667   28.82100  262.31299   46.2697  136.4275    8.07600   -0.01460
 14.5750   28.70700  262.07901   46.2483  136.4073    8.17500   -0.01176
 14.5833   28.59100  261.84601   46.2267  136.3867    8.27300    0.00280
 14.5917   28.47500  261.61401   46.2051  136.3661    8.36900    0.01439
 14.6000   28.35700  261.38300   46.1833  136.3450    8.45600    0.02526
 14.6083   28.23900  261.15302   46.1614  136.3239    8.55300    0.02226
 14.6167   28.11900  260.92300   46.1392  136.3023    8.57700    0.01247
 14.6250   27.99900  260.69501   46.1171  136.2807    8.62700   -0.00448
 14.6333   27.87700  260.46701   46.0947  136.2586    8.68200   -0.01552
 14.6417   27.75500  260.23999   46.0722  136.2365    8.73400   -0.02802
 14.6500   27.63100  260.01401   46.0495  136.2139    8.77500   -0.02854
 14.6583   27.50700  259.79001   46.0268  136.1912    8.89600   -0.02197
 14.6667   27.38200  259.56500   46.0038  136.1684    8.99000    0.00109
 14.6750   27.25800  259.34201   45.9808  136.1456    9.12400    0.01949
 14.6833   27.13400  259.11899   45.9577  136.1229    9.22200    0.02833
 14.6917   27.00800  258.89700   45.9343  136.0996    9.26200    0.02295
 14.7000   26.88100  258.67599   45.9108  136.0761    9.31900    0.00417
 14.7083   26.75400  258.45499   45.8870  136.0526    9.34700   -0.01370
 14.7167   26.62500  258.23599   45.8632  136.0284    9.40100   -0.02945
 14.7250   26.49600  258.01700   45.8391  136.0043    9.47600   -0.03859
 14.7333   26.36600  257.79999   45.8150  135.9798    9.54800   -0.03727
 14.7417   26.23500  257.58301   45.7906  135.9550    9.66800   -0.03462
 14.7500   26.10300  257.36700   45.7660  135.9299    9.75900   -0.02385
 14.7583   25.97100  257.15201   45.7413  135.9047    9.88000   -0.02366
 14.7667   25.83700  256.93799   45.7164  135.8790    9.94400   -0.02383
 14.7750   25.70300  256.72501   45.6913  135.8531   10.04200   -0.02274
 14.7833   25.56800  256.51199   45.6659  135.8270   10.18200   -0.02253
 14.7917   25.43200  256.30099   45.6404  135.8005   10.25200   -0.02843
 14.8000   25.29500  256.09000   45.6147  135.7736   10.32100   -0.03745
 14.8083   25.15800  255.88000   45.5888  135.7467   10.45000   -0.03820
 14.8167   25.02000  255.67101   45.5627  135.7194   10.57500   -0.02473
 14.8250   24.88100  255.46300   45.5363  135.6917   10.73300   -0.01699
 14.8333   24.74200  255.25600   45.5098  135.6640   10.82800    0.00058
 14.8417   24.60400  255.04900   45.4832  135.6364   11.00600    0.02179
 14.8500   24.46500  254.84200   45.4562  135.6085   11.17900    0.03845
 14.8583   24.32500  254.63699   45.4291  135.5802   11.24200    0.04319
 14.8667   24.18500  254.43300   45.4018  135.5517   11.34400    0.03815
 14.8750   24.04300  254.22900   45.3741  135.5226   11.45500    0.03832
 14.8833   23.90200  254.02600   45.3463  135.4937   11.54700    0.04044
 14.8917   23.75900  253.82401   45.3182  135.4641   11.65900    0.04782
 14.9000   23.61600  253.62300   45.2899  135.4343   11.79600    0.04736
 14.9083   23.47200  253.42300   45.2614  135.4041   11.82800    0.03725
 14.9167   23.32700  253.22301   45.2325  135.3736   11.86700    0.01662
 14.9250   23.18200  253.02499   45.2035  135.3428   11.92400    0.00714
 14.9333   23.03700  252.82700   45.1742  135.3119   12.01100    0.00557
 14.9417   22.89000  252.63000   45.1446  135.2803   12.09200    0.01053
 14.9500   22.74300  252.43300   45.1146  135.2486   12.18500    0.00990
 14.9583   22.59600  252.23801   45.0846  135.2166   12.23700    0.01042
 14.9667   22.44700  252.04300   45.0540  135.1839   12.32300    0.00585
 14.9750   22.29900  251.84900   45.0234  135.1514   12.38200    0.00007
 14.9833   22.15000  251.65601   44.9924  135.1184   12.42600   -0.01497
 14.9917   22.00000  251.46400   44.9612  135.0848   12.45500   -0.02555
 15.0000   21.84900  251.27200   44.9295  135.0509   12.54900   -0.03523
 15.0083   21.70000  251.08099   44.8977  135.0173   12.60700   -0.03118
 15.0167   21.55000  250.89101   44.8657  134.9832   12.73000   -0.03333
 15.0250   21.40000  250.70100   44.8333  134.9490   12.79000   -0.03004
 15.0333   21.24900  250.51199   44.8006  134.9143   12.88600   -0.03006
 15.0417   21.09800  250.32401   44.7676  134.8793   12.99200   -0.02666
 15.0500   20.94600  250.13600   44.7342  134.8439   13.07500   -0.01583
 15.0583   20.79400  249.94901   44.7005  134.8082   13.22800   -0.00770
 15.0667   20.64100  249.76300   44.6664  134.7720   13.32500   -0.00038
 15.0750   20.48700  249.57800   44.6320  134.7353   13.41600   -0.00120
 15.0833   20.33300  249.39400   44.5973  134.6983   13.52200   -0.00532
 15.0917   20.17900  249.21001   44.5622  134.6611   13.60400   -0.00002
 15.1000   20.02400  249.02699   44.5268  134.6233   13.76200   -0.00115
 15.1083   19.86900  248.84399   44.4909  134.5853   13.82900   -0.00138
 15.1167   19.71300  248.66200   44.4546  134.5468   13.91900   -0.01341
 15.1250   19.55700  248.48100   44.4181  134.5079   13.99900   -0.01068
 15.1333   19.40100  248.30099   44.3812  134.4688   14.17000   -0.00677
 15.1417   19.24400  248.12199   44.3439  134.4290   14.26800    0.00137
 15.1500   19.08600  247.94299   44.3060  134.3887   14.37800   -0.00045
 15.1583   18.92900  247.76401   44.2679  134.3485   14.47500   -0.00071
 15.1667   18.77100  247.58701   44.2293  134.3076   14.58700    0.00193
 15.1750   18.61400  247.40900   44.1904  134.2669   14.72000    0.00151
 15.1833   18.45600  247.23300   44.1511  134.2254   14.79900   -0.00073
 15.1917   18.29900  247.05701   44.1115  134.1841   14.90200   -0.00249
 15.2000   18.14000  246.88100   44.0712  134.1418   15.03700   -0.00113
 15.2083   17.98200  246.70700   44.0308  134.0994   15.14300    0.00013
 15.2167   17.82300  246.53300   43.9897  134.0565   15.23900    0.00181
 15.2250   17.66400  246.35899   43.9482  134.0133   15.37700   -0.00906
 15.2333   17.50400  246.18600   43.9061  133.9693   15.38900   -0.00519
 15.2417   17.34400  246.01401   43.8636  133.9250   15.59300   -0.00470
 15.2500   17.18400  245.84300   43.8208  133.8804   15.70500    0.00760
 15.2583   17.02300  245.67200   43.7773  133.8351   15.80200    0.01552
 15.2667   16.86200  245.50101   43.7332  133.7895   15.97300    0.01209
 15.2750   16.70100  245.33200   43.6889  133.7435   15.99700    0.01394
 15.2833   16.54000  245.16299   43.6440  133.6971   16.12900    0.00261
 15.2917   16.37800  244.99400   43.5984  133.6501   16.19500    0.00854
 15.3000   16.21600  244.82600   43.5524  133.6026   16.34200    0.01139
 15.3083   16.05400  244.65900   43.5059  133.5548   16.44700    0.01616
 15.3167   15.89100  244.49200   43.4587  133.5062   16.52800    0.01540
 15.3250   15.72800  244.32500   43.4109  133.4574   16.63300    0.01809
 15.3333   15.56600  244.16000   43.3629  133.4084   16.75700    0.02004
 15.3417   15.40400  243.99400   43.3142  133.3591   16.82400    0.01397
 15.3500   15.24100  243.82899   43.2649  133.3091   16.86100    0.00853
 15.3583   15.07900  243.66499   43.2152  133.2590   16.99700   -0.00057
 15.3667   14.91600  243.50101   43.1647  133.2082   17.03900   -0.00828
 15.3750   14.75300  243.33800   43.1137  133.1569   17.09300   -0.01173
 15.3833   14.59000  243.17500   43.0621  133.1052   17.25600   -0.01624
 15.3917   14.42600  243.01300   43.0097  133.0527   17.29100   -0.00922
 15.4000   14.26200  242.85100   42.9567  132.9998   17.44000   -0.02317
 15.4083   14.09800  242.69000   42.9031  132.9464   17.44800   -0.03108
 15.4167   13.93400  242.52901   42.8488  132.8927   17.54000   -0.03908
 15.4250   13.77000  242.36900   42.7939  132.8385   17.69800   -0.02653
 15.4333   13.60600  242.20900   42.7384  132.7838   17.88300   -0.02095
 15.4417   13.44100  242.05000   42.6820  132.7283   17.93900   -0.02342
 15.4500   13.27600  241.89101   42.6249  132.6723   18.04900   -0.04279
 15.4583   13.11200  241.73300   42.5675  132.6163   18.11600   -0.04910
 15.4667   12.94700  241.57500   42.5090  132.5595   18.28900   -0.04974
 15.4750   12.78200  241.41701   42.4498  132.5022   18.46300   -0.04220
 15.4833   12.61600  241.25999   42.3897  132.4440   18.61000   -0.03677
 15.4917   12.45100  241.10400   42.3292  132.3856   18.78700   -0.03397
 15.5000   12.28600  240.94800   42.2679  132.3269   18.95500   -0.03594
 15.5083   12.12100  240.79201   42.2058  132.2677   19.07600   -0.02127
 15.5167   11.95600  240.63600   42.1428  132.2081   19.39500   -0.01583
 15.5250   11.79100  240.48199   42.0793  132.1479   19.48900   -0.00305
 15.5333   11.62600  240.32700   42.0149  132.0873   19.68100   -0.00628
 15.5417   11.46100  240.17300   41.9497  132.0262   19.87600    0.00221
 15.5500   11.29600  240.01900   41.8837  131.9647   20.08200    0.00991
 15.5583   11.13000  239.86600   41.8166  131.9020   20.26700    0.01851
 15.5667   10.96500  239.71300   41.7490  131.8395   20.46800    0.02219
 15.5750   10.79900  239.56000   41.6801  131.7760   20.62300    0.02316
 15.5833   10.63400  239.40800   41.6108  131.7124   20.78400    0.02119
 15.5917   10.46800  239.25700   41.5403  131.6477   20.95400    0.01683
 15.6000   10.30300  239.10500   41.4692  131.5832   21.07300    0.02123
 15.6083   10.13700  238.95399   41.3968  131.5176   21.29600    0.01934
 15.6167    9.97100  238.80299   41.3236  131.4516   21.39700    0.03493
 15.6250    9.80500  238.65300   41.2494  131.3849   21.65900    0.03111
 15.6333    9.63900  238.50301   41.1743  131.3178   21.69100    0.03641
 15.6417    9.47400  238.35300   41.0985  131.2507   21.85000    0.02979
 15.6500    9.30800  238.20399   41.0215  131.1825   21.98200    0.04308
 15.6583    9.14200  238.05499   40.9435  131.1138   22.16900    0.04584
 15.6667    8.97600  237.90601   40.8644  131.0447   22.21100    0.04690
 15.6750    8.81100  237.75800   40.7847  130.9755   22.30600    0.04276
 15.6833    8.64600  237.61000   40.7040  130.9059   22.42700    0.05047
 15.6917    8.48100  237.46201   40.6223  130.8357   22.55100    0.05236
 15.7000    8.31500  237.31500   40.5392  130.7644   22.57100    0.05245
 15.7083    8.15000  237.16800   40.4553  130.6932   22.64300    0.04742
 15.7167    7.98500  237.02100   40.3704  130.6216   22.70200    0.04392
 15.7250    7.82000  236.87399   40.2843  130.5494   22.71000    0.03789
 15.7333    7.65400  236.72800   40.1969  130.4761   22.74200    0.03276
 15.7417    7.48900  236.58200   40.1086  130.4029   22.78200    0.02791
 15.7500    7.32400  236.43600   40.0192  130.3292   22.78200    0.02653
 15.7583    7.15900  236.29100   39.9288  130.2550   22.83400    0.01861
 15.7667    6.99400  236.14600   39.8372  130.1802   22.80600    0.01195
 15.7750    6.82900  236.00101   39.7443  130.1050   22.80200    0.00037
 15.7833    6.66400  235.85600   39.6502  130.0294   22.79900   -0.00080
 15.7917    6.49900  235.71100   39.5549  129.9533   22.86300   -0.01191
 15.8000    6.33400  235.56700   39.4585  129.8766   22.76400   -0.01588
 15.8083    6.17000  235.42300   39.3613  129.8002   22.81200   -0.02375
 15.8167    6.00500  235.27901   39.2624  129.7226   22.83000   -0.01016
 15.8250    5.84100  235.13499   39.1626  129.6452   22.92800   -0.00494
 15.8333    5.67600  234.99200   39.0612  129.5667   22.90600    0.00282
 15.8417    5.51200  234.84900   38.9590  129.4883   22.96400   -0.00272
 15.8500    5.34900  234.70599   38.8560  129.4102   22.97400   -0.00161
 15.8583    5.18500  234.56400   38.7513  129.3308   23.01800   -0.00134
 15.8667    5.02100  234.42101   38.6451  129.2512   23.06700    0.00000

 20.8833    5.35300  142.37500   36.5361  152.3197   19.68700    0.00000
 20.8917    5.52600  142.25900   36.6540  152.2675   19.54600   -0.00152
 20.9000    5.70000  142.14301   36.7709  152.2152   19.46400   -0.00606
 20.9083    5.87300  142.02699   36.8858  152.1635   19.36700   -0.00233
 20.9167    6.04700  141.91100   36.9999  152.1116   19.31200   -0.00019
 20.9250    6.22200  141.79500   37.1130  152.0595   19.22000    0.00011
 20.9333    6.39600  141.67900   37.2242  152.0082   19.08200    0.00493
 20.9417    6.57100  141.56300   37.3344  151.9566   19.06500    0.00678
 20.9500    6.74500  141.44701   37.4427  151.9058   18.93400    0.01808
 20.9583    6.92100  141.33000   37.5508  151.8547   18.86900    0.00960
 20.9667    7.09600  141.21400   37.6569  151.8040   18.66000    0.01243
 20.9750    7.27100  141.09801   37.7616  151.7536   18.64300    0.00962
 20.9833    7.44700  140.98100   37.8656  151.7034   18.52800    0.01784
 20.9917    7.62300  140.86501   37.9680  151.6532   18.41600    0.01320
 21.0000    7.79900  140.74800   38.0693  151.6035   18.27800    0.01063
 21.0083    7.97600  140.63100   38.1697  151.5537   18.17300    0.00419
 21.0167    8.15200  140.51300   38.2685  151.5049   18.02700    0.00190
 21.0250    8.32900  140.39600   38.3663  151.4557   17.92000    0.00012
 21.0333    8.50600  140.27800   38.4629  151.4070   17.82500    0.00214
 21.0417    8.68300  140.16000   38.5582  151.3587   17.71300   -0.00932
 21.0500    8.86100  140.04201   38.6528  151.3103   17.49300   -0.00681
 21.0583    9.03800  139.92500   38.7455  151.2624   17.52100   -0.01900
 21.0667    9.21600  139.80600   38.8376  151.2149   17.27500   -0.01023
 21.0750    9.39400  139.68800   38.9285  151.1674   17.24300   -0.02209
 21.0833    9.57300  139.57001   39.0185  151.1199   17.09700   -0.01688
 21.0917    9.75100  139.45100   39.1070  151.0734   17.01900   -0.02831
 21.1000    9.93000  139.33299   39.1947  151.0265   16.85300   -0.01834
 21.1083   10.10800  139.21400   39.2809  150.9806   16.90800   -0.01325
 21.1167   10.28700  139.09500   39.3664  150.9346   16.79100   -0.00762
 21.1250   10.46600  138.97600   39.4507  150.8890   16.63300   -0.02020
 21.1333   10.64600  138.85699   39.5343  150.8433   16.53400   -0.03189
 21.1417   10.82500  138.73700   39.6164  150.7985   16.42700   -0.03324
 21.1500   11.00400  138.61700   39.6975  150.7540   16.36600   -0.02034
 21.1583   11.18400  138.49699   39.7779  150.7095   16.38300    0.00214
 21.1667   11.36400  138.37700   39.8572  150.6653   16.35600    0.02012
 21.1750   11.54400  138.25700   39.9355  150.6215   16.24700    0.03389
 21.1833   11.72400  138.13600   40.0128  150.5781   16.23000    0.03569
 21.1917   11.90500  138.01500   40.0894  150.5347   16.09800    0.03928
 21.2000   12.08500  137.89301   40.1648  150.4922   16.00300    0.03286
 21.2083   12.26600  137.77200   40.2394  150.4494   15.90500    0.03045
 21.2167   12.44700  137.64999   40.3131  150.4072   15.82100    0.02154
 21.2250   12.62800  137.52800   40.3858  150.3653   15.68800    0.00318
 21.2333   12.80900  137.40601   40.4576  150.3237   15.52500   -0.02424
 21.2417   12.99000  137.28300   40.5285  150.2826   15.37400   -0.04756
 21.2500   13.17200  137.16000   40.5988  150.2414   15.28200   -0.06210
 21.2583   13.35300  137.03700   40.6679  150.2009   15.19500   -0.06516
 21.2667   13.53500  136.91400   40.7364  150.1604   15.13700   -0.07002
 21.2750   13.71600  136.78999   40.8037  150.1207   15.03400   -0.06356
 21.2833   13.89800  136.66600   40.8705  150.0810   15.03900   -0.05216
 21.2917   14.08000  136.54201   40.9364  150.0415   15.02800   -0.03534
 21.3000   14.26200  136.41800   41.0014  150.0024   14.97100   -0.01523
 21.3083   14.44400  136.29300   41.0657  149.9637   15.01000    0.00298
 21.3167   14.62600  136.16800   41.1291  149.9254   14.99500    0.02720
 21.3250   14.80800  136.04201   41.1918  149.8874   14.99900    0.03785
 21.3333   14.99000  135.91701   41.2536  149.8496   14.94000    0.03393
 21.3417   15.17200  135.78999   41.3148  149.8124   14.81800    0.02687
 21.3500   15.35500  135.66400   41.3754  149.7750   14.80200    0.01495
 21.3583   15.53800  135.53700   41.4353  149.7381   14.71000    0.01071
 21.3667   15.72100  135.40900   41.4945  149.7015   14.64300    0.00346
 21.3750   15.90400  135.28200   41.5529  149.6651   14.59600    0.00649
 21.3833   16.08700  135.15300   41.6107  149.6293   14.57000    0.01047
 21.3917   16.27000  135.02499   41.6676  149.5936   14.50000    0.01403
 21.4000   16.45300  134.89600   41.7240  149.5582   14.44000    0.01017
 21.4083   16.63600  134.76700   41.7796  149.5232   14.35000    0.00936
 21.4167   16.81900  134.63699   41.8346  149.4886   14.30400    0.01231
 21.4250   17.00200  134.50700   41.8889  149.4542   14.27800    0.01275
 21.4333   17.18500  134.37700   41.9425  149.4200   14.17800    0.00186
 21.4417   17.36800  134.24600   41.9956  149.3862   14.05700   -0.01354
 21.4500   17.55100  134.11501   42.0480  149.3527   14.00900   -0.03498
 21.4583   17.73400  133.98300   42.0998  149.3196   13.87800   -0.04648
 21.4667   17.91700  133.85100   42.1510  149.2867   13.83900   -0.05916
 21.4750   18.10100  133.71899   42.2017  149.2537   13.79400   -0.06102
 21.4833   18.28400  133.58600   42.2517  149.2214   13.74900   -0.05335
 21.4917   18.46700  133.45200   42.3012  149.1895   13.78800   -0.04732
 21.5000   18.64900  133.31799   42.3499  149.1580   13.73400   -0.03792
 21.5083   18.83300  133.18300   42.3984  149.1263   13.71600   -0.03485
 21.5167   19.01700  133.04800   42.4464  149.0949   13.71300   -0.02003
 21.5250   19.20000  132.91299   42.4936  149.0639   13.75000   -0.00624
 21.5333   19.38400  132.77699   42.5406  149.0331   13.73400    0.00708
 21.5417   19.56700  132.64101   42.5867  149.0026   13.73700    0.02582
 21.5500   19.75100  132.50400   42.6326  148.9723   13.81000    0.03478
 21.5583   19.93400  132.36600   42.6778  148.9425   13.72500    0.04205
 21.5667   20.11700  132.22800   42.7225  148.9129   13.70900    0.03487
 21.5750   20.30100  132.09000   42.7668  148.8833   13.67400    0.03523
 21.5833   20.48400  131.95000   42.8106  148.8543   13.63200    0.03373
 21.5917   20.66700  131.81100   42.8538  148.8254   13.59500    0.03931
 21.6000   20.85000  131.67101   42.8966  148.7968   13.60200    0.04619
 21.6083   21.03300  131.53000   42.9389  148.7685   13.55700    0.04997
 21.6167   21.21600  131.38800   42.9809  148.7405   13.48700    0.03800
 21.6250   21.39800  131.24600   43.0222  148.7128   13.37700    0.02764
 21.6333   21.58100  131.10400   43.0632  148.6852   13.32700    0.01476
 21.6417   21.76300  130.96100   43.1036  148.6580   13.22700    0.00811
 21.6500   21.94500  130.81700   43.1437  148.6310   13.14400    0.00500
 21.6583   22.12800  130.67200   43.1835  148.6042   13.10900    0.00687
 21.6667   22.31000  130.52699   43.2227  148.5777   13.03200    0.01180
 21.6750   22.49200  130.38200   43.2615  148.5513   12.96600    0.01410
 21.6833   22.67500  130.23599   43.3001  148.5250   12.91000    0.01502
 21.6917   22.85700  130.08900   43.3382  148.4992   12.82100    0.01453
 21.7000   23.04000  129.94099   43.3760  148.4733   12.74400    0.00785
 21.7083   23.22200  129.79300   43.4133  148.4479   12.65800   -0.00410
 21.7167   23.40400  129.64400   43.4503  148.4227   12.54400   -0.02057
 21.7250   23.58600  129.49500   43.4869  148.3976   12.44400   -0.03639
 21.7333   23.76700  129.34399   43.5230  148.3730   12.36500   -0.04977
 21.7417   23.94900  129.19400   43.5589  148.3483   12.27500   -0.04678
 21.7500   24.13000  129.04201   43.5944  148.3241   12.28300   -0.04169
 21.7583   24.31100  128.89000   43.6294  148.3000   12.21800   -0.03382
 21.7667   24.49200  128.73599   43.6643  148.2762   12.14100   -0.02807
 21.7750   24.67300  128.58299   43.6987  148.2524   12.13600   -0.00755
 21.7833   24.85300  128.42799   43.7328  148.2291   12.16200    0.00767
 21.7917   25.03300  128.27299   43.7665  148.2060   12.05600    0.00673
 21.8000   25.21300  128.11600   43.7999  148.1831   11.96000    0.00193
 21.8083   25.39300  127.96000   43.8330  148.1602   11.96800    0.01772
 21.8167   25.57200  127.80200   43.8657  148.1378   11.99200    0.03138
 21.8250   25.75100  127.64300   43.8982  148.1156   11.89000    0.03118
 21.8333   25.93000  127.48400   43.9304  148.0935   11.81600    0.01085
 21.8417   26.11000  127.32400   43.9624  148.0714   11.72400    0.00131
 21.8500   26.28900  127.16400   43.9939  148.0495   11.68400   -0.00528
 21.8583   26.46800  127.00200   44.0253  148.0279   11.63400   -0.01067
 21.8667   26.64700  126.84000   44.0563  148.0064   11.54800   -0.01266
 21.8750   26.82600  126.67700   44.0871  147.9851   11.53100   -0.02514
 21.8833   27.00400  126.51300   44.1176  147.9641   11.42700   -0.02886
 21.8917   27.18200  126.34800   44.1478  147.9432   11.40000   -0.02953
 21.9000   27.36000  126.18200   44.1778  147.9225   11.40300   -0.03598
 21.9083   27.53700  126.01600   44.2074  147.9021   11.26900   -0.03528
 21.9167   27.71400  125.84800   44.2368  147.8819   11.29000   -0.04730
 21.9250   27.89100  125.68000   44.2659  147.8617   11.23100   -0.03283
 21.9333   28.06700  125.51000   44.2948  147.8420   11.24400   -0.02678
 21.9417   28.24300  125.34000   44.3234  147.8223   11.20900   -0.00764
 21.9500   28.41900  125.16900   44.3518  147.8027   11.20700    0.00833
 21.9583   28.59400  124.99700   44.3798  147.7834   11.18300    0.03410
 21.9667   28.76900  124.82400   44.4077  147.7643   11.17400    0.07006
 21.9750   28.94300  124.65000   44.4353  147.7455   11.19100    0.11379
 21.9833   29.11700  124.47400   44.4627  147.7268   11.16400    0.16624
 21.9917   29.29000  124.29800   44.4898  147.7083   11.16200    0.21277
 22.0000   29.46300  124.12100   44.5168  147.6900   11.10400    0.23795
 22.0083   29.63700  123.94400   44.5435  147.6716   10.92400    0.25277
 22.0167   29.81100  123.76500   44.5701  147.6533   10.82000    0.25275
 22.0250   29.98400  123.58600   44.5964  147.6352   10.63700    0.25338
 22.0333   30.15600  123.40500   44.6225  147.6174   10.41600    0.22124
 22.0417   30.32900  123.22400   44.6485  147.5996   10.09500    0.17802
 22.0500   30.50000  123.04100   44.6741  147.5822    9.81000    0.11721
 22.0583   30.67200  122.85700   44.6997  147.5647    9.45300    0.07761
 22.0667   30.84200  122.67300   44.7249  147.5476    9.20400    0.04599
 22.0750   31.01300  122.48700   44.7500  147.5305    8.92500    0.02732
 22.0833   31.18200  122.30000   44.7748  147.5138    8.60100    0.00768
 22.0917   31.35200  122.11200   44.7996  147.4970    8.31900   -0.01713
 22.1000   31.52000  121.92300   44.8240  147.4806    7.99200   -0.02776
 22.1083   31.68900  121.73300   44.8484  147.4641    7.73000   -0.03728
 22.1167   31.85600  121.54100   44.8725  147.4481    7.44700   -0.05046
 22.1250   32.02300  121.34900   44.8964  147.4321    7.10900   -0.06449
 22.1333   32.19000  121.15500   44.9202  147.4162    6.86100   -0.07362
 22.1417   32.35500  120.96100   44.9436  147.4006    6.63100   -0.06902
 22.1500   32.52100  120.76500   44.9671  147.3849    6.38700   -0.07825
 22.1583   32.68500  120.56800   44.9903  147.3697    6.09300   -0.09569
 22.1667   32.84900  120.36900   45.0133  147.3546    5.84700   -0.11450
 22.1750   33.01400  120.17100   45.0363  147.3392    5.62700   -0.12719
 22.1833   33.17900  119.97100   45.0591  147.3239    5.39600   -0.13504
 22.1917   33.34200  119.76900   45.0817  147.3091    5.20300   -0.13607
 22.2000   33.50500  119.56700   45.1041  147.2943    5.04400   -0.12434
 22.2083   33.66800  119.36400   45.1265  147.2794    4.90900   -0.11044
 22.2167   33.83000  119.15900   45.1486  147.2649    4.76300   -0.10335
 22.2250   33.99100  118.95300   45.1706  147.2505    4.60900   -0.10141
 22.2333   34.15100  118.74500   45.1925  147.2364    4.48300   -0.09613
 22.2417   34.31100  118.53700   45.2141  147.2222    4.38800   -0.08429
 22.2500   34.47000  118.32700   45.2357  147.2083    4.29900   -0.08332
 22.2583   34.62900  118.11600   45.2571  147.1944    4.15300   -0.08914
 22.2667   34.78600  117.90400   45.2783  147.1808    4.05800   -0.10818
 22.2750   34.94300  117.69000   45.2995  147.1673    3.93600   -0.11196
 22.2833   35.09900  117.47500   45.3204  147.1540    3.89200   -0.10303
 22.2917   35.25400  117.25900   45.3413  147.1408    3.88500   -0.07909
 22.3000   35.40900  117.04200   45.3620  147.1277    3.86200   -0.05925
 22.3083   35.56200  116.82300   45.3825  147.1149    3.82600   -0.05242
 22.3167   35.71500  116.60300   45.4029  147.1021    3.77700   -0.05923
 22.3250   35.86700  116.38100   45.4233  147.0895    3.70700   -0.06280
 22.3333   36.01800  116.15900   45.4434  147.0770    3.69900   -0.05809
 22.3417   36.17000  115.93500   45.4635  147.0644    3.70700   -0.05568
 22.3500   36.32200  115.71100   45.4835  147.0518    3.64800   -0.05754
 22.3583   36.47200  115.48500   45.5034  147.0395    3.64500   -0.04673
 22.3667   36.62200  115.25700   45.5232  147.0272    3.72900   -0.02598
 22.3750   36.77100  115.02900   45.5428  147.0151    3.72800   -0.00235
 22.3833   36.91900  114.79900   45.5623  147.0031    3.74800   -0.01224
 22.3917   37.06600  114.56700   45.5817  146.9913    3.69300   -0.02545
 22.4000   37.21200  114.33400   45.6010  146.9796    3.69500   -0.05107
 22.4083   37.35700  114.10000   45.6202  146.9681    3.67500   -0.06169
 22.4167   37.50100  113.86500   45.6392  146.9567    3.70100   -0.05596
 22.4250   37.64400  113.62800   45.6582  146.9454    3.78200   -0.04462
 22.4333   37.78600  113.38900   45.6770  146.9343    3.79000   -0.04629
 22.4417   37.92800  113.15000   45.6958  146.9232    3.75600   -0.04810
 22.4500   38.06800  112.90900   45.7144  146.9123    3.83400   -0.03417
 22.4583   38.20700  112.66600   45.7329  146.9016    3.90800    0.01384
 22.4667   38.34500  112.42200   45.7514  146.8910    4.01900    0.05753
 22.4750   38.48200  112.17700   45.7697  146.8805    4.07100    0.08856
 22.4833   38.61800  111.93000   45.7880  146.8702    4.07700    0.10313
 22.4917   38.75300  111.68200   45.8061  146.8599    4.10500    0.10141
 22.5000   38.88700  111.43200   45.8242  146.8498    4.06900    0.10191
 22.5083   39.02200  111.18200   45.8422  146.8395    4.06500    0.09737
 22.5167   39.15600  110.93000   45.8601  146.8294    4.04600    0.10610
 22.5250   39.28900  110.67700   45.8780  146.8193    4.04600    0.11910
 22.5333   39.42000  110.42300   45.8957  146.8094    4.03700    0.12812
 22.5417   39.55100  110.16700   45.9134  146.7996    3.97100    0.13153
 22.5500   39.68000  109.91000   45.9309  146.7900    3.90900    0.12436
 22.5583   39.80900  109.65100   45.9484  146.7803    3.81500    0.12426
 22.5667   39.93600  109.39100   45.9658  146.7709    3.74400    0.12297
 22.5750   40.06200  109.12900   45.9832  146.7616    3.64200    0.12222
 22.5833   40.18600  108.86600   46.0004  146.7525    3.52100    0.11518
 22.5917   40.31000  108.60200   46.0176  146.7434    3.39600    0.10338
 22.6000   40.43200  108.33600   46.0346  146.7345    3.25200    0.09409
 22.6083   40.55300  108.06800   46.0517  146.7257    3.12100    0.08092
 22.6167   40.67300  107.80000   46.0686  146.7169    2.96100    0.06983
 22.6250   40.79100  107.53000   46.0855  146.7084    2.81300    0.04871
 22.6333   40.90800  107.25800   46.1023  146.7000    2.63300    0.01972
 22.6417   41.02400  106.98500   46.1190  146.6917    2.43900   -0.02218
 22.6500   41.13800  106.71100   46.1356  146.6835    2.23800   -0.06203
 22.6583   41.25100  106.43600   46.1522  146.6754    2.07300   -0.09366
 22.6667   41.36300  106.15900   46.1687  146.6674    1.92400   -0.11668
 22.6750   41.47600  105.88100   46.1852  146.6593    1.77400   -0.13457
 22.6833   41.58700  105.60200   46.2016  146.6513    1.64800   -0.14529
 22.6917   41.69800  105.32200   46.2180  146.6432    1.54900   -0.15013
 22.7000   41.80600  105.04000   46.2342  146.6355    1.44600   -0.14066
 22.7083   41.91400  104.75700   46.2505  146.6277    1.40400   -0.13347
 22.7167   42.02000  104.47200   46.2667  146.6201    1.32200   -0.12313
 22.7250   42.12400  104.18600   46.2828  146.6127    1.26400   -0.11659
 22.7333   42.22800  103.89900   46.2988  146.6052    1.24100   -0.10895
 22.7417   42.32900  103.61100   46.3148  146.5981    1.19800   -0.10123
 22.7500   42.42900  103.32100   46.3307  146.5910    1.17200   -0.09620
 22.7583   42.52800  103.03000   46.3466  146.5840    1.16600   -0.08900
 22.7667   42.62500  102.73700   46.3625  146.5771    1.16000   -0.08407
 22.7750   42.72100  102.44400   46.3782  146.5703    1.14800   -0.07974
 22.7833   42.81500  102.14900   46.3939  146.5636    1.16100   -0.07274
 22.7917   42.90800  101.85300   46.4096  146.5571    1.18300   -0.05607
 22.8000   42.99900  101.55500   46.4252  146.5506    1.22800   -0.03926
 22.8083   43.08800  101.25700   46.4408  146.5444    1.25800   -0.02679
 22.8167   43.17600  100.95700   46.4563  146.5382    1.27600   -0.01813
 22.8250   43.26300  100.65600   46.4718  146.5320    1.31800   -0.01457
 22.8333   43.34700  100.35400   46.4872  146.5262    1.33500   -0.00582
 22.8417   43.43300  100.05100   46.5026  146.5199    1.38100   -0.00540
 22.8500   43.51700   99.74700   46.5180  146.5139    1.39300   -0.00368
 22.8583   43.60000   99.44200   46.5333  146.5079    1.41800   -0.00483
 22.8667   43.68100   99.13600   46.5486  146.5020    1.45600   -0.00351
 22.8750   43.76000   98.82900   46.5638  146.4963    1.48000    0.00917
 22.8833   43.83800   98.52000   46.5790  146.4906    1.55200    0.01674
 22.8917   43.91400   98.21100   46.5941  146.4851    1.56600    0.02855
 22.9000   43.98900   97.90000   46.6093  146.4796    1.60400    0.02763
 22.9083   44.06100   97.58900   46.6243  146.4744    1.62000    0.02214
 22.9167   44.13200   97.27600   46.6394  146.4692    1.61200    0.01967
 22.9250   44.20200   96.96300   46.6544  146.4641    1.65700    0.01184
 22.9333   44.26900   96.64800   46.6693  146.4592    1.64600    0.01589
 22.9417   44.33500   96.33300   46.6843  146.4543    1.68100    0.01835
 22.9500   44.39900   96.01700   46.6992  146.4496    1.71400    0.02709
 22.9583   44.46100   95.69900   46.7140  146.4450    1.72400    0.02946
 22.9667   44.52100   95.38100   46.7289  146.4406    1.72700    0.02860
 22.9750   44.58000   95.06300   46.7436  146.4361    1.74100    0.02919
 22.9833   44.63700   94.74300   46.7584  146.4319    1.75000    0.02916
 22.9917   44.69200   94.42300   46.7731  146.4277    1.74500    0.02526
 23.0000   44.74500   94.10200   46.7878  146.4237    1.74100    0.01744
 23.0083   44.80000   93.78000   46.8026  146.4193    1.73100    0.00751
 23.0167   44.85200   93.45700   46.8173  146.4152    1.71600   -0.00151
 23.0250   44.90300   93.13400   46.8319  146.4111    1.71200   -0.00344
 23.0333   44.95200   92.81000   46.8465  146.4072    1.72800    0.00228
 23.0417   44.99900   92.48600   46.8611  146.4033    1.73900    0.00365
 23.0500   45.04400   92.16100   46.8757  146.3996    1.71300    0.00416
 23.0583   45.08800   91.83500   46.8902  146.3959    1.72000   -0.00070
 23.0667   45.12900   91.50800   46.9048  146.3925    1.70300    0.00633
 23.0750   45.16900   91.18200   46.9193  146.3891    1.71800    0.01237
 23.0833   45.20700   90.85400   46.9338  146.3858    1.71500    0.02102
 23.0917   45.24300   90.52700   46.9482  146.3826    1.70200    0.03076
 23.1000   45.27700   90.19800   46.9627  146.3795    1.71500    0.04318
 23.1083   45.30900   89.87000   46.9771  146.3766    1.71600    0.05229
 23.1167   45.33900   89.54100   46.9915  146.3738    1.68300    0.05889
 23.1250   45.36700   89.21200   47.0059  146.3711    1.67900    0.05635
 23.1333   45.39400   88.88200   47.0203  146.3685    1.63900    0.05045
 23.1417   45.41800   88.55200   47.0347  146.3660    1.59100    0.03739
 23.1500   45.44000   88.22200   47.0490  146.3637    1.55900    0.02585
 23.1583   45.46100   87.89200   47.0633  146.3614    1.52500    0.00727
 23.1667   45.47900   87.56200   47.0776  146.3594    1.44800   -0.01234
 23.1750   45.49900   87.23100   47.0920  146.3570    1.40900   -0.03308
 23.1833   45.51700   86.90000   47.1063  146.3547    1.36600   -0.04455
 23.1917   45.53300   86.56900   47.1206  146.3525    1.32100   -0.05006
 23.2000   45.54700   86.23800   47.1349  146.3504    1.30200   -0.04667
 23.2083   45.55900   85.90700   47.1491  146.3485    1.29100   -0.03266
 23.2167   45.56900   85.57600   47.1634  146.3467    1.28600   -0.01388
 23.2250   45.57800   85.24400   47.1777  146.3449    1.28400    0.00923
 23.2333   45.58400   84.91300   47.1920  146.3434    1.29200    0.02740
 23.2417   45.58800   84.58200   47.2062  146.3419    1.27000    0.03402
 23.2500   45.59000   84.25200   47.2204  146.3406    1.22800    0.03129
 23.2583   45.59100   83.92100   47.2347  146.3393    1.20400    0.02277
 23.2667   45.58900   83.59100   47.2489  146.3382    1.16700    0.01438
 23.2750   45.58500   83.26100   47.2631  146.3372    1.13200    0.00055
 23.2833   45.58000   82.93100   47.2773  146.3363    1.09300   -0.01970
 23.2917   45.57200   82.60100   47.2916  146.3356    1.03700   -0.04257
 23.3000   45.56300   82.27300   47.3058  146.3349    0.99700   -0.05591
 23.3083   45.55100   81.94400   47.3200  146.3345    1.00300   -0.06237
 23.3167   45.53700   81.61600   47.3342  146.3341    0.97800   -0.05957
 23.3250   45.52200   81.28800   47.3485  146.3338    0.98000   -0.06368
 23.3333   45.50500   80.96100   47.3627  146.3336    0.96100   -0.05825
 23.3417   45.48900   80.63400   47.3769  146.3332    0.97800   -0.05402
 23.3500   45.47100   80.30700   47.3911  146.3329    0.97600   -0.04247
 23.3583   45.45100   79.98000   47.4054  146.3327    0.98600   -0.02269
 23.3667   45.42900   79.65500   47.4196  146.3327    1.03400    0.00115
 23.3750   45.40500   79.32900   47.4339  146.3327    1.04700    0.03424
 23.3833   45.37900   79.00500   47.4481  146.3329    1.09300    0.05731
 23.3917   45.35100   78.68100   47.4624  146.3333    1.09700    0.08387
 23.4000   45.32200   78.35800   47.4767  146.3336    1.11900    0.09459
 23.4083   45.29000   78.03600   47.4909  146.3342    1.09200    0.10226
 23.4167   45.25700   77.71400   47.5052  146.3349    1.07600    0.09593
 23.4250   45.22100   77.39400   47.5195  146.3357    1.03100    0.08721
 23.4333   45.18400   77.07400   47.5338  146.3366    0.98600    0.06897
 23.4417   45.14400   76.75500   47.5482  146.3378    0.92100    0.05310
 23.4500   45.10300   76.43800   47.5624  146.3390    0.87400    0.03866
 23.4583   45.06000   76.12100   47.5768  146.3403    0.82200    0.02909
 23.4667   45.01500   75.80500   47.5912  146.3417    0.76400    0.02163
 23.4750   44.96800   75.49100   47.6055  146.3433    0.71600    0.00898
 23.4833   44.91900   75.17700   47.6199  146.3451    0.63500   -0.00311
 23.4917   44.86900   74.86500   47.6343  146.3468    0.57500   -0.01613
 23.5000   44.81600   74.55400   47.6487  146.3489    0.52100   -0.02094
 23.5083   44.76500   74.24200   47.6631  146.3506    0.47300   -0.02882
 23.5167   44.71200   73.93100   47.6776  146.3524    0.40300   -0.03556
 23.5250   44.65700   73.62200   47.6920  146.3544    0.35800   -0.04545
 23.5333   44.60100   73.31400   47.7065  146.3564    0.30200   -0.04771
 23.5417   44.54200   73.00700   47.7210  146.3587    0.26800   -0.04679
 23.5500   44.48200   72.70100   47.7356  146.3610    0.24000   -0.03721
 23.5583   44.42000   72.39700   47.7501  146.3635    0.22500   -0.03056
 23.5667   44.35600   72.09400   47.7647  146.3661    0.18700   -0.02138
 23.5750   44.29100   71.79200   47.7793  146.3688    0.17800   -0.02275
 23.5833   44.22300   71.49200   47.7939  146.3718    0.13000   -0.01751
 23.5917   44.15400   71.19300   47.8085  146.3748    0.12900   -0.01834
 23.6000   44.08300   70.89600   47.8231  146.3780    0.10700   -0.02037
 23.6083   44.01000   70.60000   47.8378  146.3813    0.06600   -0.02669
 23.6167   43.93500   70.30500   47.8526  146.3848    0.05800   -0.03762
 23.6250   43.85900   70.01200   47.8673  146.3884    0.02600   -0.04391
 23.6333   43.78100   69.72100   47.8821  146.3922    0.01200   -0.04718
 23.6417   43.70100   69.43100   47.8969  146.3961    0.02200   -0.04923
 23.6500   43.62000   69.14300   47.9117  146.4001    0.00000   -0.04566
 23.6583   43.53700   68.85700   47.9265  146.4043    0.01300   -0.03793
 23.6667   43.45200   68.57200   47.9414  146.4087    0.04600   -0.02402
 23.6750   43.36900   68.28600   47.9564  146.4127    0.05500   -0.00921
 23.6833   43.28400   68.00200   47.9713  146.4169    0.07800   -0.00357
 23.6917   43.19700   67.72000   47.9863  146.4213    0.07800    0.00272
 23.7000   43.10900   67.43900   48.0013  146.4257    0.09400    0.00668
 23.7083   43.01900   67.16000   48.0164  146.4304    0.11000    0.00926
 23.7167   42.92800   66.88300   48.0315  146.4351    0.10600    0.00816
 23.7250   42.83500   66.60700   48.0466  146.4400    0.10800    0.00510
 23.7333   42.74000   66.33300   48.0618  146.4452    0.11800    0.00280
 23.7417   42.64400   66.06100   48.0770  146.4504    0.11900    0.00747
 23.7500   42.54600   65.79100   48.0922  146.4558    0.14900    0.01343
 23.7583   42.44700   65.52200   48.1075  146.4614    0.16200    0.01794
 23.7667   42.34600   65.25500   48.1229  146.4671    0.15300    0.01639
 23.7750   42.24300   64.99000   48.1383  146.4730    0.15800    0.00545
 23.7833   42.13900   64.72700   48.1537  146.4791    0.13200   -0.00373
 23.7917   42.03300   64.46600   48.1691  146.4854    0.13200   -0.01066
 23.8000   41.92600   64.20600   48.1847  146.4918    0.14800   -0.01157
 23.8083   41.81800   63.94900   48.2002  146.4983    0.15000   -0.00950
 23.8167   41.70800   63.69300   48.2158  146.5050    0.16700   -0.01717
 23.8250   41.59600   63.43900   48.2314  146.5119    0.14700   -0.02396
 23.8333   41.48300   63.18700   48.2471  146.5190    0.15700   -0.03545
 23.8417   41.37200   62.93500   48.2628  146.5257    0.15700   -0.03531
 23.8500   41.26000   62.68400   48.2786  146.5326    0.19000   -0.03346
 23.8583   41.14600   62.43500   48.2944  146.5396    0.21300   -0.03218
 23.8667   41.03000   62.18700   48.3104  146.5470    0.22000   -0.03458
 23.8750   40.91300   61.94200   48.3263  146.5544    0.24800   -0.03893
 23.8833   40.79500   61.69900   48.3423  146.5620    0.27300   -0.03878
 23.8917   40.67500   61.45700   48.3584  146.5698    0.31000   -0.03346
 23.9000   40.55400   61.21800   48.3745  146.5778    0.36800   -0.02988
 23.9083   40.43200   60.98000   48.3907  146.5859    0.39600   -0.03215
 23.9167   40.30800   60.74500   48.4069  146.5943    0.41700   -0.04013
 23.9250   40.18300   60.51100   48.4232  146.6029    0.46200   -0.03824
 23.9333   40.05700   60.27900   48.4395  146.6115    0.51200   -0.03177
 23.9417   39.92900   60.04900   48.4559  146.6205    0.56600   -0.02069
 23.9500   39.80000   59.82100   48.4724  146.6296    0.64800   -0.01075
 23.9583   39.67000   59.59600   48.4889  146.6389    0.70200    0.00161
 23.9667   39.53900   59.37200   48.5055  146.6483    0.78400   -0.00110
 23.9750   39.40600   59.15000   48.5222  146.6581    0.82500   -0.00085
 23.9833   39.27200   58.93000   48.5389  146.6680    0.90100   -0.00224
 23.9917   39.13700   58.71200   48.5557  146.6781    0.97200    0.00000
