hmax        =    300
wind_bottom =      2
wind_top    =     10
critlon     =      0
tbeg, h     =   0.00
tend, h     =  24.00
c_ionex     =      0
c_vert      =      1
time, gamma, az, latp, lonp, tec, tec_filtered
  2.5917    5.01800 -131.29201   37.7756  130.4419   64.43600    0.00000
  2.6000    5.21000 -131.20300   37.8943  130.5370   64.00999    0.00717
  2.6083    5.40100 -131.11400   38.0106  130.6308   63.38900    0.02266
  2.6167    5.59300 -131.02400   38.1260  130.7242   62.75400    0.01943
  2.6250    5.78500 -130.93401   38.2397  130.8168   62.05800   -0.00126
  2.6333    5.97600 -130.84300   38.3514  130.9079   61.35900   -0.04275
  2.6417    6.16800 -130.75301   38.4618  130.9990   60.74600   -0.10206
  2.6500    6.36000 -130.66100   38.5708  131.0888   60.15800   -0.16700
  2.6583    6.55200 -130.57001   38.6782  131.1782   59.62300   -0.21753
  2.6667    6.74400 -130.47800   38.7840  131.2665   59.24600   -0.23740
  2.6750    6.93700 -130.38600   38.8888  131.3546   58.92599   -0.19925
  2.6833    7.13000 -130.29401   38.9921  131.4419   58.68900   -0.13311
  2.6917    7.32200 -130.20100   39.0935  131.5277   58.55300   -0.04812
  2.7000    7.51500 -130.10800   39.1938  131.6132   58.39100    0.04056
  2.7083    7.70800 -130.01401   39.2928  131.6978   58.18400    0.12070
  2.7167    7.90200 -129.92000   39.3907  131.7821   57.96800    0.18405
  2.7250    8.09500 -129.82600   39.4867  131.8651   57.65700    0.23751
  2.7333    8.28800 -129.73100   39.5814  131.9472   57.36700    0.25247
  2.7417    8.48100 -129.63499   39.6748  132.0283   56.80400    0.23716
  2.7500    8.67400 -129.53999   39.7667  132.1088   56.21400    0.18272
  2.7583    8.86800 -129.44400   39.8578  132.1889   55.55500    0.12772
  2.7667    9.06100 -129.34700   39.9472  132.2675   54.96200    0.06516
  2.7750    9.25400 -129.25000   40.0353  132.3454   54.27000    0.00899
  2.7833    9.44800 -129.15300   40.1224  132.4231   53.63100   -0.04248
  2.7917    9.64100 -129.05499   40.2080  132.4993   53.03900   -0.07305
  2.8000    9.83500 -128.95700   40.2926  132.5753   52.49700   -0.08652
  2.8083   10.02800 -128.85899   40.3757  132.6500   51.97500   -0.08326
  2.8167   10.22200 -128.75999   40.4579  132.7243   51.49800   -0.07572
  2.8250   10.41600 -128.66000   40.5391  132.7978   50.97800   -0.06552
  2.8333   10.60900 -128.56100   40.6185  132.8702   50.47600   -0.05558
  2.8417   10.80400 -128.46100   40.6976  132.9426   50.01300   -0.03963
  2.8500   10.99900 -128.36099   40.7755  133.0144   49.56300   -0.01763
  2.8583   11.19300 -128.26100   40.8519  133.0849   49.13700   -0.00207
  2.8667   11.38800 -128.16000   40.9276  133.1551   48.64500    0.01288
  2.8750   11.58300 -128.05800   41.0023  133.2243   48.21500    0.01496
  2.8833   11.77800 -127.95700   41.0757  133.2931   47.69800    0.01271
  2.8917   11.97200 -127.85500   41.1479  133.3606   47.18800    0.00817
  2.9000   12.16700 -127.75200   41.2194  133.4277   46.75700   -0.00386
  2.9083   12.36200 -127.64900   41.2898  133.4941   46.20700   -0.01918
  2.9167   12.55700 -127.54600   41.3592  133.5598   45.69900   -0.03788
  2.9250   12.75200 -127.44200   41.4277  133.6248   45.27200   -0.05808
  2.9333   12.94700 -127.33800   41.4951  133.6891   44.74000   -0.07217
  2.9417   13.14200 -127.23300   41.5617  133.7526   44.30900   -0.09378
  2.9500   13.33700 -127.12800   41.6273  133.8155   43.85200   -0.11649
  2.9583   13.53300 -127.02300   41.6922  133.8781   43.33900   -0.13068
  2.9667   13.72800 -126.91700   41.7560  133.9396   43.01100   -0.13595
  2.9750   13.92300 -126.81100   41.8188  134.0005   42.65400   -0.11484
  2.9833   14.11800 -126.70500   41.8808  134.0607   42.37700   -0.09617
  2.9917   14.31400 -126.59800   41.9422  134.1206   42.05099   -0.07283
  3.0000   14.50900 -126.49100   42.0025  134.1796   41.75400   -0.04856
  3.0083   14.70500 -126.38400   42.0621  134.2383   41.50900   -0.02651
  3.0167   14.90100 -126.27600   42.1210  134.2963   41.19099    0.00061
  3.0250   15.09800 -126.16800   42.1792  134.3541   40.95900    0.01682
  3.0333   15.29400 -126.05900   42.2365  134.4108   40.65800    0.03212
  3.0417   15.49000 -125.95000   42.2930  134.4670   40.36600    0.02856
  3.0500   15.68700 -125.84000   42.3490  134.5228   40.01700    0.01521
  3.0583   15.88300 -125.73100   42.4039  134.5779   39.66800   -0.00835
  3.0667   16.07900 -125.62000   42.4582  134.6322   39.31499   -0.03068
  3.0750   16.27600 -125.51000   42.5118  134.6864   38.99400   -0.04876
  3.0833   16.47200 -125.39900   42.5646  134.7396   38.68999   -0.06456
  3.0917   16.66900 -125.28700   42.6169  134.7925   38.36800   -0.07200
  3.1000   16.86600 -125.17600   42.6684  134.8451   38.12200   -0.07583
  3.1083   17.06200 -125.06300   42.7192  134.8965   37.85500   -0.06929
  3.1167   17.25900 -124.95100   42.7694  134.9479   37.62000   -0.06443
  3.1250   17.45600 -124.83800   42.8190  134.9987   37.37200   -0.05484
  3.1333   17.65200 -124.72500   42.8676  135.0487   37.15900   -0.04450
  3.1417   17.84900 -124.61100   42.9159  135.0984   36.95200   -0.03434
  3.1500   18.04600 -124.49700   42.9636  135.1477   36.73100   -0.03487
  3.1583   18.24300 -124.38300   43.0106  135.1965   36.47300   -0.03214
  3.1667   18.44000 -124.26800   43.0570  135.2447   36.32300   -0.03596
  3.1750   18.63700 -124.15300   43.1028  135.2924   36.09299   -0.04106
  3.1833   18.83500 -124.03700   43.1483  135.3400   35.86100   -0.05652
  3.1917   19.03300 -123.92100   43.1931  135.3870   35.67300   -0.07244
  3.2000   19.23100 -123.80500   43.2374  135.4337   35.47200   -0.08420
  3.2083   19.42800 -123.68800   43.2809  135.4795   35.30000   -0.09812
  3.2167   19.62600 -123.57100   43.3241  135.5251   35.12500   -0.10783
  3.2250   19.82400 -123.45300   43.3667  135.5703   34.97400   -0.10642
  3.2333   20.02200 -123.33500   43.4088  135.6151   34.89100   -0.09591
  3.2417   20.22000 -123.21700   43.4503  135.6594   34.78900   -0.07045
  3.2500   20.41800 -123.09800   43.4914  135.7032   34.74100   -0.04150
  3.2583   20.61600 -122.97900   43.5319  135.7467   34.68000   -0.00686
  3.2667   20.81400 -122.85900   43.5720  135.7897   34.60600    0.03299
  3.2750   21.01200 -122.74000   43.6115  135.8323   34.58200    0.07204
  3.2833   21.21000 -122.61900   43.6507  135.8745   34.50000    0.11367
  3.2917   21.40800 -122.49900   43.6892  135.9163   34.42500    0.14211
  3.3000   21.60600 -122.37800   43.7274  135.9577   34.29600    0.15468
  3.3083   21.80400 -122.25700   43.7650  135.9987   34.09400    0.15967
  3.3167   22.00300 -122.13500   43.8024  136.0395   33.95300    0.15122
  3.3250   22.20100 -122.01300   43.8392  136.0798   33.71799    0.13786
  3.3333   22.39900 -121.89100   43.8755  136.1197   33.46300    0.10664
  3.3417   22.59800 -121.76800   43.9116  136.1594   33.18800    0.07070
  3.3500   22.79700 -121.64400   43.9472  136.1987   32.90900    0.02760
  3.3583   22.99600 -121.52000   43.9825  136.2377   32.59700   -0.01168
  3.3667   23.19500 -121.39500   44.0174  136.2762   32.33500   -0.04873
  3.3750   23.39400 -121.27100   44.0517  136.3145   32.06100   -0.07323
  3.3833   23.59300 -121.14500   44.0858  136.3524   31.82200   -0.08815
  3.3917   23.79200 -121.02000   44.1194  136.3900   31.62000   -0.09976
  3.4000   23.99200 -120.89400   44.1528  136.4275   31.36700   -0.10564
  3.4083   24.19100 -120.76700   44.1858  136.4644   31.17000   -0.10540
  3.4167   24.39000 -120.64100   44.2182  136.5010   31.01300   -0.08718
  3.4250   24.58900 -120.51400   44.2504  136.5373   30.88100   -0.06110
  3.4333   24.78900 -120.38600   44.2823  136.5734   30.74300   -0.03951
  3.4417   24.98800 -120.25800   44.3137  136.6090   30.57200   -0.01295
  3.4500   25.18700 -120.13000   44.3448  136.6444   30.48300    0.00659
  3.4583   25.38700 -120.00200   44.3756  136.6797   30.31300    0.02616
  3.4667   25.58600 -119.87300   44.4060  136.7144   30.14900    0.03614
  3.4750   25.78500 -119.74400   44.4360  136.7489   30.00500    0.04844
  3.4833   25.98500 -119.61400   44.4659  136.7832   29.85100    0.05535
  3.4917   26.18400 -119.48400   44.4953  136.8171   29.65600    0.05392
  3.5000   26.38400 -119.35400   44.5244  136.8509   29.46400    0.04797
  3.5083   26.58400 -119.22200   44.5534  136.8844   29.27900    0.04020
  3.5167   26.78400 -119.09100   44.5819  136.9177   29.06800    0.03511
  3.5250   26.98400 -118.95800   44.6103  136.9505   28.88600    0.02220
  3.5333   27.18400 -118.82500   44.6383  136.9832   28.64900    0.01090
  3.5417   27.38500 -118.69200   44.6661  137.0159   28.44200   -0.00504
  3.5500   27.58500 -118.55900   44.6935  137.0480   28.22500   -0.01647
  3.5583   27.78500 -118.42500   44.7206  137.0799   28.00900   -0.02423
  3.5667   27.98500 -118.29100   44.7474  137.1116   27.81400   -0.02411
  3.5750   28.18600 -118.15600   44.7741  137.1432   27.63500   -0.02110
  3.5833   28.38600 -118.02100   44.8004  137.1744   27.43000   -0.00927
  3.5917   28.58600 -117.88600   44.8264  137.2054   27.27700    0.00062
  3.6000   28.78700 -117.75000   44.8522  137.2362   27.08200    0.01423
  3.6083   28.98700 -117.61400   44.8777  137.2667   26.88900    0.02831
  3.6167   29.18800 -117.47700   44.9030  137.2971   26.73500    0.03248
  3.6250   29.38800 -117.34000   44.9280  137.3271   26.48200    0.04083
  3.6333   29.58900 -117.20300   44.9528  137.3571   26.31100    0.03863
  3.6417   29.78900 -117.06600   44.9772  137.3868   26.09900    0.04052
  3.6500   29.99000 -116.92800   45.0015  137.4163   25.86700    0.03856
  3.6583   30.19000 -116.78900   45.0255  137.4455   25.67500    0.02472
  3.6667   30.39100 -116.65100   45.0493  137.4747   25.40000    0.01508
  3.6750   30.59200 -116.51100   45.0729  137.5036   25.19000   -0.00436
  3.6833   30.79300 -116.37000   45.0963  137.5322   24.94700   -0.01619
  3.6917   30.99400 -116.22900   45.1195  137.5607   24.71400   -0.02952
  3.7000   31.19500 -116.08700   45.1425  137.5890   24.49900   -0.04000
  3.7083   31.39600 -115.94500   45.1652  137.6170   24.27700   -0.04840
  3.7167   31.59700 -115.80300   45.1877  137.6450   24.06000   -0.05714
  3.7250   31.79900 -115.66000   45.2101  137.6728   23.85100   -0.05748
  3.7333   32.00000 -115.51700   45.2321  137.7004   23.68000   -0.05603
  3.7417   32.20100 -115.37400   45.2540  137.7278   23.48200   -0.05309
  3.7500   32.40200 -115.23000   45.2756  137.7549   23.29700   -0.05240
  3.7583   32.60400 -115.08500   45.2972  137.7820   23.13100   -0.04950
  3.7667   32.80500 -114.94100   45.3184  137.8089   22.96300   -0.04577
  3.7750   33.00600 -114.79600   45.3394  137.8356   22.79900   -0.04527
  3.7833   33.20700 -114.65000   45.3603  137.8620   22.63700   -0.04787
  3.7917   33.40900 -114.50500   45.3809  137.8885   22.47600   -0.05684
  3.8000   33.61000 -114.35800   45.4014  137.9147   22.30400   -0.06624
  3.8083   33.81200 -114.21200   45.4217  137.9408   22.16300   -0.07506
  3.8167   34.01300 -114.06500   45.4418  137.9667   22.02800   -0.07602
  3.8250   34.21500 -113.91800   45.4617  137.9926   21.91800   -0.07707
  3.8333   34.41600 -113.77000   45.4814  138.0181   21.80000   -0.08383
  3.8417   34.61800 -113.62000   45.5010  138.0435   21.65900   -0.09376
  3.8500   34.82000 -113.47000   45.5205  138.0689   21.55400   -0.09501
  3.8583   35.02100 -113.32000   45.5397  138.0939   21.49500   -0.08600
  3.8667   35.22300 -113.16900   45.5588  138.1190   21.41700   -0.07128
  3.8750   35.42500 -113.01700   45.5778  138.1438   21.34800   -0.06003
  3.8833   35.62700 -112.86500   45.5966  138.1686   21.27900   -0.03883
  3.8917   35.82900 -112.71300   45.6152  138.1932   21.25400   -0.01400
  3.9000   36.03100 -112.56000   45.6336  138.2177   21.20700    0.01711
  3.9083   36.23300 -112.40700   45.6519  138.2421   21.17000    0.04271
  3.9167   36.43500 -112.25300   45.6700  138.2662   21.12000    0.06724
  3.9250   36.63700 -112.09900   45.6879  138.2903   21.07000    0.08180
  3.9333   36.83900 -111.94500   45.7057  138.3143   20.98900    0.08445
  3.9417   37.04100 -111.79000   45.7233  138.3381   20.88400    0.06982
  3.9500   37.24300 -111.63500   45.7408  138.3618   20.75300    0.04642
  3.9583   37.44500 -111.47900   45.7581  138.3854   20.63000    0.02324
  3.9667   37.64700 -111.32300   45.7752  138.4089   20.52500    0.00475
  3.9750   37.84900 -111.16700   45.7922  138.4322   20.41100   -0.00824
  3.9833   38.05100 -111.01000   45.8091  138.4555   20.30600   -0.01920
  3.9917   38.25300 -110.85300   45.8258  138.4786   20.20000   -0.02493
  4.0000   38.45500 -110.69600   45.8423  138.5016   20.09800   -0.02474
  4.0083   38.65800 -110.53500   45.8589  138.5246   20.00600   -0.01891
  4.0167   38.86000 -110.37500   45.8752  138.5473   19.91300   -0.00441
  4.0250   39.06200 -110.21400   45.8914  138.5699   19.84000    0.01468
  4.0333   39.26400 -110.05200   45.9075  138.5924   19.76200    0.03312
  4.0417   39.46700 -109.89000   45.9235  138.6150   19.66200    0.04968
  4.0500   39.66900 -109.72700   45.9393  138.6372   19.57700    0.06135
  4.0583   39.87200 -109.56400   45.9550  138.6596   19.47400    0.06872
  4.0667   40.07400 -109.40100   45.9706  138.6817   19.35000    0.06576
  4.0750   40.27600 -109.23700   45.9860  138.7037   19.21400    0.05509
  4.0833   40.47900 -109.07200   46.0013  138.7257   19.07200    0.04231
  4.0917   40.68100 -108.90800   46.0164  138.7475   18.93400    0.02938
  4.1000   40.88400 -108.74200   46.0315  138.7694   18.79300    0.01530
  4.1083   41.08600 -108.57700   46.0463  138.7910   18.64000    0.00418
  4.1167   41.28800 -108.41000   46.0611  138.8125   18.50800   -0.00332
  4.1250   41.49100 -108.24400   46.0758  138.8341   18.37600   -0.00464
  4.1333   41.69300 -108.07600   46.0903  138.8555   18.24300   -0.00882
  4.1417   41.89600 -107.90900   46.1047  138.8769   18.09500   -0.01559
  4.1500   42.09800 -107.74100   46.1189  138.8981   17.94900   -0.01961
  4.1583   42.30100 -107.57200   46.1331  138.9193   17.82800   -0.01935
  4.1667   42.50300 -107.40400   46.1471  138.9403   17.69900   -0.01556
  4.1750   42.70600 -107.23100   46.1612  138.9613   17.57100   -0.01261
  4.1833   42.90800 -107.05900   46.1750  138.9821   17.44900   -0.01096
  4.1917   43.11100 -106.88600   46.1888  139.0030   17.31900   -0.01079
  4.2000   43.31300 -106.71200   46.2025  139.0236   17.18800   -0.01363
  4.2083   43.51600 -106.53800   46.2161  139.0443   17.05700   -0.00883
  4.2167   43.71800 -106.36300   46.2295  139.0648   16.96000   -0.00724
  4.2250   43.92100 -106.18700   46.2429  139.0853   16.81800   -0.00432
  4.2333   44.12400 -106.01200   46.2561  139.1058   16.69500   -0.00780
  4.2417   44.32600 -105.83500   46.2693  139.1261   16.57300   -0.00401
  4.2500   44.52900 -105.65800   46.2823  139.1464   16.46100   -0.00330
  4.2583   44.73100 -105.48100   46.2951  139.1665   16.32400    0.00391
  4.2667   44.93400 -105.30300   46.3079  139.1867   16.22700    0.00701
  4.2750   45.13600 -105.12400   46.3206  139.2067   16.09700    0.01387
  4.2833   45.33900 -104.94500   46.3332  139.2268   15.97400    0.01472
  4.2917   45.54100 -104.76500   46.3457  139.2466   15.85300    0.01767
  4.3000   45.74400 -104.58500   46.3581  139.2666   15.72900    0.01817
  4.3083   45.94700 -104.40500   46.3703  139.2864   15.59600    0.01670
  4.3167   46.14900 -104.22400   46.3824  139.3061   15.46600    0.01254
  4.3250   46.35200 -104.04200   46.3945  139.3259   15.33300    0.00672
  4.3333   46.55400 -103.86000   46.4064  139.3454   15.19400   -0.00119
  4.3417   46.75700 -103.67300   46.4185  139.3650   15.05800   -0.00775
  4.3500   46.95900 -103.48700   46.4303  139.3844   14.93200   -0.01590
  4.3583   47.16100 -103.29900   46.4421  139.4037   14.78800   -0.01788
  4.3667   47.36400 -103.11100   46.4538  139.4231   14.67600   -0.02627
  4.3750   47.56600 -102.92200   46.4654  139.4424   14.52600   -0.02608
  4.3833   47.76900 -102.73300   46.4769  139.4616   14.41700   -0.02942
  4.3917   47.97100 -102.54300   46.4883  139.4808   14.29300   -0.02570
  4.4000   48.17300 -102.35200   46.4996  139.4998   14.17200   -0.02088
  4.4083   48.37600 -102.16100   46.5108  139.5190   14.07000   -0.01253
  4.4167   48.57800 -101.96900   46.5219  139.5380   13.96300   -0.00199
  4.4250   48.78000 -101.77700   46.5329  139.5569   13.85400    0.00173
  4.4333   48.98300 -101.58300   46.5439  139.5759   13.72800    0.00004
  4.4417   49.18500 -101.38900   46.5547  139.5947   13.60300    0.00007
  4.4500   49.38700 -101.19500   46.5654  139.6135   13.50300    0.00015
  4.4583   49.58900 -100.99900   46.5761  139.6322   13.38100    0.00076
  4.4667   49.79200 -100.80400   46.5866  139.6510   13.26000   -0.00341
  4.4750   49.99400 -100.60700   46.5971  139.6697   13.14200   -0.00217
  4.4833   50.19600 -100.41000   46.6075  139.6883   13.03900    0.00070
  4.4917   50.39800 -100.21200   46.6178  139.7068   12.92200    0.00425
  4.5000   50.60100 -100.01300   46.6280  139.7255   12.80400    0.00472
  4.5083   50.80200  -99.81000   46.6382  139.7438   12.68700    0.00582
  4.5167   51.00400  -99.60600   46.6484  139.7622   12.57100    0.01030
  4.5250   51.20600  -99.40100   46.6585  139.7806   12.46700    0.01543
  4.5333   51.40800  -99.19500   46.6685  139.7989   12.35300    0.02039
  4.5417   51.60900  -98.98900   46.6783  139.8171   12.23800    0.01250
  4.5500   51.81100  -98.78200   46.6882  139.8353   12.08800    0.00214
  4.5583   52.01300  -98.57300   46.6979  139.8535   11.96800   -0.00949
  4.5667   52.21500  -98.36400   46.7076  139.8717   11.85000   -0.01875
  4.5750   52.41600  -98.15500   46.7171  139.8897   11.71000   -0.02411
  4.5833   52.61800  -97.94400   46.7266  139.9078   11.60600   -0.03208
  4.5917   52.81900  -97.73200   46.7361  139.9258   11.48200   -0.03208
  4.6000   53.02100  -97.52000   46.7454  139.9438   11.37500   -0.03389
  4.6083   53.22200  -97.30700   46.7546  139.9617   11.26800   -0.03014
  4.6167   53.42400  -97.09300   46.7638  139.9797   11.16800   -0.02559
  4.6250   53.62500  -96.87800   46.7729  139.9976   11.06900   -0.02221
  4.6333   53.82700  -96.66200   46.7819  140.0155   10.96500   -0.02390
  4.6417   54.02800  -96.44500   46.7908  140.0333   10.85500   -0.02924
  4.6500   54.23000  -96.22800   46.7996  140.0511   10.75000   -0.03394
  4.6583   54.43100  -96.00900   46.8084  140.0689   10.65500   -0.03362
  4.6667   54.63200  -95.79000   46.8171  140.0866   10.56900   -0.03409
  4.6750   54.83300  -95.56500   46.8258  140.1042   10.46800   -0.03220
  4.6833   55.03300  -95.33900   46.8345  140.1217   10.38700   -0.03110
  4.6917   55.23400  -95.11100   46.8431  140.1393   10.30400   -0.02309
  4.7000   55.43500  -94.88300   46.8516  140.1569   10.23300   -0.01790
  4.7083   55.63500  -94.65400   46.8601  140.1744   10.14700   -0.00952
  4.7167   55.83500  -94.42300   46.8684  140.1918   10.08000   -0.01010
  4.7250   56.03600  -94.19200   46.8767  140.2093    9.98200   -0.01258
  4.7333   56.23600  -93.95900   46.8850  140.2267    9.89500   -0.01619
  4.7417   56.43700  -93.72500   46.8931  140.2441    9.82800   -0.01682
  4.7500   56.63700  -93.49000   46.9012  140.2615    9.74400   -0.01586
  4.7583   56.83700  -93.25400   46.9092  140.2788    9.66500   -0.01470
  4.7667   57.03700  -93.01700   46.9171  140.2961    9.60100   -0.01015
  4.7750   57.23700  -92.77800   46.9250  140.3134    9.53100   -0.00404
  4.7833   57.43700  -92.53900   46.9327  140.3307    9.45800   -0.00018
  4.7917   57.63700  -92.29800   46.9404  140.3479    9.38700    0.00276
  4.8000   57.83700  -92.05600   46.9480  140.3651    9.31300    0.00780
  4.8083   58.03700  -91.81300   46.9556  140.3824    9.24800    0.00542
  4.8167   58.23600  -91.56800   46.9631  140.3995    9.15200    0.00687
  4.8250   58.43600  -91.32200   46.9705  140.4166    9.09200    0.00380
  4.8333   58.63600  -91.07500   46.9778  140.4338    9.01100    0.00464
  4.8417   58.83400  -90.82100   46.9853  140.4507    8.92900    0.00409
  4.8500   59.03300  -90.56500   46.9926  140.4678    8.86600    0.00362
  4.8583   59.23100  -90.30800   46.9999  140.4847    8.78800    0.00265
  4.8667   59.43000  -90.05000   47.0071  140.5017    8.70700   -0.00359
  4.8750   59.62800  -89.79000   47.0142  140.5186    8.62800   -0.01004
  4.8833   59.82700  -89.52800   47.0213  140.5356    8.55100   -0.01636
  4.8917   60.02500  -89.26500   47.0283  140.5525    8.47100   -0.02420
  4.9000   60.22300  -89.00000   47.0353  140.5694    8.38900   -0.03387
  4.9083   60.42100  -88.73400   47.0421  140.5863    8.30700   -0.03757
  4.9167   60.61900  -88.46600   47.0489  140.6031    8.24900   -0.03262
  4.9250   60.81700  -88.19600   47.0556  140.6200    8.19700   -0.01902
  4.9333   61.01400  -87.92500   47.0623  140.6367    8.14500   -0.00361
  4.9417   61.21200  -87.65200   47.0689  140.6536    8.09400    0.00567
  4.9500   61.40900  -87.37700   47.0754  140.6703    8.02200    0.01111
  4.9583   61.60700  -87.10000   47.0819  140.6871    7.95900    0.01139
  4.9667   61.80400  -86.82200   47.0882  140.7039    7.89200    0.01379
  4.9750   62.00100  -86.54100   47.0946  140.7206    7.82800    0.01407
  4.9833   62.19800  -86.25900   47.1008  140.7373    7.75900    0.01151
  4.9917   62.39500  -85.97500   47.1070  140.7540    7.68500    0.00678
  5.0000   62.59100  -85.68900   47.1131  140.7706    7.61700    0.00085
  5.0083   62.78700  -85.39500   47.1193  140.7872    7.54600   -0.00213
  5.0167   62.98200  -85.09800   47.1255  140.8038    7.48200   -0.00575
  5.0250   63.17700  -84.79900   47.1316  140.8203    7.41200   -0.00820
  5.0333   63.37200  -84.49800   47.1376  140.8369    7.34700   -0.01481
  5.0417   63.56700  -84.19500   47.1435  140.8534    7.27200   -0.02525
  5.0500   63.76200  -83.88900   47.1494  140.8699    7.19300   -0.03574
  5.0583   63.95700  -83.58100   47.1552  140.8865    7.13000   -0.04127
  5.0667   64.15100  -83.27000   47.1610  140.9030    7.07500   -0.03648
  5.0750   64.34500  -82.95800   47.1667  140.9194    7.03300   -0.03147
  5.0833   64.53900  -82.64200   47.1723  140.9359    6.97500   -0.02905
  5.0917   64.73300  -82.32400   47.1779  140.9524    6.91500   -0.02531
  5.1000   64.92700  -82.00400   47.1834  140.9688    6.88000   -0.01725
  5.1083   65.12000  -81.68000   47.1888  140.9852    6.83900   -0.00898
  5.1167   65.31300  -81.35500   47.1942  141.0016    6.78200   -0.00178
  5.1250   65.50600  -81.02600   47.1995  141.0181    6.74700   -0.00213
  5.1333   65.69900  -80.69500   47.2048  141.0345    6.68400    0.00331
  5.1417   65.89200  -80.36000   47.2100  141.0509    6.64900    0.00246
  5.1500   66.08400  -80.02300   47.2151  141.0672    6.59500    0.00840
  5.1583   66.27600  -79.68300   47.2201  141.0836    6.55500    0.00925
  5.1667   66.46800  -79.34000   47.2251  141.0999    6.50400    0.00717
  5.1750   66.65800  -78.98600   47.2302  141.1162    6.44300    0.00464
  5.1833   66.84800  -78.62900   47.2352  141.1324    6.40400    0.00124
  5.1917   67.03800  -78.26800   47.2402  141.1487    6.35100    0.00156
  5.2000   67.22800  -77.90400   47.2451  141.1650    6.30100   -0.00515
  5.2083   67.41700  -77.53600   47.2500  141.1812    6.23600   -0.00710
  5.2167   67.60600  -77.16400   47.2547  141.1975    6.19400   -0.01031
  5.2250   67.79400  -76.78900   47.2595  141.2137    6.13300   -0.00403
  5.2333   67.98300  -76.41000   47.2641  141.2299    6.09300    0.00388
  5.2417   68.17100  -76.02700   47.2687  141.2461    6.05000    0.02301
  5.2500   68.35800  -75.64000   47.2733  141.2623    6.02100    0.04410
  5.2583   68.54500  -75.24900   47.2778  141.2785    5.98600    0.06048
  5.2667   68.73200  -74.85400   47.2822  141.2946    5.93000    0.06514
  5.2750   68.91900  -74.45500   47.2865  141.3109    5.86700    0.05589
  5.2833   69.10500  -74.05100   47.2908  141.3270    5.79100    0.03152
  5.2917   69.29100  -73.64300   47.2951  141.3432    5.69100   -0.00238
  5.3000   69.47600  -73.23000   47.2992  141.3593    5.60200   -0.03543
  5.3083   69.66100  -72.81300   47.3033  141.3754    5.53300   -0.06621
  5.3167   69.84600  -72.39100   47.3074  141.3916    5.44500   -0.09042
  5.3250   70.03000  -71.96400   47.3114  141.4077    5.38200   -0.10117
  5.3333   70.21400  -71.53200   47.3153  141.4238    5.35900   -0.09129
  5.3417   70.39500  -71.08600   47.3194  141.4398    5.33700   -0.07437
  5.3500   70.57600  -70.63400   47.3233  141.4559    5.29700   -0.05510
  5.3583   70.75700  -70.17700   47.3273  141.4719    5.28300   -0.04028
  5.3667   70.93700  -69.71400   47.3311  141.4880    5.24800   -0.02207
  5.3750   71.11700  -69.24500   47.3349  141.5040    5.22000   -0.00921
  5.3833   71.29600  -68.77000   47.3387  141.5201    5.19200    0.01304
  5.3917   71.47400  -68.28900   47.3423  141.5361    5.19200    0.03450
  5.4000   71.65200  -67.80200   47.3460  141.5521    5.16900    0.05324
  5.4083   71.82900  -67.30800   47.3495  141.5681    5.13900    0.05684
  5.4167   72.00600  -66.80800   47.3530  141.5841    5.09600    0.05696
  5.4250   72.18200  -66.30100   47.3565  141.6001    5.06300    0.05164
  5.4333   72.35700  -65.78700   47.3599  141.6161    5.01700    0.02992
  5.4417   72.53100  -65.26600   47.3632  141.6320    4.92400   -0.00514
  5.4500   72.70500  -64.73700   47.3665  141.6480    4.85000   -0.03756
  5.4583   72.87900  -64.20200   47.3697  141.6640    4.80900   -0.05182
  5.4667   73.05100  -63.65800   47.3728  141.6800    4.77000   -0.04824
  5.4750   73.22300  -63.10700   47.3759  141.6960    4.74900   -0.04196
  5.4833   73.39400  -62.54700   47.3790  141.7120    4.71600   -0.03296
  5.4917   73.56400  -61.98000   47.3819  141.7279    4.68500   -0.02598
  5.5000   73.73300  -61.40400   47.3849  141.7438    4.65900   -0.01100
  5.5083   73.89900  -60.80800   47.3879  141.7597    4.65100    0.00954
  5.5167   74.06400  -60.20400   47.3909  141.7756    4.63500    0.02240
  5.5250   74.22800  -59.59000   47.3938  141.7915    4.58300    0.01342
  5.5333   74.39200  -58.96700   47.3966  141.8074    4.50800    0.00227
  5.5417   74.55400  -58.33400   47.3994  141.8233    4.48800    0.00292
  5.5500   74.71500  -57.69100   47.4022  141.8392    4.47400    0.01988
  5.5583   74.87500  -57.03800   47.4049  141.8550    4.44900    0.03605
  5.5667   75.03400  -56.37400   47.4075  141.8709    4.42700    0.04806
  5.5750   75.19200  -55.69900   47.4101  141.8868    4.40300    0.04873
  5.5833   75.34900  -55.01300   47.4126  141.9027    4.34600    0.02991
  5.5917   75.50400  -54.31600   47.4150  141.9185    4.26200   -0.00150
  5.6000   75.65800  -53.60800   47.4174  141.9344    4.19300   -0.02698
  5.6083   75.81100  -52.88800   47.4198  141.9503    4.15000   -0.04124
  5.6167   75.96200  -52.15500   47.4221  141.9661    4.10500   -0.04821
  5.6250   76.11200  -51.41000   47.4243  141.9820    4.06500   -0.05114
  5.6333   76.26000  -50.65300   47.4265  141.9978    4.03800   -0.04372
  5.6417   76.40700  -49.88300   47.4286  142.0136    4.02200   -0.01645
  5.6500   76.55300  -49.10000   47.4306  142.0295    4.03600    0.01322
  5.6583   76.69600  -48.30300   47.4326  142.0453    4.00800    0.02230
  5.6667   76.83900  -47.49200   47.4345  142.0612    3.92300    0.00870
  5.6750   76.97600  -46.65700   47.4366  142.0770    3.86900   -0.00519
  5.6833   77.11200  -45.80700   47.4386  142.0928    3.84800    0.00999
  5.6917   77.24600  -44.94300   47.4405  142.1086    3.86100    0.03579
  5.7000   77.37800  -44.06300   47.4424  142.1244    3.84500    0.05492
  5.7083   77.50800  -43.16900   47.4442  142.1402    3.80600    0.04993
  5.7167   77.63500  -42.25900   47.4460  142.1559    3.74700    0.01712
  5.7250   77.76100  -41.33400   47.4477  142.1717    3.64900   -0.02656
  5.7333   77.88500  -40.39400   47.4494  142.1875    3.57800   -0.06372
  5.7417   78.00600  -39.43700   47.4510  142.2033    3.53800   -0.07437
  5.7500   78.12500  -38.46400   47.4525  142.2191    3.51700   -0.06002
  5.7583   78.24100  -37.47600   47.4540  142.2348    3.51700   -0.03416
  5.7667   78.35500  -36.47100   47.4555  142.2506    3.50700   -0.01319
  5.7750   78.46700  -35.44900   47.4568  142.2664    3.46400    0.00134
  5.7833   78.57600  -34.41100   47.4581  142.2822    3.43700    0.02035
  5.7917   78.68200  -33.35600   47.4594  142.2980    3.43300    0.05789
  5.8000   78.78500  -32.28500   47.4606  142.3138    3.44300    0.09942
  5.8083   78.88500  -31.19800   47.4618  142.3295    3.43100    0.12454
  5.8167   78.98300  -30.09400   47.4628  142.3453    3.38200    0.10631
  5.8250   79.07700  -28.97300   47.4639  142.3610    3.26400    0.05718
  5.8333   79.16900  -27.83600   47.4648  142.3768    3.15900    0.01258
  5.8417   79.25300  -26.67500   47.4660  142.3925    3.12400   -0.01139
  5.8500   79.33500  -25.49800   47.4670  142.4082    3.06900   -0.02476
  5.8583   79.41300  -24.30500   47.4680  142.4240    2.99700   -0.04617
  5.8667   79.48800  -23.09800   47.4689  142.4398    2.93700   -0.06556
  5.8750   79.55900  -21.87600   47.4698  142.4555    2.88700   -0.07008
  5.8833   79.62600  -20.64000   47.4706  142.4712    2.85600   -0.06975
  5.8917   79.69000  -19.39100   47.4714  142.4870    2.80700   -0.06828
  5.9000   79.75000  -18.12800   47.4721  142.5027    2.76000   -0.06324
  5.9083   79.80600  -16.85300   47.4727  142.5184    2.74700   -0.04599
  5.9167   79.85900  -15.56600   47.4733  142.5342    2.74800   -0.02295
  5.9250   79.90700  -14.26800   47.4738  142.5499    2.73000   -0.00612
  5.9333   79.95100  -12.95900   47.4743  142.5656    2.70600   -0.00668
  5.9417   79.99200  -11.64100   47.4747  142.5814    2.65800   -0.01031
  5.9500   80.02800  -10.31400   47.4751  142.5971    2.63400   -0.01630
  5.9583   80.06000   -8.97900   47.4754  142.6128    2.60300   -0.01325
  5.9667   80.08800   -7.63700   47.4757  142.6285    2.58000   -0.00374
  5.9750   80.11200   -6.28900   47.4759  142.6443    2.57400    0.01087
  5.9833   80.13200   -4.93600   47.4760  142.6600    2.56000    0.02904
  5.9917   80.14700   -3.57900   47.4761  142.6757    2.55200    0.04180
  6.0000   80.15800   -2.21900   47.4762  142.6914    2.53200    0.05399
  6.0083   80.16100   -0.85600   47.4763  142.7071    2.51600    0.05222
  6.0167   80.16000    0.50700   47.4764  142.7229    2.46400    0.03886
  6.0250   80.15400    1.86900   47.4764  142.7386    2.40900    0.00697
  6.0333   80.14400    3.22900   47.4764  142.7543    2.33700   -0.02868
  6.0417   80.13000    4.58600   47.4763  142.7700    2.27600   -0.05661
  6.0500   80.11200    5.93900   47.4762  142.7857    2.24700   -0.06289
  6.0583   80.08900    7.28700   47.4760  142.8014    2.23900   -0.04399
  6.0667   80.06200    8.62900   47.4758  142.8172    2.24600   -0.01554
  6.0750   80.03100    9.96500   47.4755  142.8329    2.23500    0.00644
  6.0833   79.99600   11.29200   47.4751  142.8486    2.20400    0.01535
  6.0917   79.95600   12.61100   47.4747  142.8643    2.17500    0.01694
  6.1000   79.91300   13.92000   47.4743  142.8800    2.15000    0.01382
  6.1083   79.86600   15.21900   47.4737  142.8957    2.11400    0.01850
  6.1167   79.81400   16.50700   47.4732  142.9115    2.11900    0.02877
  6.1250   79.75900   17.78300   47.4725  142.9272    2.12000    0.01587
  6.1333   79.70000   19.04700   47.4719  142.9429    2.01900   -0.03442
  6.1417   79.63800   20.29700   47.4711  142.9586    1.91300   -0.09494
  6.1500   79.57200   21.53400   47.4703  142.9743    1.88200   -0.11094
  6.1583   79.50200   22.75700   47.4694  142.9900    1.91400   -0.08180
  6.1667   79.42800   23.96500   47.4685  143.0057    1.94000   -0.03674
  6.1750   79.34800   25.15100   47.4677  143.0215    1.95100    0.00580
  6.1833   79.26400   26.32100   47.4669  143.0372    1.96800    0.03772
  6.1917   79.17700   27.47500   47.4660  143.0529    1.95600    0.06094
  6.2000   79.08700   28.61400   47.4650  143.0686    1.93400    0.07376
  6.2083   78.99400   29.73500   47.4640  143.0844    1.91100    0.09260
  6.2167   78.89800   30.84100   47.4629  143.1001    1.91200    0.11062
  6.2250   78.79900   31.93000   47.4617  143.1158    1.88900    0.12221
  6.2333   78.69600   33.00200   47.4606  143.1316    1.85100    0.10873
  6.2417   78.59200   34.05800   47.4593  143.1473    1.77300    0.07989
  6.2500   78.48400   35.09800   47.4580  143.1630    1.69300    0.04535
  6.2583   78.37400   36.12100   47.4567  143.1788    1.62600    0.02283
  6.2667   78.26100   37.12700   47.4553  143.1945    1.57500    0.00848
  6.2750   78.14600   38.11800   47.4538  143.2102    1.51300   -0.00621
  6.2833   78.02900   39.09200   47.4523  143.2260    1.43800   -0.02225
  6.2917   77.90900   40.05000   47.4507  143.2417    1.37800   -0.03084
  6.3000   77.78700   40.99200   47.4490  143.2574    1.33400   -0.02899
  6.3083   77.66200   41.91900   47.4474  143.2732    1.28800   -0.02731
  6.3167   77.53600   42.83000   47.4456  143.2889    1.22600   -0.03020
  6.3250   77.40700   43.72600   47.4438  143.3047    1.17000   -0.02994
  6.3333   77.27700   44.60600   47.4419  143.3204    1.13800   -0.02471
  6.3417   77.14200   45.46100   47.4402  143.3361    1.09600   -0.01625
  6.3500   77.00500   46.30200   47.4384  143.3519    1.05400   -0.01981
  6.3583   76.86600   47.12800   47.4365  143.3676    0.99000   -0.02641
  6.3667   76.72500   47.94100   47.4346  143.3834    0.94700   -0.03149
  6.3750   76.58300   48.73900   47.4326  143.3992    0.91900   -0.02794
  6.3833   76.43900   49.52500   47.4306  143.4150    0.88900   -0.02113
  6.3917   76.29400   50.29700   47.4285  143.4307    0.85900   -0.01911
  6.4000   76.14700   51.05600   47.4263  143.4465    0.81800   -0.02123
  6.4083   75.99800   51.80200   47.4241  143.4623    0.77600   -0.03042
  6.4167   75.84900   52.53600   47.4219  143.4781    0.72400   -0.03512
  6.4250   75.69700   53.25800   47.4196  143.4939    0.69700   -0.02967
  6.4333   75.54500   53.96900   47.4172  143.5097    0.68900   -0.00762
  6.4417   75.39100   54.66700   47.4148  143.5255    0.69500    0.01526
  6.4500   75.23600   55.35500   47.4123  143.5413    0.67800    0.02942
  6.4583   75.08000   56.03100   47.4097  143.5571    0.65100    0.02333
  6.4667   74.92300   56.69600   47.4071  143.5728    0.60200    0.00602
  6.4750   74.76500   57.35100   47.4045  143.5886    0.55800   -0.02388
  6.4833   74.60500   57.99600   47.4017  143.6044    0.50200   -0.05880
  6.4917   74.44500   58.63100   47.3990  143.6202    0.44800   -0.08847
  6.5000   74.28300   59.25500   47.3961  143.6360    0.43200   -0.10183
  6.5083   74.11800   59.86000   47.3934  143.6519    0.43600   -0.10289
  6.5167   73.95300   60.45600   47.3906  143.6677    0.42799   -0.10192
  6.5250   73.78600   61.04200   47.3878  143.6835    0.42300   -0.09420
  6.5333   73.61900   61.62000   47.3849  143.6994    0.45000   -0.07682
  6.5417   73.45100   62.19000   47.3820  143.7152    0.47200   -0.05478
  6.5500   73.28200   62.75100   47.3790  143.7311    0.48300   -0.02414
  6.5583   73.11200   63.30400   47.3759  143.7469    0.54000    0.00437
  6.5667   72.94100   63.85000   47.3728  143.7628    0.56300    0.02932
  6.5750   72.77000   64.38700   47.3696  143.7787    0.57300    0.04067
  6.5833   72.59800   64.91700   47.3664  143.7946    0.59900    0.04990
  6.5917   72.42500   65.44000   47.3631  143.8105    0.62500    0.05597
  6.6000   72.25200   65.95600   47.3597  143.8263    0.63300    0.04681
  6.6083   72.07800   66.46500   47.3563  143.8422    0.61800    0.01798
  6.6167   71.90300   66.96700   47.3528  143.8581    0.58500   -0.01930
  6.6250   71.72800   67.46200   47.3493  143.8740    0.56600   -0.05380
  6.6333   71.55300   67.95100   47.3457  143.8899    0.55600   -0.06855
  6.6417   71.37600   68.43300   47.3420  143.9058    0.57900   -0.06763
  6.6500   71.19900   68.90900   47.3383  143.9217    0.60100   -0.04572
  6.6583   71.02200   69.38000   47.3346  143.9376    0.64700   -0.01296
  6.6667   70.84400   69.84400   47.3307  143.9535    0.69500    0.02690
  6.6750   70.66400   70.29400   47.3270  143.9695    0.73000    0.06634
  6.6833   70.48300   70.73800   47.3233  143.9854    0.76600    0.09138
  6.6917   70.30200   71.17700   47.3194  144.0014    0.76200    0.10765
  6.7000   70.12000   71.61000   47.3155  144.0174    0.76800    0.10930
  6.7083   69.93800   72.03900   47.3116  144.0334    0.75900    0.10512
  6.7167   69.75600   72.46300   47.3076  144.0494    0.73900    0.08739
  6.7250   69.57300   72.88200   47.3035  144.0654    0.70200    0.05801
  6.7333   69.39000   73.29600   47.2994  144.0814    0.65500    0.02498
  6.7417   69.20600   73.70600   47.2952  144.0974    0.62000   -0.00675
  6.7500   69.02200   74.11100   47.2909  144.1134    0.58100   -0.03213
  6.7583   68.83800   74.51200   47.2866  144.1295    0.54600   -0.05476
  6.7667   68.65400   74.90900   47.2822  144.1454    0.51200   -0.06277
  6.7750   68.46900   75.30100   47.2778  144.1615    0.51500   -0.06270
  6.7833   68.28300   75.69000   47.2733  144.1776    0.50300   -0.05354
  6.7917   68.09800   76.07400   47.2687  144.1936    0.49700   -0.04095
  6.8000   67.91200   76.45500   47.2641  144.2096    0.51100   -0.02187
  6.8083   67.72600   76.83100   47.2595  144.2257    0.52300   -0.00155
  6.8167   67.53900   77.20400   47.2547  144.2418    0.52700    0.00858
  6.8250   67.35200   77.57400   47.2499  144.2579    0.51500    0.00811
  6.8333   67.16500   77.93900   47.2451  144.2740    0.49900    0.00601
  6.8417   66.97700   78.29300   47.2403  144.2901    0.50100    0.00540
  6.8500   66.78800   78.64400   47.2355  144.3062    0.49500    0.00640
  6.8583   66.59900   78.99200   47.2306  144.3224    0.48300    0.00375
  6.8667   66.40900   79.33700   47.2257  144.3386    0.47200    0.00287
  6.8750   66.22000   79.67900   47.2207  144.3547    0.47100    0.00784
  6.8833   66.03000   80.01800   47.2156  144.3709    0.47500    0.01939
  6.8917   65.84000   80.35300   47.2105  144.3871    0.47900    0.03407
  6.9000   65.64900   80.68600   47.2053  144.4034    0.47900    0.04722
  6.9083   65.45900   81.01600   47.2001  144.4196    0.47000    0.04910
  6.9167   65.26800   81.34400   47.1947  144.4359    0.43200    0.04090
  6.9250   65.07700   81.66800   47.1894  144.4521    0.39400    0.03289
  6.9333   64.88600   81.99000   47.1839  144.4684    0.38100    0.03373
  6.9417   64.69500   82.31000   47.1784  144.4846    0.36700    0.04652
  6.9500   64.50400   82.62700   47.1729  144.5009    0.36500    0.05012
  6.9583   64.31200   82.94100   47.1672  144.5172    0.32000    0.04117
  6.9667   64.12100   83.25300   47.1615  144.5334    0.26400    0.01910
  6.9750   63.92900   83.56200   47.1558  144.5497    0.21799   -0.00376
  6.9833   63.73700   83.86900   47.1500  144.5660    0.17000   -0.01946
  6.9917   63.54500   84.17400   47.1441  144.5823    0.13900   -0.03544
  7.0000   63.35200   84.47600   47.1382  144.5987    0.09700   -0.04962
  7.0083   63.15900   84.77000   47.1323  144.6151    0.06300   -0.06726
  7.0167   62.96500   85.06100   47.1264  144.6315    0.02900   -0.08174
  7.0250   62.77100   85.35100   47.1204  144.6480    0.00500   -0.08786
  7.0333   62.57700   85.63800   47.1144  144.6645    0.00400   -0.08462
  7.0417   62.38300   85.92400   47.1082  144.6809    0.00800   -0.07913
  7.0500   62.18900   86.20700   47.1021  144.6974    0.00000   -0.07372
  7.0583   61.99500   86.48900   47.0958  144.7139    0.00900   -0.06597
  7.0667   61.80100   86.76900   47.0895  144.7304    0.03200   -0.05362
  7.0750   61.60600   87.04700   47.0832  144.7469    0.04900   -0.03709
  7.0833   61.41200   87.32300   47.0767  144.7634    0.07999   -0.02113
  7.0917   61.21700   87.59800   47.0702  144.7800    0.10699   -0.00524
  7.1000   61.02200   87.87100   47.0636  144.7966    0.13000    0.00558
  7.1083   60.82700   88.14200   47.0570  144.8132    0.15099    0.01410
  7.1167   60.63200   88.41100   47.0503  144.8298    0.17500    0.01841
  7.1250   60.43700   88.67900   47.0435  144.8464    0.18700    0.01970
  7.1333   60.24200   88.94500   47.0367  144.8630    0.19900    0.02415
  7.1417   60.04700   89.20900   47.0298  144.8796    0.23500    0.02717
  7.1500   59.85200   89.47200   47.0228  144.8963    0.24200    0.02222
  7.1583   59.65600   89.73300   47.0158  144.9130    0.22600    0.01042
  7.1667   59.46100   89.99300   47.0086  144.9296    0.23700    0.00011
  7.1750   59.26500   90.24600   47.0016  144.9464    0.24699    0.00077
  7.1833   59.06800   90.49700   46.9945  144.9633    0.26700   -0.00159
  7.1917   58.87200   90.74700   46.9873  144.9801    0.26700   -0.00168
  7.2000   58.67500   90.99500   46.9801  144.9969    0.28600   -0.00783
  7.2083   58.47900   91.24300   46.9728  145.0137    0.28600   -0.01171
  7.2167   58.28200   91.48900   46.9654  145.0307    0.29500   -0.01795
  7.2250   58.08500   91.73300   46.9580  145.0476    0.30600   -0.02059
  7.2333   57.88900   91.97700   46.9505  145.0644    0.32100   -0.02220
  7.2417   57.69200   92.21900   46.9429  145.0814    0.33700   -0.02601
  7.2500   57.49500   92.46000   46.9352  145.0984    0.34399   -0.02683
  7.2583   57.29800   92.70000   46.9275  145.1154    0.37199   -0.02552
  7.2667   57.10100   92.93800   46.9197  145.1324    0.39600   -0.01572
  7.2750   56.90400   93.17600   46.9118  145.1494    0.43500   -0.01069
  7.2833   56.70700   93.41200   46.9039  145.1664    0.44700   -0.00771
  7.2917   56.51000   93.64700   46.8958  145.1835    0.46700   -0.00717
  7.3000   56.31300   93.88100   46.8877  145.2006    0.50000    0.00304
  7.3083   56.11500   94.11400   46.8796  145.2178    0.55100    0.00879
  7.3167   55.91800   94.34500   46.8714  145.2349    0.55900    0.00796
  7.3250   55.72100   94.57600   46.8630  145.2521    0.57200    0.00178
  7.3333   55.52400   94.80500   46.8547  145.2692    0.60600   -0.00598
  7.3417   55.32600   95.02900   46.8463  145.2865    0.61000   -0.00809
  7.3500   55.12800   95.25200   46.8379  145.3038    0.64400   -0.01614
  7.3583   54.93000   95.47300   46.8295  145.3212    0.65700   -0.01662
  7.3667   54.73200   95.69400   46.8209  145.3386    0.68900   -0.01756
  7.3750   54.53400   95.91400   46.8123  145.3560    0.72100   -0.00853
  7.3833   54.33600   96.13300   46.8036  145.3734    0.76800    0.00007
  7.3917   54.13700   96.35100   46.7948  145.3909    0.79300    0.00993
  7.4000   53.93900   96.56800   46.7860  145.4084    0.82600    0.01272
  7.4083   53.74100   96.78400   46.7771  145.4259    0.84500    0.01731
  7.4167   53.54300   97.00000   46.7681  145.4435    0.87600    0.02074
  7.4250   53.34500   97.21400   46.7590  145.4610    0.90300    0.03007
  7.4333   53.14700   97.42800   46.7498  145.4786    0.94200    0.03845
  7.4417   52.94800   97.64000   46.7406  145.4963    0.96900    0.03954
  7.4500   52.75000   97.85200   46.7313  145.5140    0.96800    0.03124
  7.4583   52.55200   98.06300   46.7219  145.5317    0.97000    0.01565
  7.4667   52.35400   98.27300   46.7124  145.5494    0.96700    0.00725
  7.4750   52.15500   98.48300   46.7028  145.5672    0.99000   -0.00056
  7.4833   51.95700   98.69100   46.6932  145.5850    0.99400   -0.00349
  7.4917   51.75900   98.89900   46.6835  145.6028    1.01100   -0.01459
  7.5000   51.56000   99.10600   46.6736  145.6207    1.00600   -0.01880
  7.5083   51.36200   99.30800   46.6639  145.6386    1.03600   -0.02397
  7.5167   51.16300   99.50900   46.6541  145.6567    1.04800   -0.02432
  7.5250   50.96400   99.71000   46.6441  145.6748    1.05900   -0.03058
  7.5333   50.76500   99.90900   46.6341  145.6929    1.06600   -0.03091
  7.5417   50.56600  100.10900   46.6240  145.7111    1.10100   -0.02941
  7.5500   50.36800  100.30700   46.6139  145.7292    1.12000   -0.01650
  7.5583   50.16900  100.50500   46.6036  145.7474    1.17000   -0.00004
  7.5667   49.97000  100.70200   46.5933  145.7657    1.21700    0.02002
  7.5750   49.77100  100.89900   46.5828  145.7840    1.24900    0.02874
  7.5833   49.57200  101.09500   46.5723  145.8024    1.25700    0.03302
  7.5917   49.37400  101.29000   46.5617  145.8207    1.28800    0.03329
  7.6000   49.17500  101.48400   46.5510  145.8391    1.30500    0.03163
  7.6083   48.97600  101.67800   46.5402  145.8576    1.30700    0.02746
  7.6167   48.77700  101.87100   46.5293  145.8761    1.33100    0.01670
  7.6250   48.57800  102.06400   46.5183  145.8947    1.32400    0.00598
  7.6333   48.37900  102.25500   46.5073  145.9134    1.32500   -0.01051
  7.6417   48.18100  102.44700   46.4961  145.9319    1.32300   -0.01784
  7.6500   47.98200  102.63700   46.4849  145.9506    1.34900   -0.02295
  7.6583   47.78300  102.82700   46.4735  145.9694    1.35700   -0.02174
  7.6667   47.58400  103.01600   46.4621  145.9882    1.38000   -0.02401
  7.6750   47.38500  103.20100   46.4507  146.0072    1.39100   -0.01621
  7.6833   47.18600  103.38600   46.4392  146.0261    1.43700   -0.00803
  7.6917   46.98700  103.57000   46.4276  146.0451    1.46100    0.00008
  7.7000   46.78800  103.75400   46.4159  146.0642    1.47300   -0.00243
  7.7083   46.58900  103.93700   46.4042  146.0833    1.48000   -0.00649
  7.7167   46.39000  104.11900   46.3923  146.1025    1.50100   -0.00379
  7.7250   46.19100  104.30100   46.3803  146.1218    1.54500    0.00548
  7.7333   45.99200  104.48200   46.3682  146.1411    1.58000    0.01320
  7.7417   45.79300  104.66300   46.3561  146.1604    1.59600    0.00819
  7.7500   45.59400  104.84300   46.3438  146.1798    1.58900   -0.00172
  7.7583   45.39500  105.02300   46.3314  146.1993    1.60700   -0.00968
  7.7667   45.19600  105.20200   46.3189  146.2189    1.63400   -0.01246
  7.7750   44.99700  105.38100   46.3063  146.2384    1.65200   -0.01357
  7.7833   44.79800  105.55900   46.2936  146.2581    1.68200   -0.01498
  7.7917   44.59900  105.73700   46.2808  146.2778    1.71300   -0.01484
  7.8000   44.40000  105.91400   46.2679  146.2976    1.74200   -0.02314
  7.8083   44.20100  106.09000   46.2549  146.3175    1.73900   -0.03349
  7.8167   44.00200  106.26600   46.2418  146.3374    1.76300   -0.04235
  7.8250   43.80300  106.44100   46.2286  146.3574    1.80000   -0.04329
  7.8333   43.60400  106.61600   46.2152  146.3774    1.83600   -0.03485
  7.8417   43.40500  106.78800   46.2019  146.3976    1.90600   -0.02394
  7.8500   43.20600  106.95900   46.1885  146.4178    1.96000   -0.00820
  7.8583   43.00700  107.12900   46.1750  146.4382    2.01900   -0.00280
  7.8667   42.80800  107.29900   46.1613  146.4586    2.04800   -0.00086
  7.8750   42.60900  107.46900   46.1475  146.4790    2.09000   -0.00661
  7.8833   42.41100  107.63800   46.1337  146.4995    2.12100   -0.00657
  7.8917   42.21200  107.80700   46.1196  146.5201    2.18000   -0.00711
  7.9000   42.01300  107.97600   46.1055  146.5408    2.22500   -0.00128
  7.9083   41.81400  108.14300   46.0913  146.5616    2.28700    0.00285
  7.9167   41.61500  108.31100   46.0769  146.5825    2.34100    0.00673
  7.9250   41.41600  108.47800   46.0624  146.6034    2.38700   -0.00165
  7.9333   41.21700  108.64400   46.0478  146.6245    2.39800   -0.00957
  7.9417   41.01900  108.81000   46.0331  146.6454    2.45300   -0.01412
  7.9500   40.82000  108.97600   46.0182  146.6666    2.51200   -0.00741
  7.9583   40.62100  109.14100   46.0032  146.6879    2.57100   -0.00302
  7.9667   40.42200  109.30600   45.9881  146.7093    2.61700   -0.00061
  7.9750   40.22400  109.47000   45.9729  146.7306    2.66600   -0.00279
  7.9833   40.02500  109.63300   45.9576  146.7522    2.70400   -0.00418
  7.9917   39.82600  109.79700   45.9420  146.7738    2.75300    0.00383
  8.0000   39.62700  109.95900   45.9264  146.7956    2.84600    0.01380
  8.0083   39.42900  110.11900   45.9108  146.8174    2.89500    0.01766
  8.0167   39.23000  110.27900   45.8950  146.8394    2.92100    0.00849
  8.0250   39.03200  110.43800   45.8792  146.8613    2.96300   -0.00294
  8.0333   38.83300  110.59700   45.8631  146.8835    3.01000   -0.01576
  8.0417   38.63500  110.75500   45.8469  146.9057    3.04100   -0.03540
  8.0500   38.43600  110.91300   45.8306  146.9281    3.06700   -0.05701
  8.0583   38.23800  111.07100   45.8141  146.9505    3.12600   -0.07371
  8.0667   38.03900  111.22800   45.7975  146.9731    3.20000   -0.08294
  8.0750   37.84100  111.38500   45.7808  146.9957    3.27700   -0.09673
  8.0833   37.64200  111.54100   45.7639  147.0185    3.32700   -0.11647
  8.0917   37.44400  111.69700   45.7468  147.0414    3.38400   -0.12586
  8.1000   37.24500  111.85300   45.7296  147.0644    3.52200   -0.13047
  8.1083   37.04700  112.00800   45.7123  147.0874    3.61100   -0.11600
  8.1167   36.84900  112.16200   45.6948  147.1106    3.77700   -0.09323
  8.1250   36.65000  112.31700   45.6771  147.1340    3.97400   -0.05193
  8.1333   36.45200  112.47100   45.6593  147.1574    4.17400   -0.02117
  8.1417   36.25400  112.62400   45.6414  147.1809    4.31600   -0.01084
  8.1500   36.05600  112.77700   45.6233  147.2045    4.44400   -0.01820
  8.1583   35.85700  112.93000   45.6049  147.2285    4.58500   -0.03426
  8.1667   35.65900  113.08200   45.5865  147.2523    4.71000   -0.04651
  8.1750   35.46100  113.23200   45.5680  147.2764    4.88000   -0.06173
  8.1833   35.26300  113.38100   45.5494  147.3007    5.02900   -0.06762
  8.1917   35.06500  113.53000   45.5306  147.3250    5.21900   -0.07847
  8.2000   34.86700  113.67900   45.5116  147.3495    5.37900   -0.07971
  8.2083   34.66900  113.82700   45.4924  147.3742    5.58300   -0.07727
  8.2167   34.47100  113.97600   45.4730  147.3989    5.79200   -0.05916
  8.2250   34.27400  114.12300   45.4536  147.4237    6.03200   -0.03960
  8.2333   34.07600  114.27100   45.4338  147.4487    6.25100   -0.02226
  8.2417   33.87800  114.41800   45.4139  147.4739    6.45900   -0.00897
  8.2500   33.68000  114.56400   45.3939  147.4993    6.68100    0.01121
  8.2583   33.48200  114.71000   45.3736  147.5248    6.92500    0.03526
  8.2667   33.28500  114.85600   45.3532  147.5502    7.14000    0.05790
  8.2750   33.08700  115.00200   45.3325  147.5760    7.34100    0.07582
  8.2833   32.88900  115.14700   45.3117  147.6020    7.54800    0.08971
  8.2917   32.69100  115.29100   45.2907  147.6281    7.72600    0.11167
  8.3000   32.49400  115.43600   45.2695  147.6542    7.95100    0.13690
  8.3083   32.29600  115.57900   45.2481  147.6807    8.15400    0.16323
  8.3167   32.09900  115.72300   45.2265  147.7071    8.31200    0.16220
  8.3250   31.90100  115.86600   45.2047  147.7339    8.36900    0.13488
  8.3333   31.70300  116.00800   45.1827  147.7609    8.40800    0.10269
  8.3417   31.50600  116.14900   45.1606  147.7879    8.51000    0.08138
  8.3500   31.30900  116.29000   45.1382  147.8151    8.59300    0.06587
  8.3583   31.11200  116.43000   45.1157  147.8425    8.63600    0.05316
  8.3667   30.91500  116.57000   45.0929  147.8701    8.73200    0.04854
  8.3750   30.71800  116.70900   45.0700  147.8979    8.83800    0.04829
  8.3833   30.52100  116.84800   45.0468  147.9258    8.88000    0.03728
  8.3917   30.32300  116.98700   45.0232  147.9541    8.89500    0.02048
  8.4000   30.12600  117.12500   44.9996  147.9825    8.94400    0.00455
  8.4083   29.92900  117.26300   44.9757  148.0110    8.97400   -0.00642
  8.4167   29.73200  117.40100   44.9515  148.0397    9.00200   -0.01060
  8.4250   29.53500  117.53800   44.9272  148.0686    9.07700   -0.00329
  8.4333   29.33900  117.67500   44.9026  148.0976    9.15500    0.01770
  8.4417   29.14200  117.81200   44.8777  148.1269    9.24600    0.03749
  8.4500   28.94500  117.94800   44.8526  148.1565    9.30600    0.04554
  8.4583   28.74800  118.08400   44.8272  148.1862    9.31400    0.05212
  8.4667   28.55100  118.21900   44.8016  148.2162    9.39100    0.05026
  8.4750   28.35400  118.35400   44.7757  148.2464    9.40200    0.05215
  8.4833   28.15700  118.48900   44.7496  148.2769    9.43000    0.03578
  8.4917   27.96100  118.62300   44.7232  148.3074    9.40200    0.02067
  8.5000   27.76400  118.75700   44.6965  148.3383    9.41100    0.00010
  8.5083   27.56800  118.88900   44.6697  148.3693    9.39300   -0.00863
  8.5167   27.37100  119.02100   44.6426  148.4007    9.41300   -0.00824
  8.5250   27.17500  119.15300   44.6152  148.4322    9.45300    0.00873
  8.5333   26.97900  119.28500   44.5874  148.4639    9.50800    0.03009
  8.5417   26.78300  119.41600   44.5595  148.4959    9.53700    0.05107
  8.5500   26.58700  119.54700   44.5312  148.5281    9.56300    0.06908
  8.5583   26.39100  119.67700   44.5027  148.5606    9.60000    0.07586
  8.5667   26.19500  119.80700   44.4738  148.5934    9.56400    0.06875
  8.5750   25.99900  119.93700   44.4446  148.6263    9.51400    0.04488
  8.5833   25.80300  120.06600   44.4151  148.6596    9.45500    0.01871
  8.5917   25.60700  120.19500   44.3853  148.6932    9.40900   -0.00461
  8.6000   25.41100  120.32400   44.3551  148.7270    9.37400   -0.03314
  8.6083   25.21500  120.45200   44.3247  148.7611    9.27900   -0.05775
  8.6167   25.01900  120.58000   44.2939  148.7955    9.24600   -0.07029
  8.6250   24.82300  120.70700   44.2627  148.8302    9.27300   -0.05521
  8.6333   24.62700  120.83400   44.2313  148.8652    9.33700   -0.03330
  8.6417   24.43100  120.96100   44.1994  148.9005    9.34500   -0.01331
  8.6500   24.23500  121.08800   44.1672  148.9360    9.36800   -0.00241
  8.6583   24.04000  121.21300   44.1348  148.9717    9.39200    0.00432
  8.6667   23.84400  121.33900   44.1018  149.0079    9.39900   -0.00185
  8.6750   23.64900  121.46400   44.0687  149.0442    9.37100   -0.01787
  8.6833   23.45300  121.58800   44.0351  149.0811    9.36200   -0.04173
  8.6917   23.25800  121.71200   44.0012  149.1181    9.34900   -0.06895
  8.7000   23.06300  121.83500   43.9669  149.1554    9.32500   -0.09443
  8.7083   22.86800  121.95800   43.9323  149.1931    9.35100   -0.10965
  8.7167   22.67300  122.08100   43.8972  149.2311    9.41900   -0.11519
  8.7250   22.47800  122.20400   43.8617  149.2694    9.47300   -0.11095
  8.7333   22.28300  122.32600   43.8258  149.3081    9.57400   -0.09412
  8.7417   22.08800  122.44800   43.7894  149.3471    9.73000   -0.06763
  8.7500   21.89300  122.56900   43.7527  149.3865    9.85100   -0.03922
  8.7583   21.69800  122.69000   43.7155  149.4263    9.97300   -0.01480
  8.7667   21.50400  122.81100   43.6780  149.4661   10.11900   -0.00194
  8.7750   21.30900  122.93100   43.6400  149.5066   10.19100    0.01341
  8.7833   21.11400  123.05100   43.6014  149.5475   10.36200    0.02484
  8.7917   20.91900  123.17100   43.5624  149.5887   10.51500    0.03734
  8.8000   20.72400  123.29000   43.5229  149.6304   10.62300    0.03401
  8.8083   20.53000  123.40900   43.4831  149.6722   10.70400    0.00635
  8.8167   20.33500  123.52700   43.4427  149.7148   10.70400   -0.03112
  8.8250   20.14000  123.64500   43.4018  149.7576   10.74800   -0.06837
  8.8333   19.94600  123.76300   43.3605  149.8006   10.83800   -0.09158
  8.8417   19.75200  123.87900   43.3188  149.8442   10.94300   -0.08911
  8.8500   19.55800  123.99600   43.2765  149.8881   11.17200   -0.06813
  8.8583   19.36400  124.11200   43.2337  149.9325   11.39700   -0.04256
  8.8667   19.17000  124.22800   43.1903  149.9772   11.53600   -0.01380
  8.8750   18.97600  124.34400   43.1464  150.0224   11.77800   -0.00827
  8.8833   18.78200  124.45900   43.1020  150.0681   11.82500   -0.00186
  8.8917   18.58900  124.57400   43.0571  150.1140   11.95700    0.00009
  8.9000   18.39500  124.68800   43.0116  150.1606   12.16500    0.02736
  8.9083   18.20100  124.80200   42.9654  150.2077   12.39500    0.06187
  8.9167   18.00700  124.91600   42.9187  150.2552   12.58300    0.09162
  8.9250   17.81400  125.02900   42.8715  150.3030   12.76000    0.10573
  8.9333   17.62000  125.14200   42.8235  150.3515   12.87800    0.11048
  8.9417   17.42700  125.25500   42.7751  150.4001   12.98700    0.08657
  8.9500   17.23300  125.36700   42.7259  150.4497   12.94700    0.05301
  8.9583   17.03900  125.47900   42.6760  150.4997   12.97400    0.01903
  8.9667   16.84600  125.59000   42.6257  150.5500   13.07000   -0.00619
  8.9750   16.65200  125.70100   42.5745  150.6011   13.08000   -0.02298
  8.9833   16.45900  125.81200   42.5228  150.6524   13.15900   -0.03863
  8.9917   16.26600  125.92200   42.4705  150.7043   13.24900   -0.04288
  9.0000   16.07200  126.03200   42.4172  150.7570   13.33000   -0.02704
  9.0083   15.88000  126.14200   42.3637  150.8095   13.55400   -0.01959
  9.0167   15.68700  126.25100   42.3092  150.8631   13.57500    0.00288
  9.0250   15.49400  126.35900   42.2541  150.9172   13.75900    0.00288
  9.0333   15.30200  126.46800   42.1983  150.9714   13.80600    0.00799
  9.0417   15.10900  126.57600   42.1416  151.0266   13.86300    0.00016
  9.0500   14.91700  126.68400   42.0843  151.0820   13.94800   -0.00241
  9.0583   14.72400  126.79100   42.0260  151.1385   14.02700    0.00906
  9.0667   14.53200  126.89800   41.9672  151.1951   14.18200    0.02889
  9.0750   14.34000  127.00400   41.9076  151.2524   14.31900    0.06431
  9.0833   14.14700  127.11100   41.8468  151.3105   14.50100    0.08811
  9.0917   13.95500  127.21600   41.7856  151.3691   14.54200    0.09063
  9.1000   13.76300  127.32200   41.7234  151.4281   14.49000    0.08257
  9.1083   13.57000  127.42700   41.6601  151.4882   14.56600    0.07285
  9.1167   13.37800  127.53100   41.5963  151.5487   14.57300    0.07467
  9.1250   13.18600  127.63600   41.5315  151.6096   14.59000    0.06345
  9.1333   12.99400  127.73900   41.4659  151.6714   14.54000    0.05436
  9.1417   12.80200  127.84300   41.3992  151.7337   14.53600    0.04161
  9.1500   12.61000  127.94600   41.3317  151.7968   14.48900    0.02547
  9.1583   12.41800  128.04800   41.2633  151.8606   14.37400    0.02552
  9.1667   12.22600  128.15100   41.1937  151.9249   14.46500    0.02983
  9.1750   12.03400  128.25301   41.1232  151.9900   14.41900    0.04881
  9.1833   11.84300  128.35400   41.0522  152.0555   14.39900    0.05233
  9.1917   11.65200  128.45500   40.9800  152.1216   14.33800    0.05400
  9.2000   11.46100  128.55600   40.9068  152.1884   14.25400    0.05565
  9.2083   11.27000  128.65700   40.8325  152.2558   14.21100    0.04639
  9.2167   11.07900  128.75700   40.7572  152.3240   14.03600    0.03852
  9.2250   10.88800  128.85699   40.6808  152.3929   13.94400    0.03286
  9.2333   10.69700  128.95599   40.6034  152.4626   13.89900    0.03545
  9.2417   10.50600  129.05499   40.5248  152.5331   13.78200    0.03510
  9.2500   10.31500  129.15401   40.4451  152.6042   13.64700    0.02256
  9.2583   10.12400  129.25200   40.3642  152.6761   13.52600    0.01529
  9.2667    9.93300  129.35001   40.2822  152.7488   13.41000    0.00855
  9.2750    9.74300  129.44800   40.1993  152.8217   13.24900    0.00999
  9.2833    9.55200  129.54500   40.1149  152.8960   13.18900    0.00564
  9.2917    9.36100  129.64101   40.0294  152.9711   12.99000    0.00512
  9.3000    9.17000  129.73700   39.9426  153.0469   12.84700   -0.00307
  9.3083    8.98000  129.83299   39.8548  153.1230   12.70100   -0.00052
  9.3167    8.78900  129.92799   39.7655  153.2004   12.57200    0.00000

