hmax        =    300
wind_bottom =      2
wind_top    =     10
critlon     =      0
tbeg, h     =   0.00
tend, h     =  24.00
c_ionex     =      0
c_vert      =      1
time, gamma, az, latp, lonp, tec, tec_filtered
 14.0750    4.98800 -142.31700   36.3175  132.9313   21.97600    0.00000
 14.0833    5.19000 -142.25301   36.4502  133.0104   21.86200   -0.01218
 14.0917    5.39200 -142.18900   36.5810  133.0888   21.74700   -0.04116
 14.1000    5.59400 -142.12399   36.7100  133.1663   21.98800   -0.08217
 14.1083    5.79600 -142.05901   36.8371  133.2431   22.25100   -0.10365
 14.1167    5.99800 -141.99300   36.9624  133.3190   22.64300   -0.10968
 14.1250    6.20000 -141.92700   37.0859  133.3942   23.13600   -0.08369
 14.1333    6.40200 -141.86000   37.2077  133.4685   23.66700   -0.03393
 14.1417    6.60500 -141.79300   37.3282  133.5425   24.19600    0.01416
 14.1500    6.80800 -141.72600   37.4469  133.6158   24.59700    0.06240
 14.1583    7.01000 -141.65800   37.5634  133.6878   25.06600    0.10475
 14.1667    7.21300 -141.58900   37.6788  133.7594   25.46400    0.12080
 14.1750    7.41700 -141.52100   37.7928  133.8308   25.67200    0.11404
 14.1833    7.62000 -141.45300   37.9047  133.9012   25.95800    0.09841
 14.1917    7.82400 -141.38400   38.0154  133.9710   26.27600    0.08672
 14.2000    8.02800 -141.31400   38.1246  134.0400   26.49600    0.07585
 14.2083    8.23300 -141.24400   38.2326  134.1087   26.74800    0.05772
 14.2167    8.43700 -141.17400   38.3385  134.1763   26.94200    0.05348
 14.2250    8.64100 -141.10300   38.4428  134.2430   27.21700    0.06157
 14.2333    8.84600 -141.03101   38.5462  134.3092   27.51200    0.08305
 14.2417    9.05000 -140.95900   38.6475  134.3744   27.75600    0.10341
 14.2500    9.25500 -140.88699   38.7477  134.4393   27.95500    0.11644
 14.2583    9.46000 -140.81400   38.8464  134.5033   28.11900    0.11610
 14.2667    9.66500 -140.74100   38.9437  134.5667   28.18600    0.11999
 14.2750    9.87000 -140.66701   39.0395  134.6292   28.36200    0.12395
 14.2833   10.07500 -140.59300   39.1339  134.6911   28.46200    0.13195
 14.2917   10.28000 -140.51801   39.2269  134.7522   28.49800    0.12980
 14.3000   10.48600 -140.44299   39.3190  134.8129   28.51900    0.13333
 14.3083   10.69100 -140.36700   39.4093  134.8725   28.59900    0.13680
 14.3167   10.89700 -140.29100   39.4986  134.9318   28.55600    0.14839
 14.3250   11.10200 -140.21500   39.5862  134.9902   28.56700    0.14858
 14.3333   11.30800 -140.13800   39.6729  135.0481   28.46900    0.15138
 14.3417   11.51500 -140.06100   39.7586  135.1057   28.37900    0.14189
 14.3500   11.72100 -139.98399   39.8427  135.1624   28.22600    0.13253
 14.3583   11.92800 -139.90700   39.9259  135.2188   28.07200    0.12107
 14.3667   12.13500 -139.82800   40.0079  135.2742   27.91100    0.10265
 14.3750   12.34200 -139.75000   40.0887  135.3293   27.65100    0.08552
 14.3833   12.55000 -139.67101   40.1686  135.3839   27.47000    0.05835
 14.3917   12.75700 -139.59100   40.2471  135.4374   27.18900    0.03727
 14.4000   12.96400 -139.51100   40.3244  135.4904   26.94800    0.01293
 14.4083   13.17200 -139.43100   40.4008  135.5431   26.70800   -0.00212
 14.4167   13.37900 -139.35001   40.4759  135.5948   26.47900   -0.01201
 14.4250   13.58700 -139.26900   40.5501  135.6462   26.25600   -0.02108
 14.4333   13.79500 -139.18700   40.6233  135.6970   26.01300   -0.02844
 14.4417   14.00300 -139.10500   40.6954  135.7472   25.79400   -0.02929
 14.4500   14.21100 -139.02200   40.7665  135.7967   25.62400   -0.02495
 14.4583   14.41900 -138.93900   40.8366  135.8456   25.42100   -0.02021
 14.4667   14.62700 -138.85500   40.9057  135.8940   25.20500   -0.01572
 14.4750   14.83500 -138.77200   40.9737  135.9419   25.04300   -0.01531
 14.4833   15.04300 -138.68700   41.0408  135.9890   24.82000   -0.01973
 14.4917   15.25200 -138.60201   41.1073  136.0360   24.58100   -0.02870
 14.5000   15.46000 -138.51700   41.1725  136.0821   24.39000   -0.02420
 14.5083   15.67000 -138.43201   41.2372  136.1284   24.27800   -0.01333
 14.5167   15.87900 -138.34599   41.3009  136.1737   24.09800   -0.00093
 14.5250   16.08900 -138.25999   41.3639  136.2188   23.93000   -0.00799
 14.5333   16.29800 -138.17300   41.4257  136.2630   23.67900   -0.01566
 14.5417   16.50800 -138.08600   41.4870  136.3071   23.50000   -0.01398
 14.5500   16.71800 -137.99899   41.5473  136.3506   23.40700   -0.00610
 14.5583   16.92800 -137.91100   41.6069  136.3936   23.20600   -0.00044
 14.5667   17.13800 -137.82201   41.6657  136.4361   23.01600   -0.01213
 14.5750   17.34800 -137.73300   41.7236  136.4780   22.80500   -0.01983
 14.5833   17.55800 -137.64400   41.7807  136.5196   22.64500   -0.01880
 14.5917   17.76900 -137.55400   41.8373  136.5609   22.52500   -0.01293
 14.6000   17.97900 -137.46400   41.8929  136.6014   22.35300   -0.00930
 14.6083   18.18900 -137.37300   41.9478  136.6415   22.18400   -0.01307
 14.6167   18.40000 -137.28200   42.0021  136.6814   22.02800   -0.02044
 14.6250   18.61100 -137.19000   42.0557  136.7207   21.84900   -0.02910
 14.6333   18.82100 -137.09801   42.1084  136.7594   21.68300   -0.03749
 14.6417   19.03200 -137.00600   42.1605  136.7980   21.54200   -0.04122
 14.6500   19.24300 -136.91299   42.2120  136.8361   21.41000   -0.04963
 14.6583   19.45400 -136.82001   42.2628  136.8738   21.23800   -0.05882
 14.6667   19.66500 -136.72600   42.3130  136.9110   21.11500   -0.06789
 14.6750   19.87700 -136.63200   42.3627  136.9481   21.00500   -0.06665
 14.6833   20.08900 -136.53799   42.4117  136.9848   20.92300   -0.06234
 14.6917   20.30100 -136.44299   42.4601  137.0210   20.84000   -0.05788
 14.7000   20.51300 -136.34700   42.5079  137.0568   20.75400   -0.06517
 14.7083   20.72500 -136.25101   42.5551  137.0922   20.61800   -0.06574
 14.7167   20.93800 -136.15500   42.6019  137.1275   20.60400   -0.06756
 14.7250   21.15000 -136.05800   42.6479  137.1622   20.53200   -0.05423
 14.7333   21.36200 -135.96100   42.6932  137.1965   20.51400   -0.04701
 14.7417   21.57500 -135.86301   42.7383  137.2307   20.47500   -0.03728
 14.7500   21.78800 -135.76500   42.7827  137.2644   20.43100   -0.02732
 14.7583   22.00000 -135.66701   42.8264  137.2977   20.42200   -0.01855
 14.7667   22.21300 -135.56799   42.8697  137.3308   20.38000   -0.00343
 14.7750   22.42600 -135.46800   42.9126  137.3634   20.37800    0.01601
 14.7833   22.63900 -135.36900   42.9548  137.3959   20.39600    0.03141
 14.7917   22.85200 -135.26801   42.9966  137.4279   20.32900    0.04491
 14.8000   23.06500 -135.16800   43.0379  137.4597   20.31400    0.05276
 14.8083   23.27800 -135.06700   43.0786  137.4911   20.29700    0.05526
 14.8167   23.49100 -134.96500   43.1189  137.5221   20.19100    0.04911
 14.8250   23.70500 -134.86301   43.1589  137.5531   20.11700    0.03613
 14.8333   23.91800 -134.76100   43.1982  137.5835   20.04800    0.03059
 14.8417   24.13200 -134.65800   43.2372  137.6139   19.97900    0.02235
 14.8500   24.34600 -134.55400   43.2757  137.6438   19.87700    0.01576
 14.8583   24.56100 -134.45100   43.3139  137.6738   19.80600    0.00728
 14.8667   24.77500 -134.34599   43.3516  137.7032   19.71200    0.00548
 14.8750   24.98900 -134.24100   43.3889  137.7323   19.64200    0.01126
 14.8833   25.20400 -134.13600   43.4258  137.7614   19.61100    0.01622
 14.8917   25.41900 -134.03000   43.4623  137.7901   19.51100    0.01678
 14.9000   25.63300 -133.92400   43.4982  137.8184   19.41800    0.00451
 14.9083   25.84800 -133.81700   43.5339  137.8466   19.31600   -0.00541
 14.9167   26.06300 -133.71001   43.5692  137.8745   19.23500   -0.02254
 14.9250   26.27800 -133.60201   43.6041  137.9022   19.10000   -0.03608
 14.9333   26.49200 -133.49400   43.6385  137.9294   19.02200   -0.04947
 14.9417   26.70700 -133.38600   43.6725  137.9566   18.94500   -0.05125
 14.9500   26.92300 -133.27699   43.7064  137.9837   18.88100   -0.04434
 14.9583   27.13800 -133.16800   43.7397  138.0104   18.85300   -0.02713
 14.9667   27.35300 -133.05800   43.7727  138.0368   18.83200   -0.00240
 14.9750   27.56800 -132.94800   43.8053  138.0630   18.80800    0.01642
 14.9833   27.78300 -132.83701   43.8376  138.0889   18.74400    0.02547
 14.9917   27.99900 -132.72600   43.8697  138.1148   18.66900    0.02379
 15.0000   28.21400 -132.61501   43.9012  138.1404   18.58700    0.02501
 15.0083   28.43000 -132.50301   43.9326  138.1658   18.54300    0.02719
 15.0167   28.64600 -132.39000   43.9636  138.1910   18.47300    0.02889
 15.0250   28.86300 -132.27600   43.9945  138.2161   18.38500    0.02658
 15.0333   29.07900 -132.16200   44.0249  138.2408   18.31100    0.02532
 15.0417   29.29500 -132.04800   44.0550  138.2654   18.23700    0.02727
 15.0500   29.51200 -131.93300   44.0849  138.2899   18.15200    0.02983
 15.0583   29.72800 -131.81799   44.1143  138.3141   18.06300    0.03370
 15.0667   29.94500 -131.70200   44.1436  138.3381   17.97800    0.04547
 15.0750   30.16100 -131.58600   44.1724  138.3619   17.92000    0.05680
 15.0833   30.37800 -131.46899   44.2011  138.3855   17.81800    0.05982
 15.0917   30.59400 -131.35201   44.2294  138.4089   17.67900    0.05484
 15.1000   30.81100 -131.23399   44.2575  138.4322   17.56800    0.04848
 15.1083   31.02800 -131.11600   44.2853  138.4554   17.44800    0.04642
 15.1167   31.24500 -130.99800   44.3128  138.4784   17.32300    0.04004
 15.1250   31.46200 -130.87900   44.3401  138.5011   17.18000    0.02859
 15.1333   31.67900 -130.75900   44.3671  138.5237   17.02800    0.01267
 15.1417   31.89600 -130.63901   44.3938  138.5461   16.87500   -0.00357
 15.1500   32.11300 -130.51900   44.4203  138.5684   16.73100   -0.01194
 15.1583   32.33000 -130.39900   44.4464  138.5906   16.61600   -0.01350
 15.1667   32.54700 -130.27699   44.4724  138.6125   16.49400   -0.01834
 15.1750   32.76500 -130.15500   44.4982  138.6344   16.33200   -0.02656
 15.1833   32.98200 -130.03200   44.5237  138.6560   16.20400   -0.03327
 15.1917   33.20000 -129.90800   44.5491  138.6775   16.09600   -0.04563
 15.2000   33.41800 -129.78400   44.5742  138.6989   15.91200   -0.04518
 15.2083   33.63600 -129.65900   44.5990  138.7201   15.85500   -0.04751
 15.2167   33.85400 -129.53400   44.6237  138.7412   15.74300   -0.03364
 15.2250   34.07200 -129.40800   44.6481  138.7621   15.65200   -0.03186
 15.2333   34.29000 -129.28200   44.6723  138.7829   15.54800   -0.03523
 15.2417   34.50800 -129.15601   44.6962  138.8036   15.42200   -0.04203
 15.2500   34.72600 -129.02901   44.7199  138.8242   15.32500   -0.04095
 15.2583   34.94500 -128.90100   44.7435  138.8447   15.26900   -0.03725
 15.2667   35.16300 -128.77299   44.7668  138.8649   15.16700   -0.03249
 15.2750   35.38100 -128.64400   44.7899  138.8850   15.08100   -0.03246
 15.2833   35.59900 -128.51500   44.8128  138.9050   15.01000   -0.02707
 15.2917   35.81800 -128.38600   44.8355  138.9251   14.93400   -0.01490
 15.3000   36.03600 -128.25600   44.8580  138.9448   14.88100   -0.00216
 15.3083   36.25500 -128.12500   44.8803  138.9646   14.80700    0.01216
 15.3167   36.47300 -127.99400   44.9024  138.9841   14.73500    0.03073
 15.3250   36.69100 -127.86300   44.9243  139.0035   14.70000    0.04178
 15.3333   36.91000 -127.73100   44.9460  139.0229   14.59000    0.05802
 15.3417   37.12900 -127.59700   44.9676  139.0421   14.54000    0.05638
 15.3500   37.34800 -127.46300   44.9891  139.0612   14.41800    0.05786
 15.3583   37.56700 -127.32800   45.0103  139.0802   14.31800    0.04474
 15.3667   37.78600 -127.19300   45.0313  139.0991   14.20000    0.03301
 15.3750   38.00500 -127.05700   45.0522  139.1179   14.08500    0.01553
 15.3833   38.22400 -126.92000   45.0730  139.1365   13.96000   -0.00377
 15.3917   38.44400 -126.78300   45.0936  139.1552   13.83600   -0.01923
 15.4000   38.66300 -126.64500   45.1139  139.1737   13.73900   -0.03182
 15.4083   38.88200 -126.50700   45.1341  139.1920   13.62900   -0.04081
 15.4167   39.10100 -126.36800   45.1541  139.2103   13.52400   -0.05340
 15.4250   39.32100 -126.22900   45.1740  139.2286   13.41500   -0.06874
 15.4333   39.54000 -126.08900   45.1937  139.2467   13.30000   -0.07404
 15.4417   39.75900 -125.94900   45.2132  139.2647   13.24700   -0.07027
 15.4500   39.97800 -125.80800   45.2326  139.2826   13.18600   -0.05732
 15.4583   40.19800 -125.66700   45.2518  139.3005   13.11400   -0.04142
 15.4667   40.41700 -125.52500   45.2709  139.3182   13.07500   -0.03244
 15.4750   40.63700 -125.38200   45.2899  139.3359   12.98700   -0.01393
 15.4833   40.85600 -125.23900   45.3086  139.3535   12.96100   -0.00012
 15.4917   41.07500 -125.09600   45.3271  139.3710   12.90500    0.02451
 15.5000   41.29500 -124.95200   45.3456  139.3885   12.86400    0.04231
 15.5083   41.51500 -124.80500   45.3641  139.4059   12.80800    0.06329
 15.5167   41.73400 -124.65800   45.3823  139.4230   12.76600    0.07257
 15.5250   41.95400 -124.51000   45.4004  139.4402   12.67100    0.06260
 15.5333   42.17400 -124.36200   45.4184  139.4573   12.52700    0.04333
 15.5417   42.39400 -124.21300   45.4362  139.4744   12.43700    0.03409
 15.5500   42.61400 -124.06300   45.4539  139.4913   12.37700    0.03508
 15.5583   42.83400 -123.91300   45.4715  139.5082   12.27300    0.03712
 15.5667   43.05400 -123.76200   45.4889  139.5251   12.18200    0.02955
 15.5750   43.27400 -123.61100   45.5062  139.5418   12.07700    0.01947
 15.5833   43.49300 -123.45800   45.5233  139.5584   11.95300    0.01265
 15.5917   43.71300 -123.30600   45.5403  139.5751   11.86900    0.00204
 15.6000   43.93300 -123.15200   45.5572  139.5916   11.73700   -0.00647
 15.6083   44.15300 -122.99800   45.5740  139.6081   11.61600   -0.01818
 15.6167   44.37300 -122.84400   45.5906  139.6246   11.51600   -0.02461
 15.6250   44.59300 -122.68900   45.6071  139.6410   11.41200   -0.01613
 15.6333   44.81300 -122.53300   45.6235  139.6573   11.35200   -0.00577
 15.6417   45.03300 -122.37600   45.6398  139.6735   11.26100    0.00403
 15.6500   45.25300 -122.21900   45.6559  139.6898   11.15200    0.00204
 15.6583   45.47200 -122.06200   45.6719  139.7059   11.04500    0.00650
 15.6667   45.69200 -121.90300   45.6878  139.7219   10.97700   -0.00659
 15.6750   45.91200 -121.74200   45.7036  139.7379   10.79500   -0.00641
 15.6833   46.13300 -121.58000   45.7194  139.7540   10.73900   -0.01406
 15.6917   46.35300 -121.41700   45.7350  139.7698   10.63800    0.00943
 15.7000   46.57300 -121.25300   45.7506  139.7856   10.58000    0.01196
 15.7083   46.79300 -121.08800   45.7660  139.8014   10.44100    0.03381
 15.7167   47.01300 -120.92300   45.7813  139.8171   10.41400    0.03712
 15.7250   47.23300 -120.75700   45.7965  139.8328   10.27900    0.04597
 15.7333   47.45300 -120.59100   45.8115  139.8484   10.16000    0.03005
 15.7417   47.67300 -120.42300   45.8265  139.8640   10.03500    0.01998
 15.7500   47.89300 -120.25500   45.8414  139.8796    9.92400   -0.00039
 15.7583   48.11300 -120.08600   45.8561  139.8951    9.77100   -0.01864
 15.7667   48.33300 -119.91600   45.8708  139.9105    9.66600   -0.03895
 15.7750   48.55200 -119.74600   45.8852  139.9259    9.56300   -0.04817
 15.7833   48.77200 -119.57500   45.8997  139.9413    9.46400   -0.06188
 15.7917   48.99200 -119.40300   45.9140  139.9566    9.35400   -0.07857
 15.8000   49.21200 -119.23000   45.9282  139.9719    9.24700   -0.09292
 15.8083   49.43200 -119.05700   45.9423  139.9872    9.17100   -0.11683
 15.8167   49.65200 -118.88300   45.9564  140.0025    9.03800   -0.13431
 15.8250   49.87100 -118.70800   45.9703  140.0176    8.97600   -0.14900
 15.8333   50.09100 -118.53200   45.9841  140.0328    8.92800   -0.12907
 15.8417   50.31100 -118.35200   45.9979  140.0479    8.94600   -0.10073
 15.8500   50.53000 -118.17100   46.0116  140.0628    8.93400   -0.06952
 15.8583   50.75000 -117.99000   46.0252  140.0778    8.91400   -0.05716
 15.8667   50.97000 -117.80700   46.0388  140.0928    8.87800   -0.05488
 15.8750   51.18900 -117.62400   46.0522  140.1077    8.84700   -0.04627
 15.8833   51.40900 -117.43900   46.0656  140.1226    8.87200   -0.03916
 15.8917   51.62800 -117.25400   46.0788  140.1374    8.85000   -0.02963
 15.9000   51.84800 -117.06800   46.0920  140.1523    8.84700   -0.03272
 15.9083   52.06700 -116.88000   46.1051  140.1670    8.84000   -0.03640
 15.9167   52.28600 -116.69200   46.1180  140.1817    8.82800   -0.03899
 15.9250   52.50600 -116.50300   46.1309  140.1965    8.83100   -0.04351
 15.9333   52.72500 -116.31300   46.1437  140.2112    8.81700   -0.03419
 15.9417   52.94400 -116.12200   46.1564  140.2259    8.85500   -0.01930
 15.9500   53.16300 -115.93000   46.1690  140.2406    8.88200    0.00591
 15.9583   53.38200 -115.73700   46.1815  140.2552    8.90700    0.03025
 15.9667   53.60100 -115.54300   46.1940  140.2698    8.93800    0.04644
 15.9750   53.82000 -115.34800   46.2063  140.2844    8.92900    0.05500
 15.9833   54.03900 -115.15200   46.2186  140.2990    8.92300    0.05477
 15.9917   54.25800 -114.95500   46.2308  140.3136    8.92500    0.04147
 16.0000   54.47700 -114.75700   46.2429  140.3281    8.87300    0.03207
 16.0083   54.69500 -114.55400   46.2550  140.3425    8.88300    0.02465
 16.0167   54.91400 -114.34900   46.2670  140.3569    8.89200    0.02798
 16.0250   55.13200 -114.14300   46.2790  140.3713    8.87600    0.01520
 16.0333   55.35100 -113.93700   46.2909  140.3857    8.82500   -0.00874
 16.0417   55.56900 -113.72800   46.3027  140.4000    8.78600   -0.03954
 16.0500   55.78700 -113.51900   46.3144  140.4143    8.73600   -0.04425
 16.0583   56.00500 -113.30900   46.3260  140.4286    8.76800   -0.02394
 16.0667   56.22300 -113.09700   46.3376  140.4429    8.81100    0.00670
 16.0750   56.44100 -112.88400   46.3490  140.4572    8.79500    0.02488
 16.0833   56.65900 -112.66900   46.3605  140.4715    8.78400    0.03018
 16.0917   56.87700 -112.45400   46.3718  140.4858    8.78200    0.03780
 16.1000   57.09500 -112.23700   46.3830  140.5000    8.77100    0.05054
 16.1083   57.31200 -112.01800   46.3942  140.5142    8.77300    0.04760
 16.1167   57.53000 -111.79900   46.4053  140.5285    8.71300    0.03535
 16.1250   57.74700 -111.57800   46.4163  140.5426    8.66600    0.01111
 16.1333   57.96400 -111.35500   46.4272  140.5568    8.62400   -0.00091
 16.1417   58.18100 -111.13100   46.4380  140.5710    8.59900    0.00570
 16.1500   58.39800 -110.90600   46.4488  140.5851    8.61000    0.02230
 16.1583   58.61500 -110.67900   46.4595  140.5993    8.59700    0.03851
 16.1667   58.83200 -110.45100   46.4702  140.6135    8.57200    0.03535
 16.1750   59.04800 -110.21700   46.4808  140.6275    8.51800    0.03418
 16.1833   59.26500 -109.98000   46.4915  140.6416    8.50800    0.02896
 16.1917   59.48100 -109.74200   46.5020  140.6556    8.45900    0.00890
 16.2000   59.69700 -109.50200   46.5124  140.6696    8.34500   -0.01182
 16.2083   59.91300 -109.26100   46.5228  140.6836    8.32300   -0.03598
 16.2167   60.12800 -109.01700   46.5331  140.6976    8.25200   -0.02687
 16.2250   60.34400 -108.77200   46.5434  140.7116    8.24000    0.00263
 16.2333   60.55900 -108.52600   46.5535  140.7256    8.27700    0.06210
 16.2417   60.77500 -108.27700   46.5637  140.7396    8.29800    0.11398
 16.2500   60.99000 -108.02600   46.5737  140.7536    8.25000    0.13633
 16.2583   61.20500 -107.77400   46.5837  140.7676    8.17900    0.12934
 16.2667   61.41900 -107.51900   46.5936  140.7815    8.09600    0.11139
 16.2750   61.63400 -107.26300   46.6034  140.7955    8.00600    0.07809
 16.2833   61.84900 -107.00500   46.6132  140.8095    7.88400    0.02865
 16.2917   62.06300 -106.74400   46.6229  140.8234    7.74700   -0.01888
 16.3000   62.27700 -106.48200   46.6325  140.8374    7.66800   -0.03998
 16.3083   62.49100 -106.21700   46.6420  140.8513    7.63300   -0.04555
 16.3167   62.70500 -105.95100   46.6515  140.8653    7.54000   -0.04739
 16.3250   62.91800 -105.68200   46.6609  140.8792    7.46100   -0.05239
 16.3333   63.13200 -105.41100   46.6703  140.8932    7.40000   -0.03708
 16.3417   63.34400 -105.13100   46.6797  140.9070    7.36400   -0.03159
 16.3500   63.55700 -104.84900   46.6890  140.9209    7.25000   -0.01353
 16.3583   63.76900 -104.56500   46.6983  140.9347    7.23600   -0.00595
 16.3667   63.98100 -104.27800   46.7075  140.9486    7.17600    0.01567
 16.3750   64.19300 -103.98800   46.7167  140.9624    7.11800    0.03256
 16.3833   64.40500 -103.69500   46.7258  140.9763    7.09300    0.02985
 16.3917   64.61600 -103.40000   46.7348  140.9902    6.97400    0.03032
 16.4000   64.82700 -103.10200   46.7438  141.0040    6.92700   -0.00022
 16.4083   65.03800 -102.80100   46.7527  141.0179    6.80800   -0.03959
 16.4167   65.24800 -102.49800   46.7615  141.0317    6.67500   -0.06797
 16.4250   65.45900 -102.19100   46.7703  141.0456    6.68300   -0.07236
 16.4333   65.66900 -101.88100   46.7790  141.0595    6.66600   -0.06751
 16.4417   65.87900 -101.56900   46.7876  141.0734    6.58700   -0.09656
 16.4500   66.08800 -101.25300   46.7962  141.0872    6.51800   -0.15899
 16.4583   66.29800 -100.93400   46.8047  141.1012    6.42000   -0.19208
 16.4667   66.50600 -100.61200   46.8132  141.1150    6.44500   -0.24120
 16.4750   66.71500 -100.28600   46.8216  141.1289    6.32100   -0.24440
 16.4833   66.92400  -99.95700   46.8299  141.1429    6.36100   -0.21289
 16.4917   67.13200  -99.62400   46.8382  141.1568    6.49000   -0.13831
 16.5000   67.33900  -99.28800   46.8464  141.1706    6.49900   -0.04232
 16.5083   67.54600  -98.94100   46.8547  141.1845    6.59300    0.07787
 16.5167   67.75200  -98.58900   46.8629  141.1983    6.77900    0.25697
 16.5250   67.95800  -98.23300   46.8710  141.2121    6.94700    0.42620
 16.5333   68.16300  -97.87400   46.8791  141.2259    6.98100    0.48625
 16.5417   68.36900  -97.51000   46.8872  141.2398    6.78900    0.47315
 16.5500   68.57300  -97.14100   46.8952  141.2536    6.68300    0.42681
 16.5583   68.77800  -96.76800   46.9031  141.2675    6.57700    0.37866
 16.5667   68.98200  -96.39100   46.9109  141.2814    6.34600    0.35383
 16.5750   69.18500  -96.00900   46.9187  141.2952    6.27300    0.31519
 16.5833   69.38800  -95.62200   46.9265  141.3091    6.05900    0.29729
 16.5917   69.59100  -95.23000   46.9342  141.3230    5.82200    0.26089
 16.6000   69.79300  -94.83300   46.9418  141.3369    5.62400    0.23549
 16.6083   69.99500  -94.43100   46.9494  141.3509    5.38500    0.20547
 16.6167   70.19600  -94.02400   46.9569  141.3648    5.07800    0.14153
 16.6250   70.39700  -93.61100   46.9643  141.3787    4.74000    0.09740
 16.6333   70.59700  -93.19300   46.9717  141.3927    4.54700    0.09804
 16.6417   70.79700  -92.76900   46.9791  141.4066    4.38000    0.08128
 16.6500   70.99600  -92.33900   46.9863  141.4206    3.99000   -0.02730
 16.6583   71.19400  -91.90300   46.9935  141.4345    3.50600   -0.16807
 16.6667   71.39300  -91.46100   47.0007  141.4485    3.23600   -0.25385
 16.6750   71.58900  -91.00300   47.0079  141.4624    3.02000   -0.25841
 16.6833   71.78400  -90.53800   47.0151  141.4763    2.80900   -0.26224
 16.6917   71.97900  -90.06600   47.0223  141.4902    2.56900   -0.25786
 16.7000   72.17400  -89.58700   47.0293  141.5042    2.40900   -0.25919
 16.7083   72.36700  -89.10000   47.0364  141.5181    2.21800   -0.22194
 16.7167   72.56000  -88.60600   47.0433  141.5321    2.12800   -0.17477
 16.7250   72.75200  -88.10400   47.0502  141.5460    2.02300   -0.15091
 16.7333   72.94400  -87.59400   47.0571  141.5600    1.78300   -0.18145
 16.7417   73.13500  -87.07600   47.0639  141.5741    1.56800   -0.21725
 16.7500   73.32500  -86.55000   47.0706  141.5881    1.49600   -0.20264
 16.7583   73.51400  -86.01400   47.0773  141.6021    1.45500   -0.13831
 16.7667   73.70200  -85.47000   47.0839  141.6161    1.42000   -0.08917
 16.7750   73.88900  -84.91700   47.0905  141.6302    1.32600   -0.04410
 16.7833   74.07600  -84.35400   47.0970  141.6443    1.29200   -0.04517
 16.7917   74.26100  -83.78100   47.1034  141.6583    1.13500   -0.03679
 16.8000   74.44600  -83.19900   47.1098  141.6724    1.08700   -0.05213
 16.8083   74.63000  -82.60600   47.1162  141.6866    1.00200   -0.04180
 16.8167   74.81200  -82.00200   47.1225  141.7007    0.95200   -0.05023
 16.8250   74.99400  -81.38800   47.1287  141.7148    0.87900   -0.06026
 16.8333   75.17400  -80.76200   47.1349  141.7289    0.82100   -0.08938
 16.8417   75.35200  -80.11300   47.1411  141.7431    0.73300   -0.10920
 16.8500   75.52800  -79.45200   47.1473  141.7571    0.70000   -0.14941
 16.8583   75.70300  -78.77800   47.1535  141.7712    0.58800   -0.17484
 16.8667   75.87700  -78.09200   47.1596  141.7854    0.55400   -0.18649
 16.8750   76.04900  -77.39200   47.1656  141.7995    0.57500   -0.14647
 16.8833   76.22000  -76.67900   47.1716  141.8136    0.63300   -0.09811
 16.8917   76.39000  -75.95100   47.1776  141.8278    0.63800   -0.05794
 16.9000   76.55800  -75.20900   47.1835  141.8420    0.64500   -0.01697
 16.9083   76.72500  -74.45300   47.1893  141.8562    0.71300    0.02037
 16.9167   76.89000  -73.68100   47.1951  141.8705    0.70900    0.05548
 16.9250   77.05300  -72.89300   47.2008  141.8847    0.70800    0.07085
 16.9333   77.21500  -72.09000   47.2065  141.8990    0.71300    0.08294
 16.9417   77.37400  -71.27000   47.2121  141.9132    0.70100    0.07446
 16.9500   77.53300  -70.43400   47.2176  141.9276    0.64000    0.07557
 16.9583   77.68900  -69.58000   47.2232  141.9419    0.67600    0.07987
 16.9667   77.84300  -68.70900   47.2286  141.9562    0.66800    0.10834
 16.9750   77.99500  -67.81900   47.2340  141.9705    0.67300    0.10894
 16.9833   78.14500  -66.91100   47.2393  141.9849    0.61500    0.08725
 16.9917   78.29300  -65.98400   47.2446  141.9993    0.53100    0.03454
 17.0000   78.43900  -65.03800   47.2499  142.0137    0.43500   -0.01200
 17.0083   78.57900  -64.05900   47.2552  142.0280    0.39300   -0.04944
 17.0167   78.71700  -63.06000   47.2605  142.0423    0.33800   -0.06298
 17.0250   78.85300  -62.04100   47.2657  142.0567    0.31600   -0.06956
 17.0333   78.98600  -61.00100   47.2709  142.0711    0.29800   -0.06677
 17.0417   79.11600  -59.93900   47.2760  142.0855    0.27300   -0.06599
 17.0500   79.24400  -58.85600   47.2811  142.1000    0.24800   -0.07352
 17.0583   79.36800  -57.75100   47.2861  142.1144    0.20400   -0.07365
 17.0667   79.48900  -56.62500   47.2911  142.1289    0.20500   -0.06915
 17.0750   79.60700  -55.47600   47.2960  142.1434    0.20100   -0.05157
 17.0833   79.72200  -54.30500   47.3008  142.1579    0.21000   -0.03349
 17.0917   79.83400  -53.11200   47.3056  142.1724    0.22500   -0.02208
 17.1000   79.94200  -51.89700   47.3104  142.1870    0.21000   -0.02072
 17.1083   80.04700  -50.66000   47.3151  142.2016    0.19400   -0.01855
 17.1167   80.14700  -49.40000   47.3197  142.2161    0.21500   -0.00538
 17.1250   80.24400  -48.11900   47.3243  142.2307    0.23600    0.00540
 17.1333   80.33800  -46.81600   47.3288  142.2454    0.21500    0.00939
 17.1417   80.42700  -45.49200   47.3333  142.2600    0.21900    0.00923
 17.1500   80.51200  -44.14700   47.3377  142.2747    0.23000    0.01514
 17.1583   80.59300  -42.78100   47.3421  142.2894    0.22700    0.02372
 17.1667   80.66900  -41.39600   47.3464  142.3041    0.23500    0.02369
 17.1750   80.73800  -39.98300   47.3509  142.3187    0.21500    0.02531
 17.1833   80.80200  -38.55200   47.3552  142.3334    0.21400    0.02211
 17.1917   80.86200  -37.10400   47.3595  142.3481    0.20700    0.02317
 17.2000   80.91700  -35.64000   47.3638  142.3629    0.19900    0.02215
 17.2083   80.96700  -34.16200   47.3680  142.3776    0.18900    0.02243
 17.2167   81.01200  -32.67100   47.3722  142.3923    0.18300    0.02491
 17.2250   81.05200  -31.16700   47.3763  142.4071    0.18000    0.01589
 17.2333   81.08700  -29.65200   47.3804  142.4219    0.13400    0.00201
 17.2417   81.11700  -28.12800   47.3844  142.4368    0.11100   -0.01088
 17.2500   81.14200  -26.59700   47.3883  142.4516    0.10800   -0.01553
 17.2583   81.16200  -25.05900   47.3922  142.4665    0.08600   -0.01180
 17.2667   81.17700  -23.51600   47.3961  142.4814    0.08800   -0.01001
 17.2750   81.18700  -21.97000   47.3998  142.4963    0.08000   -0.00762
 17.2833   81.19100  -20.42300   47.4036  142.5113    0.06100   -0.00932
 17.2917   81.19000  -18.87500   47.4073  142.5262    0.05300   -0.00962
 17.3000   81.18400  -17.33000   47.4109  142.5412    0.05200   -0.01041
 17.3083   81.17300  -15.78800   47.4145  142.5562    0.03400   -0.01385
 17.3167   81.15700  -14.25100   47.4180  142.5713    0.02200   -0.02214
 17.3250   81.13600  -12.72100   47.4215  142.5863    0.01100   -0.02985
 17.3333   81.11000  -11.19900   47.4249  142.6014    0.00000   -0.03460
 17.3417   81.07400   -9.68800   47.4284  142.6164    0.00100   -0.03704
 17.3500   81.03400   -8.19000   47.4319  142.6314    0.00000   -0.03477
 17.3583   80.99000   -6.70500   47.4353  142.6465    0.00600   -0.02829
 17.3667   80.94000   -5.23400   47.4387  142.6616    0.02200   -0.02034
 17.3750   80.88600   -3.77800   47.4420  142.6768    0.02800   -0.01285
 17.3833   80.82700   -2.34000   47.4453  142.6919    0.03500   -0.00850
 17.3917   80.76400   -0.91800   47.4485  142.7071    0.04300   -0.00563
 17.4000   80.69600    0.48400   47.4516  142.7223    0.04600   -0.00009
 17.4083   80.62400    1.86800   47.4547  142.7375    0.06200    0.00581
 17.4167   80.54800    3.23200   47.4578  142.7528    0.07200    0.01350
 17.4250   80.46800    4.57600   47.4608  142.7680    0.08000    0.01793
 17.4333   80.38400    5.89800   47.4637  142.7833    0.08500    0.02153
 17.4417   80.29600    7.20000   47.4666  142.7986    0.09000    0.02438
 17.4500   80.20400    8.47900   47.4695  142.8140    0.09300    0.02960
 17.4583   80.10900    9.73800   47.4722  142.8293    0.10200    0.03084
 17.4667   80.01000   10.97400   47.4750  142.8447    0.09200    0.03149
 17.4750   79.90800   12.18800   47.4776  142.8602    0.09100    0.02499
 17.4833   79.80300   13.38000   47.4802  142.8756    0.07700    0.02180
 17.4917   79.69400   14.55000   47.4828  142.8911    0.07600    0.01438
 17.5000   79.58300   15.69800   47.4853  142.9065    0.06100    0.00660
 17.5083   79.46500   16.81400   47.4879  142.9220    0.04500   -0.00404
 17.5167   79.34400   17.90900   47.4905  142.9375    0.03500   -0.01143
 17.5250   79.22100   18.98200   47.4930  142.9530    0.03000   -0.01976
 17.5333   79.09500   20.03300   47.4955  142.9685    0.01200   -0.02564
 17.5417   78.96600   21.06400   47.4979  142.9841    0.00900   -0.03024
 17.5500   78.83500   22.07400   47.5003  142.9996    0.00900   -0.03022
 17.5583   78.70200   23.06300   47.5026  143.0152    0.00600   -0.02719
 17.5667   78.56700   24.03300   47.5048  143.0309    0.01600   -0.02470
 17.5750   78.42900   24.98400   47.5070  143.0466    0.01700   -0.02016
 17.5833   78.29000   25.91500   47.5092  143.0622    0.02300   -0.01599
 17.5917   78.14800   26.82800   47.5113  143.0780    0.03400   -0.01190
 17.6000   78.00500   27.72200   47.5133  143.0937    0.03700   -0.00518
 17.6083   77.85900   28.59800   47.5153  143.1095    0.05300   -0.00602
 17.6167   77.71200   29.45800   47.5172  143.1252    0.04200   -0.00220
 17.6250   77.56400   30.30000   47.5191  143.1410    0.06000   -0.00086
 17.6333   77.41400   31.12500   47.5209  143.1569    0.06900    0.01050
 17.6417   77.26200   31.93500   47.5226  143.1727    0.08900    0.01808
 17.6500   77.10800   32.72900   47.5244  143.1886    0.09400    0.02247
 17.6583   76.95400   33.50700   47.5260  143.2045    0.09100    0.02330
 17.6667   76.79800   34.27100   47.5276  143.2205    0.09700    0.02296
 17.6750   76.63700   35.00800   47.5293  143.2364    0.09600    0.02437
 17.6833   76.47600   35.73200   47.5310  143.2523    0.09600    0.02139
 17.6917   76.31400   36.44200   47.5326  143.2683    0.08600    0.01834
 17.7000   76.15000   37.13900   47.5341  143.2843    0.08400    0.01595
 17.7083   75.98500   37.82300   47.5356  143.3004    0.08600    0.01611
 17.7167   75.82000   38.49500   47.5370  143.3164    0.08500    0.01052
 17.7250   75.65300   39.15500   47.5384  143.3325    0.06400    0.00060
 17.7333   75.48500   39.80300   47.5398  143.3486    0.05100   -0.01095
 17.7417   75.31700   40.44000   47.5410  143.3648    0.04400   -0.01842
 17.7500   75.14700   41.06500   47.5423  143.3809    0.03600   -0.02579
 17.7583   74.97700   41.68000   47.5434  143.3971    0.02600   -0.03165
 17.7667   74.80600   42.28500   47.5445  143.4134    0.02600   -0.03485
 17.7750   74.63400   42.87900   47.5456  143.4296    0.03000   -0.02969
 17.7833   74.46200   43.46400   47.5466  143.4459    0.04800   -0.02039
 17.7917   74.28800   44.03900   47.5475  143.4622    0.06400   -0.01683
 17.8000   74.11400   44.60500   47.5484  143.4785    0.05300   -0.02071
 17.8083   73.94000   45.16200   47.5492  143.4949    0.05200   -0.02572
 17.8167   73.76500   45.71000   47.5500  143.5112    0.06800   -0.02800
 17.8250   73.58900   46.25000   47.5507  143.5277    0.06900   -0.01899
 17.8333   73.41300   46.78200   47.5513  143.5441    0.10600   -0.01207
 17.8417   73.23300   47.29500   47.5522  143.5606    0.11800   -0.00221
 17.8500   73.05400   47.80000   47.5529  143.5770    0.13000   -0.00337
 17.8583   72.87400   48.29800   47.5535  143.5935    0.13300    0.00320
 17.8667   72.69300   48.78900   47.5542  143.6101    0.16800    0.01117
 17.8750   72.51200   49.27300   47.5547  143.6266    0.18200    0.02161
 17.8833   72.33100   49.75000   47.5552  143.6432    0.19100    0.02420
 17.8917   72.14900   50.22100   47.5556  143.6598    0.20000    0.02500
 17.9000   71.96700   50.68600   47.5560  143.6764    0.20800    0.02588
 17.9083   71.78500   51.14400   47.5563  143.6931    0.21700    0.02615
 17.9167   71.60200   51.59600   47.5566  143.7098    0.22200    0.02544
 17.9250   71.41800   52.04300   47.5568  143.7266    0.22400    0.02109
 17.9333   71.23500   52.48400   47.5570  143.7433    0.21800    0.01678
 17.9417   71.05100   52.91900   47.5571  143.7601    0.22200    0.01054
 17.9500   70.86700   53.34900   47.5571  143.7769    0.21600    0.00395
 17.9583   70.68300   53.77300   47.5571  143.7937    0.20700   -0.00573
 17.9667   70.49800   54.19300   47.5570  143.8106    0.19900   -0.00925
 17.9750   70.31300   54.60800   47.5569  143.8275    0.21200   -0.00812
 17.9833   70.12800   55.01700   47.5567  143.8444    0.21800   -0.00622
 17.9917   69.94300   55.42300   47.5564  143.8614    0.21300   -0.01046
 18.0000   69.75700   55.82300   47.5561  143.8784    0.20700   -0.01532
 18.0083   69.57000   56.21000   47.5559  143.8954    0.21200   -0.01704
 18.0167   69.38200   56.59300   47.5557  143.9124    0.21900   -0.01717
 18.0250   69.19400   56.97100   47.5554  143.9295    0.22100   -0.01721
 18.0333   69.00600   57.34600   47.5550  143.9466    0.22900   -0.01825
 18.0417   68.81800   57.71700   47.5546  143.9637    0.23500   -0.01721
 18.0500   68.62900   58.08400   47.5541  143.9809    0.24500   -0.01393
 18.0583   68.44100   58.44800   47.5536  143.9980    0.26100   -0.00938
 18.0667   68.25200   58.80800   47.5530  144.0153    0.27100   -0.00683
 18.0750   68.06300   59.16400   47.5523  144.0326    0.27600   -0.00366
 18.0833   67.87400   59.51700   47.5516  144.0499    0.29600    0.00010
 18.0917   67.68500   59.86700   47.5508  144.0672    0.31100    0.00844
 18.1000   67.49600   60.21400   47.5500  144.0845    0.33200    0.01316
 18.1083   67.30700   60.55700   47.5491  144.1019    0.34000    0.01381
 18.1167   67.11800   60.89700   47.5481  144.1193    0.34100    0.00653
 18.1250   66.92800   61.23500   47.5471  144.1368    0.33500    0.00267
 18.1333   66.73900   61.56900   47.5460  144.1542    0.35200   -0.00148
 18.1417   66.54900   61.90100   47.5449  144.1717    0.35000    0.00417
 18.1500   66.36000   62.23000   47.5437  144.1892    0.37500    0.00771
 18.1583   66.17000   62.55600   47.5424  144.2068    0.38500    0.01785
 18.1667   65.98100   62.87900   47.5411  144.2244    0.40300    0.02176
 18.1750   65.78900   63.19200   47.5399  144.2421    0.40400    0.01986
 18.1833   65.59800   63.50200   47.5387  144.2597    0.39100    0.01685
 18.1917   65.40700   63.81000   47.5373  144.2774    0.40300    0.01085
 18.2000   65.21600   64.11600   47.5359  144.2951    0.39400    0.00262
 18.2083   65.02400   64.42000   47.5345  144.3129    0.37700   -0.00467
 18.2167   64.83300   64.72100   47.5330  144.3307    0.39600   -0.00483
 18.2250   64.64100   65.02000   47.5315  144.3485    0.41600   -0.00426
 18.2333   64.45000   65.31800   47.5298  144.3664    0.40400   -0.01015
 18.2417   64.25900   65.61300   47.5281  144.3843    0.40300   -0.02802
 18.2500   64.06700   65.90600   47.5264  144.4023    0.38400   -0.04321
 18.2583   63.87600   66.19700   47.5245  144.4202    0.38200   -0.05343
 18.2667   63.68400   66.48600   47.5227  144.4382    0.40200   -0.05707
 18.2750   63.49300   66.77300   47.5207  144.4563    0.41000   -0.05064
 18.2833   63.30200   67.05900   47.5187  144.4743    0.44900   -0.04019
 18.2917   63.11000   67.34200   47.5167  144.4924    0.49000   -0.02320
 18.3000   62.91900   67.62400   47.5145  144.5106    0.52600   -0.01616
 18.3083   62.72800   67.90400   47.5123  144.5287    0.53900   -0.02119
 18.3167   62.53600   68.18300   47.5101  144.5470    0.54700   -0.02752
 18.3250   62.34500   68.45900   47.5078  144.5652    0.58900   -0.03921
 18.3333   62.15400   68.73400   47.5054  144.5835    0.59400   -0.04175
 18.3417   61.96100   69.00100   47.5031  144.6018    0.64200   -0.04468
 18.3500   61.76900   69.26600   47.5008  144.6202    0.69000   -0.03982
 18.3583   61.57600   69.53000   47.4984  144.6386    0.72900   -0.03792
 18.3667   61.38400   69.79200   47.4959  144.6570    0.77200   -0.04228
 18.3750   61.19200   70.05300   47.4934  144.6755    0.80000   -0.03226
 18.3833   60.99900   70.31300   47.4908  144.6941    0.88400   -0.01858
 18.3917   60.80700   70.57100   47.4882  144.7126    0.93500    0.00790
 18.4000   60.61500   70.82800   47.4854  144.7312    1.00500    0.02030
 18.4083   60.42300   71.08400   47.4826  144.7498    1.04200    0.03158
 18.4167   60.23000   71.33800   47.4798  144.7686    1.09300    0.03568
 18.4250   60.03800   71.59100   47.4769  144.7873    1.14300    0.04940
 18.4333   59.84600   71.84300   47.4739  144.8060    1.21700    0.05795
 18.4417   59.65400   72.09400   47.4709  144.8248    1.25400    0.05026
 18.4500   59.46300   72.34400   47.4677  144.8436    1.25100    0.02456
 18.4583   59.27100   72.59200   47.4646  144.8624    1.26600   -0.01381
 18.4667   59.07900   72.83900   47.4613  144.8814    1.25900   -0.04638
 18.4750   58.88700   73.08600   47.4580  144.9003    1.27800   -0.06636
 18.4833   58.69600   73.33100   47.4546  144.9193    1.33900   -0.07323
 18.4917   58.50400   73.57500   47.4512  144.9383    1.38400   -0.06711
 18.5000   58.31300   73.81800   47.4476  144.9573    1.45500   -0.06280
 18.5083   58.12000   74.05400   47.4442  144.9765    1.51800   -0.05316
 18.5167   57.92800   74.28900   47.4408  144.9957    1.58600   -0.05212
 18.5250   57.73500   74.52300   47.4372  145.0149    1.63300   -0.05797
 18.5333   57.54300   74.75600   47.4336  145.0341    1.68300   -0.07248
 18.5417   57.35100   74.98800   47.4300  145.0534    1.73800   -0.07513
 18.5500   57.15800   75.22000   47.4262  145.0729    1.84300   -0.06602
 18.5583   56.96600   75.45000   47.4224  145.0922    1.94500   -0.05075
 18.5667   56.77400   75.68000   47.4185  145.1117    2.02800   -0.03543
 18.5750   56.58200   75.90900   47.4145  145.1311    2.13600   -0.02053
 18.5833   56.39100   76.13700   47.4105  145.1506    2.23900   -0.01574
 18.5917   56.19900   76.36500   47.4064  145.1702    2.28700   -0.00700
 18.6000   56.00700   76.59100   47.4022  145.1898    2.40800    0.01553
 18.6083   55.81500   76.81700   47.3980  145.2095    2.55600    0.05574
 18.6167   55.62400   77.04200   47.3937  145.2292    2.66500    0.08020
 18.6250   55.43200   77.26600   47.3893  145.2490    2.73100    0.07847
 18.6333   55.24100   77.48900   47.3849  145.2687    2.78700    0.06578
 18.6417   55.05000   77.71200   47.3803  145.2885    2.85700    0.04914
 18.6500   54.85900   77.93400   47.3757  145.3084    2.90600    0.04597
 18.6583   54.66800   78.15500   47.3711  145.3283    3.00700    0.03466
 18.6667   54.47700   78.37500   47.3663  145.3482    3.04600    0.02013
 18.6750   54.28500   78.59000   47.3617  145.3683    3.08800   -0.01787
 18.6833   54.09300   78.80400   47.3570  145.3885    3.10800   -0.04912
 18.6917   53.90100   79.01700   47.3522  145.4086    3.17000   -0.06729
 18.7000   53.71000   79.23000   47.3473  145.4288    3.25000   -0.06481
 18.7083   53.51800   79.44200   47.3424  145.4491    3.33900   -0.05154
 18.7167   53.32700   79.65300   47.3374  145.4694    3.43700   -0.04600
 18.7250   53.13500   79.86400   47.3323  145.4898    3.48900   -0.04154
 18.7333   52.94400   80.07500   47.3272  145.5102    3.57200   -0.02782
 18.7417   52.75300   80.28400   47.3220  145.5306    3.70000    0.01032
 18.7500   52.56200   80.49400   47.3166  145.5511    3.83900    0.04838
 18.7583   52.37100   80.70200   47.3113  145.5717    3.92000    0.07336
 18.7667   52.18000   80.91000   47.3058  145.5923    4.00100    0.07288
 18.7750   51.98900   81.11800   47.3003  145.6130    4.04600    0.07442
 18.7833   51.79800   81.32500   47.2946  145.6338    4.13200    0.06576
 18.7917   51.60800   81.53100   47.2890  145.6545    4.16900    0.06626
 18.8000   51.41700   81.73700   47.2832  145.6754    4.23800    0.05423
 18.8083   51.22700   81.94300   47.2773  145.6962    4.26700    0.04766
 18.8167   51.03700   82.14700   47.2714  145.7171    4.31200    0.04266
 18.8250   50.84600   82.35200   47.2654  145.7382    4.37000    0.04567
 18.8333   50.65600   82.55600   47.2593  145.7592    4.40500    0.04929
 18.8417   50.46500   82.75400   47.2534  145.7804    4.42600    0.06094
 18.8500   50.27500   82.95300   47.2473  145.8015    4.49000    0.07603
 18.8583   50.08400   83.15000   47.2411  145.8228    4.52000    0.09517
 18.8667   49.89300   83.34800   47.2349  145.8442    4.54100    0.10763
 18.8750   49.70300   83.54500   47.2286  145.8656    4.56700    0.11494
 18.8833   49.51300   83.74200   47.2222  145.8870    4.56500    0.11297
 18.8917   49.32200   83.93800   47.2157  145.9086    4.54100    0.09967
 18.9000   49.13200   84.13400   47.2091  145.9301    4.51200    0.07571
 18.9083   48.94200   84.32900   47.2025  145.9518    4.45800    0.04246
 18.9167   48.75200   84.52400   47.1958  145.9735    4.38800    0.00718
 18.9250   48.56200   84.71900   47.1890  145.9953    4.34900   -0.02137
 18.9333   48.37200   84.91300   47.1821  146.0171    4.31900   -0.03641
 18.9417   48.18300   85.10700   47.1751  146.0389    4.30200   -0.04916
 18.9500   47.99300   85.30000   47.1680  146.0609    4.27200   -0.05606
 18.9583   47.80400   85.49300   47.1609  146.0829    4.27100   -0.06533
 18.9667   47.61400   85.68600   47.1536  146.1050    4.25400   -0.08452
 18.9750   47.42500   85.87800   47.1463  146.1271    4.19600   -0.10605
 18.9833   47.23500   86.06900   47.1390  146.1494    4.19700   -0.12334
 18.9917   47.04600   86.26100   47.1314  146.1717    4.20700   -0.10978
 19.0000   46.85700   86.45200   47.1239  146.1940    4.28100   -0.09632
 19.0083   46.66800   86.63800   47.1164  146.2164    4.29100   -0.07466
 19.0167   46.47800   86.82400   47.1088  146.2390    4.34300   -0.05779
 19.0250   46.28900   87.01100   47.1011  146.2616    4.40300   -0.02250
 19.0333   46.09900   87.19600   47.0933  146.2844    4.49100    0.01773
 19.0417   45.91000   87.38200   47.0855  146.3071    4.56600    0.05346
 19.0500   45.72100   87.56700   47.0775  146.3299    4.61400    0.07518
 19.0583   45.53200   87.75100   47.0695  146.3529    4.65600    0.07743
 19.0667   45.34300   87.93600   47.0613  146.3758    4.66300    0.06462
 19.0750   45.15400   88.12000   47.0531  146.3989    4.66000    0.04348
 19.0833   44.96500   88.30400   47.0448  146.4221    4.66700    0.02906
 19.0917   44.77700   88.48700   47.0364  146.4452    4.69700    0.00873
 19.1000   44.58800   88.67000   47.0279  146.4686    4.66300   -0.01138
 19.1083   44.40000   88.85300   47.0193  146.4919    4.66700   -0.03045
 19.1167   44.21100   89.03500   47.0106  146.5154    4.69600   -0.03575
 19.1250   44.02300   89.21800   47.0017  146.5389    4.71400   -0.02639
 19.1333   43.83400   89.39900   46.9929  146.5626    4.77400   -0.01362
 19.1417   43.64600   89.58100   46.9839  146.5863    4.81400    0.00470
 19.1500   43.45800   89.76200   46.9748  146.6100    4.85500    0.00456
 19.1583   43.27000   89.94300   46.9656  146.6339    4.84100   -0.00809
 19.1667   43.08200   90.12300   46.9563  146.6579    4.83500   -0.02406
 19.1750   42.89400   90.30000   46.9471  146.6819    4.86600   -0.03076
 19.1833   42.70600   90.47700   46.9378  146.7061    4.89800   -0.02723
 19.1917   42.51800   90.65300   46.9284  146.7304    4.94300   -0.01826
 19.2000   42.33000   90.82900   46.9188  146.7547    5.00900   -0.01518
 19.2083   42.14200   91.00500   46.9092  146.7792    5.02600   -0.01935
 19.2167   41.95400   91.18000   46.8995  146.8038    5.04500   -0.02569
 19.2250   41.76600   91.35600   46.8896  146.8284    5.09900   -0.02976
 19.2333   41.57800   91.53100   46.8796  146.8532    5.11800   -0.02401
 19.2417   41.39100   91.70600   46.8696  146.8780    5.17500   -0.02305
 19.2500   41.20300   91.88000   46.8594  146.9029    5.21200   -0.01720
 19.2583   41.01600   92.05400   46.8492  146.9279    5.26300   -0.01221
 19.2667   40.82900   92.22800   46.8388  146.9530    5.32900    0.00779
 19.2750   40.64100   92.40200   46.8283  146.9783    5.43700    0.03135
 19.2833   40.45400   92.57500   46.8177  147.0036    5.50000    0.04701
 19.2917   40.26700   92.74900   46.8070  147.0290    5.52500    0.03449
 19.3000   40.08000   92.92100   46.7962  147.0545    5.50500    0.00625
 19.3083   39.89300   93.09400   46.7852  147.0801    5.49800   -0.02309
 19.3167   39.70600   93.26600   46.7742  147.1059    5.51600   -0.03122
 19.3250   39.51900   93.43800   46.7631  147.1317    5.59100   -0.01070
 19.3333   39.33200   93.61000   46.7518  147.1577    5.71700    0.02410
 19.3417   39.14500   93.77900   46.7405  147.1838    5.81100    0.03894
 19.3500   38.95900   93.94700   46.7292  147.2099    5.80800    0.01902
 19.3583   38.77200   94.11500   46.7177  147.2363    5.78300   -0.01677
 19.3667   38.58500   94.28300   46.7061  147.2628    5.80300   -0.04827
 19.3750   38.39900   94.45100   46.6944  147.2893    5.81600   -0.06462
 19.3833   38.21200   94.61800   46.6826  147.3160    5.86200   -0.08589
 19.3917   38.02500   94.78500   46.6706  147.3429    5.86900   -0.08755
 19.4000   37.83900   94.95200   46.6586  147.3698    5.98400   -0.07764
 19.4083   37.65300   95.11900   46.6464  147.3968    6.09200   -0.03790
 19.4167   37.46600   95.28600   46.6340  147.4240    6.23900   -0.00275
 19.4250   37.28000   95.45200   46.6215  147.4513    6.33000    0.02373
 19.4333   37.09400   95.61800   46.6090  147.4787    6.39900    0.02510
 19.4417   36.90800   95.78400   46.5962  147.5062    6.43600    0.01430
 19.4500   36.72200   95.95000   46.5834  147.5339    6.48200   -0.00277
 19.4583   36.53600   96.11500   46.5704  147.5617    6.53200   -0.01073
 19.4667   36.35000   96.28000   46.5573  147.5896    6.62100   -0.00784
 19.4750   36.16500   96.44500   46.5441  147.6176    6.72600   -0.00182
 19.4833   35.97900   96.61000   46.5307  147.6458    6.79300    0.00818
 19.4917   35.79300   96.77400   46.5172  147.6742    6.89600    0.00813
 19.5000   35.60800   96.93800   46.5035  147.7026    6.94300    0.00910
 19.5083   35.42200   97.09900   46.4899  147.7313    7.00900    0.00086
 19.5167   35.23600   97.26000   46.4761  147.7602    7.06600   -0.00008
 19.5250   35.05100   97.42100   46.4622  147.7890    7.15300   -0.00251
 19.5333   34.86600   97.58200   46.4481  147.8181    7.21700    0.00621
 19.5417   34.68000   97.74300   46.4339  147.8474    7.33500    0.00436
 19.5500   34.49500   97.90300   46.4196  147.8768    7.37600   -0.00065
 19.5583   34.31000   98.06300   46.4051  147.9062    7.42700   -0.02157
 19.5667   34.12400   98.22300   46.3904  147.9361    7.46900   -0.03539
 19.5750   33.93900   98.38300   46.3756  147.9659    7.54400   -0.03691
 19.5833   33.75400   98.54200   46.3606  147.9959    7.66200   -0.03378
 19.5917   33.56900   98.70200   46.3455  148.0261    7.73700   -0.02832
 19.6000   33.38400   98.86100   46.3302  148.0564    7.84100   -0.03487
 19.6083   33.20000   99.02000   46.3148  148.0867    7.91300   -0.03972
 19.6167   33.01500   99.17800   46.2992  148.1174    8.00800   -0.04413
 19.6250   32.83000   99.33600   46.2835  148.1483    8.12000   -0.04832
 19.6333   32.64500   99.49500   46.2675  148.1794    8.20200   -0.05323
 19.6417   32.46100   99.65200   46.2516  148.2104    8.30500   -0.06614
 19.6500   32.27600   99.81000   46.2353  148.2418    8.39300   -0.06677
 19.6583   32.09200   99.96700   46.2189  148.2732    8.55300   -0.05843
 19.6667   31.90700  100.12400   46.2024  148.3050    8.71400   -0.03435
 19.6750   31.72300  100.27900   46.1858  148.3369    8.89100   -0.01671
 19.6833   31.53800  100.43400   46.1689  148.3691    9.02100   -0.00740
 19.6917   31.35400  100.58800   46.1520  148.4014    9.14500   -0.00892
 19.7000   31.17000  100.74300   46.1349  148.4338    9.27400   -0.00990
 19.7083   30.98600  100.89700   46.1176  148.4664    9.41600   -0.00527
 19.7167   30.80200  101.05000   46.1002  148.4993    9.57900    0.00180
 19.7250   30.61800  101.20400   46.0825  148.5323    9.72600    0.01212
 19.7333   30.43400  101.35800   46.0646  148.5656    9.89000    0.02202
 19.7417   30.25000  101.51100   46.0466  148.5990   10.04500    0.02474
 19.7500   30.06600  101.66400   46.0283  148.6327   10.14800    0.01304
 19.7583   29.88200  101.81700   46.0099  148.6666   10.22700    0.00556
 19.7667   29.69800  101.96900   45.9913  148.7008   10.39800    0.01136
 19.7750   29.51500  102.12200   45.9725  148.7349   10.56700    0.02453
 19.7833   29.33100  102.27400   45.9535  148.7694   10.68100    0.04226
 19.7917   29.14700  102.42500   45.9343  148.8043   10.87200    0.04619
 19.8000   28.96400  102.57700   45.9149  148.8391   10.96000    0.04538
 19.8083   28.78000  102.72800   45.8953  148.8744   11.04000    0.02294
 19.8167   28.59700  102.88000   45.8754  148.9096   11.10600    0.01106
 19.8250   28.41300  103.03000   45.8554  148.9454   11.24900    0.00806
 19.8333   28.23000  103.18100   45.8352  148.9812   11.38100    0.00600
 19.8417   28.04700  103.33000   45.8149  149.0172   11.45800    0.00087
 19.8500   27.86400  103.47800   45.7944  149.0536   11.58400   -0.01118
 19.8583   27.68100  103.62700   45.7736  149.0901   11.67000   -0.02130
 19.8667   27.49800  103.77500   45.7526  149.1270   11.75200   -0.02785
 19.8750   27.31500  103.92300   45.7313  149.1641   11.89000   -0.03734
 19.8833   27.13200  104.07000   45.7099  149.2015   11.96500   -0.03757
 19.8917   26.94900  104.21800   45.6882  149.2391   12.10400   -0.02787
 19.9000   26.76600  104.36500   45.6663  149.2770   12.31600   -0.00870
 19.9083   26.58300  104.51200   45.6441  149.3152   12.45200    0.00320
 19.9167   26.40000  104.65900   45.6217  149.3536   12.55400   -0.00067
 19.9250   26.21800  104.80600   45.5991  149.3921   12.67300   -0.01823
 19.9333   26.03500  104.95200   45.5762  149.4311   12.73700   -0.02552
 19.9417   25.85200  105.09800   45.5530  149.4704   12.90800   -0.03885
 19.9500   25.67000  105.24400   45.5297  149.5098   13.00200   -0.02269
 19.9583   25.48700  105.39000   45.5060  149.5497   13.24200   -0.01715
 19.9667   25.30500  105.53600   45.4820  149.5896   13.35800    0.00623
 19.9750   25.12200  105.68100   45.4578  149.6301   13.56400    0.00306
 19.9833   24.94000  105.82600   45.4334  149.6707   13.64700    0.00278
 19.9917   24.75700  105.97000   45.4087  149.7118   13.77500   -0.01394
 20.0000   24.57500  106.11500   45.3836  149.7530   13.87400   -0.00129
 20.0083   24.39300  106.25800   45.3585  149.7945   14.13000    0.01026
 20.0167   24.21100  106.40000   45.3331  149.8365   14.25200    0.02585
 20.0250   24.02900  106.54300   45.3073  149.8786   14.37400    0.01952
 20.0333   23.84700  106.68500   45.2813  149.9212   14.49000    0.02653
 20.0417   23.66500  106.82700   45.2549  149.9641   14.68100    0.03977
 20.0500   23.48300  106.96900   45.2283  150.0073   14.83300    0.05017
 20.0583   23.30200  107.11100   45.2014  150.0506   14.92300    0.05429
 20.0667   23.12000  107.25200   45.1742  150.0945   15.06900    0.04503
 20.0750   22.93800  107.39300   45.1466  150.1388   15.13300    0.03281
 20.0833   22.75600  107.53400   45.1187  150.1835   15.20600    0.02213
 20.0917   22.57500  107.67500   45.0905  150.2282   15.35500    0.01711
 20.1000   22.39300  107.81500   45.0620  150.2736   15.44300   -0.00198
 20.1083   22.21200  107.95500   45.0332  150.3191   15.41300   -0.01190
 20.1167   22.03000  108.09500   45.0039  150.3652   15.61600   -0.01764
 20.1250   21.84800  108.23500   44.9743  150.4117   15.72200   -0.00582
 20.1333   21.66700  108.37500   44.9444  150.4583   15.80300   -0.01027
 20.1417   21.48500  108.51400   44.9141  150.5056   15.90000   -0.00807
 20.1500   21.30400  108.65300   44.8835  150.5530   16.05800   -0.00508
 20.1583   21.12300  108.79100   44.8526  150.6009   16.15400   -0.00131
 20.1667   20.94100  108.93000   44.8212  150.6494   16.26800   -0.01552
 20.1750   20.76000  109.06700   44.7896  150.6981   16.31900   -0.03159
 20.1833   20.57900  109.20400   44.7576  150.7472   16.41100   -0.04576
 20.1917   20.39800  109.34100   44.7252  150.7967   16.55600   -0.06381
 20.2000   20.21700  109.47700   44.6925  150.8468   16.58900   -0.06304
 20.2083   20.03700  109.61300   44.6595  150.8969   16.82300   -0.06217
 20.2167   19.85600  109.74900   44.6259  150.9477   16.97500   -0.04362
 20.2250   19.67500  109.88500   44.5919  150.9990   17.14400   -0.03760
 20.2333   19.49400  110.02100   44.5574  151.0508   17.30700   -0.03051
 20.2417   19.31400  110.15600   44.5227  151.1027   17.47800   -0.02359
 20.2500   19.13300  110.29100   44.4874  151.1554   17.66000   -0.02370
 20.2583   18.95200  110.42600   44.4517  151.2085   17.79400   -0.01480
 20.2667   18.77100  110.56100   44.4155  151.2621   18.05100   -0.02893
 20.2750   18.59100  110.69500   44.3790  151.3160   18.09300   -0.02449
 20.2833   18.41000  110.82900   44.3419  151.3706   18.37500   -0.03211
 20.2917   18.23000  110.96300   44.3044  151.4254   18.56000   -0.03195
 20.3000   18.04900  111.09700   44.2663  151.4809   18.66800   -0.02976
 20.3083   17.86900  111.23000   44.2280  151.5367   18.97100   -0.03375
 20.3167   17.68800  111.36300   44.1889  151.5934   19.12500   -0.03084
 20.3250   17.50700  111.49500   44.1495  151.6507   19.29700   -0.02945
 20.3333   17.32700  111.62800   44.1095  151.7080   19.60100   -0.02077
 20.3417   17.14700  111.75900   44.0693  151.7660   19.82000   -0.01410
 20.3500   16.96700  111.89100   44.0283  151.8244   19.98700   -0.02037
 20.3583   16.78700  112.02200   43.9869  151.8834   20.21100   -0.01965
 20.3667   16.60700  112.15200   43.9451  151.9431   20.48500   -0.02527
 20.3750   16.42800  112.28300   43.9027  152.0028   20.61400   -0.02488
 20.3833   16.24800  112.41300   43.8597  152.0635   20.89100   -0.01826
 20.3917   16.06800  112.54300   43.8161  152.1248   21.22100   -0.00895
 20.4000   15.88800  112.67300   43.7718  152.1867   21.39000   -0.00628
 20.4083   15.70800  112.80300   43.7270  152.2491   21.63300   -0.00950
 20.4167   15.52900  112.93200   43.6818  152.3117   21.92900   -0.00871
 20.4250   15.34900  113.06100   43.6358  152.3754   22.13700   -0.01286
 20.4333   15.16900  113.19000   43.5892  152.4397   22.35100   -0.02746
 20.4417   14.98900  113.31800   43.5420  152.5046   22.57800   -0.03744
 20.4500   14.81000  113.44600   43.4944  152.5697   22.82000   -0.04077
 20.4583   14.63000  113.57400   43.4459  152.6358   23.08700   -0.04038
 20.4667   14.45000  113.70200   43.3967  152.7026   23.34800   -0.01929
 20.4750   14.27100  113.82900   43.3471  152.7696   23.74900    0.00264
 20.4833   14.09100  113.95600   43.2966  152.8378   24.01500    0.01292
 20.4917   13.91100  114.08300   43.2453  152.9065   24.18300    0.02455
 20.5000   13.73200  114.20900   43.1937  152.9755   24.60400    0.03687
 20.5083   13.55300  114.33500   43.1413  153.0452   24.87700    0.04663
 20.5167   13.37400  114.46000   43.0883  153.1156   25.02300    0.03226
 20.5250   13.19500  114.58600   43.0344  153.1866   25.25300    0.01922
 20.5333   13.01600  114.71100   42.9799  153.2583   25.53900    0.01987
 20.5417   12.83700  114.83500   42.9246  153.3309   25.79900    0.00551
 20.5500   12.65800  114.96000   42.8685  153.4039   25.90700   -0.01478
 20.5583   12.47900  115.08400   42.8117  153.4778   26.14000   -0.02202
 20.5667   12.30000  115.20800   42.7540  153.5524   26.50600   -0.01044
 20.5750   12.12200  115.33200   42.6958  153.6272   26.77400   -0.01291
 20.5833   11.94300  115.45500   42.6365  153.7033   26.89700   -0.02598
 20.5917   11.76400  115.57800   42.5765  153.7801   27.18300   -0.03510
 20.6000   11.58500  115.70100   42.5155  153.8576   27.49800   -0.04484
 20.6083   11.40600  115.82300   42.4537  153.9359   27.64200   -0.05229
 20.6167   11.22700  115.94600   42.3910  154.0149   27.97400   -0.06144
 20.6250   11.04900  116.06700   42.3278  154.0943   28.29600   -0.06517
 20.6333   10.87000  116.18900   42.2633  154.1748   28.51500   -0.06828
 20.6417   10.69100  116.31000   42.1980  154.2563   28.88700   -0.07644
 20.6500   10.51200  116.43100   42.1317  154.3384   29.19900   -0.07867
 20.6583   10.33400  116.55200   42.0647  154.4208   29.50000   -0.07902
 20.6667   10.15500  116.67200   41.9966  154.5046   29.92700   -0.07529
 20.6750    9.97700  116.79200   41.9277  154.5886   30.31800   -0.07180
 20.6833    9.79900  116.91200   41.8579  154.6734   30.66000   -0.07036
 20.6917    9.62100  117.03100   41.7871  154.7591   31.10800   -0.07217
 20.7000    9.44300  117.15000   41.7153  154.8456   31.51200   -0.07681
 20.7083    9.26500  117.26900   41.6425  154.9328   31.86700   -0.07883
 20.7167    9.08700  117.38800   41.5685  155.0208   32.37100   -0.07299
 20.7250    8.90900  117.50600   41.4937  155.1098   32.86800   -0.05870
 20.7333    8.73100  117.62400   41.4177  155.1995   33.32100   -0.04219
 20.7417    8.55300  117.74200   41.3405  155.2900   33.86200   -0.02618
 20.7500    8.37500  117.85900   41.2624  155.3815   34.36400   -0.00646
 20.7583    8.19700  117.97600   41.1831  155.4738   34.85900    0.00785
 20.7667    8.01900  118.09300   41.1027  155.5668   35.34800    0.03267
 20.7750    7.84100  118.20900   41.0212  155.6609   35.94800    0.05204
 20.7833    7.66300  118.32500   40.9385  155.7557   36.38800    0.06818
 20.7917    7.48500  118.44100   40.8546  155.8513   36.84300    0.06957
 20.8000    7.30700  118.55700   40.7694  155.9478   37.28600    0.06995
 20.8083    7.12900  118.67200   40.6832  156.0452   37.68800    0.07290
 20.8167    6.95100  118.78600   40.5958  156.1436   38.13000    0.07137
 20.8250    6.77300  118.90100   40.5070  156.2426   38.48500    0.08110
 20.8333    6.59500  119.01500   40.4170  156.3427   38.93700    0.08113
 20.8417    6.41800  119.12900   40.3261  156.4428   39.22100    0.07515
 20.8500    6.24100  119.24300   40.2339  156.5438   39.66700    0.06653
 20.8583    6.06400  119.35600   40.1405  156.6457   40.01400    0.06776
 20.8667    5.88700  119.46900   40.0458  156.7485   40.32700    0.05139
 20.8750    5.71000  119.58200   39.9497  156.8520   40.54000    0.03700
 20.8833    5.53300  119.69400   39.8524  156.9565   40.83000    0.02596
 20.8917    5.35600  119.80600   39.7537  157.0618   41.07200    0.01777
 20.9000    5.17800  119.91800   39.6530  157.1686   41.16000    0.00508
 20.9083    5.00100  120.03000   39.5514  157.2755   41.25400    0.00000

