hmax        =    300
wind_bottom =      2
wind_top    =     10
critlon     =      0
tbeg, h     =   0.00
tend, h     =  24.00
c_ionex     =      0
c_vert      =      1
time, gamma, az, latp, lonp, tec, tec_filtered
  4.6333    7.20100  -60.89600   51.5318  126.5304   32.59500    0.00000
  4.6417    7.37600  -60.82000   51.5145  126.7048   32.01500   -0.01540
  4.6500    7.55200  -60.74500   51.4967  126.8776   31.95500   -0.02977
  4.6583    7.72800  -60.67100   51.4787  127.0481   31.80700   -0.01911
  4.6667    7.90400  -60.59700   51.4605  127.2163   31.56200   -0.01603
  4.6750    8.08000  -60.52100   51.4426  127.3824   31.45200   -0.00983
  4.6833    8.25700  -60.44600   51.4242  127.5471   31.32600    0.00270
  4.6917    8.43300  -60.37100   51.4060  127.7087   31.12000    0.01003
  4.7000    8.61000  -60.29700   51.3873  127.8690   30.93700    0.01520
  4.7083    8.78800  -60.22300   51.3683  128.0278   30.77400    0.02050
  4.7167    8.96500  -60.15000   51.3494  128.1836   30.55800    0.03147
  4.7250    9.14200  -60.07700   51.3304  128.3373   30.41200    0.02812
  4.7333    9.32000  -60.00500   51.3110  128.4896   30.15100    0.02288
  4.7417    9.49800  -59.93400   51.2914  128.6398   29.93100    0.01490
  4.7500    9.67600  -59.86200   51.2720  128.7879   29.75400    0.00726
  4.7583    9.85400  -59.79200   51.2522  128.9339   29.49500    0.00091
  4.7667   10.03200  -59.72200   51.2325  129.0779   29.28700   -0.00830
  4.7750   10.21100  -59.65200   51.2126  129.2207   29.08600   -0.01411
  4.7833   10.38900  -59.58300   51.1927  129.3606   28.85900   -0.02309
  4.7917   10.56800  -59.51500   51.1725  129.4993   28.62600   -0.02925
  4.8000   10.74700  -59.44700   51.1524  129.6361   28.45400   -0.03442
  4.8083   10.92700  -59.38000   51.1319  129.7717   28.24300   -0.03280
  4.8167   11.10600  -59.31300   51.1117  129.9046   28.07900   -0.03630
  4.8250   11.28500  -59.24700   51.0914  130.0357   27.87000   -0.03479
  4.8333   11.46500  -59.18100   51.0710  130.1656   27.71000   -0.02788
  4.8417   11.64500  -59.11400   51.0508  130.2939   27.59800   -0.01543
  4.8500   11.82600  -59.04700   51.0305  130.4210   27.44400   -0.01136
  4.8583   12.00600  -58.98000   51.0105  130.5458   27.22100   -0.01056
  4.8667   12.18700  -58.91400   50.9902  130.6694   27.09000   -0.00901
  4.8750   12.36800  -58.84900   50.9698  130.7912   26.95200    0.00384
  4.8833   12.54900  -58.78500   50.9494  130.9112   26.83000    0.01055
  4.8917   12.73000  -58.72000   50.9292  131.0297   26.65400    0.01048
  4.9000   12.91100  -58.65700   50.9089  131.1464   26.46300    0.00686
  4.9083   13.09300  -58.59400   50.8884  131.2621   26.32000   -0.00100
  4.9167   13.27500  -58.53200   50.8680  131.3762   26.11400   -0.00177
  4.9250   13.45700  -58.47000   50.8477  131.4886   25.98100   -0.00475
  4.9333   13.63900  -58.40900   50.8273  131.5995   25.81700   -0.00337
  4.9417   13.82100  -58.34800   50.8070  131.7088   25.64700   -0.00335
  4.9500   14.00300  -58.28800   50.7868  131.8166   25.50500   -0.00625
  4.9583   14.18600  -58.22900   50.7663  131.9234   25.31700   -0.00656
  4.9667   14.36900  -58.17000   50.7460  132.0287   25.16400   -0.00704
  4.9750   14.55200  -58.11200   50.7257  132.1326   25.02200   -0.00137
  4.9833   14.73500  -58.05500   50.7054  132.2349   24.88900    0.00075
  4.9917   14.91800  -57.99800   50.6853  132.3358   24.71300   -0.00220
  5.0000   15.10100  -57.94200   50.6651  132.4354   24.53600   -0.00517
  5.0083   15.28500  -57.88400   50.6452  132.5342   24.40300   -0.00715
  5.0167   15.46900  -57.82700   50.6253  132.6317   24.23700   -0.00903
  5.0250   15.65400  -57.77000   50.6053  132.7283   24.06500   -0.01596
  5.0333   15.83800  -57.71300   50.5857  132.8232   23.89800   -0.01799
  5.0417   16.02300  -57.65800   50.5658  132.9171   23.77500   -0.01362
  5.0500   16.20800  -57.60300   50.5461  133.0098   23.65300   -0.00283
  5.0583   16.39300  -57.54900   50.5264  133.1011   23.53500    0.00193
  5.0667   16.57800  -57.49500   50.5068  133.1912   23.36300    0.00206
  5.0750   16.76300  -57.44200   50.4872  133.2801   23.20200   -0.00118
  5.0833   16.94800  -57.39000   50.4677  133.3678   23.05300   -0.00146
  5.0917   17.13400  -57.33800   50.4482  133.4547   22.89900    0.00913
  5.1000   17.32000  -57.28700   50.4288  133.5404   22.81300    0.01991
  5.1083   17.50600  -57.23700   50.4094  133.6249   22.66100    0.03007
  5.1167   17.69200  -57.18700   50.3901  133.7083   22.49800    0.03341
  5.1250   17.87800  -57.13900   50.3707  133.7904   22.35900    0.03609
  5.1333   18.06500  -57.09000   50.3515  133.8720   22.19700    0.03633
  5.1417   18.25100  -57.04300   50.3324  133.9520   22.01200    0.03063
  5.1500   18.43800  -56.99600   50.3133  134.0314   21.82800    0.01537
  5.1583   18.62500  -56.95000   50.2942  134.1096   21.59900    0.00431
  5.1667   18.81200  -56.90500   50.2752  134.1868   21.44700   -0.00722
  5.1750   18.99900  -56.85800   50.2566  134.2631   21.26100   -0.01497
  5.1833   19.18700  -56.81100   50.2379  134.3389   21.05900   -0.02772
  5.1917   19.37500  -56.76500   50.2194  134.4136   20.87200   -0.03192
  5.2000   19.56300  -56.72000   50.2008  134.4874   20.74400   -0.03524
  5.2083   19.75100  -56.67500   50.1825  134.5601   20.54900   -0.02900
  5.2167   19.94000  -56.63200   50.1639  134.6322   20.42900   -0.02633
  5.2250   20.12800  -56.58900   50.1457  134.7030   20.28000   -0.02131
  5.2333   20.31700  -56.54600   50.1274  134.7733   20.10400   -0.01561
  5.2417   20.50600  -56.50500   50.1092  134.8426   19.99100   -0.01247
  5.2500   20.69500  -56.46400   50.0910  134.9110   19.82700   -0.00091
  5.2583   20.88400  -56.42400   50.0730  134.9785   19.71000    0.00855
  5.2667   21.07400  -56.38500   50.0549  135.0455   19.58400    0.01328
  5.2750   21.26300  -56.34700   50.0369  135.1112   19.38900    0.01784
  5.2833   21.45300  -56.30900   50.0190  135.1764   19.26800    0.02293
  5.2917   21.64300  -56.27200   50.0012  135.2408   19.14600    0.03188
  5.3000   21.83200  -56.23600   49.9835  135.3040   18.97300    0.03293
  5.3083   22.02200  -56.20100   49.9658  135.3667   18.80000    0.02216
  5.3167   22.21300  -56.16700   49.9481  135.4289   18.60000    0.01584
  5.3250   22.40300  -56.13300   49.9306  135.4900   18.45700    0.00969
  5.3333   22.59300  -56.10100   49.9130  135.5503   18.28900    0.00410
  5.3417   22.78400  -56.06600   49.8958  135.6104   18.09300   -0.00979
  5.3500   22.97600  -56.03200   49.8785  135.6699   17.90000   -0.02562
  5.3583   23.16700  -55.99800   49.8615  135.7285   17.72200   -0.03064
  5.3667   23.35800  -55.96600   49.8445  135.7863   17.59800   -0.03631
  5.3750   23.55000  -55.93400   49.8275  135.8437   17.40400   -0.03775
  5.3833   23.74200  -55.90300   49.8106  135.9003   17.25400   -0.04137
  5.3917   23.93400  -55.87400   49.7936  135.9561   17.12100   -0.03774
  5.4000   24.12600  -55.84400   49.7769  136.0114   16.98000   -0.02910
  5.4083   24.31800  -55.81600   49.7602  136.0659   16.86900   -0.02268
  5.4167   24.51000  -55.78900   49.7435  136.1197   16.72700   -0.01196
  5.4250   24.70300  -55.76300   49.7268  136.1731   16.61400   -0.00960
  5.4333   24.89500  -55.73700   49.7103  136.2257   16.45800   -0.00336
  5.4417   25.08800  -55.71300   49.6937  136.2777   16.34700    0.00124
  5.4500   25.28100  -55.68900   49.6773  136.3292   16.22900    0.00443
  5.4583   25.47400  -55.66600   49.6609  136.3801   16.06800    0.00819
  5.4667   25.66700  -55.64400   49.6446  136.4303   15.96200    0.01064
  5.4750   25.86000  -55.62400   49.6283  136.4798   15.84000    0.01908
  5.4833   26.05300  -55.60400   49.6121  136.5288   15.71500    0.01666
  5.4917   26.24700  -55.58500   49.5959  136.5775   15.54600    0.00598
  5.5000   26.44000  -55.56700   49.5799  136.6253   15.37600   -0.00088
  5.5083   26.63400  -55.54700   49.5640  136.6729   15.27500   -0.00487
  5.5167   26.82900  -55.52700   49.5482  136.7203   15.12600   -0.00558
  5.5250   27.02300  -55.50900   49.5325  136.7668   14.98000   -0.01211
  5.5333   27.21800  -55.49100   49.5168  136.8130   14.84800   -0.02089
  5.5417   27.41200  -55.47500   49.5012  136.8584   14.69200   -0.02489
  5.5500   27.60700  -55.45900   49.4856  136.9035   14.57800   -0.03066
  5.5583   27.80200  -55.44400   49.4701  136.9481   14.44300   -0.03063
  5.5667   27.99700  -55.43100   49.4546  136.9921   14.32300   -0.03661
  5.5750   28.19200  -55.41800   49.4392  137.0357   14.18200   -0.03377
  5.5833   28.38700  -55.40700   49.4239  137.0786   14.10300   -0.03474
  5.5917   28.58200  -55.39700   49.4085  137.1211   13.97000   -0.02418
  5.6000   28.77800  -55.38700   49.3933  137.1633   13.89700   -0.02504
  5.6083   28.97300  -55.37900   49.3781  137.2048   13.76000   -0.01668
  5.6167   29.16900  -55.37200   49.3629  137.2460   13.68200   -0.01118
  5.6250   29.36400  -55.36600   49.3478  137.2865   13.59900    0.00062
  5.6333   29.56000  -55.36100   49.3327  137.3268   13.50000    0.00573
  5.6417   29.75500  -55.35700   49.3178  137.3664   13.38900    0.01072
  5.6500   29.95100  -55.35400   49.3028  137.4058   13.30700    0.00711
  5.6583   30.14700  -55.35200   49.2879  137.4447   13.16400    0.01362
  5.6667   30.34300  -55.35200   49.2730  137.4831   13.10600    0.01048
  5.6750   30.54000  -55.34900   49.2584  137.5215   12.97000    0.01600
  5.6833   30.73600  -55.34600   49.2439  137.5593   12.86700    0.01424
  5.6917   30.93300  -55.34600   49.2293  137.5968   12.76600    0.01746
  5.7000   31.13000  -55.34600   49.2148  137.6339   12.65000    0.02088
  5.7083   31.32700  -55.34700   49.2004  137.6706   12.54300    0.02301
  5.7167   31.52400  -55.35000   49.1860  137.7069   12.43000    0.02587
  5.7250   31.72100  -55.35400   49.1716  137.7427   12.31700    0.02493
  5.7333   31.91900  -55.35900   49.1572  137.7784   12.18800    0.02315
  5.7417   32.11600  -55.36500   49.1430  137.8134   12.07100    0.01361
  5.7500   32.31300  -55.37200   49.1288  137.8481   11.91500    0.00459
  5.7583   32.51100  -55.38100   49.1145  137.8826   11.79200   -0.01137
  5.7667   32.70800  -55.39100   49.1004  137.9165   11.64300   -0.02403
  5.7750   32.90500  -55.40200   49.0863  137.9500   11.51000   -0.03496
  5.7833   33.10300  -55.41400   49.0722  137.9834   11.40000   -0.03957
  5.7917   33.30000  -55.42800   49.0582  138.0162   11.28600   -0.03493
  5.8000   33.49800  -55.44300   49.0442  138.0488   11.20400   -0.03745
  5.8083   33.69500  -55.45900   49.0303  138.0809   11.06300   -0.03979
  5.8167   33.89300  -55.47700   49.0164  138.1128   10.95600   -0.04730
  5.8250   34.09000  -55.49600   49.0025  138.1441   10.85400   -0.04247
  5.8333   34.28700  -55.51600   48.9887  138.1752   10.78200   -0.03145
  5.8417   34.48600  -55.53400   48.9751  138.2064   10.71100   -0.01847
  5.8500   34.68400  -55.55300   48.9615  138.2372   10.62300   -0.00930
  5.8583   34.88300  -55.57300   48.9479  138.2678   10.53500   -0.00533
  5.8667   35.08100  -55.59400   48.9345  138.2979   10.44200    0.00289
  5.8750   35.28000  -55.61800   48.9209  138.3278   10.37800    0.01168
  5.8833   35.47800  -55.64200   48.9075  138.3572   10.29200    0.02079
  5.8917   35.67600  -55.66800   48.8941  138.3864   10.20000    0.02730
  5.9000   35.87500  -55.69500   48.8807  138.4154   10.12200    0.03594
  5.9083   36.07300  -55.72400   48.8674  138.4439   10.04600    0.03707
  5.9167   36.27200  -55.75400   48.8540  138.4723    9.91700    0.02757
  5.9250   36.47000  -55.78600   48.8408  138.5002    9.78700    0.01497
  5.9333   36.66800  -55.81900   48.8276  138.5278    9.69700    0.00657
  5.9417   36.86700  -55.85300   48.8143  138.5554    9.59100    0.00594
  5.9500   37.06500  -55.88900   48.8012  138.5825    9.50000   -0.00031
  5.9583   37.26300  -55.92700   48.7880  138.6092    9.38300   -0.01181
  5.9667   37.46100  -55.96600   48.7749  138.6358    9.25000   -0.02603
  5.9750   37.65900  -56.00700   48.7619  138.6620    9.14500   -0.03855
  5.9833   37.85700  -56.04900   48.7488  138.6880    9.03600   -0.04162
  5.9917   38.05500  -56.09300   48.7358  138.7137    8.94400   -0.03887
  6.0000   38.25200  -56.13900   48.7228  138.7390    8.86300   -0.02364
  6.0083   38.45100  -56.18200   48.7100  138.7646    8.80900   -0.00048
  6.0167   38.65000  -56.22600   48.6972  138.7898    8.75200    0.01697
  6.0250   38.84900  -56.27200   48.6845  138.8148    8.64400    0.02471
  6.0333   39.04700  -56.32000   48.6717  138.8395    8.54500    0.02426
  6.0417   39.24600  -56.37000   48.6590  138.8640    8.45300    0.02759
  6.0500   39.44400  -56.42100   48.6463  138.8881    8.36600    0.03405
  6.0583   39.64200  -56.47300   48.6338  138.9121    8.28400    0.03237
  6.0667   39.84100  -56.52800   48.6211  138.9359    8.15900    0.02155
  6.0750   40.03900  -56.58400   48.6085  138.9593    8.03300    0.00273
  6.0833   40.23700  -56.64200   48.5959  138.9825    7.92100   -0.01564
  6.0917   40.43400  -56.70200   48.5834  139.0054    7.80300   -0.03085
  6.1000   40.63200  -56.76400   48.5709  139.0281    7.69700   -0.04005
  6.1083   40.83000  -56.82700   48.5584  139.0507    7.61700   -0.04533
  6.1167   41.02700  -56.89200   48.5459  139.0729    7.52400   -0.04850
  6.1250   41.22400  -56.95900   48.5335  139.0949    7.43500   -0.06091
  6.1333   41.42100  -57.02800   48.5211  139.1167    7.32300   -0.07319
  6.1417   41.61800  -57.09900   48.5087  139.1383    7.23800   -0.08703
  6.1500   41.81500  -57.17200   48.4963  139.1596    7.15300   -0.08195
  6.1583   42.01100  -57.24700   48.4839  139.1807    7.13400   -0.06871
  6.1667   42.20700  -57.32300   48.4717  139.2016    7.09500   -0.04294
  6.1750   42.40500  -57.39700   48.4595  139.2226    7.07000   -0.02617
  6.1833   42.60200  -57.47300   48.4473  139.2434    7.01600   -0.00915
  6.1917   42.79900  -57.55100   48.4352  139.2640    6.97900   -0.00121
  6.2000   42.99600  -57.63100   48.4231  139.2844    6.91700    0.01141
  6.2083   43.19200  -57.71300   48.4110  139.3045    6.88600    0.02366
  6.2167   43.38900  -57.79700   48.3989  139.3245    6.85300    0.04158
  6.2250   43.58500  -57.88300   48.3869  139.3442    6.82000    0.05567
  6.2333   43.78100  -57.97200   48.3748  139.3637    6.77700    0.06164
  6.2417   43.97600  -58.06200   48.3628  139.3830    6.70700    0.05168
  6.2500   44.17200  -58.15400   48.3508  139.4022    6.60100    0.03362
  6.2583   44.36700  -58.24900   48.3388  139.4211    6.51200    0.01505
  6.2667   44.56200  -58.34600   48.3269  139.4399    6.42900    0.00681
  6.2750   44.75600  -58.44500   48.3150  139.4584    6.35400    0.01376
  6.2833   44.95000  -58.54600   48.3031  139.4767    6.31700    0.02678
  6.2917   45.14400  -58.65000   48.2911  139.4948    6.24700    0.04403
  6.3000   45.33800  -58.75600   48.2792  139.5129    6.17600    0.05977
  6.3083   45.53100  -58.86400   48.2674  139.5306    6.11800    0.06724
  6.3167   45.72400  -58.97400   48.2555  139.5482    6.00000    0.07088
  6.3250   45.91600  -59.08700   48.2437  139.5656    5.89900    0.06435
  6.3333   46.10800  -59.20200   48.2319  139.5828    5.79000    0.05774
  6.3417   46.30200  -59.31500   48.2202  139.6002    5.66600    0.05012
  6.3500   46.49500  -59.43000   48.2085  139.6174    5.56000    0.04119
  6.3583   46.68700  -59.54800   48.1969  139.6343    5.44400    0.03200
  6.3667   46.88000  -59.66800   48.1852  139.6513    5.31600    0.01833
  6.3750   47.07200  -59.79000   48.1736  139.6679    5.18900    0.00484
  6.3833   47.26300  -59.91500   48.1620  139.6844    5.07200   -0.01077
  6.3917   47.45400  -60.04300   48.1504  139.7007    4.93600   -0.03744
  6.4000   47.64500  -60.17300   48.1388  139.7169    4.76900   -0.06311
  6.4083   47.83500  -60.30600   48.1273  139.7328    4.66100   -0.08107
  6.4167   48.02500  -60.44200   48.1157  139.7486    4.56000   -0.08012
  6.4250   48.21400  -60.58000   48.1041  139.7643    4.47000   -0.07557
  6.4333   48.40300  -60.72000   48.0926  139.7798    4.37700   -0.06387
  6.4417   48.59100  -60.86400   48.0811  139.7951    4.30500   -0.05080
  6.4500   48.77900  -61.01000   48.0696  139.8102    4.22200   -0.03042
  6.4583   48.96600  -61.15900   48.0581  139.8252    4.16100   -0.00696
  6.4667   49.15300  -61.31100   48.0466  139.8401    4.10700    0.01707
  6.4750   49.33900  -61.46600   48.0351  139.8547    4.03500    0.03660
  6.4833   49.52400  -61.62300   48.0236  139.8692    3.97000    0.03856
  6.4917   49.70900  -61.78300   48.0122  139.8836    3.86200    0.02820
  6.5000   49.89400  -61.94700   48.0007  139.8978    3.75600    0.00454
  6.5083   50.07900  -62.10800   47.9894  139.9122    3.65100   -0.02293
  6.5167   50.26400  -62.27200   47.9781  139.9264    3.54200   -0.05231
  6.5250   50.44900  -62.43900   47.9668  139.9405    3.44200   -0.07977
  6.5333   50.63300  -62.60900   47.9555  139.9544    3.35700   -0.09774
  6.5417   50.81600  -62.78200   47.9442  139.9682    3.29400   -0.10634
  6.5500   50.99800  -62.95900   47.9329  139.9818    3.23800   -0.10541
  6.5583   51.18000  -63.13800   47.9216  139.9953    3.19700   -0.10476
  6.5667   51.36100  -63.32100   47.9103  140.0086    3.14000   -0.09960
  6.5750   51.54200  -63.50600   47.8991  140.0218    3.10900   -0.08886
  6.5833   51.72200  -63.69500   47.8878  140.0349    3.09700   -0.06395
  6.5917   51.90100  -63.88800   47.8765  140.0478    3.10300   -0.03572
  6.6000   52.07900  -64.08300   47.8653  140.0606    3.09700   -0.01254
  6.6083   52.25700  -64.28200   47.8540  140.0733    3.08100    0.00233
  6.6167   52.43300  -64.48400   47.8428  140.0857    3.07200    0.01162
  6.6250   52.60900  -64.68900   47.8316  140.0981    3.06000    0.01884
  6.6333   52.78400  -64.89800   47.8204  140.1103    3.04800    0.01706
  6.6417   52.95800  -65.11000   47.8091  140.1224    3.01500    0.00413
  6.6500   53.13200  -65.32600   47.7979  140.1344    2.97000   -0.01981
  6.6583   53.30400  -65.54500   47.7867  140.1462    2.92700   -0.04613
  6.6667   53.47600  -65.76800   47.7755  140.1580    2.89400   -0.06009
  6.6750   53.64800  -65.98900   47.7644  140.1698    2.89900   -0.06103
  6.6833   53.82000  -66.21400   47.7533  140.1815    2.90100   -0.04948
  6.6917   53.99100  -66.44200   47.7422  140.1932    2.90500   -0.02809
  6.7000   54.16100  -66.67400   47.7311  140.2047    2.93300   -0.00698
  6.7083   54.33000  -66.91000   47.7200  140.2160    2.92100    0.01613
  6.7167   54.49800  -67.14900   47.7090  140.2272    2.91900    0.03689
  6.7250   54.66500  -67.39200   47.6979  140.2384    2.92800    0.07405
  6.7333   54.83100  -67.63900   47.6868  140.2494    2.96600    0.11642
  6.7417   54.99600  -67.89000   47.6757  140.2602    2.97700    0.15786
  6.7500   55.16000  -68.14400   47.6646  140.2710    2.97800    0.16951
  6.7583   55.32200  -68.40300   47.6535  140.2816    2.90500    0.15011
  6.7667   55.48400  -68.66500   47.6424  140.2921    2.80200    0.10522
  6.7750   55.64500  -68.93100   47.6314  140.3025    2.70900    0.05880
  6.7833   55.80400  -69.20100   47.6203  140.3128    2.62700    0.01291
  6.7917   55.96200  -69.47500   47.6092  140.3229    2.52300   -0.02380
  6.8000   56.11900  -69.75300   47.5981  140.3330    2.45800   -0.06010
  6.8083   56.27400  -70.03500   47.5871  140.3429    2.37100   -0.08269
  6.8167   56.42800  -70.32100   47.5760  140.3526    2.30200   -0.09520
  6.8250   56.58100  -70.61100   47.5649  140.3623    2.25800   -0.08774
  6.8333   56.73300  -70.90500   47.5538  140.3720    2.22800   -0.06127
  6.8417   56.88600  -71.19800   47.5428  140.3817    2.22000   -0.02609
  6.8500   57.03700  -71.49500   47.5319  140.3913    2.20600    0.01037
  6.8583   57.18700  -71.79700   47.5209  140.4008    2.18400    0.04573
  6.8667   57.33600  -72.10300   47.5099  140.4103    2.17500    0.06857
  6.8750   57.48400  -72.41300   47.4989  140.4197    2.12200    0.07507
  6.8833   57.62900  -72.72700   47.4879  140.4288    2.04900    0.05456
  6.8917   57.77400  -73.04500   47.4769  140.4379    1.95500    0.03060
  6.9000   57.91700  -73.36800   47.4658  140.4469    1.89800    0.01019
  6.9083   58.05800  -73.69500   47.4548  140.4558    1.84100    0.00050
  6.9167   58.19800  -74.02600   47.4438  140.4646    1.78300   -0.01013
  6.9250   58.33600  -74.36200   47.4328  140.4732    1.71600   -0.02224
  6.9333   58.47300  -74.70200   47.4218  140.4818    1.64600   -0.03823
  6.9417   58.60800  -75.04600   47.4107  140.4903    1.56700   -0.04219
  6.9500   58.74100  -75.39400   47.3997  140.4986    1.53500   -0.03069
  6.9583   58.87300  -75.74700   47.3887  140.5069    1.51600   -0.00439
  6.9667   59.00300  -76.10400   47.3776  140.5151    1.48800    0.02250
  6.9750   59.13100  -76.46500   47.3666  140.5231    1.46300    0.03043
  6.9833   59.25800  -76.83100   47.3555  140.5311    1.38100    0.02754
  6.9917   59.38200  -77.20000   47.3445  140.5389    1.31700    0.01347
  7.0000   59.50500  -77.57500   47.3334  140.5467    1.25100    0.00227
  7.0083   59.62900  -77.94900   47.3224  140.5547    1.17800   -0.00516
  7.0167   59.75100  -78.32700   47.3114  140.5625    1.12700   -0.00849
  7.0250   59.87100  -78.71000   47.3004  140.5703    1.07800    0.00012
  7.0333   59.98900  -79.09700   47.2894  140.5779    1.04800    0.00741
  7.0417   60.10500  -79.48800   47.2784  140.5854    0.99300    0.01899
  7.0500   60.21900  -79.88400   47.2673  140.5929    0.95600    0.01510
  7.0583   60.33100  -80.28400   47.2563  140.6002    0.87100    0.00861
  7.0667   60.44100  -80.68800   47.2453  140.6075    0.80900   -0.01110
  7.0750   60.54900  -81.09600   47.2342  140.6147    0.73400   -0.02763
  7.0833   60.65500  -81.50900   47.2231  140.6217    0.67100   -0.04628
  7.0917   60.75900  -81.92600   47.2121  140.6287    0.61400   -0.05808
  7.1000   60.86100  -82.34700   47.2010  140.6357    0.57300   -0.06626
  7.1083   60.96000  -82.77200   47.1899  140.6424    0.53100   -0.07004
  7.1167   61.05800  -83.20100   47.1788  140.6492    0.49500   -0.07854
  7.1250   61.15300  -83.63400   47.1676  140.6558    0.44500   -0.08498
  7.1333   61.24600  -84.07100   47.1565  140.6624    0.41700   -0.09013
  7.1417   61.33600  -84.51200   47.1454  140.6687    0.39500   -0.07956
  7.1500   61.42400  -84.95700   47.1342  140.6751    0.40500   -0.05949
  7.1583   61.51000  -85.40500   47.1231  140.6814    0.41600   -0.03236
  7.1667   61.59400  -85.85700   47.1119  140.6876    0.42100   -0.01008
  7.1750   61.67800  -86.31000   47.1008  140.6939    0.41800    0.00518
  7.1833   61.76000  -86.76600   47.0897  140.7002    0.40700    0.01841
  7.1917   61.83900  -87.22500   47.0786  140.7064    0.40700    0.03463
  7.2000   61.91600  -87.68900   47.0674  140.7125    0.41500    0.05485
  7.2083   61.99000  -88.15600   47.0562  140.7185    0.41900    0.07254
  7.2167   62.06200  -88.62600   47.0451  140.7244    0.41200    0.07268
  7.2250   62.13100  -89.10000   47.0339  140.7302    0.36300    0.06149
  7.2333   62.19800  -89.57700   47.0227  140.7360    0.33000    0.03658
  7.2417   62.26200  -90.05800   47.0114  140.7417    0.27500    0.01457
  7.2500   62.32400  -90.54100   47.0002  140.7473    0.23400   -0.00679
  7.2583   62.38300  -91.02700   46.9890  140.7528    0.20200   -0.02166
  7.2667   62.43900  -91.51700   46.9777  140.7582    0.17100   -0.03573
  7.2750   62.49300  -92.00900   46.9664  140.7636    0.13400   -0.04840
  7.2833   62.54400  -92.50400   46.9551  140.7689    0.10500   -0.05611
  7.2917   62.59200  -93.00100   46.9438  140.7740    0.08700   -0.05630
  7.3000   62.63800  -93.50200   46.9324  140.7792    0.07100   -0.04456
  7.3083   62.68000  -94.00400   46.9211  140.7841    0.08300   -0.03937
  7.3167   62.72000  -94.50900   46.9097  140.7891    0.04700   -0.02704
  7.3250   62.75800  -95.01600   46.8983  140.7940    0.06300   -0.01761
  7.3333   62.79200  -95.52400   46.8870  140.7988    0.07200    0.00311
  7.3417   62.82700  -96.03300   46.8756  140.8037    0.08000    0.01547
  7.3500   62.85900  -96.54400   46.8642  140.8086    0.07300    0.01251
  7.3583   62.88800  -97.05600   46.8528  140.8134    0.03700    0.00063
  7.3667   62.91500  -97.57000   46.8414  140.8182    0.02300   -0.01870
  7.3750   62.93800  -98.08600   46.8300  140.8228    0.00000   -0.02794
  7.3833   62.95900  -98.60400   46.8186  140.8274    0.00700   -0.03472
  7.3917   62.97700  -99.12300   46.8071  140.8319    0.00800   -0.03340
  7.4000   62.99200  -99.64300   46.7956  140.8363    0.01800   -0.03870
  7.4083   63.00400 -100.16400   46.7841  140.8407    0.00600   -0.04658
  7.4167   63.01300 -100.68600   46.7726  140.8450    0.00100   -0.05558
  7.4250   63.01900 -101.20900   46.7610  140.8491    0.00700   -0.05623
  7.4333   63.02200 -101.73300   46.7494  140.8532    0.02200   -0.04718
  7.4417   63.02300 -102.25700   46.7378  140.8573    0.05000   -0.02781
  7.4500   63.02000 -102.78100   46.7262  140.8613    0.09100    0.00040
  7.4583   63.01500 -103.30600   46.7145  140.8652    0.13600    0.02767
  7.4667   63.00600 -103.83100   46.7029  140.8690    0.15800    0.04552
  7.4750   62.99500 -104.35700   46.6912  140.8728    0.16500    0.05699
  7.4833   62.98100 -104.88100   46.6795  140.8765    0.18600    0.06481
  7.4917   62.96400 -105.40600   46.6677  140.8801    0.19600    0.06908
  7.5000   62.94400 -105.93000   46.6559  140.8837    0.19300    0.06266
  7.5083   62.92400 -106.45400   46.6442  140.8874    0.18100    0.05114
  7.5167   62.90200 -106.97600   46.6325  140.8910    0.17500    0.03284
  7.5250   62.87600 -107.49800   46.6207  140.8946    0.14800    0.00993
  7.5333   62.84800 -108.01900   46.6089  140.8981    0.11900   -0.01958
  7.5417   62.81700 -108.54000   46.5970  140.9016    0.09000   -0.04346
  7.5500   62.78300 -109.05900   46.5852  140.9050    0.08300   -0.05918
  7.5583   62.74500 -109.57800   46.5733  140.9082    0.08400   -0.06459
  7.5667   62.70600 -110.09500   46.5614  140.9115    0.09200   -0.06347
  7.5750   62.66300 -110.61000   46.5494  140.9146    0.11000   -0.05923
  7.5833   62.61700 -111.12500   46.5374  140.9177    0.12300   -0.05772
  7.5917   62.56900 -111.63700   46.5254  140.9207    0.12600   -0.06077
  7.6000   62.51800 -112.14800   46.5134  140.9237    0.13300   -0.05709
  7.6083   62.46400 -112.65800   46.5013  140.9266    0.17600   -0.04285
  7.6167   62.40700 -113.16500   46.4892  140.9294    0.22200   -0.02022
  7.6250   62.34700 -113.67000   46.4771  140.9321    0.26500   -0.00024
  7.6333   62.28500 -114.17300   46.4649  140.9348    0.30400    0.01075
  7.6417   62.22000 -114.67400   46.4527  140.9375    0.32200    0.02140
  7.6500   62.15200 -115.17200   46.4405  140.9400    0.36400    0.02011
  7.6583   62.08200 -115.66800   46.4282  140.9425    0.36300    0.02228
  7.6667   62.00900 -116.16100   46.4159  140.9449    0.39400    0.02029
  7.6750   61.93600 -116.65200   46.4037  140.9475    0.42400    0.02856
  7.6833   61.86100 -117.14100   46.3914  140.9501    0.46100    0.03203
  7.6917   61.78300 -117.62700   46.3790  140.9525    0.47800    0.02987
  7.7000   61.70300 -118.11000   46.3667  140.9550    0.48900    0.01669
  7.7083   61.61900 -118.59100   46.3542  140.9572    0.48700   -0.00242
  7.7167   61.53400 -119.06800   46.3418  140.9595    0.48200   -0.02173
  7.7250   61.44500 -119.54300   46.3293  140.9617    0.49300   -0.03425
  7.7333   61.35500 -120.01400   46.3168  140.9639    0.51300   -0.03534
  7.7417   61.26100 -120.48300   46.3042  140.9659    0.54800   -0.03489
  7.7500   61.16600 -120.94800   46.2917  140.9680    0.56400   -0.02898
  7.7583   61.06800 -121.41000   46.2791  140.9699    0.60400   -0.02237
  7.7667   60.96700 -121.86900   46.2664  140.9718    0.64000   -0.01483
  7.7750   60.86400 -122.32400   46.2536  140.9736    0.65900   -0.00728
  7.7833   60.75900 -122.77600   46.2409  140.9754    0.69900   -0.00157
  7.7917   60.65100 -123.22500   46.2281  140.9771    0.73100    0.00994
  7.8000   60.54100 -123.67000   46.2152  140.9787    0.77300    0.01143
  7.8083   60.42900 -124.11100   46.2024  140.9803    0.78300    0.01352
  7.8167   60.31500 -124.54900   46.1895  140.9818    0.81900    0.00965
  7.8250   60.19800 -124.98300   46.1765  140.9832    0.84100    0.01189
  7.8333   60.08000 -125.41400   46.1635  140.9847    0.87200    0.00909
  7.8417   59.96200 -125.84200   46.1505  140.9863    0.89100    0.00861
  7.8500   59.84100 -126.26700   46.1375  140.9877    0.92100    0.00380
  7.8583   59.71900 -126.68800   46.1244  140.9892    0.93600    0.00005
  7.8667   59.59400 -127.10500   46.1113  140.9905    0.95800   -0.00376
  7.8750   59.46700 -127.51900   46.0981  140.9918    0.98800   -0.00408
  7.8833   59.33900 -127.92900   46.0849  140.9931    1.01500   -0.00939
  7.8917   59.20800 -128.33501   46.0717  140.9943    1.02100   -0.01229
  7.9000   59.07500 -128.73801   46.0583  140.9954    1.06000   -0.01524
  7.9083   58.94000 -129.13699   46.0450  140.9965    1.08900   -0.01238
  7.9167   58.80400 -129.53200   46.0316  140.9975    1.11600   -0.01055
  7.9250   58.66500 -129.92300   46.0181  140.9984    1.15300   -0.01453
  7.9333   58.52500 -130.31100   46.0046  140.9994    1.16200   -0.01586
  7.9417   58.38200 -130.69501   45.9910  141.0002    1.20000   -0.01435
  7.9500   58.23800 -131.07500   45.9774  141.0010    1.24800   -0.00769
  7.9583   58.09200 -131.45100   45.9637  141.0017    1.27700   -0.00416
  7.9667   57.94500 -131.82401   45.9500  141.0024    1.30600   -0.00268
  7.9750   57.79500 -132.19299   45.9362  141.0030    1.35000    0.00021
  7.9833   57.64400 -132.55800   45.9224  141.0035    1.38700    0.00187
  7.9917   57.49100 -132.91901   45.9085  141.0040    1.41400    0.00108
  8.0000   57.33700 -133.27699   45.8946  141.0045    1.45100   -0.00597
  8.0083   57.18300 -133.63200   45.8806  141.0051    1.46800   -0.00829
  8.0167   57.02800 -133.98399   45.8667  141.0056    1.51400   -0.01425
  8.0250   56.87100 -134.33299   45.8526  141.0061    1.54000   -0.01550
  8.0333   56.71300 -134.67700   45.8385  141.0065    1.57500   -0.01506
  8.0417   56.55200 -135.01801   45.8243  141.0068    1.62800   -0.01316
  8.0500   56.39100 -135.35600   45.8101  141.0072    1.66100   -0.00856
  8.0583   56.22800 -135.69000   45.7958  141.0074    1.70600   -0.00806
  8.0667   56.06300 -136.02000   45.7815  141.0076    1.74500   -0.00574
  8.0750   55.89700 -136.34700   45.7671  141.0077    1.78500   -0.00244
  8.0833   55.73000 -136.67000   45.7526  141.0078    1.83600   -0.00296
  8.0917   55.56100 -136.99001   45.7381  141.0078    1.86500   -0.00443
  8.1000   55.39000 -137.30600   45.7234  141.0077    1.90400   -0.00553
  8.1083   55.21900 -137.61900   45.7088  141.0077    1.95900   -0.00371
  8.1167   55.04600 -137.92799   45.6940  141.0075    2.00000   -0.00054
  8.1250   54.87200 -138.23399   45.6792  141.0073    2.04500   -0.00575
  8.1333   54.69600 -138.53700   45.6643  141.0071    2.07000   -0.00892
  8.1417   54.51900 -138.83701   45.6494  141.0068    2.11800   -0.01186
  8.1500   54.34100 -139.13300   45.6343  141.0064    2.16400   -0.00704
  8.1583   54.16200 -139.42599   45.6193  141.0060    2.21800   -0.00202
  8.1667   53.98200 -139.71500   45.6041  141.0056    2.26600    0.00221
  8.1750   53.80200 -140.00301   45.5890  141.0052    2.31000    0.00469
  8.1833   53.62200 -140.28799   45.5737  141.0048    2.35800    0.00577
  8.1917   53.44000 -140.57001   45.5584  141.0044    2.40300    0.00646
  8.2000   53.25700 -140.84801   45.5430  141.0039    2.44600    0.00308
  8.2083   53.07300 -141.12399   45.5276  141.0033    2.47900    0.00118
  8.2167   52.88800 -141.39600   45.5121  141.0027    2.53000   -0.00288
  8.2250   52.70200 -141.66499   45.4965  141.0021    2.56600   -0.00059
  8.2333   52.51400 -141.93201   45.4807  141.0013    2.62300   -0.00601
  8.2417   52.32600 -142.19501   45.4650  141.0006    2.64500   -0.00564
  8.2500   52.13700 -142.45500   45.4491  140.9997    2.70100   -0.00820
  8.2583   51.94700 -142.71300   45.4332  140.9989    2.74700   -0.00024
  8.2667   51.75500 -142.96800   45.4171  140.9979    2.80800    0.00198
  8.2750   51.56300 -143.21899   45.4010  140.9969    2.84300    0.00332
  8.2833   51.37000 -143.46800   45.3848  140.9959    2.88600   -0.00000
  8.2917   51.17600 -143.71500   45.3685  140.9949    2.93100   -0.00035
  8.3000   50.98100 -143.95799   45.3522  140.9937    2.97900   -0.00231
  8.3083   50.78600 -144.19901   45.3357  140.9926    3.01800   -0.00322
  8.3167   50.58900 -144.43700   45.3192  140.9913    3.06800   -0.00851
  8.3250   50.39200 -144.67200   45.3026  140.9900    3.10200   -0.00906
  8.3333   50.19300 -144.90500   45.2858  140.9886    3.16100   -0.01118
  8.3417   49.99600 -145.13699   45.2690  140.9874    3.20800   -0.01324
  8.3500   49.79800 -145.36600   45.2522  140.9861    3.24300   -0.01553
  8.3583   49.59900 -145.59300   45.2353  140.9848    3.30200   -0.01633
  8.3667   49.40000 -145.81700   45.2183  140.9835    3.35500   -0.01293
  8.3750   49.19900 -146.03900   45.2011  140.9820    3.40700   -0.01109
  8.3833   48.99800 -146.25800   45.1839  140.9805    3.46100   -0.00868
  8.3917   48.79600 -146.47501   45.1665  140.9790    3.51900   -0.00727
  8.4000   48.59400 -146.68900   45.1491  140.9774    3.57100   -0.00392
  8.4083   48.39100 -146.90100   45.1316  140.9758    3.63700   -0.00001
  8.4167   48.18700 -147.11099   45.1139  140.9741    3.69900    0.00344
  8.4250   47.98200 -147.31799   45.0962  140.9723    3.75000    0.00161
  8.4333   47.77700 -147.52400   45.0783  140.9705    3.79600   -0.00375
  8.4417   47.57100 -147.72701   45.0603  140.9687    3.84500   -0.01040
  8.4500   47.36500 -147.92700   45.0423  140.9668    3.89100   -0.01391
  8.4583   47.15800 -148.12601   45.0241  140.9648    3.94900   -0.00945
  8.4667   46.95000 -148.32300   45.0058  140.9628    4.03000    0.00059
  8.4750   46.74200 -148.51700   44.9874  140.9608    4.10000    0.00986
  8.4833   46.53300 -148.71001   44.9688  140.9587    4.15700    0.01102
  8.4917   46.32400 -148.89999   44.9502  140.9565    4.20700    0.00599
  8.5000   46.11400 -149.08800   44.9315  140.9543    4.25300    0.00047
  8.5083   45.90500 -149.27600   44.9126  140.9522    4.30800   -0.00412
  8.5167   45.69600 -149.46100   44.8937  140.9500    4.36400   -0.01136
  8.5250   45.48600 -149.64500   44.8747  140.9478    4.40300   -0.01732
  8.5333   45.27600 -149.82600   44.8555  140.9456    4.46900   -0.02257
  8.5417   45.06500 -150.00600   44.8362  140.9433    4.53400   -0.02159
  8.5500   44.85400 -150.18401   44.8168  140.9409    4.60300   -0.02156
  8.5583   44.64200 -150.36000   44.7973  140.9385    4.66700   -0.02204
  8.5667   44.42900 -150.53400   44.7775  140.9360    4.73000   -0.02352
  8.5750   44.21700 -150.70700   44.7577  140.9335    4.79600   -0.02896
  8.5833   44.00400 -150.87700   44.7378  140.9309    4.84700   -0.02949
  8.5917   43.79000 -151.04601   44.7177  140.9283    4.93500   -0.02793
  8.6000   43.57600 -151.21400   44.6974  140.9257    5.01400   -0.01861
  8.6083   43.36200 -151.37900   44.6771  140.9229    5.10200   -0.00586
  8.6167   43.14700 -151.54300   44.6566  140.9202    5.20700    0.00760
  8.6250   42.93200 -151.70500   44.6359  140.9173    5.29100    0.01269
  8.6333   42.71700 -151.86600   44.6151  140.9145    5.34600    0.00896
  8.6417   42.50100 -152.02499   44.5942  140.9116    5.41600    0.00220
  8.6500   42.28500 -152.18300   44.5731  140.9087    5.49000   -0.00076
  8.6583   42.06800 -152.33900   44.5518  140.9056    5.56200    0.00255
  8.6667   41.85200 -152.49300   44.5304  140.9026    5.66000    0.00477
  8.6750   41.63600 -152.64700   44.5089  140.8996    5.73000    0.00678
  8.6833   41.42000 -152.79900   44.4873  140.8965    5.80100    0.00193
  8.6917   41.20300 -152.95000   44.4655  140.8934    5.86800   -0.00347
  8.7000   40.98700 -153.10001   44.4436  140.8904    5.93200   -0.00134
  8.7083   40.77000 -153.24800   44.4214  140.8872    6.03400    0.00138
  8.7167   40.55300 -153.39400   44.3992  140.8839    6.10400    0.00658
  8.7250   40.33500 -153.53999   44.3767  140.8806    6.18300    0.00257
  8.7333   40.11700 -153.68300   44.3541  140.8772    6.24800   -0.00343
  8.7417   39.89900 -153.82600   44.3312  140.8739    6.31100   -0.00753
  8.7500   39.68100 -153.96700   44.3083  140.8704    6.39800   -0.01174
  8.7583   39.46200 -154.10699   44.2851  140.8669    6.46300   -0.01442
  8.7667   39.24300 -154.24600   44.2617  140.8633    6.53600   -0.02246
  8.7750   39.02500 -154.38300   44.2383  140.8598    6.60400   -0.02191
  8.7833   38.80500 -154.52000   44.2145  140.8562    6.71300   -0.02184
  8.7917   38.58600 -154.65500   44.1907  140.8525    6.78700   -0.01453
  8.8000   38.36600 -154.78799   44.1666  140.8486    6.89100   -0.01406
  8.8083   38.14700 -154.92101   44.1423  140.8449    6.97100   -0.01572
  8.8167   37.92700 -155.05299   44.1179  140.8411    7.03900   -0.02083
  8.8250   37.70700 -155.18300   44.0932  140.8372    7.13200   -0.02535
  8.8333   37.48700 -155.31200   44.0683  140.8332    7.22200   -0.02026
  8.8417   37.26800 -155.44099   44.0434  140.8294    7.34200   -0.01714
  8.8500   37.04800 -155.56900   44.0181  140.8254    7.43400   -0.01298
  8.8583   36.82900 -155.69501   43.9928  140.8215    7.53600   -0.01447
  8.8667   36.60900 -155.82100   43.9672  140.8174    7.63400   -0.01480
  8.8750   36.38900 -155.94501   43.9413  140.8133    7.73400   -0.01860
  8.8833   36.16900 -156.06900   43.9153  140.8092    7.81900   -0.02251
  8.8917   35.94900 -156.19099   43.8890  140.8050    7.91800   -0.02358
  8.9000   35.72900 -156.31300   43.8625  140.8008    8.03200   -0.01201
  8.9083   35.50800 -156.43300   43.8358  140.7964    8.17700    0.00175
  8.9167   35.28800 -156.55299   43.8088  140.7921    8.28400    0.01865
  8.9250   35.06700 -156.67101   43.7816  140.7877    8.40700    0.02966
  8.9333   34.84700 -156.78900   43.7542  140.7833    8.51800    0.03930
  8.9417   34.62600 -156.90601   43.7265  140.7788    8.61200    0.04487
  8.9500   34.40500 -157.02200   43.6986  140.7743    8.70900    0.04665
  8.9583   34.18500 -157.13699   43.6705  140.7697    8.79100    0.05468
  8.9667   33.96400 -157.25101   43.6421  140.7650    8.90200    0.06065
  8.9750   33.74300 -157.36400   43.6134  140.7603    8.97400    0.06465
  8.9833   33.52200 -157.47701   43.5845  140.7556    9.03300    0.06235
  8.9917   33.30100 -157.58800   43.5553  140.7508    9.09700    0.06040
  9.0000   33.08000 -157.69901   43.5258  140.7459    9.15300    0.06249
  9.0083   32.86000 -157.81000   43.4962  140.7412    9.21300    0.06912
  9.0167   32.64000 -157.91901   43.4663  140.7363    9.28200    0.07503
  9.0250   32.42000 -158.02800   43.4362  140.7314    9.31800    0.07000
  9.0333   32.19900 -158.13600   43.4056  140.7264    9.30800    0.05346
  9.0417   31.97900 -158.24300   43.3749  140.7214    9.30600    0.03393
  9.0500   31.75900 -158.35001   43.3439  140.7164    9.31200    0.02604
  9.0583   31.53900 -158.45599   43.3126  140.7113    9.34900    0.02291
  9.0667   31.31800 -158.56100   43.2809  140.7060    9.36100    0.01616
  9.0750   31.09800 -158.66600   43.2489  140.7009    9.34300    0.00627
  9.0833   30.87800 -158.76900   43.2167  140.6955    9.35900   -0.00446
  9.0917   30.65700 -158.87199   43.1841  140.6902    9.36300   -0.01274
  9.1000   30.43700 -158.97501   43.1512  140.6848    9.35300   -0.01819
  9.1083   30.21700 -159.07700   43.1180  140.6794    9.38000   -0.01995
  9.1167   29.99700 -159.17799   43.0845  140.6740    9.40500   -0.02650
  9.1250   29.77700 -159.27901   43.0506  140.6685    9.37800   -0.03239
  9.1333   29.55600 -159.37900   43.0163  140.6628    9.41900   -0.03803
  9.1417   29.33600 -159.47800   42.9818  140.6572    9.45200   -0.03519
  9.1500   29.11700 -159.57700   42.9470  140.6516    9.47700   -0.03401
  9.1583   28.89700 -159.67599   42.9117  140.6459    9.51600   -0.03027
  9.1667   28.67700 -159.77400   42.8761  140.6402    9.57300   -0.03213
  9.1750   28.45800 -159.87100   42.8402  140.6344    9.57900   -0.03741
  9.1833   28.23900 -159.96700   42.8040  140.6285    9.61300   -0.03902
  9.1917   28.02000 -160.06400   42.7674  140.6227    9.70100   -0.03145
  9.2000   27.80100 -160.15900   42.7304  140.6167    9.76700   -0.02347
  9.2083   27.58200 -160.25400   42.6929  140.6107    9.81200   -0.02164
  9.2167   27.36400 -160.34900   42.6553  140.6048    9.87400   -0.02064
  9.2250   27.14500 -160.44299   42.6171  140.5986    9.94400   -0.02310
  9.2333   26.92600 -160.53700   42.5784  140.5925    9.97400   -0.02052
  9.2417   26.70800 -160.63000   42.5395  140.5864   10.07200   -0.01462
  9.2500   26.48900 -160.72301   42.5000  140.5801   10.16700   -0.00109
  9.2583   26.27100 -160.81500   42.4602  140.5738   10.25000    0.00303
  9.2667   26.05300 -160.90700   42.4199  140.5675   10.30000    0.00378
  9.2750   25.83500 -160.99899   42.3792  140.5612   10.37800   -0.00016
  9.2833   25.61700 -161.09000   42.3381  140.5548   10.43300   -0.00172
  9.2917   25.39900 -161.17999   42.2965  140.5482   10.49500   -0.00109
  9.3000   25.18200 -161.27100   42.2545  140.5419   10.58800   -0.00455
  9.3083   24.96400 -161.36099   42.2119  140.5353   10.62000   -0.00031
  9.3167   24.74700 -161.45000   42.1690  140.5287   10.73200    0.00256
  9.3250   24.52900 -161.53999   42.1254  140.5220   10.81700    0.01203
  9.3333   24.31200 -161.62900   42.0814  140.5154   10.88600    0.01293
  9.3417   24.09600 -161.71700   42.0372  140.5086   10.93900    0.00938
  9.3500   23.88000 -161.80499   41.9924  140.5019   10.99200    0.00710
  9.3583   23.66400 -161.89200   41.9471  140.4950   11.06500    0.00261
  9.3667   23.44700 -161.98000   41.9010  140.4882   11.10300    0.00686
  9.3750   23.23200 -162.06599   41.8548  140.4812   11.20500    0.00983
  9.3833   23.01600 -162.15300   41.8078  140.4743   11.26800    0.01865
  9.3917   22.80000 -162.23900   41.7603  140.4672   11.34100    0.02169
  9.4000   22.58500 -162.32500   41.7123  140.4602   11.40400    0.01933
  9.4083   22.37000 -162.41100   41.6638  140.4531   11.43000    0.01351
  9.4167   22.15400 -162.49699   41.6144  140.4460   11.47600    0.00805
  9.4250   21.93900 -162.58200   41.5647  140.4387   11.54200    0.00328
  9.4333   21.72500 -162.66701   41.5145  140.4316   11.57200    0.00177
  9.4417   21.51000 -162.75101   41.4635  140.4242   11.63600   -0.00879
  9.4500   21.29600 -162.83600   41.4121  140.4170   11.64100   -0.00853
  9.4583   21.08200 -162.92000   41.3600  140.4096   11.73800   -0.01032
  9.4667   20.86800 -163.00400   41.3072  140.4022   11.78600   -0.00718
  9.4750   20.65400 -163.08800   41.2538  140.3948   11.81900   -0.00364
  9.4833   20.44000 -163.17200   41.1996  140.3873   11.91300    0.00047
  9.4917   20.22700 -163.25500   41.1451  140.3798   11.96200    0.01305
  9.5000   20.01400 -163.33800   41.0898  140.3723   12.04800    0.01730
  9.5083   19.80100 -163.42101   41.0337  140.3647   12.08500    0.01477
  9.5167   19.58900 -163.50301   40.9772  140.3570   12.08700    0.01361
  9.5250   19.37700 -163.58600   40.9200  140.3495   12.18000    0.01491
  9.5333   19.16500 -163.66800   40.8619  140.3417   12.23300    0.01844
  9.5417   18.95300 -163.74899   40.8032  140.3338   12.24400    0.02143
  9.5500   18.74100 -163.83099   40.7436  140.3261   12.33000    0.01588
  9.5583   18.53000 -163.91299   40.6835  140.3183   12.31900    0.01336
  9.5667   18.31900 -163.99400   40.6226  140.3104   12.34800    0.00389
  9.5750   18.10800 -164.07500   40.5609  140.3025   12.37800    0.00484
  9.5833   17.89700 -164.15601   40.4983  140.2946   12.43100    0.00864
  9.5917   17.68600 -164.23700   40.4349  140.2866   12.47200    0.01262
  9.6000   17.47600 -164.31799   40.3709  140.2786   12.49600    0.01287
  9.6083   17.26600 -164.39900   40.3060  140.2707   12.51300    0.00874
  9.6167   17.05600 -164.48000   40.2402  140.2627   12.51100    0.01219
  9.6250   16.84700 -164.56000   40.1738  140.2546   12.58000    0.01896
  9.6333   16.63700 -164.64101   40.1062  140.2466   12.61200    0.02891
  9.6417   16.42800 -164.72099   40.0379  140.2384   12.62800    0.03145
  9.6500   16.22000 -164.80200   39.9690  140.2305   12.63500    0.03285
  9.6583   16.01100 -164.88200   39.8989  140.2223   12.65700    0.02960
  9.6667   15.80300 -164.96300   39.8280  140.2144   12.63500    0.02358
  9.6750   15.59500 -165.04201   39.7562  140.2060   12.61700    0.01490
  9.6833   15.38800 -165.12100   39.6838  140.1978   12.61300    0.00512
  9.6917   15.18000 -165.20100   39.6099  140.1896   12.57600   -0.00257
  9.7000   14.97300 -165.28000   39.5354  140.1813   12.57500   -0.00956
  9.7083   14.76700 -165.35899   39.4601  140.1731   12.57500   -0.01600
  9.7167   14.56000 -165.43900   39.3834  140.1649   12.54500   -0.02288
  9.7250   14.35400 -165.51801   39.3060  140.1566   12.53900   -0.02305
  9.7333   14.14800 -165.59700   39.2275  140.1483   12.59000   -0.01783
  9.7417   13.94200 -165.67599   39.1478  140.1400   12.60200   -0.01303
  9.7500   13.73700 -165.75600   39.0674  140.1319   12.59300   -0.01341
  9.7583   13.53100 -165.83501   38.9854  140.1236   12.61100   -0.02047
  9.7667   13.32600 -165.91400   38.9027  140.1153   12.57300   -0.01608
  9.7750   13.12200 -165.99300   38.8191  140.1071   12.66400   -0.01260
  9.7833   12.91800 -166.07300   38.7343  140.0991   12.68000    0.00110
  9.7917   12.71400 -166.15199   38.6484  140.0909   12.73500    0.00599
  9.8000   12.51000 -166.23100   38.5611  140.0826   12.76200    0.00175
  9.8083   12.30600 -166.31100   38.4726  140.0746   12.70700   -0.00278
  9.8167   12.10300 -166.39000   38.3833  140.0665   12.76400   -0.01050
  9.8250   11.90100 -166.47000   38.2930  140.0586   12.76800   -0.00349
  9.8333   11.69800 -166.54900   38.2011  140.0505   12.84400   -0.00899
  9.8417   11.49600 -166.62801   38.1083  140.0424   12.79700   -0.00876
  9.8500   11.29400 -166.70700   38.0141  140.0344   12.85400   -0.01274
  9.8583   11.09300 -166.78500   37.9190  140.0263   12.89700   -0.00890
  9.8667   10.89100 -166.86400   37.8221  140.0183   12.92600   -0.00749
  9.8750   10.69000 -166.94299   37.7242  140.0104   12.96600   -0.01358
  9.8833   10.49000 -167.02200   37.6254  140.0026   12.94400   -0.01339
  9.8917   10.28900 -167.10100   37.5247  139.9947   13.03100   -0.00951
  9.9000   10.08900 -167.17999   37.4230  139.9870   13.10300    0.00056
  9.9083    9.89000 -167.25999   37.3203  139.9796   13.14000   -0.00551
  9.9167    9.69000 -167.33900   37.2156  139.9718   13.07800   -0.01012
  9.9250    9.49100 -167.41901   37.1100  139.9645   13.16300   -0.00681
  9.9333    9.29200 -167.49800   37.0028  139.9569   13.26800    0.00873
  9.9417    9.09400 -167.57800   36.8946  139.9498   13.32100    0.02287
  9.9500    8.89600 -167.65800   36.7849  139.9427   13.39300    0.02220
  9.9583    8.69800 -167.73801   36.6735  139.9356   13.36700    0.02087
  9.9667    8.50000 -167.81799   36.5606  139.9285   13.41800    0.01132
  9.9750    8.30300 -167.89799   36.4467  139.9216   13.41600    0.00827
  9.9833    8.10700 -167.97800   36.3317  139.9150   13.45000   -0.00252
  9.9917    7.91000 -168.05901   36.2144  139.9084   13.42400   -0.01048
 10.0000    7.71400 -168.14000   36.0961  139.9021   13.45800   -0.01865
 10.0083    7.51900 -168.21899   35.9768  139.8955   13.49200   -0.01606
 10.0167    7.32300 -168.29900   35.8552  139.8890   13.56900   -0.01751
 10.0250    7.12800 -168.37900   35.7325  139.8828   13.55700   -0.01293
 10.0333    6.93300 -168.45900   35.6080  139.8766   13.64200   -0.01171
 10.0417    6.73900 -168.53999   35.4825  139.8710   13.69400   -0.01028
 10.0500    6.54500 -168.62000   35.3553  139.8651   13.68400   -0.00551
 10.0583    6.35100 -168.70100   35.2262  139.8596   13.79900   -0.00726
 10.0667    6.15800 -168.78200   35.0961  139.8543   13.78800    0.00493
 10.0750    5.96500 -168.86301   34.9642  139.8491   13.93200    0.00179
 10.0833    5.77200 -168.94400   34.8305  139.8441   13.90800    0.00689
 10.0917    5.57900 -169.02600   34.6950  139.8394   13.97900    0.00040
 10.1000    5.38800 -169.10699   34.5591  139.8348   14.01500   -0.00153
 10.1083    5.19600 -169.18900   34.4206  139.8305   14.03300    0.00791
 10.1167    5.00500 -169.27100   34.2810  139.8265   14.19800    0.00363
 10.1250    4.81400 -169.35300   34.1396  139.8226   14.11000    0.00000

 15.8000    6.88300 -273.57101   46.4863  159.7359   18.78900    0.00000
 15.8083    6.99700 -273.74200   46.5313  159.6392   18.64900   -0.00219
 15.8167    7.11100 -273.91400   46.5760  159.5430   18.59300   -0.00562
 15.8250    7.22400 -274.08499   46.6199  159.4480   18.51500    0.00082
 15.8333    7.33600 -274.25800   46.6635  159.3545   18.39800    0.04638
 15.8417    7.45000 -274.42999   46.7065  159.2596   18.47500    0.08184
 15.8500    7.56400 -274.60199   46.7490  159.1651   18.19300    0.09166
 15.8583    7.67700 -274.77499   46.7910  159.0720   17.70500    0.07209
 15.8667    7.78900 -274.94901   46.8326  158.9802   17.54500    0.07337
 15.8750    7.90100 -275.12201   46.8736  158.8888   17.40500    0.07940
 15.8833    8.01300 -275.29599   46.9142  158.7979   16.98100    0.03164
 15.8917    8.12400 -275.47101   46.9544  158.7083   16.41800   -0.03059
 15.9000    8.23400 -275.64499   46.9938  158.6199   16.10800   -0.01238
 15.9083    8.34400 -275.82001   47.0330  158.5320   16.39500   -0.00131
 15.9167    8.45300 -275.99600   47.0717  158.4453   15.75100    0.01343
 15.9250    8.56200 -276.17200   47.1101  158.3590   15.44600   -0.02094
 15.9333    8.67000 -276.34799   47.1478  158.2739   15.26300   -0.03504
 15.9417    8.77800 -276.52499   47.1854  158.1893   14.80500   -0.01235
 15.9500    8.88500 -276.70099   47.2222  158.1058   14.87000   -0.00823
 15.9583    8.99100 -276.87900   47.2589  158.0235   14.55000   -0.02435
 15.9667    9.09700 -277.05600   47.2950  157.9415   13.94300   -0.06894
 15.9750    9.20300 -277.23401   47.3308  157.8600   13.79500   -0.09487
 15.9833    9.30700 -277.41299   47.3663  157.7804   13.69400   -0.08692
 15.9917    9.41100 -277.59201   47.4014  157.7011   13.41100   -0.09303
 16.0000    9.51500 -277.77100   47.4360  157.6221   13.14400   -0.10947
 16.0083    9.61900 -277.95001   47.4703  157.5435   12.96600   -0.12614
 16.0167    9.72400 -278.12900   47.5042  157.4645   12.71800   -0.09789
 16.0250    9.82700 -278.30899   47.5378  157.3874   12.88700   -0.06063
 16.0333    9.93000 -278.48999   47.5711  157.3105   12.78800   -0.01098
 16.0417   10.03200 -278.67001   47.6039  157.2348   12.64300    0.01084
 16.0500   10.13400 -278.85101   47.6365  157.1594   12.57700    0.02157
 16.0583   10.23500 -279.03299   47.6688  157.0850   12.42500    0.04419
 16.0667   10.33600 -279.21399   47.7007  157.0109   12.41900    0.03212
 16.0750   10.43600 -279.39700   47.7324  156.9379   12.04400    0.03810
 16.0833   10.53500 -279.57901   47.7637  156.8659   12.04900    0.03524
 16.0917   10.63300 -279.76199   47.7947  156.7949   11.97700    0.05034
 16.1000   10.73100 -279.94501   47.8254  156.7242   11.78300    0.02981
 16.1083   10.82800 -280.12900   47.8559  156.6545   11.48000   -0.01726
 16.1167   10.92400 -280.31299   47.8861  156.5857   11.16900   -0.04088
 16.1250   11.02000 -280.49799   47.9161  156.5172   11.16100   -0.01425
 16.1333   11.11500 -280.68201   47.9456  156.4497   11.27000    0.01555
 16.1417   11.20900 -280.86801   47.9751  156.3831   10.98100   -0.00441
 16.1500   11.30300 -281.05301   48.0042  156.3167   10.54800   -0.03536
 16.1583   11.39500 -281.23901   48.0331  156.2519   10.59600   -0.05047
 16.1667   11.48700 -281.42499   48.0617  156.1874   10.46800   -0.03447
 16.1750   11.58100 -281.61099   48.0899  156.1217   10.32300   -0.01945
 16.1833   11.67400 -281.79800   48.1181  156.0569   10.37400   -0.02242
 16.1917   11.76600 -281.98499   48.1459  155.9930   10.09700   -0.03378
 16.2000   11.85700 -282.17200   48.1735  155.9299    9.89800   -0.08313
 16.2083   11.94800 -282.35999   48.2010  155.8671    9.64800   -0.10014
 16.2167   12.03800 -282.54800   48.2281  155.8051    9.65400   -0.08507
 16.2250   12.12700 -282.73700   48.2552  155.7440    9.73100   -0.04373
 16.2333   12.21500 -282.92599   48.2820  155.6837    9.72600   -0.00622
 16.2417   12.30300 -283.11499   48.3086  155.6236    9.74500    0.01440
 16.2500   12.39000 -283.30499   48.3350  155.5643    9.71700    0.03172
 16.2583   12.47600 -283.49500   48.3612  155.5059    9.69100   -0.00550
 16.2667   12.56100 -283.68500   48.3872  155.4482    9.25400   -0.04368
 16.2750   12.64500 -283.87601   48.4131  155.3913    9.22800   -0.05515
 16.2833   12.72900 -284.06699   48.4388  155.3345    9.43400   -0.04429
 16.2917   12.81200 -284.25800   48.4642  155.2785    9.21100   -0.04034
 16.3000   12.89400 -284.45001   48.4896  155.2233    9.15200   -0.04509
 16.3083   12.97500 -284.64200   48.5148  155.1688    9.30500   -0.00947
 16.3167   13.05500 -284.83401   48.5398  155.1150    9.42300    0.02342
 16.3250   13.13400 -285.02701   48.5647  155.0620    9.34800    0.02106
 16.3333   13.21300 -285.22000   48.5894  155.0091    9.21700   -0.00196
 16.3417   13.29300 -285.41299   48.6138  154.9556    9.15500   -0.01766
 16.3500   13.37200 -285.60599   48.6381  154.9029    9.14100   -0.03877
 16.3583   13.45100 -285.79999   48.6622  154.8503    8.97700   -0.05176
 16.3667   13.52800 -285.99399   48.6863  154.7990    8.98700   -0.03957
 16.3750   13.60500 -286.18900   48.7103  154.7478    9.15800   -0.00370
 16.3833   13.68100 -286.38400   48.7341  154.6972    9.16600    0.04256
 16.3917   13.75600 -286.57901   48.7577  154.6473    9.25100    0.08692
 16.4000   13.83000 -286.77399   48.7812  154.5981    9.39300    0.11406
 16.4083   13.90400 -286.97000   48.8046  154.5490    9.24600    0.09963
 16.4167   13.97600 -287.16599   48.8279  154.5011    8.99200    0.05678
 16.4250   14.04800 -287.36301   48.8512  154.4532    8.91600    0.03696
 16.4333   14.11800 -287.55899   48.8742  154.4065    8.95400    0.03431
 16.4417   14.18800 -287.75601   48.8972  154.3599    8.84000    0.00053
 16.4500   14.25700 -287.95401   48.9202  154.3139    8.51500   -0.03731
 16.4583   14.32500 -288.15100   48.9429  154.2685    8.52400   -0.05571
 16.4667   14.39100 -288.34900   48.9657  154.2243    8.57000   -0.04305
 16.4750   14.45700 -288.54800   48.9885  154.1800    8.49400   -0.04064
 16.4833   14.52200 -288.74600   49.0110  154.1364    8.42400   -0.05317
 16.4917   14.58600 -288.94501   49.0335  154.0933    8.37600   -0.05640
 16.5000   14.64900 -289.14401   49.0560  154.0508    8.38800   -0.07417
 16.5083   14.71400 -289.34299   49.0781  154.0072    8.21800   -0.08573
 16.5167   14.77800 -289.54199   49.1001  153.9642    8.19100   -0.09696
 16.5250   14.84100 -289.74200   49.1222  153.9217    8.18300   -0.07391
 16.5333   14.90300 -289.94199   49.1441  153.8798    8.27700   -0.02266
 16.5417   14.96400 -290.14200   49.1660  153.8385    8.47800    0.03140
 16.5500   15.02400 -290.34299   49.1879  153.7976    8.50600    0.07820
 16.5583   15.08300 -290.54300   49.2096  153.7573    8.55300    0.15582
 16.5667   15.14100 -290.74500   49.2314  153.7175    9.00900    0.16475
 16.5750   15.19800 -290.94601   49.2531  153.6782    8.52400    0.14312
 16.5833   15.25400 -291.14700   49.2747  153.6395    8.34100    0.04170
 16.5917   15.30900 -291.34900   49.2963  153.6012    8.18300   -0.02832
 16.6000   15.36400 -291.55099   49.3178  153.5629    7.93700   -0.08217
 16.6083   15.41700 -291.75299   49.3393  153.5257    7.86800   -0.10490
 16.6167   15.46900 -291.95599   49.3609  153.4888    7.92200   -0.08683
 16.6250   15.52000 -292.15799   49.3823  153.4525    7.96000   -0.04541
 16.6333   15.57000 -292.36099   49.4037  153.4167    8.05200    0.00259
 16.6417   15.61900 -292.56400   49.4252  153.3813    8.14700    0.05068
 16.6500   15.66700 -292.76700   49.4465  153.3464    8.15900    0.07469
 16.6583   15.71300 -292.97101   49.4681  153.3124    8.06800    0.07069
 16.6667   15.75900 -293.17401   49.4893  153.2785    7.96700    0.04612
 16.6750   15.80700 -293.37799   49.5104  153.2434    7.87100   -0.00207
 16.6833   15.85300 -293.58200   49.5316  153.2092    7.63500   -0.05917
 16.6917   15.89900 -293.78601   49.5526  153.1751    7.48800   -0.08945
 16.7000   15.94300 -293.98999   49.5737  153.1418    7.59600   -0.08247
 16.7083   15.98700 -294.19400   49.5947  153.1086    7.62500   -0.05572
 16.7167   16.02900 -294.39899   49.6158  153.0762    7.60100   -0.03524
 16.7250   16.07100 -294.60400   49.6368  153.0437    7.64000   -0.01143
 16.7333   16.11100 -294.80899   49.6579  153.0122    7.67500    0.02360
 16.7417   16.15000 -295.01401   49.6790  152.9810    7.73300    0.05244
 16.7500   16.18800 -295.21899   49.7001  152.9503    7.73500    0.07516
 16.7583   16.22500 -295.42401   49.7212  152.9201    7.73800    0.07708
 16.7667   16.26100 -295.63000   49.7423  152.8901    7.65500    0.05042
 16.7750   16.29600 -295.83499   49.7634  152.8607    7.46300    0.01561
 16.7833   16.33000 -296.04099   49.7846  152.8315    7.42200   -0.02112
 16.7917   16.36300 -296.24701   49.8057  152.8028    7.33500   -0.03897
 16.8000   16.39400 -296.45200   49.8269  152.7750    7.28700   -0.05487
 16.8083   16.42400 -296.65799   49.8482  152.7475    7.26400   -0.05317
 16.8167   16.45400 -296.86401   49.8694  152.7200    7.30900   -0.04542
 16.8250   16.48200 -297.07001   49.8907  152.6932    7.30000   -0.04017
 16.8333   16.50900 -297.27600   49.9120  152.6669    7.25200   -0.05022
 16.8417   16.53800 -297.48300   49.9332  152.6394    7.17500   -0.05322
 16.8500   16.56600 -297.68900   49.9542  152.6124    7.21500   -0.03944
 16.8583   16.59300 -297.89499   49.9753  152.5858    7.29700   -0.00879
 16.8667   16.61800 -298.10199   49.9966  152.5599    7.35200    0.01681
 16.8750   16.64300 -298.30801   50.0177  152.5340    7.36800    0.03499
 16.8833   16.66600 -298.51501   50.0391  152.5089    7.40100    0.04529
 16.8917   16.68800 -298.72198   50.0605  152.4841    7.40500    0.05094
 16.9000   16.70900 -298.92801   50.0818  152.4597    7.38200    0.05221
 16.9083   16.72900 -299.13501   50.1033  152.4356    7.37900    0.04494
 16.9167   16.74800 -299.34201   50.1248  152.4119    7.32000    0.02764
 16.9250   16.76600 -299.54800   50.1462  152.3885    7.23300    0.00537
 16.9333   16.78300 -299.75500   50.1678  152.3655    7.20200   -0.01908
 16.9417   16.79800 -299.96100   50.1895  152.3433    7.12700   -0.02389
 16.9500   16.81200 -300.16800   50.2113  152.3214    7.17700   -0.02592
 16.9583   16.82500 -300.37399   50.2331  152.2999    7.14900   -0.01993
 16.9667   16.83700 -300.58099   50.2551  152.2786    7.11600   -0.02534
 16.9750   16.84800 -300.78699   50.2770  152.2577    7.06700   -0.02159
 16.9833   16.85800 -300.99399   50.2991  152.2371    7.09700   -0.01018
 16.9917   16.86600 -301.20001   50.3212  152.2173    7.11100    0.01165
 17.0000   16.87300 -301.40601   50.3435  152.1979    7.12900    0.03648
 17.0083   16.88300 -301.61200   50.3653  152.1770    7.17700    0.05641
 17.0167   16.89100 -301.81900   50.3874  152.1567    7.15600    0.07120
 17.0250   16.89800 -302.02499   50.4095  152.1369    7.14300    0.05952
 17.0333   16.90300 -302.23099   50.4317  152.1178    6.99500    0.04200
 17.0417   16.90800 -302.43701   50.4540  152.0985    6.93000    0.02538
 17.0500   16.91100 -302.64301   50.4764  152.0801    6.91900    0.01587
 17.0583   16.91400 -302.84900   50.4988  152.0615    6.82300    0.00292
 17.0667   16.91500 -303.05499   50.5215  152.0436    6.72500   -0.01750
 17.0750   16.91500 -303.26001   50.5441  152.0261    6.64400   -0.02862
 17.0833   16.91300 -303.46600   50.5671  152.0093    6.59700   -0.02775
 17.0917   16.91100 -303.67099   50.5899  151.9925    6.57300   -0.01302
 17.1000   16.90700 -303.87601   50.6130  151.9764    6.58400    0.00151
 17.1083   16.90300 -304.08099   50.6360  151.9601    6.53200    0.01432
 17.1167   16.89700 -304.28601   50.6593  151.9446    6.50200    0.02169
 17.1250   16.88900 -304.49100   50.6829  151.9298    6.48400    0.02483
 17.1333   16.88100 -304.69501   50.7063  151.9149    6.41300    0.01561
 17.1417   16.87200 -304.89899   50.7298  151.9004    6.30400   -0.00796
 17.1500   16.86100 -305.10300   50.7537  151.8865    6.19700   -0.03779
 17.1583   16.84900 -305.30701   50.7776  151.8730    6.10300   -0.05472
 17.1667   16.83600 -305.51001   50.8016  151.8598    6.10700   -0.06771
 17.1750   16.82500 -305.71399   50.8253  151.8456    6.04500   -0.06822
 17.1833   16.81300 -305.91699   50.8491  151.8316    6.05100   -0.07041
 17.1917   16.79900 -306.12100   50.8733  151.8184    6.05100   -0.06759
 17.2000   16.78500 -306.32401   50.8974  151.8050    6.03200   -0.06298
 17.2083   16.76900 -306.52701   50.9217  151.7924    6.05900   -0.05173
 17.2167   16.75200 -306.72900   50.9461  151.7802    6.11200   -0.03355
 17.2250   16.73400 -306.93201   50.9708  151.7682    6.15300   -0.01058
 17.2333   16.71500 -307.13400   50.9955  151.7565    6.22700    0.00283
 17.2417   16.69400 -307.33499   51.0204  151.7457    6.22400    0.02109
 17.2500   16.67200 -307.53699   51.0456  151.7350    6.30400    0.03125
 17.2583   16.65000 -307.73801   51.0707  151.7243    6.31300    0.04447
 17.2667   16.62600 -307.93900   51.0961  151.7143    6.31900    0.05227
 17.2750   16.60000 -308.13901   51.1218  151.7052    6.34500    0.06277
 17.2833   16.57400 -308.33899   51.1474  151.6959    6.36100    0.06242
 17.2917   16.54600 -308.53900   51.1734  151.6873    6.27200    0.06643
 17.3000   16.51800 -308.73901   51.1995  151.6785    6.30900    0.06893
 17.3083   16.48800 -308.93799   51.2258  151.6706    6.28900    0.08123
 17.3167   16.45700 -309.13599   51.2522  151.6631    6.24400    0.08115
 17.3250   16.42500 -309.33499   51.2789  151.6557    6.16600    0.07108
 17.3333   16.39100 -309.53201   51.3057  151.6493    6.04300    0.05506
 17.3417   16.36000 -309.73099   51.3323  151.6412    5.92900    0.04152
 17.3500   16.32700 -309.92899   51.3591  151.6339    5.84700    0.03810
 17.3583   16.29400 -310.12601   51.3859  151.6266    5.77900    0.03764
 17.3667   16.25900 -310.32401   51.4131  151.6199    5.66700    0.02814
 17.3750   16.22300 -310.51999   51.4404  151.6137    5.49800    0.02101
 17.3833   16.18600 -310.71701   51.4680  151.6077    5.42900    0.01188
 17.3917   16.14700 -310.91299   51.4959  151.6025    5.28100    0.01465
 17.4000   16.10800 -311.10800   51.5238  151.5973    5.17800    0.01146
 17.4083   16.06700 -311.30399   51.5521  151.5927    5.04300    0.01123
 17.4167   16.02500 -311.49799   51.5805  151.5886    4.90600    0.01839
 17.4250   15.98300 -311.69199   51.6090  151.5844    4.84700    0.02361
 17.4333   15.93800 -311.88599   51.6381  151.5814    4.69000    0.03276
 17.4417   15.89300 -312.07901   51.6671  151.5783    4.57100    0.03362
 17.4500   15.84700 -312.27200   51.6964  151.5756    4.43700    0.03780
 17.4583   15.79900 -312.46399   51.7261  151.5737    4.29900    0.03252
 17.4667   15.75100 -312.65601   51.7558  151.5716    4.10300    0.02587
 17.4750   15.70100 -312.84698   51.7859  151.5704    3.96100    0.01073
 17.4833   15.65000 -313.03799   51.8163  151.5696    3.75600    0.00625
 17.4917   15.59800 -313.22800   51.8469  151.5692    3.64200   -0.00833
 17.5000   15.54500 -313.41800   51.8777  151.5690    3.42100   -0.01255
 17.5083   15.49400 -313.60800   51.9083  151.5679    3.29500   -0.02032
 17.5167   15.44100 -313.79800   51.9393  151.5675    3.15300   -0.02867
 17.5250   15.38800 -313.98700   51.9703  151.5671    2.92500   -0.03372
 17.5333   15.33300 -314.17599   52.0018  151.5675    2.82700   -0.03615
 17.5417   15.27800 -314.36401   52.0334  151.5678    2.70700   -0.02617
 17.5500   15.22100 -314.55200   52.0654  151.5690    2.58600   -0.02016
 17.5583   15.16300 -314.73901   52.0977  151.5706    2.46700   -0.01716
 17.5667   15.10400 -314.92499   52.1301  151.5726    2.33800   -0.02028
 17.5750   15.04400 -315.11099   52.1630  151.5750    2.17900   -0.01519
 17.5833   14.98300 -315.29700   52.1961  151.5777    2.13600   -0.01589
 17.5917   14.92100 -315.48099   52.2294  151.5811    1.97200   -0.02027
 17.6000   14.85800 -315.66599   52.2631  151.5846    1.79900   -0.02368
 17.6083   14.79300 -315.84900   52.2973  151.5892    1.77800   -0.02825
 17.6167   14.72800 -316.03201   52.3315  151.5937    1.62000   -0.02171
 17.6250   14.66100 -316.21399   52.3663  151.5992    1.54500   -0.02142
 17.6333   14.59300 -316.39600   52.4014  151.6050    1.48100   -0.01914
 17.6417   14.52500 -316.57700   52.4366  151.6109    1.34700   -0.01945
 17.6500   14.45500 -316.75699   52.4722  151.6177    1.26100   -0.02477
 17.6583   14.38400 -316.93701   52.5083  151.6249    1.17700   -0.02759
 17.6667   14.31200 -317.11600   52.5447  151.6327    1.07300   -0.02442
 17.6750   14.24200 -317.29599   52.5809  151.6392    1.05100   -0.02397
 17.6833   14.17100 -317.47501   52.6174  151.6463    0.95700   -0.02052
 17.6917   14.09900 -317.65399   52.6542  151.6537    0.89300   -0.02556
 17.7000   14.02600 -317.83200   52.6914  151.6617    0.81800   -0.03115
 17.7083   13.95200 -318.00900   52.7289  151.6702    0.72900   -0.03482
 17.7167   13.87700 -318.18600   52.7669  151.6792    0.69100   -0.03876
 17.7250   13.80100 -318.36200   52.8052  151.6886    0.62700   -0.02495
 17.7333   13.72300 -318.53699   52.8441  151.6992    0.69200   -0.02479
 17.7417   13.64500 -318.71201   52.8831  151.7096    0.55900   -0.01537
 17.7500   13.56600 -318.88599   52.9226  151.7206    0.57700   -0.02130
 17.7583   13.48500 -319.05899   52.9627  151.7327    0.52900   -0.01415
 17.7667   13.40400 -319.23099   53.0029  151.7450    0.51000   -0.01186
 17.7750   13.32200 -319.40302   53.0435  151.7576    0.49900   -0.00970
 17.7833   13.23800 -319.57401   53.0849  151.7713    0.45600   -0.01151
 17.7917   13.15400 -319.74500   53.1264  151.7850    0.42000   -0.00585
 17.8000   13.06800 -319.91400   53.1686  151.8001    0.47700   -0.00667
 17.8083   12.98200 -320.08301   53.2110  151.8150    0.39600   -0.00383
 17.8167   12.89500 -320.25101   53.2538  151.8306    0.38700   -0.01368
 17.8250   12.80600 -320.41901   53.2975  151.8472    0.34400   -0.00875
 17.8333   12.71700 -320.58499   53.3412  151.8642    0.38800   -0.01101
 17.8417   12.63000 -320.75299   53.3848  151.8797    0.32600   -0.00480
 17.8500   12.54100 -320.92001   53.4291  151.8964    0.35700   -0.01465
 17.8583   12.45200 -321.08600   53.4736  151.9133    0.26800   -0.00247
 17.8667   12.36200 -321.25101   53.5186  151.9309    0.38900   -0.00669
 17.8750   12.27100 -321.41599   53.5642  151.9490    0.28900    0.00866
 17.8833   12.17900 -321.57999   53.6102  151.9677    0.35800    0.00275
 17.8917   12.08600 -321.74301   53.6567  151.9872    0.29700    0.00169
 17.9000   11.99200 -321.90601   53.7039  152.0073    0.23500    0.00824
 17.9083   11.89700 -322.06699   53.7514  152.0282    0.37700    0.00668
 17.9167   11.80100 -322.22800   53.7996  152.0498    0.25100    0.01400
 17.9250   11.70400 -322.38800   53.8483  152.0721    0.26400    0.00937
 17.9333   11.60600 -322.54800   53.8977  152.0949    0.29600    0.00619
 17.9417   11.50700 -322.70599   53.9475  152.1188    0.18400    0.01206
 17.9500   11.40700 -322.86401   53.9980  152.1433    0.27100    0.00258
 17.9583   11.30700 -323.02100   54.0488  152.1680    0.17700   -0.01155
 17.9667   11.20500 -323.17700   54.1004  152.1941    0.03300   -0.01797
 17.9750   11.10300 -323.33301   54.1525  152.2203    0.19200   -0.01151
 17.9833   11.00000 -323.48700   54.2050  152.2476    0.21600   -0.00410
 17.9917   10.89500 -323.64099   54.2587  152.2760    0.08400   -0.00972
 18.0000   10.79000 -323.79401   54.3126  152.3048    0.13000   -0.02584
 18.0083   10.68700 -323.94800   54.3663  152.3324    0.05800   -0.03316
 18.0167   10.58300 -324.10199   54.4208  152.3606    0.00000   -0.03085
 18.0250   10.47900 -324.25400   54.4754  152.3894    0.13600   -0.02667
 18.0333   10.37300 -324.40601   54.5312  152.4194    0.08200    0.00164
 18.0417   10.26600 -324.55701   54.5877  152.4505    0.24500    0.00454
 18.0500   10.15900 -324.70700   54.6445  152.4818    0.16700    0.01407
 18.0583   10.05100 -324.85599   54.7020  152.5141    0.17000    0.02394
 18.0667    9.94200 -325.00500   54.7603  152.5472    0.33200    0.01720
 18.0750    9.83200 -325.15201   54.8192  152.5815    0.10800    0.00891
 18.0833    9.72100 -325.29901   54.8790  152.6166    0.10800   -0.00729
 18.0917    9.60900 -325.44501   54.9396  152.6527    0.21800   -0.00558
 18.1000    9.49600 -325.59000   55.0009  152.6899    0.16300   -0.00667
 18.1083    9.38300 -325.73499   55.0627  152.7273    0.14600   -0.00551
 18.1167    9.26900 -325.87799   55.1251  152.7660    0.28200   -0.01273
 18.1250    9.15400 -326.02100   55.1885  152.8056    0.15700   -0.03192
 18.1333    9.03800 -326.16299   55.2528  152.8464    0.04100   -0.04498
 18.1417    8.92100 -326.30399   55.3178  152.8883    0.23500   -0.04576
 18.1500    8.80400 -326.44400   55.3833  152.9307    0.21800   -0.03883
 18.1583    8.68600 -326.58401   55.4498  152.9741    0.18700   -0.02763
 18.1667    8.56700 -326.72198   55.5170  153.0190    0.43300   -0.02961
 18.1750    8.45000 -326.86200   55.5842  153.0623    0.32700   -0.02777
 18.1833    8.33200 -327.00101   55.6523  153.1069    0.34400   -0.02968
 18.1917    8.21400 -327.13901   55.7208  153.1521    0.56800   -0.00963
 18.2000    8.09400 -327.27701   55.7908  153.1989    0.67200   -0.00633
 18.2083    7.97400 -327.41299   55.8612  153.2467    0.54700   -0.00971
 18.2167    7.85300 -327.54901   55.9326  153.2954    0.72500   -0.02691
 18.2250    7.73100 -327.68301   56.0049  153.3458    0.71000   -0.02406
 18.2333    7.60900 -327.81699   56.0778  153.3967    0.77400   -0.02642
 18.2417    7.48600 -327.95099   56.1518  153.4486    0.90800    0.00217
 18.2500    7.36200 -328.08301   56.2267  153.5022    1.17800    0.01251
 18.2583    7.23700 -328.21399   56.3027  153.5573    1.08000    0.01996
 18.2667    7.11200 -328.34500   56.3793  153.6129    1.17800    0.02299
 18.2750    6.98500 -328.47501   56.4574  153.6707    1.39900    0.02696
 18.2833    6.85900 -328.60400   56.5356  153.7286    1.29200    0.02962
 18.2917    6.73100 -328.73199   56.6154  153.7888    1.36800    0.02647
 18.3000    6.60300 -328.85901   56.6958  153.8498    1.52600    0.02511
 18.3083    6.47400 -328.98599   56.7775  153.9122    1.42200    0.03726
 18.3167    6.34400 -329.11099   56.8601  153.9765    1.59700    0.03140
 18.3250    6.21400 -329.23599   56.9435  154.0415    1.65500    0.04230
 18.3333    6.08200 -329.35999   57.0286  154.1090    1.67000    0.02788
 18.3417    5.95300 -329.48499   57.1131  154.1744    1.57600    0.01678
 18.3500    5.82400 -329.60901   57.1981  154.2408    1.64200    0.01041
 18.3583    5.69300 -329.73300   57.2851  154.3095    1.67500    0.01199
 18.3667    5.56200 -329.85501   57.3725  154.3795    1.59000    0.01665
 18.3750    5.43000 -329.97699   57.4613  154.4510    1.64600    0.00379
 18.3833    5.29700 -330.09799   57.5514  154.5244    1.45100    0.00000

