hmax        =    300
wind_bottom =      2
wind_top    =     10
critlon     =      0
tbeg, h     =   0.00
tend, h     =  24.00
c_ionex     =      0
c_vert      =      1
time, gamma, az, latp, lonp, tec, tec_filtered
 16.2500    7.39500 -148.23599   37.1302  135.2654   27.11800    0.00000
 16.2583    7.59500 -148.20399   37.2424  135.3277   27.07100    0.00355
 16.2667    7.79400 -148.17200   37.3525  135.3891   26.87400    0.00893
 16.2750    7.99400 -148.14000   37.4614  135.4501   26.72800    0.01273
 16.2833    8.19500 -148.10699   37.5694  135.5105   26.61000    0.01106
 16.2917    8.39500 -148.07401   37.6753  135.5701   26.31100    0.02064
 16.3000    8.59500 -148.03999   37.7797  135.6287   26.26200    0.00687
 16.3083    8.79600 -148.00600   37.8830  135.6871   25.95400   -0.00088
 16.3167    8.99700 -147.97200   37.9849  135.7448   25.75700   -0.02829
 16.3250    9.19800 -147.93700   38.0853  135.8018   25.58100   -0.04432
 16.3333    9.40000 -147.90199   38.1847  135.8584   25.42600   -0.05677
 16.3417    9.60200 -147.86800   38.2825  135.9146   25.23700   -0.06559
 16.3500    9.80400 -147.83299   38.3790  135.9700   25.09000   -0.06474
 16.3583   10.00600 -147.79700   38.4741  136.0245   25.02300   -0.06063
 16.3667   10.20900 -147.76199   38.5682  136.0790   24.87000   -0.04933
 16.3750   10.41200 -147.72501   38.6610  136.1325   24.80200   -0.03487
 16.3833   10.61500 -147.68900   38.7524  136.1856   24.76600   -0.02470
 16.3917   10.81800 -147.65199   38.8425  136.2379   24.58900   -0.00011
 16.4000   11.02200 -147.61501   38.9317  136.2899   24.65200    0.01208
 16.4083   11.22600 -147.57700   39.0196  136.3411   24.53200    0.02379
 16.4167   11.42900 -147.53900   39.1058  136.3915   24.37500    0.01373
 16.4250   11.63300 -147.50000   39.1912  136.4414   24.27500    0.00269
 16.4333   11.83800 -147.46100   39.2757  136.4911   24.17000   -0.00504
 16.4417   12.04200 -147.42200   39.3586  136.5399   24.05400   -0.00676
 16.4500   12.24700 -147.38300   39.4407  136.5884   24.01700   -0.02479
 16.4583   12.45200 -147.34300   39.5216  136.6362   23.78800   -0.04418
 16.4667   12.65700 -147.30200   39.6013  136.6833   23.67200   -0.06940
 16.4750   12.86200 -147.26199   39.6799  136.7300   23.59800   -0.06917
 16.4833   13.06700 -147.22099   39.7573  136.7760   23.58000   -0.05055
 16.4917   13.27300 -147.17900   39.8340  136.8217   23.62300   -0.03548
 16.5000   13.47900 -147.13800   39.9095  136.8669   23.52800   -0.02150
 16.5083   13.68500 -147.09599   39.9840  136.9115   23.51500   -0.02260
 16.5167   13.89200 -147.05499   40.0577  136.9560   23.45100   -0.02200
 16.5250   14.09900 -147.01199   40.1304  136.9996   23.38400   -0.01179
 16.5333   14.30600 -146.97000   40.2020  137.0430   23.45900   -0.00507
 16.5417   14.51300 -146.92700   40.2726  137.0856   23.37800   -0.00328
 16.5500   14.72100 -146.88400   40.3425  137.1281   23.28300   -0.01097
 16.5583   14.92800 -146.84000   40.4111  137.1697   23.30000   -0.00822
 16.5667   15.13600 -146.79601   40.4791  137.2110   23.30900   -0.00094
 16.5750   15.34400 -146.75200   40.5461  137.2519   23.24800   -0.00019
 16.5833   15.55300 -146.70700   40.6124  137.2924   23.21200    0.00329
 16.5917   15.76100 -146.66200   40.6776  137.3322   23.24100    0.00877
 16.6000   15.97000 -146.61700   40.7420  137.3717   23.20000    0.01581
 16.6083   16.17900 -146.57100   40.8057  137.4108   23.17400    0.00738
 16.6167   16.38800 -146.52499   40.8684  137.4493   23.07800   -0.00014
 16.6250   16.59700 -146.47900   40.9302  137.4875   23.03300    0.00130
 16.6333   16.80600 -146.43201   40.9912  137.5250   23.06700    0.01127
 16.6417   17.01600 -146.38499   41.0516  137.5624   23.02400    0.02106
 16.6500   17.22500 -146.33800   41.1109  137.5992   22.96800    0.02650
 16.6583   17.43500 -146.28999   41.1697  137.6356   22.95600    0.03695
 16.6667   17.64500 -146.24200   41.2277  137.6716   22.94300    0.04939
 16.6750   17.85600 -146.19501   41.2850  137.7076   22.89300    0.04981
 16.6833   18.06700 -146.14600   41.3417  137.7429   22.78600    0.04570
 16.6917   18.27800 -146.09801   41.3975  137.7779   22.73700    0.02870
 16.7000   18.49000 -146.04900   41.4529  137.8126   22.60100    0.01712
 16.7083   18.70100 -146.00000   41.5073  137.8468   22.54500   -0.01102
 16.7167   18.91300 -145.95000   41.5612  137.8807   22.38800   -0.02471
 16.7250   19.12500 -145.89999   41.6143  137.9142   22.36300   -0.04695
 16.7333   19.33700 -145.85001   41.6668  137.9473   22.25600   -0.05806
 16.7417   19.55000 -145.79900   41.7188  137.9801   22.18700   -0.07165
 16.7500   19.76200 -145.74800   41.7699  138.0125   22.15100   -0.08295
 16.7583   19.97500 -145.69701   41.8205  138.0446   22.06500   -0.08315
 16.7667   20.18800 -145.64600   41.8705  138.0764   22.08200   -0.07832
 16.7750   20.40100 -145.59399   41.9198  138.1078   22.09100   -0.05956
 16.7833   20.61400 -145.54201   41.9685  138.1388   22.11300   -0.04397
 16.7917   20.82700 -145.48900   42.0166  138.1694   22.11900   -0.02258
 16.8000   21.04100 -145.43600   42.0642  138.1999   22.18200   -0.00463
 16.8083   21.25500 -145.38300   42.1112  138.2300   22.18900    0.01019
 16.8167   21.46800 -145.33000   42.1575  138.2597   22.18400    0.01707
 16.8250   21.68200 -145.27600   42.2033  138.2891   22.20000    0.02157
 16.8333   21.89700 -145.22200   42.2488  138.3184   22.19600    0.02665
 16.8417   22.11200 -145.16800   42.2937  138.3474   22.19700    0.03069
 16.8500   22.32700 -145.11400   42.3380  138.3760   22.20200    0.03251
 16.8583   22.54200 -145.05901   42.3818  138.4043   22.18200    0.03442
 16.8667   22.75800 -145.00400   42.4252  138.4325   22.17700    0.03520
 16.8750   22.97400 -144.94901   42.4680  138.4604   22.16900    0.03338
 16.8833   23.19000 -144.89301   42.5104  138.4879   22.12100    0.03007
 16.8917   23.40600 -144.83701   42.5522  138.5152   22.09600    0.02790
 16.9000   23.62200 -144.78101   42.5935  138.5421   22.08200    0.02303
 16.9083   23.83800 -144.72400   42.6343  138.5688   22.00400    0.01629
 16.9167   24.05500 -144.66701   42.6748  138.5953   21.95400    0.00506
 16.9250   24.27200 -144.61000   42.7148  138.6215   21.90200    0.01030
 16.9333   24.48900 -144.55299   42.7544  138.6475   21.91500    0.02011
 16.9417   24.70600 -144.49500   42.7934  138.6732   21.88000    0.03220
 16.9500   24.92300 -144.43700   42.8320  138.6986   21.82900    0.03724
 16.9583   25.14000 -144.37801   42.8702  138.7237   21.78800    0.04298
 16.9667   25.35800 -144.32001   42.9080  138.7488   21.74900    0.04099
 16.9750   25.57600 -144.26100   42.9454  138.7735   21.64200    0.03181
 16.9833   25.79400 -144.20200   42.9824  138.7981   21.54900    0.02208
 16.9917   26.01200 -144.14200   43.0189  138.8223   21.49500    0.02452
 17.0000   26.23000 -144.08299   43.0550  138.8464   21.44800    0.02924
 17.0083   26.44900 -144.02299   43.0909  138.8703   21.35700    0.02642
 17.0167   26.66800 -143.96201   43.1264  138.8939   21.24600    0.02514
 17.0250   26.88800 -143.90199   43.1615  138.9175   21.19700    0.02765
 17.0333   27.10700 -143.84100   43.1962  138.9407   21.11600    0.03761
 17.0417   27.32700 -143.78000   43.2306  138.9638   21.03700    0.03952
 17.0500   27.54700 -143.71800   43.2646  138.9867   20.93000    0.04267
 17.0583   27.76700 -143.65601   43.2982  139.0093   20.84500    0.03307
 17.0667   27.98700 -143.59399   43.3315  139.0317   20.68700    0.02178
 17.0750   28.20700 -143.53200   43.3644  139.0540   20.56300    0.00802
 17.0833   28.42800 -143.46899   43.3971  139.0761   20.45500    0.00554
 17.0917   28.64800 -143.40601   43.4293  139.0979   20.34900    0.01407
 17.1000   28.86900 -143.34300   43.4612  139.1196   20.27900    0.02127
 17.1083   29.09000 -143.27901   43.4928  139.1411   20.15800    0.02462
 17.1167   29.31100 -143.21600   43.5241  139.1625   20.02600    0.02326
 17.1250   29.53300 -143.15199   43.5552  139.1837   19.92400    0.01541
 17.1333   29.75400 -143.08701   43.5858  139.2046   19.76400    0.01099
 17.1417   29.97600 -143.02299   43.6162  139.2254   19.64900    0.00044
 17.1500   30.19700 -142.95799   43.6461  139.2460   19.51500   -0.00562
 17.1583   30.41900 -142.89301   43.6759  139.2665   19.38200   -0.01647
 17.1667   30.64100 -142.82800   43.7054  139.2868   19.24500   -0.02214
 17.1750   30.86400 -142.76199   43.7346  139.3070   19.14000   -0.02315
 17.1833   31.08700 -142.69600   43.7636  139.3271   19.03000   -0.01929
 17.1917   31.31000 -142.63000   43.7923  139.3470   18.91700   -0.01640
 17.2000   31.53400 -142.56300   43.8208  139.3667   18.81000   -0.01741
 17.2083   31.75700 -142.49600   43.8489  139.3863   18.68600   -0.01253
 17.2167   31.98100 -142.42900   43.8768  139.4057   18.61100   -0.01510
 17.2250   32.20400 -142.36099   43.9044  139.4249   18.47100   -0.01497
 17.2333   32.42800 -142.29401   43.9317  139.4441   18.36700   -0.01828
 17.2417   32.65200 -142.22501   43.9588  139.4630   18.27800   -0.01900
 17.2500   32.87700 -142.15700   43.9857  139.4820   18.15600   -0.02035
 17.2583   33.10100 -142.08900   44.0123  139.5007   18.05100   -0.02347
 17.2667   33.32500 -142.02000   44.0386  139.5192   17.95400   -0.01367
 17.2750   33.55000 -141.95100   44.0647  139.5377   17.89400    0.00173
 17.2833   33.77500 -141.88200   44.0906  139.5561   17.81500    0.01490
 17.2917   34.00000 -141.81200   44.1162  139.5742   17.70700    0.02208
 17.3000   34.22500 -141.74300   44.1416  139.5923   17.61800    0.02514
 17.3083   34.45000 -141.67300   44.1667  139.6103   17.52300    0.02199
 17.3167   34.67500 -141.60300   44.1916  139.6281   17.39000    0.01859
 17.3250   34.90100 -141.53300   44.2163  139.6458   17.30500    0.01022
 17.3333   35.12600 -141.46201   44.2408  139.6633   17.18800    0.00137
 17.3417   35.35300 -141.39101   44.2651  139.6809   17.05400   -0.01594
 17.3500   35.57900 -141.31900   44.2892  139.6982   16.93000   -0.02843
 17.3583   35.80600 -141.24699   44.3132  139.7155   16.83300   -0.03418
 17.3667   36.03300 -141.17400   44.3369  139.7326   16.72300   -0.02859
 17.3750   36.26000 -141.10201   44.3604  139.7497   16.64400   -0.01536
 17.3833   36.48700 -141.02901   44.3837  139.7666   16.57700    0.00787
 17.3917   36.71400 -140.95599   44.4068  139.7834   16.50700    0.02814
 17.4000   36.94200 -140.88200   44.4298  139.8001   16.40700    0.04099
 17.4083   37.16900 -140.80901   44.4524  139.8167   16.29700    0.05073
 17.4167   37.39700 -140.73500   44.4750  139.8333   16.20900    0.05975
 17.4250   37.62500 -140.66100   44.4973  139.8497   16.10400    0.06302
 17.4333   37.85200 -140.58701   44.5193  139.8660   15.96500    0.05308
 17.4417   38.08000 -140.51300   44.5413  139.8822   15.81200    0.04069
 17.4500   38.30900 -140.43800   44.5631  139.8984   15.69000    0.03615
 17.4583   38.53700 -140.36301   44.5847  139.9144   15.58100    0.02777
 17.4667   38.76500 -140.28799   44.6060  139.9303   15.40100    0.01701
 17.4750   38.99400 -140.21300   44.6273  139.9463   15.25300    0.00513
 17.4833   39.22300 -140.13800   44.6483  139.9621   15.12100    0.01173
 17.4917   39.45100 -140.06300   44.6691  139.9778   15.00600    0.03003
 17.5000   39.68000 -139.98700   44.6898  139.9934   14.89200    0.03891
 17.5083   39.91000 -139.91000   44.7104  140.0089   14.70200    0.04606
 17.5167   40.14000 -139.83200   44.7309  140.0244   14.56500    0.05449
 17.5250   40.37000 -139.75500   44.7512  140.0398   14.44300    0.07731
 17.5333   40.60000 -139.67700   44.7713  140.0550   14.30100    0.09546
 17.5417   40.83000 -139.59900   44.7913  140.0702   14.12200    0.10261
 17.5500   41.06000 -139.52000   44.8111  140.0853   13.93000    0.09820
 17.5583   41.29100 -139.44200   44.8307  140.1004   13.71600    0.09065
 17.5667   41.52100 -139.36301   44.8502  140.1153   13.50200    0.08606
 17.5750   41.75200 -139.28400   44.8696  140.1303   13.29600    0.09548
 17.5833   41.98300 -139.20500   44.8888  140.1451   13.11400    0.11049
 17.5917   42.21400 -139.12500   44.9078  140.1599   12.90300    0.11543
 17.6000   42.44500 -139.04601   44.9267  140.1746   12.64500    0.11157
 17.6083   42.67600 -138.96600   44.9454  140.1892   12.42100    0.08702
 17.6167   42.90700 -138.88600   44.9640  140.2038   12.12200    0.05175
 17.6250   43.13800 -138.80600   44.9824  140.2182   11.82300    0.00655
 17.6333   43.37000 -138.72600   45.0008  140.2327   11.56900   -0.04720
 17.6417   43.60100 -138.64600   45.0189  140.2471   11.25100   -0.11434
 17.6500   43.83300 -138.56500   45.0370  140.2614   10.91600   -0.18326
 17.6583   44.06500 -138.48500   45.0548  140.2757   10.67500   -0.23617
 17.6667   44.29700 -138.40401   45.0726  140.2900   10.44200   -0.24510
 17.6750   44.52900 -138.32100   45.0903  140.3040   10.30700   -0.24132
 17.6833   44.76200 -138.23801   45.1079  140.3181   10.13800   -0.21315
 17.6917   44.99500 -138.15500   45.1254  140.3321   10.02300   -0.18088
 17.7000   45.22800 -138.07100   45.1427  140.3461    9.92500   -0.13639
 17.7083   45.46100 -137.98700   45.1599  140.3599    9.82400   -0.09147
 17.7167   45.69400 -137.90401   45.1770  140.3738    9.72900   -0.04628
 17.7250   45.92700 -137.81900   45.1939  140.3875    9.64700   -0.00637
 17.7333   46.16100 -137.73500   45.2108  140.4013    9.54000    0.03050
 17.7417   46.39400 -137.65100   45.2274  140.4150    9.45000    0.06724
 17.7500   46.62800 -137.56599   45.2440  140.4287    9.38500    0.09512
 17.7583   46.86200 -137.48100   45.2605  140.4423    9.26400    0.10026
 17.7667   47.09500 -137.39600   45.2768  140.4558    9.11000    0.09071
 17.7750   47.32900 -137.31100   45.2931  140.4693    9.00500    0.06177
 17.7833   47.56300 -137.22600   45.3092  140.4828    8.81100    0.02714
 17.7917   47.79700 -137.14101   45.3252  140.4962    8.62800   -0.02663
 17.8000   48.03100 -137.05499   45.3410  140.5096    8.44100   -0.08749
 17.8083   48.26600 -136.97000   45.3568  140.5230    8.21600   -0.13456
 17.8167   48.50000 -136.88400   45.3725  140.5363    8.08000   -0.15751
 17.8250   48.73400 -136.79800   45.3880  140.5495    7.98300   -0.11085
 17.8333   48.96900 -136.71201   45.4035  140.5628    8.02900   -0.02359
 17.8417   49.20400 -136.62399   45.4189  140.5760    8.05100    0.05399
 17.8500   49.43900 -136.53500   45.4342  140.5890    7.90900    0.07307
 17.8583   49.67500 -136.44600   45.4494  140.6021    7.70500    0.06427
 17.8667   49.91000 -136.35699   45.4645  140.6152    7.59600    0.06469
 17.8750   50.14600 -136.26700   45.4795  140.6282    7.46300    0.09455
 17.8833   50.38100 -136.17799   45.4944  140.6411    7.33800    0.11657
 17.8917   50.61700 -136.08800   45.5092  140.6540    7.15800    0.16853
 17.9000   50.85300 -135.99800   45.5239  140.6669    7.09800    0.26521
 17.9083   51.08900 -135.90800   45.5385  140.6798    7.10600    0.37908
 17.9167   51.32500 -135.81799   45.5530  140.6927    6.93500    0.45213
 17.9250   51.56100 -135.72701   45.5674  140.7054    6.64800    0.43822
 17.9333   51.79700 -135.63699   45.5817  140.7182    6.26400    0.41576
 17.9417   52.03300 -135.54601   45.5959  140.7310    6.02300    0.38097
 17.9500   52.26900 -135.45500   45.6100  140.7437    5.66700    0.29519
 17.9583   52.50600 -135.36501   45.6240  140.7564    5.07800    0.16454
 17.9667   52.74200 -135.27400   45.6379  140.7691    4.65600    0.05482
 17.9750   52.97900 -135.18300   45.6518  140.7818    4.36900    0.00135
 17.9833   53.21500 -135.09200   45.6655  140.7944    3.97400   -0.07351
 17.9917   53.45200 -135.00000   45.6791  140.8070    3.45400   -0.19667
 18.0000   53.68900 -134.90900   45.6927  140.8196    2.97300   -0.30298
 18.0083   53.92600 -134.81400   45.7062  140.8320    2.64000   -0.33807
 18.0167   54.16300 -134.71899   45.7197  140.8445    2.39800   -0.34083
 18.0250   54.40100 -134.62399   45.7331  140.8570    2.06500   -0.31648
 18.0333   54.63800 -134.52901   45.7464  140.8694    1.86700   -0.28642
 18.0417   54.87600 -134.43300   45.7596  140.8818    1.70200   -0.25920
 18.0500   55.11400 -134.33800   45.7727  140.8942    1.42400   -0.24850
 18.0583   55.35100 -134.24200   45.7857  140.9065    1.22800   -0.24893
 18.0667   55.58900 -134.14600   45.7987  140.9189    1.07400   -0.25554
 18.0750   55.82700 -134.05000   45.8116  140.9312    0.83400   -0.25194
 18.0833   56.06500 -133.95399   45.8244  140.9436    0.74600   -0.27426
 18.0917   56.30300 -133.85699   45.8371  140.9559    0.56700   -0.26297
 18.1000   56.54100 -133.76100   45.8497  140.9682    0.49900   -0.24824
 18.1083   56.77900 -133.66400   45.8622  140.9804    0.47000   -0.19624
 18.1167   57.01700 -133.56799   45.8747  140.9927    0.46300   -0.15812
 18.1250   57.25500 -133.47099   45.8871  141.0049    0.38200   -0.13168
 18.1333   57.49300 -133.37399   45.8994  141.0171    0.34400   -0.11702
 18.1417   57.73200 -133.27699   45.9116  141.0294    0.32800   -0.09057
 18.1500   57.97000 -133.17999   45.9237  141.0416    0.32000   -0.06470
 18.1583   58.20800 -133.08400   45.9358  141.0538    0.30900   -0.05338
 18.1667   58.44700 -132.98700   45.9478  141.0661    0.26700   -0.04758
 18.1750   58.68600 -132.88499   45.9598  141.0781    0.26600   -0.03511
 18.1833   58.92500 -132.78300   45.9718  141.0902    0.29600   -0.02065
 18.1917   59.16400 -132.68100   45.9836  141.1023    0.27400   -0.00922
 18.2000   59.40300 -132.57899   45.9954  141.1144    0.26600   -0.00506
 18.2083   59.64200 -132.47701   46.0071  141.1264    0.27400   -0.00128
 18.2167   59.88100 -132.37399   46.0188  141.1385    0.25500    0.00103
 18.2250   60.12000 -132.27200   46.0303  141.1505    0.24800   -0.00071
 18.2333   60.36000 -132.16901   46.0419  141.1626    0.24400    0.00385
 18.2417   60.59900 -132.06599   46.0533  141.1746    0.24700    0.00854
 18.2500   60.83800 -131.96300   46.0646  141.1866    0.24000    0.01749
 18.2583   61.07800 -131.86000   46.0759  141.1987    0.25200    0.01782
 18.2667   61.31700 -131.75700   46.0871  141.2107    0.22500    0.01458
 18.2750   61.55700 -131.65300   46.0983  141.2227    0.20500    0.00530
 18.2833   61.79600 -131.55000   46.1093  141.2347    0.19400    0.00125
 18.2917   62.03600 -131.44600   46.1204  141.2468    0.18200    0.00500
 18.3000   62.27500 -131.34300   46.1313  141.2588    0.18600    0.00665
 18.3083   62.51500 -131.23900   46.1422  141.2708    0.16700    0.00888
 18.3167   62.75400 -131.13499   46.1530  141.2828    0.15700   -0.00144
 18.3250   62.99400 -131.03200   46.1637  141.2948    0.11800    0.00212
 18.3333   63.23300 -130.92799   46.1743  141.3068    0.14400    0.00459
 18.3417   63.47300 -130.81799   46.1850  141.3187    0.13000    0.01131
 18.3500   63.71400 -130.70799   46.1957  141.3307    0.10700    0.00518
 18.3583   63.95400 -130.59801   46.2063  141.3426    0.09300   -0.00889
 18.3667   64.19400 -130.48801   46.2168  141.3545    0.05600   -0.01932
 18.3750   64.43400 -130.37700   46.2272  141.3664    0.04600   -0.02179
 18.3833   64.67400 -130.26700   46.2376  141.3784    0.05800   -0.02239
 18.3917   64.91400 -130.15601   46.2479  141.3903    0.02700   -0.02358
 18.4000   65.15500 -130.04500   46.2582  141.4023    0.01700   -0.02735
 18.4083   65.39500 -129.93300   46.2684  141.4142    0.02500   -0.02168
 18.4167   65.63500 -129.82201   46.2785  141.4261    0.02800   -0.01267
 18.4250   65.87500 -129.71001   46.2886  141.4380    0.03200   -0.00423
 18.4333   66.11600 -129.59801   46.2986  141.4500    0.04000   -0.00082
 18.4417   66.35600 -129.48599   46.3086  141.4619    0.03000   -0.00760
 18.4500   66.59600 -129.37399   46.3184  141.4739    0.00500   -0.01552
 18.4583   66.83600 -129.26199   46.3282  141.4859    0.01400   -0.02554
 18.4667   67.07700 -129.14999   46.3380  141.4979    0.00000   -0.02356
 18.4750   67.31700 -129.03700   46.3477  141.5098    0.01700   -0.02093
 18.4833   67.55700 -128.92500   46.3573  141.5218    0.03000   -0.01292
 18.4917   67.79700 -128.81200   46.3669  141.5338    0.03600   -0.00609
 18.5000   68.03800 -128.69901   46.3764  141.5458    0.05000   -0.00111
 18.5083   68.27800 -128.57899   46.3860  141.5577    0.05600    0.00011
 18.5167   68.51900 -128.45799   46.3955  141.5696    0.05100   -0.00214
 18.5250   68.75900 -128.33701   46.4049  141.5815    0.05400    0.00165
 18.5333   69.00000 -128.21500   46.4144  141.5935    0.08300    0.00157
 18.5417   69.24100 -128.09300   46.4237  141.6054    0.06800    0.00469
 18.5500   69.48100 -127.97100   46.4330  141.6174    0.08400    0.00112
 18.5583   69.72200 -127.84900   46.4422  141.6294    0.09000    0.00149
 18.5667   69.96200 -127.72600   46.4514  141.6413    0.08700    0.00159
 18.5750   70.20300 -127.60200   46.4605  141.6533    0.10100   -0.00493
 18.5833   70.44300 -127.47900   46.4695  141.6653    0.08700    0.00053
 18.5917   70.68400 -127.35500   46.4785  141.6773    0.12200   -0.00409
 18.6000   70.92400 -127.23100   46.4875  141.6893    0.10600    0.00240
 18.6083   71.16500 -127.10600   46.4964  141.7014    0.13000    0.00119
 18.6167   71.40500 -126.98100   46.5052  141.7134    0.14100    0.00154
 18.6250   71.64600 -126.85600   46.5140  141.7255    0.12900   -0.01104
 18.6333   71.88600 -126.73000   46.5227  141.7375    0.11000   -0.01535
 18.6417   72.12700 -126.60400   46.5314  141.7496    0.14700   -0.01714
 18.6500   72.36700 -126.47800   46.5400  141.7617    0.14300   -0.00690
 18.6583   72.60700 -126.35200   46.5485  141.7738    0.16200   -0.00582
 18.6667   72.84800 -126.22500   46.5570  141.7860    0.17300    0.00350
 18.6750   73.08800 -126.08700   46.5656  141.7980    0.19500    0.01409
 18.6833   73.32900 -125.94900   46.5741  141.8101    0.22000    0.01697
 18.6917   73.56900 -125.81000   46.5825  141.8222    0.20700    0.00819
 18.7000   73.81000 -125.67000   46.5910  141.8343    0.19400   -0.00524
 18.7083   74.05000 -125.52900   46.5993  141.8463    0.20600   -0.01354
 18.7167   74.29000 -125.38700   46.6076  141.8584    0.21200   -0.01776
 18.7250   74.53100 -125.24500   46.6158  141.8706    0.21500   -0.02285
 18.7333   74.77100 -125.10200   46.6240  141.8828    0.22800   -0.01967
 18.7417   75.01100 -124.95700   46.6322  141.8949    0.26100   -0.02001
 18.7500   75.25200 -124.81200   46.6403  141.9071    0.25500   -0.01838
 18.7583   75.49200 -124.66600   46.6483  141.9193    0.27300   -0.01666
 18.7667   75.73200 -124.51900   46.6563  141.9315    0.30600   -0.01507
 18.7750   75.97200 -124.37100   46.6642  141.9438    0.30000   -0.01266
 18.7833   76.21200 -124.22200   46.6721  141.9561    0.32300   -0.01512
 18.7917   76.45200 -124.07200   46.6799  141.9683    0.34200   -0.00708
 18.8000   76.69200 -123.92100   46.6877  141.9807    0.36800    0.00695
 18.8083   76.93200 -123.76900   46.6954  141.9930    0.40700    0.01994
 18.8167   77.17100 -123.61500   46.7031  142.0053    0.41900    0.03012
 18.8250   77.41100 -123.46100   46.7107  142.0177    0.43100    0.03097
 18.8333   77.65100 -123.30500   46.7183  142.0301    0.43800    0.03952
 18.8417   77.89100 -123.13200   46.7259  142.0424    0.47200    0.04498
 18.8500   78.13000 -122.95700   46.7335  142.0546    0.47300    0.05307
 18.8583   78.37000 -122.77900   46.7411  142.0670    0.48400    0.04958
 18.8667   78.61000 -122.60000   46.7486  142.0794    0.47700    0.04552
 18.8750   78.84900 -122.41700   46.7560  142.0917    0.47200    0.03564
 18.8833   79.08900 -122.23200   46.7634  142.1042    0.46000    0.01934
 18.8917   79.32800 -122.04400   46.7708  142.1166    0.42800    0.00404
 18.9000   79.56700 -121.85300   46.7781  142.1290    0.42000   -0.00024
 18.9083   79.80700 -121.65900   46.7853  142.1415    0.43700    0.00887
 18.9167   80.04600 -121.46100   46.7925  142.1540    0.44300    0.01924
 18.9250   80.28500 -121.26000   46.7997  142.1665    0.43600    0.01453
 18.9333   80.52400 -121.05400   46.8068  142.1790    0.40600    0.00196
 18.9417   80.76300 -120.84500   46.8139  142.1916    0.38700   -0.00735
 18.9500   81.00100 -120.63100   46.8208  142.2042    0.39100   -0.01204
 18.9583   81.24000 -120.41200   46.8278  142.2168    0.37400   -0.01264
 18.9667   81.47900 -120.18800   46.8347  142.2295    0.36700   -0.01945
 18.9750   81.71700 -119.95800   46.8416  142.2421    0.35200   -0.02160
 18.9833   81.95500 -119.72300   46.8484  142.2548    0.34900   -0.02234
 18.9917   82.19300 -119.48000   46.8551  142.2675    0.34500   -0.01536
 19.0000   82.43100 -119.23100   46.8618  142.2802    0.35200   -0.00125
 19.0083   82.67000 -118.94600   46.8686  142.2929    0.37000    0.01318
 19.0167   82.90700 -118.65100   46.8754  142.3056    0.36900    0.02765
 19.0250   83.14500 -118.34500   46.8821  142.3183    0.37700    0.02674
 19.0333   83.38300 -118.02500   46.8887  142.3311    0.34900    0.02223
 19.0417   83.62000 -117.69100   46.8953  142.3438    0.33700    0.01094
 19.0500   83.85700 -117.34000   46.9019  142.3566    0.32500   -0.00181
 19.0583   84.09400 -116.97200   46.9084  142.3694    0.29400   -0.01213
 19.0667   84.33100 -116.58400   46.9149  142.3822    0.29000   -0.01102
 19.0750   84.56800 -116.17300   46.9213  142.3951    0.31400   -0.00501
 19.0833   84.80400 -115.73600   46.9276  142.4080    0.30000    0.00086
 19.0917   85.04000 -115.27000   46.9340  142.4209    0.29800   -0.01018
 19.1000   85.27600 -114.77100   46.9402  142.4339    0.27600   -0.02186
 19.1083   85.51200 -114.23300   46.9465  142.4469    0.26400   -0.03511
 19.1167   85.74700 -113.65000   46.9526  142.4599    0.26300   -0.04093
 19.1250   85.98200 -113.01400   46.9588  142.4730    0.26500   -0.04924
 19.1333   86.21600 -112.31600   46.9648  142.4860    0.25100   -0.05930
 19.1417   86.45000 -111.54300   46.9709  142.4991    0.25000   -0.06510
 19.1500   86.68300 -110.68000   46.9769  142.5123    0.27200   -0.06012
 19.1583   86.91500 -109.70800   46.9828  142.5254    0.29400   -0.04955
 19.1667   87.14700 -108.59900   46.9887  142.5386    0.31700   -0.02485
 19.1750   87.37700 -107.24100   46.9947  142.5517    0.38900   -0.00875
 19.1833   87.60500 -105.64900   47.0006  142.5649    0.39400    0.00149
 19.1917   87.83200 -103.75100   47.0065  142.5781    0.40400   -0.01978
 19.2000   88.05500 -101.44500   47.0123  142.5912    0.38800   -0.02569
 19.2083   88.27500  -98.58000   47.0181  142.6045    0.44600   -0.03677
 19.2167   88.49000  -94.92800   47.0239  142.6177    0.44900   -0.03667
 19.2250   88.69800  -90.13500   47.0296  142.6311    0.47700   -0.05102
 19.2333   88.89300  -83.64300   47.0353  142.6444    0.50400   -0.04098
 19.2417   89.06900  -74.60100   47.0409  142.6578    0.59200   -0.03222
 19.2500   89.21300  -61.89600   47.0464  142.6712    0.62900   -0.03198
 19.2583   89.30400  -44.84700   47.0520  142.6846    0.63400   -0.06087
 19.2667   89.32100  -25.00000   47.0574  142.6981    0.64400   -0.07782
 19.2750   89.26000   -6.38600   47.0629  142.7116    0.71900   -0.08733
 19.2833   89.13600    8.15600   47.0682  142.7251    0.75400   -0.08875
 19.2917   88.97200   18.61100   47.0736  142.7387    0.79300   -0.07934
 19.3000   88.78500   26.06200   47.0789  142.7523    0.90400   -0.05562
 19.3083   88.58300   31.49400   47.0841  142.7659    0.99600   -0.02573
 19.3167   88.37300   35.57900   47.0893  142.7795    1.06000    0.01610
 19.3250   88.15700   38.74700   47.0944  142.7932    1.21600    0.01834
 19.3333   87.93600   41.27200   47.0995  142.8070    1.18000    0.05144
 19.3417   87.71200   43.24700   47.1047  142.8206    1.33900    0.03054
 19.3500   87.48600   44.89200   47.1099  142.8343    1.34400    0.00456
 19.3583   87.25800   46.28600   47.1150  142.8481    1.32500   -0.02867
 19.3667   87.02900   47.48600   47.1200  142.8619    1.48100   -0.06813
 19.3750   86.80000   48.53300   47.1251  142.8756    1.45600   -0.01473
 19.3833   86.57000   49.45800   47.1300  142.8895    1.68100   -0.00625
 19.3917   86.34000   50.28300   47.1349  142.9034    1.66200    0.05292
 19.4000   86.10900   51.02600   47.1398  142.9173    1.77300    0.00046
 19.4083   85.87800   51.70100   47.1446  142.9312    1.65800    0.00980
 19.4167   85.64700   52.31900   47.1494  142.9452    1.83700    0.04803
 19.4250   85.41500   52.88800   47.1542  142.9593    2.03600    0.23269
 19.4333   85.18400   53.41500   47.1589  142.9733    2.36100    0.34030
 19.4417   84.95300   53.90600   47.1635  142.9874    2.31400    0.26849
 19.4500   84.72100   54.36600   47.1681  143.0016    1.97100    0.05996
 19.4583   84.49000   54.79900   47.1726  143.0157    1.88300   -0.15290
 19.4667   84.25900   55.20800   47.1771  143.0299    1.79400   -0.20322
 19.4750   84.02700   55.59600   47.1816  143.0442    1.92700   -0.15720
 19.4833   83.79600   55.96500   47.1860  143.0584    2.11000   -0.04910
 19.4917   83.56500   56.31700   47.1904  143.0728    2.21000    0.02203
 19.5000   83.33400   56.65500   47.1947  143.0871    2.22700    0.03614
 19.5083   83.10200   56.94900   47.1991  143.1014    2.22600    0.10645
 19.5167   82.87000   57.23300   47.2035  143.1158    2.46000    0.13677
 19.5250   82.63900   57.50700   47.2078  143.1301    2.33100    0.16089
 19.5333   82.40700   57.77300   47.2121  143.1446    2.31600    0.08477
 19.5417   82.17600   58.03200   47.2163  143.1590    2.27400    0.03660
 19.5500   81.94500   58.28400   47.2205  143.1735    2.25800   -0.00577
 19.5583   81.71400   58.52900   47.2246  143.1881    2.26500   -0.02269
 19.5667   81.48300   58.76900   47.2287  143.2027    2.28300   -0.00420
 19.5750   81.25200   59.00300   47.2328  143.2173    2.34300    0.00533
 19.5833   81.02100   59.23300   47.2368  143.2320    2.29900    0.01244
 19.5917   80.79100   59.45800   47.2407  143.2466    2.30700    0.01127
 19.6000   80.56000   59.67800   47.2446  143.2614    2.33800    0.01852
 19.6083   80.33000   59.89500   47.2485  143.2762    2.32200    0.02992
 19.6167   80.10000   60.10900   47.2523  143.2910    2.34300    0.03373
 19.6250   79.87000   60.31900   47.2561  143.3059    2.36300    0.04222
 19.6333   79.64100   60.52600   47.2598  143.3207    2.36500    0.00340
 19.6417   79.41100   60.73000   47.2634  143.3357    2.24800   -0.06333
 19.6500   79.18200   60.93200   47.2671  143.3507    2.18500   -0.12235
 19.6583   78.95200   61.13100   47.2706  143.3658    2.21100   -0.10816
 19.6667   78.72300   61.32700   47.2742  143.3808    2.31300   -0.05667
 19.6750   78.49400   61.50300   47.2778  143.3958    2.36100   -0.01281
 19.6833   78.26500   61.67800   47.2814  143.4109    2.36100    0.01422
 19.6917   78.03600   61.85100   47.2849  143.4260    2.41000    0.02395
 19.7000   77.80700   62.02400   47.2884  143.4412    2.40400    0.01808
 19.7083   77.57800   62.19500   47.2919  143.4564    2.35900    0.03333
 19.7167   77.34900   62.36500   47.2953  143.4716    2.47300    0.04558
 19.7250   77.12100   62.53400   47.2986  143.4869    2.45600    0.07304
 19.7333   76.89300   62.70200   47.3019  143.5022    2.45800    0.05416
 19.7417   76.66500   62.87000   47.3052  143.5176    2.42800    0.04075
 19.7500   76.43700   63.03600   47.3084  143.5331    2.42400    0.02165
 19.7583   76.20900   63.20200   47.3115  143.5485    2.39800    0.02219
 19.7667   75.98200   63.36700   47.3146  143.5640    2.41800    0.03221
 19.7750   75.75400   63.53100   47.3177  143.5796    2.43700    0.06279
 19.7833   75.52700   63.69500   47.3207  143.5952    2.47600    0.08038
 19.7917   75.30000   63.85800   47.3237  143.6109    2.46600    0.03833
 19.8000   75.07300   64.02100   47.3266  143.6266    2.30600   -0.01881
 19.8083   74.84700   64.18300   47.3295  143.6423    2.30300   -0.08061
 19.8167   74.62100   64.34400   47.3323  143.6581    2.27900   -0.08550
 19.8250   74.39400   64.50500   47.3351  143.6739    2.30000   -0.09427
 19.8333   74.16900   64.66600   47.3377  143.6897    2.28100   -0.10952
 19.8417   73.94200   64.81300   47.3406  143.7056    2.23100   -0.11366
 19.8500   73.71600   64.95900   47.3434  143.7215    2.27900   -0.08702
 19.8583   73.49000   65.10600   47.3461  143.7375    2.35200   -0.02209
 19.8667   73.26500   65.25300   47.3488  143.7534    2.41800    0.03441
 19.8750   73.03900   65.39900   47.3514  143.7695    2.44300    0.08040
 19.8833   72.81400   65.54600   47.3540  143.7856    2.49800    0.11046
 19.8917   72.58900   65.69200   47.3566  143.8017    2.53200    0.11434
 19.9000   72.36400   65.83900   47.3591  143.8179    2.49100    0.06717
 19.9083   72.13900   65.98600   47.3615  143.8341    2.39100   -0.00099
 19.9167   71.91400   66.13200   47.3639  143.8504    2.36200   -0.06283
 19.9250   71.69000   66.27900   47.3662  143.8668    2.33900   -0.09282
 19.9333   71.46600   66.42500   47.3685  143.8831    2.33200   -0.09622
 19.9417   71.24200   66.57200   47.3708  143.8996    2.37300   -0.06496
 19.9500   71.01800   66.71800   47.3730  143.9161    2.44200   -0.01724
 19.9583   70.79500   66.86500   47.3751  143.9326    2.47500    0.03781
 19.9667   70.57100   67.01100   47.3772  143.9492    2.53300    0.07779
 19.9750   70.34800   67.15800   47.3792  143.9658    2.55400    0.10902
 19.9833   70.12500   67.30400   47.3812  143.9825    2.56300    0.12175
 19.9917   69.90300   67.45100   47.3831  143.9992    2.57200    0.09446
 20.0000   69.68000   67.59800   47.3850  144.0160    2.48000    0.03918
 20.0083   69.45700   67.73400   47.3870  144.0328    2.41400   -0.02985
 20.0167   69.23500   67.87000   47.3890  144.0496    2.38700   -0.08412
 20.0250   69.01300   68.00700   47.3908  144.0664    2.34000   -0.11251
 20.0333   68.79000   68.14400   47.3927  144.0834    2.34600   -0.10800
 20.0417   68.56800   68.28100   47.3945  144.1004    2.40900   -0.07512
 20.0500   68.34700   68.41800   47.3962  144.1174    2.44000   -0.03610
 20.0583   68.12500   68.55600   47.3979  144.1345    2.45800   -0.00802
 20.0667   67.90400   68.69400   47.3996  144.1516    2.48200    0.02723
 20.0750   67.68300   68.83200   47.4012  144.1688    2.53500    0.06792
 20.0833   67.46200   68.97000   47.4027  144.1861    2.57700    0.09750
 20.0917   67.24100   69.10800   47.4042  144.2034    2.57900    0.08649
 20.1000   67.02100   69.24700   47.4056  144.2207    2.51800    0.04856
 20.1083   66.80000   69.38600   47.4070  144.2382    2.48700   -0.00824
 20.1167   66.58000   69.52500   47.4083  144.2557    2.43800   -0.04984
 20.1250   66.36000   69.66400   47.4096  144.2732    2.43400   -0.07918
 20.1333   66.14100   69.80300   47.4108  144.2907    2.44800   -0.09487
 20.1417   65.92100   69.94300   47.4120  144.3084    2.44500   -0.10741
 20.1500   65.70200   70.08200   47.4131  144.3261    2.44900   -0.10914
 20.1583   65.48300   70.22200   47.4142  144.3438    2.49100   -0.08965
 20.1667   65.26400   70.36200   47.4152  144.3616    2.55100   -0.06079
 20.1750   65.04500   70.49400   47.4163  144.3795    2.58300   -0.03489
 20.1833   64.82700   70.62600   47.4173  144.3973    2.61900   -0.01056
 20.1917   64.60800   70.75800   47.4184  144.4152    2.68200    0.02388
 20.2000   64.39000   70.89000   47.4193  144.4332    2.76200    0.06254
 20.2083   64.17200   71.02300   47.4202  144.4512    2.82500    0.08149
 20.2167   63.95400   71.15700   47.4211  144.4693    2.83000    0.06560
 20.2250   63.73600   71.29000   47.4219  144.4875    2.79500    0.02813
 20.2333   63.51800   71.42400   47.4226  144.5058    2.78400    0.00403
 20.2417   63.30100   71.55800   47.4233  144.5240    2.83000   -0.00548
 20.2500   63.08400   71.69200   47.4239  144.5424    2.83700   -0.01092
 20.2583   62.86700   71.82600   47.4245  144.5608    2.83200   -0.01027
 20.2667   62.65000   71.96100   47.4250  144.5793    2.89000    0.01518
 20.2750   62.43400   72.09600   47.4255  144.5978    2.97100    0.05099
 20.2833   62.21800   72.23100   47.4259  144.6163    2.99000    0.06912
 20.2917   62.00100   72.36700   47.4263  144.6351    2.97700    0.06572
 20.3000   61.78600   72.50200   47.4266  144.6537    2.97600    0.05280
 20.3083   61.57000   72.63800   47.4268  144.6725    2.96000    0.04480
 20.3167   61.35500   72.77400   47.4270  144.6913    2.96400    0.03773
 20.3250   61.14000   72.91000   47.4271  144.7102    2.96500    0.03304
 20.3333   60.92500   73.04700   47.4272  144.7292    2.95200    0.02371
 20.3417   60.71000   73.17600   47.4274  144.7482    2.93600    0.01343
 20.3500   60.49500   73.30600   47.4275  144.7672    2.92900    0.00766
 20.3583   60.28000   73.43600   47.4276  144.7864    2.92300    0.00549
 20.3667   60.06600   73.56700   47.4276  144.8055    2.91000    0.00065
 20.3750   59.85100   73.69700   47.4276  144.8248    2.88800    0.00119
 20.3833   59.63700   73.82800   47.4275  144.8441    2.90000   -0.00085
 20.3917   59.42300   73.96000   47.4273  144.8635    2.88000   -0.00048
 20.4000   59.21000   74.09100   47.4271  144.8829    2.86800   -0.00999
 20.4083   58.99600   74.22300   47.4268  144.9025    2.84800   -0.01450
 20.4167   58.78300   74.35500   47.4265  144.9221    2.84700   -0.01867
 20.4250   58.57000   74.48800   47.4260  144.9417    2.84000   -0.02212
 20.4333   58.35700   74.62000   47.4256  144.9615    2.82600   -0.02496
 20.4417   58.14500   74.75300   47.4251  144.9812    2.83100   -0.03159
 20.4500   57.93300   74.88600   47.4245  145.0011    2.81500   -0.03316
 20.4583   57.72100   75.01900   47.4239  145.0210    2.82500   -0.03495
 20.4667   57.50900   75.15300   47.4231  145.0410    2.83500   -0.03379
 20.4750   57.29700   75.28600   47.4224  145.0611    2.83600   -0.03267
 20.4833   57.08600   75.42000   47.4216  145.0812    2.85200   -0.03398
 20.4917   56.87400   75.55400   47.4207  145.1015    2.86200   -0.03167
 20.5000   56.66300   75.68900   47.4198  145.1218    2.88300   -0.03600
 20.5083   56.45200   75.81700   47.4189  145.1421    2.88300   -0.03801
 20.5167   56.24100   75.94600   47.4180  145.1625    2.90800   -0.03905
 20.5250   56.03100   76.07500   47.4171  145.1829    2.93700   -0.03346
 20.5333   55.82000   76.20400   47.4161  145.2035    2.96500   -0.02726
 20.5417   55.61000   76.33400   47.4150  145.2241    2.99500   -0.01916
 20.5500   55.40000   76.46300   47.4139  145.2448    3.03500   -0.01285
 20.5583   55.19000   76.59300   47.4127  145.2656    3.06100   -0.00400
 20.5667   54.98000   76.72400   47.4114  145.2865    3.10500    0.00154
 20.5750   54.77100   76.85400   47.4101  145.3074    3.14000    0.00760
 20.5833   54.56100   76.98500   47.4087  145.3285    3.17400    0.01047
 20.5917   54.35200   77.11600   47.4072  145.3496    3.21300    0.00175
 20.6000   54.14400   77.24700   47.4057  145.3707    3.21100   -0.01091
 20.6083   53.93500   77.37900   47.4041  145.3920    3.23500   -0.02770
 20.6167   53.72700   77.51100   47.4024  145.4133    3.26400   -0.03693
 20.6250   53.51800   77.64200   47.4007  145.4348    3.29400   -0.04218
 20.6333   53.31000   77.77500   47.3989  145.4563    3.33700   -0.04383
 20.6417   53.10300   77.90700   47.3971  145.4778    3.38200   -0.03599
 20.6500   52.89500   78.03900   47.3952  145.4995    3.44900   -0.02716
 20.6583   52.68800   78.17200   47.3932  145.5212    3.49900   -0.02216
 20.6667   52.48100   78.30500   47.3911  145.5430    3.53400   -0.02206
 20.6750   52.27400   78.43200   47.3892  145.5648    3.58700   -0.02369
 20.6833   52.06700   78.56000   47.3872  145.5868    3.63600   -0.01454
 20.6917   51.86000   78.68900   47.3851  145.6089    3.71500   -0.00774
 20.7000   51.65300   78.81700   47.3830  145.6311    3.76500    0.00018
 20.7083   51.44700   78.94600   47.3808  145.6533    3.82300   -0.00322
 20.7167   51.24100   79.07500   47.3785  145.6756    3.86600   -0.00689
 20.7250   51.03500   79.20400   47.3761  145.6980    3.91900   -0.00772
 20.7333   50.82900   79.33400   47.3737  145.7205    3.98900   -0.00257
 20.7417   50.62400   79.46300   47.3712  145.7431    4.05400    0.00159
 20.7500   50.41800   79.59300   47.3686  145.7658    4.10300    0.00323
 20.7583   50.21300   79.72300   47.3660  145.7886    4.16200   -0.00392
 20.7667   50.00800   79.85400   47.3633  145.8114    4.19300   -0.00626
 20.7750   49.80400   79.98400   47.3605  145.8343    4.25900   -0.00449
 20.7833   49.59900   80.11500   47.3577  145.8574    4.33500    0.00893
 20.7917   49.39500   80.24500   47.3548  145.8805    4.41100    0.01586
 20.8000   49.19100   80.37600   47.3518  145.9037    4.45500    0.01859
 20.8083   48.98700   80.50800   47.3487  145.9271    4.51600    0.01403
 20.8167   48.78300   80.63900   47.3455  145.9505    4.56500    0.00735
 20.8250   48.58000   80.77000   47.3423  145.9740    4.59900   -0.00794
 20.8333   48.37700   80.90200   47.3390  145.9976    4.62500   -0.01904
 20.8417   48.17400   81.02900   47.3359  146.0213    4.68800   -0.02055
 20.8500   47.97100   81.15700   47.3326  146.0451    4.75900   -0.01044
 20.8583   47.76800   81.28400   47.3293  146.0690    4.82900   -0.00217
 20.8667   47.56500   81.41200   47.3259  146.0930    4.88400    0.00765
 20.8750   47.36300   81.54000   47.3224  146.1171    4.95900    0.01076
 20.8833   47.16000   81.66900   47.3188  146.1414    5.00200    0.01678
 20.8917   46.95800   81.79700   47.3152  146.1657    5.06900    0.01471
 20.9000   46.75600   81.92600   47.3114  146.1901    5.11400    0.01198
 20.9083   46.55500   82.05500   47.3076  146.2146    5.15700    0.00353
 20.9167   46.35300   82.18400   47.3037  146.2393    5.20500   -0.00575
 20.9250   46.15200   82.31300   47.2998  146.2640    5.25100   -0.01726
 20.9333   45.95100   82.44200   47.2958  146.2888    5.28900   -0.02401
 20.9417   45.75000   82.57200   47.2916  146.3138    5.35800   -0.02538
 20.9500   45.54900   82.70100   47.2874  146.3389    5.42700   -0.02627
 20.9583   45.34900   82.83100   47.2832  146.3641    5.46900   -0.02624
 20.9667   45.14900   82.96100   47.2788  146.3893    5.54700   -0.02752
 20.9750   44.94900   83.09100   47.2744  146.4147    5.61700   -0.03004
 20.9833   44.74900   83.22200   47.2698  146.4402    5.66400   -0.03851
 20.9917   44.54900   83.35200   47.2652  146.4659    5.72800   -0.04321
 21.0000   44.35000   83.48200   47.2605  146.4916    5.82600   -0.04394
 21.0083   44.15000   83.60900   47.2559  146.5175    5.90200   -0.04606
 21.0167   43.95100   83.73600   47.2512  146.5435    5.97300   -0.05485
 21.0250   43.75200   83.86300   47.2465  146.5696    6.05100   -0.06114
 21.0333   43.55300   83.99000   47.2416  146.5958    6.14200   -0.05944
 21.0417   43.35400   84.11800   47.2366  146.6222    6.24700   -0.05055
 21.0500   43.15600   84.24500   47.2316  146.6486    6.35500   -0.03149
 21.0583   42.95800   84.37300   47.2265  146.6752    6.48900   -0.01230
 21.0667   42.76000   84.50100   47.2213  146.7019    6.59900    0.01117
 21.0750   42.56200   84.62900   47.2160  146.7287    6.73400    0.03346
 21.0833   42.36400   84.75700   47.2106  146.7558    6.86900    0.05369
 21.0917   42.16600   84.88500   47.2051  146.7829    6.97300    0.05552
 21.1000   41.96900   85.01400   47.1995  146.8101    7.03200    0.04907
 21.1083   41.77200   85.14200   47.1939  146.8374    7.13700    0.02537
 21.1167   41.57500   85.27100   47.1881  146.8649    7.17100   -0.00038
 21.1250   41.37800   85.40000   47.1823  146.8926    7.22100   -0.02307
 21.1333   41.18200   85.52900   47.1763  146.9203    7.33200   -0.02564
 21.1417   40.98500   85.65800   47.1703  146.9483    7.44100   -0.00795
 21.1500   40.78900   85.78700   47.1642  146.9763    7.56400    0.00507
 21.1583   40.59300   85.91600   47.1580  147.0044    7.64300    0.01233
 21.1667   40.39700   86.04500   47.1517  147.0328    7.71900    0.01940
 21.1750   40.20200   86.17100   47.1454  147.0611    7.84000    0.03692
 21.1833   40.00600   86.29800   47.1390  147.0898    7.96700    0.05136
 21.1917   39.81100   86.42400   47.1326  147.1185    8.03300    0.05774
 21.2000   39.61500   86.55000   47.1261  147.1475    8.12200    0.04057
 21.2083   39.42000   86.67700   47.1194  147.1766    8.14800    0.01187
 21.2167   39.22600   86.80400   47.1127  147.2056    8.16800   -0.03061
 21.2250   39.03100   86.93000   47.1059  147.2350    8.19600   -0.05633
 21.2333   38.83600   87.05700   47.0989  147.2646    8.29500   -0.06498
 21.2417   38.64200   87.18400   47.0919  147.2942    8.39000   -0.04557
 21.2500   38.44800   87.31200   47.0847  147.3240    8.54500   -0.02960
 21.2583   38.25400   87.43900   47.0774  147.3540    8.63000   -0.01528
 21.2667   38.06000   87.56600   47.0701  147.3842    8.71500   -0.01547
 21.2750   37.86700   87.69400   47.0626  147.4144    8.80400   -0.01831
 21.2833   37.67300   87.82100   47.0550  147.4449    8.87800   -0.01120
 21.2917   37.48000   87.94900   47.0473  147.4755    9.01900   -0.00858
 21.3000   37.28700   88.07700   47.0395  147.5062    9.09800   -0.00096
 21.3083   37.09400   88.20500   47.0316  147.5372    9.20800   -0.00290
 21.3167   36.90100   88.33200   47.0236  147.5684    9.31400   -0.00644
 21.3250   36.70900   88.46000   47.0154  147.5995    9.39300   -0.01047
 21.3333   36.51700   88.58800   47.0072  147.6310    9.50200   -0.02025
 21.3417   36.32400   88.71300   46.9990  147.6627    9.58100   -0.02151
 21.3500   36.13200   88.83900   46.9907  147.6945    9.69900   -0.02475
 21.3583   35.94100   88.96400   46.9823  147.7264    9.80500   -0.01314
 21.3667   35.74900   89.08900   46.9737  147.7586    9.96100   -0.01274
 21.3750   35.55700   89.21500   46.9650  147.7910   10.03300   -0.01693
 21.3833   35.36600   89.34100   46.9562  147.8235   10.12200   -0.02154
 21.3917   35.17500   89.46600   46.9474  147.8562   10.28000   -0.01802
 21.4000   34.98400   89.59200   46.9383  147.8891   10.39800   -0.01387
 21.4083   34.79300   89.71800   46.9292  147.9223   10.49700   -0.01955
 21.4167   34.60200   89.84400   46.9199  147.9556   10.61600   -0.03121
 21.4250   34.41200   89.97000   46.9105  147.9890   10.71000   -0.02929
 21.4333   34.22100   90.09600   46.9010  148.0228   10.87700   -0.02851
 21.4417   34.03100   90.22300   46.8913  148.0567   10.99400   -0.01666
 21.4500   33.84100   90.34900   46.8815  148.0908   11.14400   -0.01612
 21.4583   33.65100   90.47500   46.8716  148.1251   11.26400   -0.01238
 21.4667   33.46100   90.60100   46.8616  148.1597   11.40200   -0.00508
 21.4750   33.27200   90.72800   46.8513  148.1943   11.57500    0.00115
 21.4833   33.08300   90.85400   46.8411  148.2291   11.69000    0.01313
 21.4917   32.89300   90.98100   46.8306  148.2644   11.85400    0.00863
 21.5000   32.70400   91.10700   46.8200  148.2997   11.94200    0.00124
 21.5083   32.51600   91.23100   46.8094  148.3352   12.03900   -0.00098
 21.5167   32.32700   91.35500   46.7987  148.3710   12.22400    0.00558
 21.5250   32.13800   91.47900   46.7879  148.4071   12.35300    0.02898
 21.5333   31.95000   91.60400   46.7769  148.4433   12.53000    0.03748
 21.5417   31.76200   91.72800   46.7658  148.4797   12.63900    0.04621
 21.5500   31.57400   91.85200   46.7545  148.5164   12.77100    0.04423
 21.5583   31.38600   91.97700   46.7430  148.5534   12.89600    0.03157
 21.5667   31.19800   92.10100   46.7315  148.5906   12.95700    0.01126
 21.5750   31.01000   92.22600   46.7197  148.6281   13.05600   -0.01784
 21.5833   30.82300   92.35100   46.7078  148.6656   13.14500   -0.04141
 21.5917   30.63600   92.47500   46.6958  148.7035   13.24500   -0.06275
 21.6000   30.44800   92.60000   46.6836  148.7418   13.36700   -0.08478
 21.6083   30.26100   92.72500   46.6712  148.7802   13.46300   -0.09679
 21.6167   30.07500   92.84900   46.6587  148.8187   13.61900   -0.09757
 21.6250   29.88800   92.97400   46.6460  148.8577   13.80300   -0.09013
 21.6333   29.70100   93.09900   46.6332  148.8969   13.94900   -0.06953
 21.6417   29.51500   93.22300   46.6202  148.9363   14.18600   -0.04855
 21.6500   29.32900   93.34800   46.6071  148.9759   14.39400   -0.03562
 21.6583   29.14300   93.47300   46.5937  149.0159   14.52000   -0.02872
 21.6667   28.95700   93.59800   46.5802  149.0561   14.74800   -0.01698
 21.6750   28.77100   93.72000   46.5667  149.0967   14.99700   -0.00178
 21.6833   28.58500   93.84300   46.5530  149.1376   15.15100   -0.00045
 21.6917   28.40000   93.96600   46.5391  149.1786   15.31100   -0.01786
 21.7000   28.21500   94.08900   46.5250  149.2199   15.46200   -0.02317
 21.7083   28.03000   94.21100   46.5108  149.2615   15.68500   -0.02469
 21.7167   27.84500   94.33400   46.4964  149.3035   15.86700    0.00317
 21.7250   27.66000   94.45700   46.4818  149.3458   16.18000    0.03124
 21.7333   27.47500   94.58000   46.4670  149.3884   16.40100    0.05536
 21.7417   27.29100   94.70300   46.4520  149.4311   16.55700    0.05750
 21.7500   27.10600   94.82600   46.4368  149.4744   16.73900    0.04530
 21.7583   26.92200   94.94900   46.4214  149.5178   16.87300    0.03361
 21.7667   26.73800   95.07200   46.4058  149.5615   17.02200    0.02517
 21.7750   26.55400   95.19500   46.3901  149.6056   17.21900    0.01699
 21.7833   26.37000   95.31800   46.3741  149.6501   17.35800    0.01130
 21.7917   26.18600   95.44100   46.3579  149.6949   17.52900    0.00777
 21.8000   26.00300   95.56400   46.3415  149.7398   17.74000    0.00347
 21.8083   25.81900   95.68600   46.3250  149.7854   17.86200   -0.00302
 21.8167   25.63600   95.80900   46.3081  149.8311   18.00600   -0.01860
 21.8250   25.45300   95.93200   46.2911  149.8771   18.15900   -0.02053
 21.8333   25.27000   96.05500   46.2738  149.9236   18.36200   -0.03086
 21.8417   25.08700   96.17600   46.2565  149.9704   18.45900   -0.03272
 21.8500   24.90400   96.29700   46.2390  150.0177   18.66400   -0.03038
 21.8583   24.72200   96.41800   46.2212  150.0651   18.90100   -0.00507
 21.8667   24.54000   96.53900   46.2033  150.1128   19.14500    0.00323
 21.8750   24.35700   96.66000   46.1850  150.1613   19.25200   -0.00656
 21.8833   24.17500   96.78100   46.1665  150.2099   19.38400   -0.02187
 21.8917   23.99300   96.90200   46.1478  150.2589   19.59800   -0.01239
 21.9000   23.81200   97.02300   46.1289  150.3081   19.86500   -0.01028
 21.9083   23.63000   97.14400   46.1097  150.3579   19.96000   -0.01776
 21.9167   23.44800   97.26500   46.0902  150.4082   20.12900   -0.03274
 21.9250   23.26700   97.38600   46.0705  150.4586   20.36700   -0.02674
 21.9333   23.08600   97.50700   46.0506  150.5095   20.60900   -0.02327
 21.9417   22.90400   97.62800   46.0303  150.5611   20.77200   -0.03021
 21.9500   22.72300   97.74900   46.0098  150.6128   20.94400   -0.03297
 21.9583   22.54200   97.87000   45.9890  150.6651   21.21800   -0.04071
 21.9667   22.36100   97.99100   45.9680  150.7177   21.35800   -0.04207
 21.9750   22.18100   98.11100   45.9468  150.7706   21.58500   -0.05609
 21.9833   22.00000   98.23200   45.9251  150.8242   21.78700   -0.04062
 21.9917   21.82000   98.35300   45.9032  150.8780   22.12900   -0.02288
 22.0000   21.63900   98.47300   45.8811  150.9326   22.38300   -0.00379
 22.0083   21.45900   98.59200   45.8588  150.9874   22.61000   -0.00213
 22.0167   21.28000   98.71100   45.8363  151.0424   22.84800   -0.00795
 22.0250   21.10000   98.83000   45.8134  151.0982   23.06000   -0.01313
 22.0333   20.92000   98.94900   45.7902  151.1545   23.30900   -0.02928
 22.0417   20.74100   99.06800   45.7667  151.2110   23.50100   -0.03828
 22.0500   20.56100   99.18700   45.7428  151.2683   23.79100   -0.04020
 22.0583   20.38200   99.30600   45.7187  151.3259   24.10200   -0.04205
 22.0667   20.20300   99.42500   45.6942  151.3839   24.31300   -0.05485
 22.0750   20.02400   99.54400   45.6694  151.4425   24.53700   -0.06366
 22.0833   19.84500   99.66300   45.6442  151.5016   24.89300   -0.07116
 22.0917   19.66600   99.78100   45.6188  151.5614   25.13200   -0.08999
 22.1000   19.48700   99.90000   45.5929  151.6216   25.31500   -0.09280
 22.1083   19.30900  100.01900   45.5668  151.6820   25.81300   -0.07071
 22.1167   19.13000  100.13700   45.5403  151.7434   26.25900   -0.04752
 22.1250   18.95200  100.25600   45.5134  151.8050   26.49400   -0.06629
 22.1333   18.77400  100.37400   45.4862  151.8672   26.74200   -0.09033
 22.1417   18.59500  100.49200   45.4585  151.9304   27.18300   -0.11631
 22.1500   18.41700  100.61000   45.4306  151.9937   27.42100   -0.11362
 22.1583   18.23900  100.72900   45.4021  152.0577   27.89400   -0.10665
 22.1667   18.06200  100.84700   45.3734  152.1219   28.38000   -0.07066
 22.1750   17.88400  100.96300   45.3445  152.1872   28.84800   -0.05580
 22.1833   17.70700  101.08000   45.3151  152.2526   29.19300   -0.03560
 22.1917   17.53000  101.19700   45.2853  152.3187   29.74000   -0.00249
 22.2000   17.35300  101.31400   45.2550  152.3855   30.31600    0.03617
 22.2083   17.17600  101.43000   45.2245  152.4529   30.71900    0.05618
 22.2167   16.99900  101.54700   45.1933  152.5209   31.16500    0.03531
 22.2250   16.82200  101.66300   45.1619  152.5897   31.47700    0.01293
 22.2333   16.64500  101.78000   45.1298  152.6590   31.90900   -0.03032
 22.2417   16.46900  101.89600   45.0975  152.7287   32.23000   -0.05526
 22.2500   16.29200  102.01200   45.0647  152.7994   32.70800   -0.08857
 22.2583   16.11600  102.12800   45.0314  152.8704   33.09800   -0.10705
 22.2667   15.93900  102.24400   44.9976  152.9426   33.55600   -0.12264
 22.2750   15.76300  102.36000   44.9634  153.0150   34.08100   -0.12862
 22.2833   15.58700  102.47600   44.9287  153.0881   34.56400   -0.12559
 22.2917   15.41100  102.59200   44.8934  153.1619   35.11400   -0.12069
 22.3000   15.23500  102.70800   44.8577  153.2364   35.68400   -0.10604
 22.3083   15.05900  102.82300   44.8215  153.3118   36.28200   -0.09106
 22.3167   14.88300  102.93900   44.7846  153.3878   36.86900   -0.07476
 22.3250   14.70800  103.05400   44.7475  153.4642   37.49300   -0.05637
 22.3333   14.53200  103.16900   44.7097  153.5417   38.14100   -0.04704
 22.3417   14.35700  103.28400   44.6715  153.6196   38.68800   -0.03381
 22.3500   14.18200  103.39800   44.6328  153.6983   39.35800   -0.02197
 22.3583   14.00700  103.51200   44.5935  153.7778   40.00500    0.00391
 22.3667   13.83300  103.62600   44.5538  153.8575   40.66200    0.03464
 22.3750   13.65800  103.74000   44.5133  153.9386   41.35900    0.05711
 22.3833   13.48300  103.85400   44.4722  154.0204   41.91600    0.07292
 22.3917   13.30900  103.96700   44.4308  154.1026   42.48600    0.10109
 22.4000   13.13400  104.08100   44.3885  154.1861   43.23500    0.13287
 22.4083   12.96000  104.19500   44.3457  154.2699   43.76200    0.16191
 22.4167   12.78600  104.30800   44.3024  154.3546   44.24400    0.18013
 22.4250   12.61200  104.42100   44.2584  154.4401   44.83700    0.20000
 22.4333   12.43800  104.53500   44.2136  154.5263   45.30600    0.21379
 22.4417   12.26400  104.64800   44.1683  154.6135   45.65700    0.22411
 22.4500   12.09000  104.76100   44.1223  154.7016   46.13100    0.22289
 22.4583   11.91600  104.87300   44.0757  154.7906   46.42000    0.22367
 22.4667   11.74200  104.98600   44.0282  154.8803   46.71500    0.20314
 22.4750   11.56800  105.09900   43.9801  154.9710   46.94200    0.17028
 22.4833   11.39500  105.21100   43.9315  155.0621   47.06000    0.13546
 22.4917   11.22100  105.32300   43.8820  155.1546   47.28400    0.09759
 22.5000   11.04800  105.43500   43.8319  155.2475   47.45000    0.05886
 22.5083   10.87500  105.54700   43.7810  155.3412   47.53700    0.00172
 22.5167   10.70200  105.65800   43.7295  155.4360   47.59200   -0.06268
 22.5250   10.52900  105.76900   43.6772  155.5316   47.69400   -0.11058
 22.5333   10.35700  105.88000   43.6244  155.6276   47.94100   -0.14731
 22.5417   10.18400  105.99100   43.5704  155.7251   48.12200   -0.18568
 22.5500   10.01200  106.10200   43.5159  155.8229   48.25000   -0.22015
 22.5583    9.83900  106.21300   43.4603  155.9223   48.58900   -0.23876
 22.5667    9.66700  106.32300   43.4043  156.0221   48.98200   -0.23534
 22.5750    9.49500  106.43400   43.3472  156.1228   49.39500   -0.23556
 22.5833    9.32200  106.54400   43.2892  156.2252   49.79600   -0.22355
 22.5917    9.15000  106.65400   43.2304  156.3278   50.39500   -0.21604
 22.6000    8.97800  106.76400   43.1708  156.4314   50.86800   -0.19688
 22.6083    8.80600  106.87400   43.1103  156.5360   51.48600   -0.18687
 22.6167    8.63400  106.98300   43.0490  156.6417   52.11000   -0.16935
 22.6250    8.46300  107.09300   42.9869  156.7476   52.74500   -0.15142
 22.6333    8.29100  107.20200   42.9237  156.8552   53.44300   -0.13086
 22.6417    8.11900  107.31100   42.8595  156.9638   54.15400   -0.08913
 22.6500    7.94700  107.42000   42.7943  157.0735   55.02600   -0.04677
 22.6583    7.77600  107.52900   42.7284  157.1833   55.74300   -0.00199
 22.6667    7.60400  107.63800   42.6612  157.2949   56.46000    0.03751
 22.6750    7.43300  107.74600   42.5934  157.4069   57.22700    0.10119
 22.6833    7.26300  107.85400   42.5249  157.5192   58.09800    0.18328
 22.6917    7.09200  107.96200   42.4550  157.6332   58.89000    0.26193
 22.7000    6.92100  108.07000   42.3841  157.7481   59.52200    0.32008
 22.7083    6.75100  108.17700   42.3126  157.8635   60.07800    0.37482
 22.7167    6.58000  108.28500   42.2395  157.9804   60.70900    0.42396
 22.7250    6.41000  108.39200   42.1658  158.0977   61.15400    0.38895
 22.7333    6.23900  108.49900   42.0906  158.2168   61.42100    0.31854
 22.7417    6.06900  108.60600   42.0146  158.3362   61.54800    0.21892
 22.7500    5.89900  108.71300   41.9375  158.4564   61.45200    0.13332
 22.7583    5.72800  108.81900   41.8591  158.5787   61.48200    0.06033
 22.7667    5.55800  108.92600   41.7796  158.7009   61.31000    0.02699
 22.7750    5.38800  109.03200   41.6991  158.8243   61.12000    0.00576
 22.7833    5.21800  109.13800   41.6175  158.9487   60.95700    0.00027
 22.7917    5.04800  109.24400   41.5346  159.0741   60.75900    0.00000

