hmax        =    300
wind_bottom =      2
wind_top    =     10
critlon     =      0
tbeg, h     =   0.00
tend, h     =  24.00
c_ionex     =      0
c_vert      =      1
time, gamma, az, latp, lonp, tec, tec_filtered
  0.0083    6.81500  -33.65900   56.2535  131.0515    0.01500    0.00000
  0.0167    6.83900  -33.85100   56.2157  131.0192    0.03800    0.00028
  0.0250    6.86200  -34.04300   56.1784  130.9865    0.00000    0.00038
  0.0333    6.88400  -34.23600   56.1413  130.9529    0.01500   -0.00782
  0.0417    6.90400  -34.42900   56.1052  130.9182    0.01100   -0.01112
  0.0500    6.92300  -34.62200   56.0695  130.8829    0.04400   -0.00789
  0.0583    6.94200  -34.81500   56.0338  130.8480    0.11500   -0.00659
  0.0667    6.95900  -35.00900   55.9988  130.8115    0.12300   -0.00154
  0.0750    6.97500  -35.20300   55.9642  130.7745    0.17200   -0.00308
  0.0833    6.98900  -35.39700   55.9305  130.7362    0.17000   -0.00633
  0.0917    7.00300  -35.59100   55.8967  130.6982    0.17500   -0.00655
  0.1000    7.01500  -35.78600   55.8636  130.6587    0.25300    0.00611
  0.1083    7.02700  -35.98000   55.8306  130.6196    0.38100    0.01378
  0.1167    7.03700  -36.17500   55.7983  130.5791    0.34200    0.00254
  0.1250    7.04600  -36.37000   55.7663  130.5379    0.24400   -0.01250
  0.1333    7.05400  -36.56500   55.7347  130.4963    0.34100   -0.02131
  0.1417    7.06100  -36.76000   55.7035  130.4541    0.35900   -0.01633
  0.1500    7.06600  -36.95600   55.6729  130.4103    0.38600   -0.01530
  0.1583    7.07100  -37.15100   55.6423  130.3670    0.43700   -0.00356
  0.1667    7.07400  -37.34700   55.6124  130.3221    0.55300    0.01364
  0.1750    7.08000  -37.54300   55.5811  130.2799    0.63300    0.02287
  0.1833    7.08400  -37.73800   55.5507  130.2366    0.61100    0.02023
  0.1917    7.08800  -37.93400   55.5201  130.1932    0.61100    0.01237
  0.2000    7.09000  -38.13000   55.4902  130.1485    0.64300    0.01713
  0.2083    7.09100  -38.32600   55.4607  130.1032    0.74500    0.01377
  0.2167    7.09100  -38.52200   55.4315  130.0573    0.67900    0.00521
  0.2250    7.09000  -38.71800   55.4025  130.0109    0.66500   -0.00952
  0.2333    7.08700  -38.91400   55.3744  129.9630    0.70700   -0.02007
  0.2417    7.08400  -39.11100   55.3459  129.9151    0.68100   -0.02129
  0.2500    7.07900  -39.30700   55.3183  129.8659    0.74800   -0.01748
  0.2583    7.07400  -39.50400   55.2904  129.8168    0.82600   -0.01240
  0.2667    7.06700  -39.70000   55.2634  129.7664    0.80800   -0.00118
  0.2750    7.05900  -39.89700   55.2365  129.7151    0.93800   -0.00181
  0.2833    7.05000  -40.09400   55.2099  129.6632    0.91600    0.00463
  0.2917    7.03900  -40.29100   55.1839  129.6098    0.96500    0.00191
  0.3000    7.02800  -40.48800   55.1578  129.5566    1.01000    0.00248
  0.3083    7.01500  -40.68500   55.1324  129.5018    1.02000    0.00342
  0.3167    7.00200  -40.88100   55.1070  129.4474    1.07500   -0.00021
  0.3250    6.98700  -41.07800   55.0820  129.3913    1.07700   -0.00778
  0.3333    6.97100  -41.27500   55.0573  129.3345    1.05100   -0.00834
  0.3417    6.95800  -41.47200   55.0313  129.2804    1.17400   -0.00247
  0.3500    6.94300  -41.66900   55.0059  129.2248    1.23600    0.01094
  0.3583    6.92700  -41.86600   54.9807  129.1685    1.27700    0.01603
  0.3667    6.91000  -42.06200   54.9560  129.1116    1.31800    0.01578
  0.3750    6.89200  -42.25900   54.9313  129.0538    1.32700    0.01052
  0.3833    6.87300  -42.45600   54.9068  128.9953    1.31800    0.00198
  0.3917    6.85300  -42.65300   54.8825  128.9361    1.32700   -0.00704
  0.4000    6.83200  -42.85000   54.8585  128.8760    1.33100   -0.00575
  0.4083    6.80900  -43.04700   54.8350  128.8143    1.42200    0.00077
  0.4167    6.78600  -43.24300   54.8116  128.7530    1.48400    0.00285
  0.4250    6.76100  -43.44000   54.7885  128.6897    1.44600    0.00495
  0.4333    6.73500  -43.63700   54.7656  128.6257    1.53400   -0.00214
  0.4417    6.70800  -43.83300   54.7431  128.5610    1.50400    0.00067
  0.4500    6.68000  -44.03000   54.7206  128.4953    1.55500   -0.00618
  0.4583    6.65100  -44.22700   54.6983  128.4288    1.55200   -0.00611
  0.4667    6.62100  -44.42300   54.6763  128.3616    1.59100   -0.00558
  0.4750    6.59000  -44.61900   54.6545  128.2936    1.65600   -0.00390
  0.4833    6.55800  -44.81600   54.6327  128.2245    1.67000   -0.00463
  0.4917    6.52500  -45.01200   54.6112  128.1548    1.68900   -0.00480
  0.5000    6.49000  -45.20800   54.5903  128.0831    1.75500   -0.00490
  0.5083    6.45800  -45.40400   54.5680  128.0144    1.76800   -0.00148
  0.5167    6.42500  -45.60000   54.5459  127.9448    1.81700   -0.00603
  0.5250    6.39000  -45.79600   54.5243  127.8734    1.81200   -0.00606
  0.5333    6.35500  -45.99100   54.5026  127.8022    1.86900   -0.00594
  0.5417    6.31900  -46.18700   54.4810  127.7298    1.92300    0.00363
  0.5500    6.28100  -46.38200   54.4599  127.6558    2.00300    0.00597
  0.5583    6.24300  -46.57800   54.4385  127.5815    1.99100    0.01232
  0.5667    6.20300  -46.77300   54.4178  127.5056    2.08000    0.01008
  0.5750    6.16200  -46.96800   54.3971  127.4286    2.07700    0.00933
  0.5833    6.12100  -47.16300   54.3762  127.3516    2.07700    0.00416
  0.5917    6.07800  -47.35800   54.3558  127.2727    2.12300    0.00623
  0.6000    6.03400  -47.55300   54.3354  127.1927    2.19000    0.01052
  0.6083    5.98900  -47.74800   54.3152  127.1117    2.20600    0.01033
  0.6167    5.94400  -47.94200   54.2949  127.0308    2.20700    0.00089
  0.6250    5.89700  -48.13700   54.2748  126.9477    2.18200    0.00257
  0.6333    5.84900  -48.33100   54.2550  126.8636    2.30200    0.00055
  0.6417    5.80000  -48.52500   54.2353  126.7785    2.26400    0.00131
  0.6500    5.75000  -48.71800   54.2158  126.6925    2.26000   -0.00035
  0.6583    5.69900  -48.91200   54.1962  126.6051    2.35900    0.00061
  0.6667    5.64700  -49.10500   54.1769  126.5168    2.34800    0.00737
  0.6750    5.59800  -49.29900   54.1561  126.4314    2.40300   -0.00422
  0.6833    5.54700  -49.49200   54.1359  126.3439    2.31600   -0.00502
  0.6917    5.49500  -49.68500   54.1157  126.2553    2.40800   -0.00773
  0.7000    5.44300  -49.87800   54.0952  126.1666    2.44700   -0.00039
  0.7083    5.38900  -50.07100   54.0751  126.0757    2.45800   -0.00100
  0.7167    5.33400  -50.26300   54.0552  125.9837    2.46400   -0.00435
  0.7250    5.27900  -50.45500   54.0351  125.8916    2.49500   -0.00124
  0.7333    5.22200  -50.64700   54.0152  125.7972    2.57500    0.00072
  0.7417    5.16400  -50.83900   53.9954  125.7016    2.58500    0.00000

  7.4917    5.37100 -170.88600   34.4911  140.3012   61.82100    0.00000
  7.5000    5.57500 -170.90401   34.6334  140.3288   60.80000   -0.00791
  7.5083    5.78000 -170.92300   34.7744  140.3565   59.96300   -0.02475
  7.5167    5.98600 -170.94099   34.9141  140.3837   59.17100   -0.03177
  7.5250    6.19200 -170.95900   35.0518  140.4106   58.43100   -0.03784
  7.5333    6.39800 -170.97600   35.1876  140.4368   57.71300   -0.04185
  7.5417    6.60400 -170.99300   35.3214  140.4628   57.01800   -0.04691
  7.5500    6.81100 -171.00999   35.4539  140.4885   56.33400   -0.05860
  7.5583    7.01800 -171.02600   35.5845  140.5137   55.64900   -0.07178
  7.5667    7.22500 -171.04201   35.7132  140.5385   55.01800   -0.08922
  7.5750    7.43300 -171.05800   35.8406  140.5631   54.36600   -0.09377
  7.5833    7.64100 -171.07300   35.9662  140.5872   53.65900   -0.09737
  7.5917    7.84900 -171.08800   36.0899  140.6110   53.10800   -0.09590
  7.6000    8.05800 -171.10201   36.2125  140.6343   52.56500   -0.08789
  7.6083    8.26700 -171.11600   36.3331  140.6573   51.96500   -0.07295
  7.6167    8.47600 -171.13000   36.4520  140.6801   51.52400   -0.07172
  7.6250    8.68500 -171.14301   36.5692  140.7023   50.90200   -0.06861
  7.6333    8.89500 -171.15601   36.6851  140.7243   50.36600   -0.06514
  7.6417    9.10500 -171.16800   36.7994  140.7458   49.97300   -0.05675
  7.6500    9.31500 -171.17999   36.9119  140.7671   49.43800   -0.04413
  7.6583    9.52600 -171.19200   37.0232  140.7881   48.98400   -0.05391
  7.6667    9.73600 -171.20399   37.1324  140.8088   48.44000   -0.06262
  7.6750    9.94800 -171.21600   37.2409  140.8294   47.96000   -0.07634
  7.6833   10.16000 -171.22800   37.3478  140.8497   47.50200   -0.07957
  7.6917   10.37200 -171.24001   37.4531  140.8698   47.08400   -0.07463
  7.7000   10.58400 -171.25200   37.5568  140.8896   46.70800   -0.06809
  7.7083   10.79600 -171.26300   37.6590  140.9089   46.29800   -0.06684
  7.7167   11.00900 -171.27299   37.7601  140.9278   45.87400   -0.06662
  7.7250   11.22200 -171.28300   37.8596  140.9465   45.52400   -0.06318
  7.7333   11.43600 -171.29300   37.9581  140.9651   45.17900   -0.05408
  7.7417   11.65000 -171.30299   38.0551  140.9833   44.83700   -0.05312
  7.7500   11.86400 -171.31200   38.1507  141.0012   44.46000   -0.05520
  7.7583   12.07800 -171.32100   38.2448  141.0188   44.12900   -0.06440
  7.7667   12.29200 -171.33000   38.3375  141.0362   43.76100   -0.06471
  7.7750   12.50700 -171.33800   38.4293  141.0532   43.48800   -0.07248
  7.7833   12.72200 -171.34599   38.5196  141.0700   43.12000   -0.06197
  7.7917   12.93800 -171.35400   38.6091  141.0867   42.93200   -0.06270
  7.8000   13.15300 -171.36099   38.6967  141.1029   42.59800   -0.05065
  7.8083   13.36900 -171.36900   38.7835  141.1191   42.36900   -0.04064
  7.8167   13.58500 -171.37500   38.8689  141.1347   42.19700   -0.03260
  7.8250   13.80200 -171.38200   38.9535  141.1504   41.87800   -0.02872
  7.8333   14.01900 -171.38800   39.0368  141.1657   41.64500   -0.04298
  7.8417   14.23600 -171.39500   39.1188  141.1810   41.35500   -0.05655
  7.8500   14.45300 -171.40199   39.1996  141.1961   41.07000   -0.06940
  7.8583   14.67100 -171.40800   39.2796  141.2109   40.86600   -0.07018
  7.8667   14.89000 -171.41400   39.3588  141.2255   40.69300   -0.06485
  7.8750   15.10800 -171.42000   39.4364  141.2399   40.47000   -0.05175
  7.8833   15.32700 -171.42599   39.5133  141.2542   40.34100   -0.03399
  7.8917   15.54600 -171.43100   39.5890  141.2681   40.21300   -0.01093
  7.9000   15.76500 -171.43600   39.6636  141.2818   40.03900    0.00252
  7.9083   15.98500 -171.44000   39.7374  141.2952   39.84700    0.00941
  7.9167   16.20400 -171.44501   39.8098  141.3086   39.67900    0.01098
  7.9250   16.42400 -171.44901   39.8815  141.3217   39.47900    0.01238
  7.9333   16.64500 -171.45300   39.9525  141.3347   39.29600    0.00464
  7.9417   16.86500 -171.45599   40.0221  141.3473   39.07200    0.00247
  7.9500   17.08600 -171.46001   40.0911  141.3600   38.92200   -0.00697
  7.9583   17.30700 -171.46300   40.1590  141.3723   38.69600   -0.01068
  7.9667   17.52900 -171.46500   40.2263  141.3844   38.51700   -0.01305
  7.9750   17.75000 -171.46800   40.2923  141.3965   38.37700   -0.00639
  7.9833   17.97200 -171.47000   40.3577  141.4082   38.21000   -0.00382
  7.9917   18.19400 -171.47200   40.4221  141.4199   37.99800   -0.00706
  8.0000   18.41600 -171.47400   40.4856  141.4314   37.81300   -0.01637
  8.0083   18.63900 -171.47701   40.5485  141.4429   37.60000   -0.01677
  8.0167   18.86300 -171.47900   40.6108  141.4542   37.45000   -0.01145
  8.0250   19.08600 -171.48100   40.6720  141.4653   37.30500    0.00897
  8.0333   19.31000 -171.48300   40.7325  141.4764   37.19300    0.01958
  8.0417   19.53400 -171.48399   40.7922  141.4871   36.97000    0.03140
  8.0500   19.75800 -171.48599   40.8511  141.4979   36.82500    0.03348
  8.0583   19.98300 -171.48700   40.9094  141.5084   36.63900    0.03751
  8.0667   20.20800 -171.48700   40.9670  141.5187   36.41900    0.03580
  8.0750   20.43300 -171.48801   41.0237  141.5290   36.22700    0.03161
  8.0833   20.65800 -171.48801   41.0797  141.5390   36.01800    0.03390
  8.0917   20.88400 -171.48801   41.1351  141.5489   35.83700    0.03296
  8.1000   21.11000 -171.48801   41.1898  141.5588   35.61800    0.03053
  8.1083   21.33600 -171.48801   41.2438  141.5685   35.39100    0.02411
  8.1167   21.56200 -171.48801   41.2970  141.5781   35.17200    0.01389
  8.1250   21.78800 -171.48700   41.3496  141.5874   34.92000    0.00948
  8.1333   22.01500 -171.48599   41.4016  141.5967   34.72600    0.00304
  8.1417   22.24200 -171.48500   41.4530  141.6059   34.49400   -0.00209
  8.1500   22.46900 -171.48399   41.5037  141.6149   34.25200   -0.01087
  8.1583   22.69700 -171.48300   41.5540  141.6239   34.03800   -0.02195
  8.1667   22.92400 -171.48100   41.6033  141.6327   33.79600   -0.02579
  8.1750   23.15300 -171.48000   41.6525  141.6415   33.60100   -0.03180
  8.1833   23.38100 -171.47900   41.7008  141.6502   33.37500   -0.03405
  8.1917   23.61000 -171.47800   41.7487  141.6588   33.16100   -0.03892
  8.2000   23.84000 -171.47600   41.7962  141.6673   32.95500   -0.03524
  8.2083   24.06900 -171.47400   41.8429  141.6756   32.79000   -0.02789
  8.2167   24.29900 -171.47200   41.8892  141.6839   32.60400   -0.01768
  8.2250   24.52900 -171.47000   41.9349  141.6921   32.42400   -0.01039
  8.2333   24.75900 -171.46800   41.9800  141.7001   32.24900   -0.00585
  8.2417   24.98900 -171.46600   42.0245  141.7082   32.05600   -0.00682
  8.2500   25.22000 -171.46300   42.0687  141.7160   31.85300   -0.01140
  8.2583   25.45000 -171.46001   42.1122  141.7237   31.66500   -0.01134
  8.2667   25.68100 -171.45700   42.1553  141.7314   31.50800   -0.01569
  8.2750   25.91300 -171.45399   42.1981  141.7390   31.28500   -0.01748
  8.2833   26.14400 -171.45100   42.2402  141.7465   31.11800   -0.02154
  8.2917   26.37600 -171.44800   42.2819  141.7539   30.95200   -0.01718
  8.3000   26.60800 -171.44501   42.3231  141.7613   30.78100   -0.01417
  8.3083   26.84000 -171.44200   42.3638  141.7686   30.60900   -0.00902
  8.3167   27.07200 -171.43800   42.4041  141.7757   30.45600   -0.00562
  8.3250   27.30500 -171.43500   42.4440  141.7829   30.27800   -0.00028
  8.3333   27.53700 -171.43100   42.4833  141.7898   30.11900    0.00127
  8.3417   27.77100 -171.42799   42.5225  141.7969   29.94900   -0.00010
  8.3500   28.00400 -171.42400   42.5610  141.8037   29.75800   -0.00618
  8.3583   28.23800 -171.42000   42.5993  141.8106   29.58000   -0.00784
  8.3667   28.47300 -171.41701   42.6373  141.8174   29.44300   -0.01016
  8.3750   28.70700 -171.41299   42.6746  141.8241   29.25700   -0.00896
  8.3833   28.94200 -171.40900   42.7117  141.8307   29.10700   -0.01871
  8.3917   29.17700 -171.40500   42.7484  141.8373   28.91900   -0.02339
  8.4000   29.41200 -171.40100   42.7847  141.8438   28.77300   -0.03886
  8.4083   29.64700 -171.39600   42.8205  141.8502   28.57700   -0.04899
  8.4167   29.88300 -171.39200   42.8561  141.8566   28.42500   -0.05806
  8.4250   30.11800 -171.38800   42.8912  141.8629   28.29100   -0.05815
  8.4333   30.35400 -171.38400   42.9260  141.8692   28.14500   -0.05096
  8.4417   30.59000 -171.37900   42.9604  141.8753   28.03300   -0.04345
  8.4500   30.82600 -171.37500   42.9945  141.8815   27.89700   -0.02525
  8.4583   31.06300 -171.37000   43.0283  141.8875   27.80300   -0.00571
  8.4667   31.30000 -171.36600   43.0618  141.8936   27.69300    0.02814
  8.4750   31.53600 -171.36200   43.0947  141.8996   27.62700    0.06312
  8.4833   31.77300 -171.35699   43.1275  141.9055   27.53000    0.08117
  8.4917   32.01100 -171.35300   43.1600  141.9115   27.32500    0.09536
  8.5000   32.24800 -171.34900   43.1920  141.9173   27.22900    0.09427
  8.5083   32.48600 -171.34399   43.2239  141.9230   27.04300    0.09048
  8.5167   32.72500 -171.34000   43.2555  141.9289   26.81300    0.07869
  8.5250   32.96300 -171.33501   43.2867  141.9345   26.66100    0.06980
  8.5333   33.20200 -171.33099   43.3177  141.9402   26.47300    0.06909
  8.5417   33.44100 -171.32600   43.3483  141.9458   26.26400    0.06425
  8.5500   33.68100 -171.32201   43.3788  141.9514   26.07500    0.05553
  8.5583   33.92000 -171.31700   43.4089  141.9569   25.85400    0.04334
  8.5667   34.16000 -171.31300   43.4387  141.9624   25.61700    0.02683
  8.5750   34.40000 -171.30901   43.4683  141.9679   25.40200    0.00952
  8.5833   34.64000 -171.30400   43.4975  141.9732   25.17200   -0.00071
  8.5917   34.88000 -171.30000   43.5265  141.9786   24.96800   -0.01993
  8.6000   35.12000 -171.29601   43.5552  141.9840   24.70800   -0.04473
  8.6083   35.36100 -171.29201   43.5837  141.9893   24.45300   -0.07166
  8.6167   35.60100 -171.28799   43.6118  141.9945   24.24000   -0.08276
  8.6250   35.84200 -171.28400   43.6398  141.9998   24.05400   -0.06867
  8.6333   36.08300 -171.28000   43.6675  142.0050   23.91600   -0.04361
  8.6417   36.32400 -171.27600   43.6949  142.0101   23.75100   -0.01414
  8.6500   36.56600 -171.27299   43.7221  142.0153   23.58300    0.00791
  8.6583   36.80700 -171.27000   43.7490  142.0204   23.40700    0.02572
  8.6667   37.04900 -171.26601   43.7758  142.0255   23.22200    0.03959
  8.6750   37.29100 -171.26300   43.8023  142.0306   23.03300    0.05310
  8.6833   37.53400 -171.25900   43.8287  142.0356   22.85700    0.06181
  8.6917   37.77700 -171.25600   43.8548  142.0406   22.65300    0.06334
  8.7000   38.02000 -171.25301   43.8807  142.0456   22.43700    0.05391
  8.7083   38.26300 -171.25000   43.9063  142.0505   22.21600    0.03627
  8.7167   38.50700 -171.24699   43.9318  142.0554   21.97500    0.01847
  8.7250   38.75000 -171.24400   43.9570  142.0603   21.75800   -0.00652
  8.7333   38.99400 -171.24100   43.9821  142.0651   21.50400   -0.02216
  8.7417   39.23800 -171.23900   44.0069  142.0700   21.30600   -0.04247
  8.7500   39.48200 -171.23599   44.0315  142.0748   21.07100   -0.05562
  8.7583   39.72600 -171.23399   44.0559  142.0796   20.85200   -0.06944
  8.7667   39.97000 -171.23199   44.0801  142.0844   20.65500   -0.07498
  8.7750   40.21500 -171.23100   44.1042  142.0892   20.46000   -0.06930
  8.7833   40.45900 -171.22900   44.1279  142.0939   20.29300   -0.06005
  8.7917   40.70400 -171.22800   44.1516  142.0986   20.11500   -0.04484
  8.8000   40.94900 -171.22701   44.1750  142.1034   19.95200   -0.02967
  8.8083   41.19400 -171.22701   44.1983  142.1081   19.79700   -0.02051
  8.8167   41.43900 -171.22701   44.2213  142.1128   19.60900   -0.00984
  8.8250   41.68400 -171.22701   44.2442  142.1175   19.46500   -0.00550
  8.8333   41.92900 -171.22701   44.2668  142.1221   19.29500    0.00030
  8.8417   42.17600 -171.22701   44.2895  142.1268   19.12400   -0.00289
  8.8500   42.42200 -171.22701   44.3119  142.1314   18.95400   -0.01625
  8.8583   42.66900 -171.22701   44.3342  142.1360   18.74900   -0.03735
  8.8667   42.91500 -171.22800   44.3562  142.1405   18.55200   -0.05632
  8.8750   43.16200 -171.22800   44.3781  142.1451   18.39800   -0.04813
  8.8833   43.40900 -171.23000   44.3999  142.1497   18.31200   -0.03215
  8.8917   43.65600 -171.23100   44.4214  142.1542   18.15200   -0.02336
  8.9000   43.90300 -171.23300   44.4428  142.1587   17.97300   -0.02177
  8.9083   44.15100 -171.23500   44.4642  142.1632   17.86200   -0.01971
  8.9167   44.39800 -171.23801   44.4852  142.1678   17.70800   -0.01181
  8.9250   44.64600 -171.24100   44.5062  142.1723   17.55600   -0.01518
  8.9333   44.89300 -171.24500   44.5270  142.1768   17.40200   -0.01541
  8.9417   45.14100 -171.24899   44.5476  142.1813   17.26600   -0.01128
  8.9500   45.38900 -171.25301   44.5681  142.1858   17.13800   -0.00855
  8.9583   45.63700 -171.25800   44.5885  142.1903   16.98500   -0.00290
  8.9667   45.88500 -171.26300   44.6087  142.1948   16.86200    0.00233
  8.9750   46.13300 -171.26900   44.6287  142.1993   16.73300    0.01101
  8.9833   46.38100 -171.27600   44.6486  142.2038   16.59400    0.01110
  8.9917   46.62900 -171.28300   44.6684  142.2083   16.43900    0.01012
  9.0000   46.87800 -171.28999   44.6881  142.2128   16.30600    0.00359
  9.0083   47.12700 -171.29700   44.7076  142.2172   16.14600   -0.00401
  9.0167   47.37600 -171.30400   44.7270  142.2216   15.99100   -0.01436
  9.0250   47.62600 -171.31100   44.7464  142.2260   15.85300   -0.01946
  9.0333   47.87500 -171.32001   44.7655  142.2305   15.71900   -0.02203
  9.0417   48.12500 -171.32800   44.7846  142.2349   15.57900   -0.01823
  9.0500   48.37500 -171.33800   44.8035  142.2393   15.46900   -0.02407
  9.0583   48.62500 -171.34801   44.8223  142.2438   15.30100   -0.02655
  9.0667   48.87500 -171.35800   44.8410  142.2482   15.17600   -0.03929
  9.0750   49.12500 -171.37000   44.8595  142.2526   15.03000   -0.04261
  9.0833   49.37500 -171.38100   44.8779  142.2570   14.90200   -0.04304
  9.0917   49.62500 -171.39400   44.8962  142.2615   14.79300   -0.03235
  9.1000   49.87500 -171.40700   44.9144  142.2659   14.69400   -0.01856
  9.1083   50.12500 -171.42200   44.9324  142.2704   14.58200   -0.00596
  9.1167   50.37600 -171.43700   44.9504  142.2749   14.47100    0.00026
  9.1250   50.62600 -171.45200   44.9682  142.2793   14.35000    0.00750
  9.1333   50.87600 -171.46899   44.9859  142.2838   14.24300    0.00947
  9.1417   51.12700 -171.48599   45.0035  142.2883   14.11500    0.01041
  9.1500   51.37700 -171.50400   45.0210  142.2927   13.99400    0.00868
  9.1583   51.62700 -171.52400   45.0383  142.2973   13.88200    0.00780
  9.1667   51.87800 -171.54401   45.0556  142.3018   13.76000    0.00417
  9.1750   52.12900 -171.56300   45.0728  142.3062   13.63100   -0.00099
  9.1833   52.38100 -171.58200   45.0900  142.3106   13.51400   -0.00748
  9.1917   52.63200 -171.60300   45.1070  142.3151   13.38800   -0.01258
  9.2000   52.88400 -171.62500   45.1239  142.3196   13.26400   -0.01537
  9.2083   53.13500 -171.64700   45.1407  142.3240   13.15600   -0.01987
  9.2167   53.38700 -171.67101   45.1574  142.3285   13.02600   -0.01654
  9.2250   53.63900 -171.69600   45.1741  142.3330   12.93500   -0.01878
  9.2333   53.89000 -171.72099   45.1905  142.3374   12.81200   -0.02275
  9.2417   54.14200 -171.74800   45.2070  142.3420   12.68000   -0.02628
  9.2500   54.39400 -171.77600   45.2233  142.3465   12.59400   -0.02625
  9.2583   54.64500 -171.80499   45.2395  142.3510   12.48700   -0.02168
  9.2667   54.89700 -171.83501   45.2557  142.3556   12.37500   -0.02432
  9.2750   55.14900 -171.86700   45.2717  142.3602   12.26700   -0.03065
  9.2833   55.40000 -171.89999   45.2876  142.3647   12.15100   -0.02749
  9.2917   55.65200 -171.93401   45.3035  142.3694   12.07800   -0.01949
  9.3000   55.90400 -171.97000   45.3193  142.3740   11.99300   -0.00711
  9.3083   56.15500 -172.00700   45.3349  142.3786   11.89700   -0.00385
  9.3167   56.40700 -172.04500   45.3505  142.3832   11.79700   -0.00548
  9.3250   56.65800 -172.08501   45.3660  142.3879   11.70100   -0.01274
  9.3333   56.90900 -172.12601   45.3814  142.3926   11.59300   -0.01994
  9.3417   57.16200 -172.16600   45.3968  142.3972   11.49900   -0.02855
  9.3500   57.41400 -172.20799   45.4121  142.4018   11.40400   -0.03624
  9.3583   57.66600 -172.25101   45.4273  142.4064   11.30500   -0.03878
  9.3667   57.91900 -172.29500   45.4425  142.4111   11.23600   -0.03843
  9.3750   58.17100 -172.34200   45.4576  142.4157   11.15300   -0.03519
  9.3833   58.42300 -172.39000   45.4725  142.4204   11.06300   -0.03003
  9.3917   58.67500 -172.43900   45.4874  142.4251   10.99700   -0.02047
  9.4000   58.92700 -172.49100   45.5022  142.4298   10.92800   -0.00171
  9.4083   59.17900 -172.54401   45.5170  142.4346   10.87000    0.00924
  9.4167   59.43100 -172.59900   45.5317  142.4393   10.78000    0.02573
  9.4250   59.68300 -172.65601   45.5463  142.4441   10.73300    0.03414
  9.4333   59.93400 -172.71600   45.5607  142.4489   10.65100    0.04589
  9.4417   60.18600 -172.77699   45.5752  142.4537   10.57400    0.04203
  9.4500   60.43800 -172.84000   45.5896  142.4586   10.47300    0.02850
  9.4583   60.68900 -172.90601   45.6039  142.4634   10.35700    0.00737
  9.4667   60.94000 -172.97400   45.6181  142.4683   10.25200   -0.00757
  9.4750   61.19100 -173.04500   45.6322  142.4733   10.17000   -0.01564
  9.4833   61.44200 -173.11700   45.6463  142.4782   10.07400   -0.01152
  9.4917   61.69300 -173.19299   45.6603  142.4832   10.00800   -0.00615
  9.5000   61.94300 -173.27100   45.6742  142.4882    9.93200    0.00298
  9.5083   62.19500 -173.34700   45.6881  142.4930    9.85200    0.00064
  9.5167   62.44600 -173.42599   45.7020  142.4980    9.75200   -0.00729
  9.5250   62.69800 -173.50800   45.7158  142.5029    9.65800   -0.01550
  9.5333   62.94900 -173.59200   45.7295  142.5079    9.57800   -0.02816
  9.5417   63.20000 -173.67900   45.7432  142.5128    9.46500   -0.04011
  9.5500   63.45000 -173.77000   45.7567  142.5179    9.37500   -0.05297
  9.5583   63.70100 -173.86301   45.7703  142.5229    9.28800   -0.04702
  9.5667   63.95100 -173.95900   45.7837  142.5280    9.23000   -0.02335
  9.5750   64.20200 -174.05901   45.7972  142.5331    9.19300    0.01806
  9.5833   64.45200 -174.16200   45.8105  142.5382    9.15900    0.06134
  9.5917   64.70100 -174.26801   45.8238  142.5433    9.09700    0.09040
  9.6000   64.95100 -174.37801   45.8370  142.5485    9.00000    0.10685
  9.6083   65.20000 -174.49200   45.8501  142.5537    8.91500    0.11834
  9.6167   65.44900 -174.60899   45.8632  142.5589    8.83500    0.11892
  9.6250   65.69800 -174.73000   45.8763  142.5642    8.70600    0.09026
  9.6333   65.94600 -174.85600   45.8892  142.5695    8.53400    0.04585
  9.6417   66.19400 -174.98500   45.9021  142.5748    8.41000    0.02493
  9.6500   66.44200 -175.11900   45.9150  142.5802    8.35800    0.00848
  9.6583   66.68900 -175.25700   45.9278  142.5856    8.19700   -0.02717
  9.6667   66.93600 -175.39999   45.9405  142.5910    8.00500   -0.09067
  9.6750   67.18400 -175.54201   45.9532  142.5963    7.86000   -0.13815
  9.6833   67.43200 -175.68900   45.9659  142.6016    7.74600   -0.13853
  9.6917   67.67900 -175.84100   45.9786  142.6070    7.70100   -0.11010
  9.7000   67.92600 -175.99699   45.9911  142.6124    7.64500   -0.05412
  9.7083   68.17300 -176.15900   46.0037  142.6178    7.62300   -0.01307
  9.7167   68.41900 -176.32700   46.0162  142.6233    7.54300    0.00036
  9.7250   68.66500 -176.50000   46.0286  142.6288    7.41200    0.00533
  9.7333   68.91000 -176.67900   46.0409  142.6344    7.37000    0.01316
  9.7417   69.15500 -176.86400   46.0533  142.6399    7.30100    0.03166
  9.7500   69.39900 -177.05499   46.0655  142.6455    7.21600    0.01256
  9.7583   69.64300 -177.25200   46.0777  142.6511    7.07400   -0.02909
  9.7667   69.88700 -177.45700   46.0899  142.6568    6.95600   -0.07150
  9.7750   70.12900 -177.66800   46.1020  142.6625    6.88200   -0.08094
  9.7833   70.37200 -177.88600   46.1140  142.6683    6.85200   -0.05947
  9.7917   70.61300 -178.11200   46.1260  142.6740    6.83100   -0.04918
  9.8000   70.85400 -178.34599   46.1380  142.6799    6.72100   -0.05685
  9.8083   71.09500 -178.58701   46.1499  142.6857    6.64100   -0.09591
  9.8167   71.33400 -178.83701   46.1617  142.6916    6.53000   -0.09774
  9.8250   71.57300 -179.09599   46.1735  142.6975    6.54500   -0.08190
  9.8333   71.81100 -179.36301   46.1852  142.7034    6.52200   -0.03790
  9.8417   72.05100 -179.63300   46.1971  142.7093    6.50700   -0.00843
  9.8500   72.28900 -179.91100   46.2088  142.7152    6.48900    0.00834
  9.8583   72.52700 -180.20000   46.2205  142.7211    6.44100    0.00365
  9.8667   72.76400 -180.49899   46.2321  142.7271    6.36500   -0.00831
  9.8750   73.00000 -180.80800   46.2437  142.7330    6.32300    0.00088
  9.8833   73.23500 -181.12900   46.2553  142.7391    6.33700    0.01761
  9.8917   73.46900 -181.46001   46.2668  142.7451    6.28300    0.02911
  9.9000   73.70300 -181.80400   46.2783  142.7513    6.22100    0.02338
  9.9083   73.93500 -182.16000   46.2896  142.7574    6.16800    0.02694
  9.9167   74.16600 -182.52901   46.3010  142.7636    6.13100    0.05059
  9.9250   74.39600 -182.91100   46.3123  142.7698    6.12300    0.08991
  9.9333   74.62500 -183.30701   46.3236  142.7761    6.11900    0.11276
  9.9417   74.85300 -183.71800   46.3349  142.7824    6.03000    0.11933
  9.9500   75.08000 -184.14301   46.3461  142.7888    5.97300    0.09543
  9.9583   75.30500 -184.58501   46.3572  142.7952    5.87900    0.07111
  9.9667   75.52900 -185.04201   46.3683  142.8016    5.79100    0.00518
  9.9750   75.75100 -185.51700   46.3794  142.8081    5.60400   -0.07798
  9.9833   75.97200 -186.00900   46.3904  142.8146    5.45100   -0.13224
  9.9917   76.19100 -186.52000   46.4014  142.8212    5.44500   -0.13245
 10.0000   76.40900 -187.05000   46.4123  142.8278    5.42100   -0.08811
 10.0083   76.62700 -187.59100   46.4233  142.8343    5.40500   -0.05936
 10.0167   76.84300 -188.15199   46.4342  142.8408    5.35100   -0.03582
 10.0250   77.05800 -188.73500   46.4451  142.8474    5.30900   -0.00158
 10.0333   77.27000 -189.34000   46.4560  142.8540    5.32100    0.04058
 10.0417   77.48100 -189.96800   46.4668  142.8606    5.28800    0.06919
 10.0500   77.68900 -190.62100   46.4776  142.8674    5.19700    0.06469
 10.0583   77.89500 -191.29900   46.4883  142.8741    5.10100    0.03116
 10.0667   78.09900 -192.00301   46.4990  142.8809    4.97500    0.02898
 10.0750   78.30100 -192.73500   46.5097  142.8877    4.97300    0.07103
 10.0833   78.49900 -193.49500   46.5203  142.8947    5.00000    0.13716
 10.0917   78.69500 -194.28400   46.5309  142.9016    4.92900    0.17827
 10.1000   78.88900 -195.10400   46.5415  142.9085    4.83800    0.18603
 10.1083   79.07900 -195.95599   46.5520  142.9156    4.75900    0.17396
 10.1167   79.26600 -196.84000   46.5625  142.9227    4.63000    0.13361
 10.1250   79.44900 -197.75900   46.5729  142.9298    4.46100    0.05196
 10.1333   79.62900 -198.71300   46.5833  142.9370    4.26800   -0.04079
 10.1417   79.80600 -199.70300   46.5937  142.9442    4.12300   -0.13207
 10.1500   79.97800 -200.73000   46.6040  142.9514    3.98100   -0.20990
 10.1583   80.14600 -201.79601   46.6142  142.9588    3.85200   -0.28591
 10.1667   80.31000 -202.90100   46.6245  142.9661    3.72700   -0.34233
 10.1750   80.47300 -204.03799   46.6348  142.9734    3.65300   -0.35553
 10.1833   80.63100 -205.21600   46.6451  142.9807    3.66200   -0.31983
 10.1917   80.78400 -206.43600   46.6553  142.9880    3.69100   -0.24304
 10.2000   80.93100 -207.69901   46.6655  142.9954    3.74500   -0.16348
 10.2083   81.07400 -209.00600   46.6757  143.0029    3.77200   -0.09385
 10.2167   81.21000 -210.35800   46.6858  143.0104    3.80400   -0.04084
 10.2250   81.34100 -211.75301   46.6959  143.0179    3.85500    0.03122
 10.2333   81.46600 -213.19200   46.7060  143.0255    3.98100    0.08525
 10.2417   81.58400 -214.67500   46.7160  143.0332    3.97400    0.11997
 10.2500   81.69600 -216.20000   46.7260  143.0409    3.96600    0.11560
 10.2583   81.80100 -217.76801   46.7360  143.0486    3.97000    0.06989
 10.2667   81.89800 -219.37700   46.7459  143.0565    3.83800   -0.00739
 10.2750   81.98800 -221.02400   46.7558  143.0643    3.73000   -0.06369
 10.2833   82.07100 -222.70900   46.7656  143.0722    3.78000   -0.00454
 10.2917   82.14500 -224.42799   46.7755  143.0802    3.97900    0.14113
 10.3000   82.21100 -226.17900   46.7852  143.0882    4.12700    0.25188
 10.3083   82.26900 -227.95799   46.7950  143.0963    4.08600    0.22042
 10.3167   82.31900 -229.76199   46.8047  143.1044    3.86200    0.09560
 10.3250   82.35900 -231.58800   46.8144  143.1126    3.72400   -0.02006
 10.3333   82.39100 -233.43100   46.8241  143.1209    3.69000   -0.06046
 10.3417   82.41800 -235.28799   46.8338  143.1290    3.67600   -0.07560
 10.3500   82.43500 -237.15700   46.8435  143.1372    3.60200   -0.12610
 10.3583   82.44300 -239.03000   46.8531  143.1454    3.44800   -0.16935
 10.3667   82.44300 -240.90500   46.8628  143.1537    3.43500   -0.11792
 10.3750   82.43300 -242.77499   46.8724  143.1621    3.60600    0.07493
 10.3833   82.41500 -244.63699   46.8820  143.1704    3.83900    0.26005
 10.3917   82.38700 -246.48599   46.8915  143.1789    3.78200    0.36053
 10.4000   82.35100 -248.31700   46.9010  143.1874    3.70700    0.32730
 10.4083   82.30600 -250.12601   46.9105  143.1960    3.55500    0.27107
 10.4167   82.25300 -251.90900   46.9199  143.2046    3.43500    0.21164
 10.4250   82.19100 -253.66400   46.9294  143.2134    3.33600    0.11993
 10.4333   82.12100 -255.38499   46.9387  143.2221    3.07000   -0.00654
 10.4417   82.04400 -257.07199   46.9481  143.2309    2.84800   -0.15771
 10.4500   81.95900 -258.72101   46.9574  143.2398    2.69200   -0.22255
 10.4583   81.86600 -260.32901   46.9667  143.2487    2.69500   -0.18714
 10.4667   81.76600 -261.89700   46.9760  143.2578    2.76100   -0.09385
 10.4750   81.66000 -263.42099   46.9852  143.2668    2.76300   -0.03386
 10.4833   81.54700 -264.90201   46.9944  143.2759    2.66000   -0.05468
 10.4917   81.42800 -266.33701   47.0036  143.2851    2.49000   -0.13896
 10.5000   81.30200 -267.72800   47.0127  143.2944    2.30500   -0.21587
 10.5083   81.17400 -269.09000   47.0219  143.3035    2.22900   -0.21423
 10.5167   81.04000 -270.40701   47.0311  143.3127    2.30900   -0.12656
 10.5250   80.90100 -271.68100   47.0403  143.3219    2.40400   -0.02863
 10.5333   80.75700 -272.91101   47.0494  143.3313    2.38200    0.04728
 10.5417   80.60800 -274.09799   47.0585  143.3406    2.40700    0.09528
 10.5500   80.45400 -275.24200   47.0676  143.3501    2.42100    0.13955
 10.5583   80.29700 -276.34601   47.0766  143.3596    2.38400    0.14391
 10.5667   80.13500 -277.40799   47.0857  143.3691    2.28900    0.10355
 10.5750   79.96900 -278.43201   47.0947  143.3788    2.17600    0.04593
 10.5833   79.79900 -279.41699   47.1036  143.3885    2.10500   -0.00953
 10.5917   79.62600 -280.36401   47.1126  143.3983    2.03000   -0.05486
 10.6000   79.45000 -281.27600   47.1215  143.4081    1.95100   -0.09568
 10.6083   79.27000 -282.15201   47.1303  143.4181    1.89200   -0.11976
 10.6167   79.08800 -282.99399   47.1392  143.4280    1.87600   -0.10028
 10.6250   78.90300 -283.80399   47.1480  143.4380    1.93200   -0.07239
 10.6333   78.71500 -284.58200   47.1568  143.4481    1.89100   -0.04307
 10.6417   78.52400 -285.32999   47.1656  143.4584    1.86400   -0.04428
 10.6500   78.33200 -286.04901   47.1743  143.4686    1.83100   -0.05792
 10.6583   78.13700 -286.73901   47.1830  143.4789    1.78700   -0.10822
 10.6667   77.94000 -287.40201   47.1917  143.4893    1.69100   -0.15608
 10.6750   77.74200 -288.05499   47.2004  143.4996    1.71300   -0.15099
 10.6833   77.54300 -288.68201   47.2092  143.5099    1.85600   -0.07360
 10.6917   77.34200 -289.28500   47.2179  143.5203    1.99800   -0.05275
 10.7000   77.13900 -289.86499   47.2266  143.5308    1.85300   -0.11698
 10.7083   76.93500 -290.42200   47.2352  143.5413    1.72600   -0.23011
 10.7167   76.72900 -290.95801   47.2439  143.5519    1.70600   -0.25638
 10.7250   76.52100 -291.47299   47.2525  143.5627    1.81500   -0.13438
 10.7333   76.31200 -291.96799   47.2610  143.5734    2.14600    0.02987
 10.7417   76.10200 -292.44299   47.2696  143.5843    2.24800    0.23268
 10.7500   75.89000 -292.90100   47.2781  143.5952    2.46300    0.31462
 10.7583   75.67700 -293.34000   47.2866  143.6062    2.39600    0.35426
 10.7667   75.46300 -293.76199   47.2951  143.6173    2.34500    0.36020
 10.7750   75.24800 -294.16800   47.3035  143.6284    2.42600    0.32200
 10.7833   75.03300 -294.55899   47.3119  143.6396    2.20800    0.27242
 10.7917   74.81600 -294.93399   47.3203  143.6509    2.12600    0.21056
 10.8000   74.59800 -295.29401   47.3287  143.6623    2.17600    0.21072
 10.8083   74.37900 -295.64001   47.3370  143.6738    2.14300    0.15832
 10.8167   74.16000 -295.97299   47.3453  143.6853    1.85600    0.06890
 10.8250   73.94000 -296.29199   47.3536  143.6969    1.74400   -0.06367
 10.8333   73.71900 -296.59900   47.3618  143.7085    1.52700   -0.10904
 10.8417   73.49900 -296.90701   47.3702  143.7201    1.49100   -0.11880
 10.8500   73.27800 -297.20300   47.3785  143.7317    1.47900   -0.08557
 10.8583   73.05600 -297.48801   47.3868  143.7435    1.39100   -0.02398
 10.8667   72.83400 -297.76099   47.3951  143.7553    1.44500    0.00012
 10.8750   72.61100 -298.02399   47.4033  143.7672    1.32600    0.01229
 10.8833   72.38700 -298.27701   47.4115  143.7792    1.22000   -0.04498
 10.8917   72.16300 -298.51901   47.4197  143.7912    1.07000   -0.10094
 10.9000   71.93900 -298.75201   47.4279  143.8033    0.98100   -0.14835
 10.9083   71.71400 -298.97601   47.4360  143.8156    0.93300   -0.15638
 10.9167   71.48900 -299.19101   47.4441  143.8279    0.94600   -0.16661
 10.9250   71.26300 -299.39700   47.4522  143.8403    0.87400   -0.19061
 10.9333   71.03700 -299.59500   47.4603  143.8527    0.80100   -0.22895
 10.9417   70.81100 -299.78400   47.4683  143.8653    0.78000   -0.22552
 10.9500   70.58400 -299.96600   47.4763  143.8779    0.84200   -0.17764
 10.9583   70.35700 -300.14099   47.4843  143.8906    0.91500   -0.10511
 10.9667   70.13000 -300.30701   47.4923  143.9034    0.97200   -0.02333
 10.9750   69.90300 -300.46701   47.5002  143.9163    1.07200    0.03618
 10.9833   69.67500 -300.62000   47.5081  143.9293    1.08200    0.08371
 10.9917   69.44700 -300.76700   47.5160  143.9423    1.10700    0.11727
 11.0000   69.21900 -300.90701   47.5238  143.9555    1.16300    0.14844
 11.0083   68.99100 -301.05099   47.5318  143.9686    1.16800    0.17473
 11.0167   68.76400 -301.18900   47.5397  143.9816    1.18900    0.17012
 11.0250   68.53600 -301.32101   47.5476  143.9949    1.16100    0.14899
 11.0333   68.30800 -301.44699   47.5554  144.0082    1.11700    0.09079
 11.0417   68.07900 -301.56699   47.5633  144.0217    1.00900    0.02516
 11.0500   67.85100 -301.68201   47.5711  144.0351    0.94000   -0.03038
 11.0583   67.62200 -301.79199   47.5789  144.0488    0.90600   -0.07016
 11.0667   67.39400 -301.89600   47.5867  144.0624    0.82800   -0.08505
 11.0750   67.16500 -301.99600   47.5944  144.0762    0.81800   -0.07686
 11.0833   66.93600 -302.09000   47.6022  144.0901    0.84300   -0.01991
 11.0917   66.70700 -302.17999   47.6099  144.1040    0.91100    0.04789
 11.1000   66.47800 -302.26501   47.6175  144.1181    0.92800    0.09558
 11.1083   66.24900 -302.34500   47.6251  144.1322    0.88600    0.10696
 11.1167   66.02000 -302.42099   47.6328  144.1465    0.83600    0.10141
 11.1250   65.79100 -302.49301   47.6403  144.1608    0.80400    0.07469
 11.1333   65.56200 -302.56100   47.6479  144.1752    0.70100    0.03591
 11.1417   65.33300 -302.62399   47.6554  144.1898    0.61900   -0.01924
 11.1500   65.10400 -302.68399   47.6629  144.2044    0.54200   -0.05797
 11.1583   64.87500 -302.73999   47.6704  144.2191    0.49900   -0.07900
 11.1667   64.64600 -302.79199   47.6778  144.2340    0.48100   -0.08338
 11.1750   64.41800 -302.84900   47.6854  144.2487    0.45800   -0.07629
 11.1833   64.18900 -302.90302   47.6930  144.2635    0.45100   -0.07346
 11.1917   63.96100 -302.95300   47.7004  144.2785    0.42100   -0.07507
 11.2000   63.73200 -303.00000   47.7080  144.2935    0.39200   -0.08044
 11.2083   63.50400 -303.04300   47.7154  144.3087    0.38300   -0.08809
 11.2167   63.27500 -303.08301   47.7229  144.3239    0.35600   -0.08189
 11.2250   63.04700 -303.11899   47.7302  144.3393    0.38100   -0.07367
 11.2333   62.81900 -303.15302   47.7376  144.3547    0.39000   -0.05326
 11.2417   62.59100 -303.18301   47.7450  144.3703    0.41300   -0.03077
 11.2500   62.36200 -303.20999   47.7523  144.3860    0.45500   -0.00967
 11.2583   62.13400 -303.23499   47.7596  144.4017    0.46700    0.01071
 11.2667   61.90600 -303.25601   47.7669  144.4176    0.49400    0.03242
 11.2750   61.67900 -303.27499   47.7741  144.4336    0.54400    0.04934
 11.2833   61.45100 -303.29099   47.7813  144.4497    0.54200    0.04864
 11.2917   61.22300 -303.30399   47.7885  144.4659    0.51100    0.02349
 11.3000   60.99600 -303.31500   47.7957  144.4821    0.48100    0.00188
 11.3083   60.76800 -303.32300   47.8028  144.4986    0.49200   -0.01170
 11.3167   60.54100 -303.32800   47.8099  144.5151    0.48600   -0.00150
 11.3250   60.31400 -303.33099   47.8170  144.5318    0.52900    0.01444
 11.3333   60.08700 -303.33200   47.8240  144.5485    0.54800    0.03716
 11.3417   59.86000 -303.33801   47.8312  144.5652    0.55500    0.04266
 11.3500   59.63400 -303.34100   47.8383  144.5820    0.53100    0.04051
 11.3583   59.40800 -303.34299   47.8454  144.5988    0.51700    0.03554
 11.3667   59.18100 -303.34201   47.8526  144.6159    0.51000    0.03899
 11.3750   58.95500 -303.33801   47.8596  144.6331    0.51500    0.05043
 11.3833   58.72900 -303.33301   47.8667  144.6503    0.53200    0.04894
 11.3917   58.50300 -303.32501   47.8737  144.6677    0.48000    0.03199
 11.4000   58.27800 -303.31500   47.8806  144.6852    0.42700    0.00038
 11.4083   58.05200 -303.30301   47.8876  144.7028    0.38400   -0.02039
 11.4167   57.82700 -303.28900   47.8945  144.7205    0.36000   -0.02633
 11.4250   57.60200 -303.27301   47.9014  144.7384    0.34800   -0.01964
 11.4333   57.37700 -303.25500   47.9082  144.7563    0.34200   -0.00140
 11.4417   57.15200 -303.23499   47.9151  144.7744    0.35400    0.02458
 11.4500   56.92700 -303.21399   47.9219  144.7927    0.36700    0.04619
 11.4583   56.70300 -303.19000   47.9287  144.8110    0.34300    0.05144
 11.4667   56.47800 -303.16501   47.9354  144.8295    0.29500    0.04233
 11.4750   56.25400 -303.13800   47.9421  144.8481    0.25700    0.02889
 11.4833   56.03000 -303.10901   47.9488  144.8668    0.22200    0.01405
 11.4917   55.80700 -303.07800   47.9554  144.8856    0.17600   -0.00554
 11.5000   55.58300 -303.04599   47.9621  144.9046    0.12900   -0.02708
 11.5083   55.36000 -303.01901   47.9688  144.9235    0.09100   -0.04506
 11.5167   55.13700 -302.98999   47.9756  144.9426    0.05900   -0.05550
 11.5250   54.91400 -302.95901   47.9823  144.9618    0.03800   -0.06105
 11.5333   54.69200 -302.92700   47.9889  144.9810    0.01700   -0.05637
 11.5417   54.46900 -302.89401   47.9956  145.0005    0.02300   -0.05327
 11.5500   54.24700 -302.85800   48.0022  145.0201    0.00000   -0.04217
 11.5583   54.02500 -302.82101   48.0088  145.0398    0.01400   -0.03574
 11.5667   53.80300 -302.78299   48.0154  145.0596    0.01200   -0.01957
 11.5750   53.58100 -302.74301   48.0219  145.0797    0.03400   -0.01470
 11.5833   53.36000 -302.70099   48.0283  145.0998    0.01700   -0.01640
 11.5917   53.13900 -302.65900   48.0348  145.1200    0.00000   -0.02188
 11.6000   52.91800 -302.61401   48.0412  145.1404    0.01600   -0.02127
 11.6083   52.69700 -302.56900   48.0476  145.1610    0.02800   -0.01826
 11.6167   52.47600 -302.52200   48.0540  145.1817    0.02600   -0.02071
 11.6250   52.25600 -302.47299   48.0603  145.2025    0.02600   -0.02579
 11.6333   52.03600 -302.42300   48.0666  145.2235    0.03300   -0.02135
 11.6417   51.81600 -302.37201   48.0729  145.2446    0.07000   -0.01323
 11.6500   51.59600 -302.32001   48.0791  145.2659    0.08800   -0.00626
 11.6583   51.37700 -302.26700   48.0853  145.2872    0.09200   -0.00527
 11.6667   51.15800 -302.21201   48.0915  145.3088    0.10900   -0.00698
 11.6750   50.93900 -302.16199   48.0978  145.3303    0.12000   -0.00855
 11.6833   50.72000 -302.11099   48.1041  145.3520    0.12900   -0.00945
 11.6917   50.50200 -302.05801   48.1103  145.3738    0.15200   -0.01190
 11.7000   50.28400 -302.00400   48.1165  145.3958    0.16200   -0.01295
 11.7083   50.06500 -301.94901   48.1228  145.4180    0.18200   -0.01099
 11.7167   49.84800 -301.89301   48.1289  145.4402    0.22100   -0.00940
 11.7250   49.63000 -301.83499   48.1350  145.4627    0.23100   -0.01121
 11.7333   49.41300 -301.77701   48.1411  145.4853    0.23800   -0.01607
 11.7417   49.19600 -301.71701   48.1471  145.5080    0.26600   -0.02057
 11.7500   48.97900 -301.65601   48.1531  145.5310    0.27800   -0.02007
 11.7583   48.76200 -301.59399   48.1591  145.5541    0.30500   -0.01694
 11.7667   48.54600 -301.53101   48.1650  145.5773    0.34400   -0.00353
 11.7750   48.32900 -301.46701   48.1710  145.6008    0.39700    0.00952
 11.7833   48.11300 -301.40201   48.1769  145.6244    0.42400    0.01543
 11.7917   47.89800 -301.33600   48.1827  145.6481    0.43600    0.01593
 11.8000   47.68200 -301.26901   48.1885  145.6720    0.46700    0.01443
 11.8083   47.46700 -301.20099   48.1943  145.6961    0.48500    0.01661
 11.8167   47.25200 -301.13199   48.2000  145.7203    0.50900    0.01413
 11.8250   47.03800 -301.06100   48.2057  145.7447    0.52000    0.01065
 11.8333   46.82300 -300.98999   48.2113  145.7693    0.53200    0.00948
 11.8417   46.60900 -300.92401   48.2172  145.7939    0.56300    0.01151
 11.8500   46.39500 -300.85599   48.2229  145.8187    0.58400    0.01416
 11.8583   46.18100 -300.78699   48.2287  145.8437    0.59500    0.01762
 11.8667   45.96800 -300.71701   48.2343  145.8688    0.62500    0.01907
 11.8750   45.75500 -300.64700   48.2400  145.8941    0.63500    0.01990
 11.8833   45.54200 -300.57501   48.2456  145.9196    0.64100    0.01179
 11.8917   45.32900 -300.50299   48.2513  145.9453    0.63500    0.00426
 11.9000   45.11600 -300.42899   48.2568  145.9712    0.64800   -0.00490
 11.9083   44.90400 -300.35501   48.2623  145.9972    0.65000   -0.00991
 11.9167   44.69200 -300.28000   48.2678  146.0235    0.66300   -0.01537
 11.9250   44.48000 -300.20401   48.2732  146.0499    0.67500   -0.01460
 11.9333   44.26900 -300.12701   48.2786  146.0765    0.70100   -0.01619
 11.9417   44.05800 -300.04901   48.2840  146.1033    0.70100   -0.01771
 11.9500   43.84700 -299.97000   48.2892  146.1303    0.71000   -0.02192
 11.9583   43.63600 -299.89099   48.2945  146.1575    0.72200   -0.01592
 11.9667   43.42500 -299.81000   48.2998  146.1850    0.76300   -0.00384
 11.9750   43.21500 -299.72900   48.3050  146.2125    0.79900    0.01168
 11.9833   43.00500 -299.64801   48.3101  146.2403    0.82900    0.02240
 11.9917   42.79600 -299.56500   48.3152  146.2682    0.85400    0.02786
 12.0000   42.58600 -299.48199   48.3203  146.2965    0.87100    0.02494
 12.0083   42.37700 -299.40201   48.3255  146.3247    0.86700    0.01332
 12.0167   42.16800 -299.32199   48.3307  146.3532    0.85400    0.00181
 12.0250   41.95900 -299.24100   48.3358  146.3819    0.87100   -0.01050
 12.0333   41.75100 -299.15900   48.3409  146.4107    0.86400   -0.01710
 12.0417   41.54200 -299.07599   48.3460  146.4399    0.87700   -0.01973
 12.0500   41.33400 -298.99301   48.3510  146.4692    0.90900   -0.01283
 12.0583   41.12700 -298.90900   48.3560  146.4987    0.94000   -0.00490
 12.0667   40.91900 -298.82401   48.3609  146.5285    0.95600    0.00357
 12.0750   40.71200 -298.73801   48.3657  146.5585    0.99100    0.00413
 12.0833   40.50500 -298.65201   48.3706  146.5887    0.99000   -0.00030
 12.0917   40.29800 -298.56500   48.3754  146.6191    0.98600   -0.00427
 12.1000   40.09200 -298.47699   48.3801  146.6497    1.02600   -0.00565
 12.1083   39.88500 -298.38901   48.3848  146.6807    1.03900   -0.00578
 12.1167   39.67900 -298.29999   48.3895  146.7118    1.04400   -0.01317
 12.1250   39.47400 -298.20999   48.3941  146.7431    1.05300   -0.01935
 12.1333   39.26800 -298.12000   48.3987  146.7747    1.07200   -0.01570
 12.1417   39.06300 -298.02802   48.4031  146.8066    1.12000   -0.00706
 12.1500   38.85800 -297.93701   48.4076  146.8386    1.15200    0.00455
 12.1583   38.65400 -297.84399   48.4119  146.8708    1.18500    0.00622
 12.1667   38.44900 -297.75101   48.4163  146.9035    1.19100    0.00458
 12.1750   38.24500 -297.66199   48.4209  146.9361    1.21100    0.00136
 12.1833   38.04100 -297.57199   48.4253  146.9690    1.23800    0.00067
 12.1917   37.83800 -297.48099   48.4297  147.0021    1.25400   -0.00369
 12.2000   37.63400 -297.39001   48.4341  147.0356    1.25600   -0.00597
 12.2083   37.43100 -297.29800   48.4384  147.0692    1.29200   -0.00595
 12.2167   37.22800 -297.20499   48.4427  147.1032    1.31900   -0.00017
 12.2250   37.02500 -297.11200   48.4469  147.1374    1.34600    0.00553
 12.2333   36.82300 -297.01801   48.4511  147.1718    1.38100    0.01304
 12.2417   36.62100 -296.92300   48.4551  147.2065    1.41500    0.01824
 12.2500   36.41900 -296.82800   48.4592  147.2415    1.43100    0.01769
 12.2583   36.21700 -296.73199   48.4632  147.2769    1.43900    0.00926
 12.2667   36.01500 -296.63599   48.4672  147.3125    1.43700    0.00333
 12.2750   35.81400 -296.53900   48.4710  147.3483    1.46600   -0.00631
 12.2833   35.61300 -296.44199   48.4749  147.3844    1.45900   -0.01148
 12.2917   35.41300 -296.34399   48.4786  147.4207    1.47900   -0.01561
 12.3000   35.21200 -296.24500   48.4824  147.4575    1.51200   -0.01133
 12.3083   35.01200 -296.14600   48.4860  147.4945    1.54200   -0.00683
 12.3167   34.81200 -296.04700   48.4896  147.5317    1.56100   -0.00600
 12.3250   34.61300 -295.94601   48.4931  147.5692    1.57400   -0.00692
 12.3333   34.41400 -295.84601   48.4966  147.6070    1.59700   -0.00447
 12.3417   34.21400 -295.74799   48.5002  147.6452    1.63500   -0.00012
 12.3500   34.01500 -295.64999   48.5038  147.6835    1.66500    0.00477
 12.3583   33.81700 -295.55200   48.5073  147.7220    1.69600    0.00297
 12.3667   33.61800 -295.45300   48.5108  147.7611    1.70800   -0.00403
 12.3750   33.42000 -295.35300   48.5142  147.8003    1.71600   -0.01566
 12.3833   33.22200 -295.25299   48.5175  147.8399    1.72600   -0.02418
 12.3917   33.02400 -295.15201   48.5208  147.8799    1.75400   -0.03180
 12.4000   32.82700 -295.05099   48.5240  147.9201    1.76600   -0.02761
 12.4083   32.62900 -294.94901   48.5271  147.9608    1.83900   -0.02545
 12.4167   32.43200 -294.84698   48.5302  148.0017    1.86200   -0.01284
 12.4250   32.23600 -294.74399   48.5331  148.0428    1.93200   -0.00687
 12.4333   32.03900 -294.64099   48.5361  148.0845    1.97300    0.00219
 12.4417   31.84300 -294.53699   48.5389  148.1264    2.01100    0.00452
 12.4500   31.64700 -294.43301   48.5417  148.1686    2.04600    0.00208
 12.4583   31.45100 -294.32800   48.5444  148.2113    2.06200    0.00197
 12.4667   31.25600 -294.22299   48.5471  148.2542    2.11300   -0.00340
 12.4750   31.06100 -294.11700   48.5496  148.2975    2.12400    0.00176
 12.4833   30.86600 -294.01099   48.5521  148.3412    2.19900    0.00948
 12.4917   30.67100 -293.90500   48.5546  148.3853    2.26400    0.02086
 12.5000   30.47700 -293.79800   48.5569  148.4296    2.29300    0.02273
 12.5083   30.28200 -293.69400   48.5594  148.4745    2.31300    0.01874
 12.5167   30.08800 -293.59000   48.5619  148.5195    2.34400    0.01130
 12.5250   29.89400 -293.48499   48.5642  148.5650    2.35000    0.00126
 12.5333   29.70100 -293.37900   48.5664  148.6107    2.35400   -0.00705
 12.5417   29.50700 -293.27301   48.5686  148.6571    2.39400   -0.00469
 12.5500   29.31400 -293.16699   48.5707  148.7037    2.46000    0.00096
 12.5583   29.12100 -293.06000   48.5727  148.7508    2.48500    0.00417
 12.5667   28.92900 -292.95300   48.5747  148.7980    2.51300    0.00032
 12.5750   28.73600 -292.84500   48.5765  148.8461    2.53900   -0.00594
 12.5833   28.54400 -292.73700   48.5783  148.8943    2.55100   -0.01072
 12.5917   28.35200 -292.62799   48.5799  148.9430    2.58900   -0.01824
 12.6000   28.16100 -292.51999   48.5815  148.9919    2.60400   -0.02352
 12.6083   27.96900 -292.41000   48.5830  149.0416    2.63200   -0.02797
 12.6167   27.77800 -292.29999   48.5844  149.0915    2.68100   -0.02200
 12.6250   27.58700 -292.19000   48.5857  149.1419    2.75900   -0.01991
 12.6333   27.39600 -292.07999   48.5870  149.1928    2.76800   -0.01407
 12.6417   27.20600 -291.96899   48.5881  149.2440    2.83800   -0.01454
 12.6500   27.01600 -291.85699   48.5890  149.2957    2.88000   -0.00585
 12.6583   26.82600 -291.74600   48.5900  149.3479    2.94400   -0.00108
 12.6667   26.63600 -291.63400   48.5909  149.4006    2.99400    0.00428
 12.6750   26.44600 -291.52399   48.5918  149.4537    3.04300    0.00384
 12.6833   26.25700 -291.41400   48.5927  149.5072    3.07500    0.00959
 12.6917   26.06800 -291.30399   48.5934  149.5611    3.16100    0.01113
 12.7000   25.87900 -291.19299   48.5941  149.6156    3.18400    0.01643
 12.7083   25.69000 -291.08200   48.5946  149.6707    3.23300    0.01671
 12.7167   25.50200 -290.97101   48.5951  149.7260    3.28700    0.01501
 12.7250   25.31400 -290.85901   48.5954  149.7820    3.29400    0.01702
 12.7333   25.12600 -290.74701   48.5956  149.8385    3.36500    0.01499
 12.7417   24.93800 -290.63400   48.5957  149.8956    3.39100    0.01909
 12.7500   24.75000 -290.52100   48.5957  149.9532    3.43400    0.01516
 12.7583   24.56300 -290.40799   48.5956  150.0112    3.45400    0.01037
 12.7667   24.37600 -290.29401   48.5953  150.0698    3.47300    0.00269
 12.7750   24.18900 -290.17999   48.5949  150.1290    3.49300   -0.00445
 12.7833   24.00200 -290.06601   48.5945  150.1888    3.51200   -0.00639
 12.7917   23.81600 -289.95099   48.5938  150.2489    3.55800   -0.00993
 12.8000   23.63000 -289.83600   48.5931  150.3096    3.56700   -0.00554
 12.8083   23.44400 -289.72101   48.5922  150.3710    3.63500   -0.00535
 12.8167   23.25800 -289.60501   48.5912  150.4330    3.65700    0.00179
 12.8250   23.07300 -289.48901   48.5900  150.4954    3.71100    0.00343
 12.8333   22.88800 -289.37299   48.5888  150.5584    3.74400    0.00394
 12.8417   22.70200 -289.25900   48.5877  150.6223    3.75800   -0.00075
 12.8500   22.51800 -289.14499   48.5863  150.6863    3.78000   -0.00562
 12.8583   22.33300 -289.03000   48.5849  150.7512    3.81200   -0.01006
 12.8667   22.14800 -288.91501   48.5833  150.8169    3.82900   -0.00847
 12.8750   21.96400 -288.79999   48.5816  150.8829    3.88800   -0.00629
 12.8833   21.78000 -288.68399   48.5797  150.9496    3.92200    0.00530
 12.8917   21.59600 -288.56799   48.5776  151.0171    3.99800    0.01087
 12.9000   21.41300 -288.45200   48.5754  151.0849    4.02000    0.01490
 12.9083   21.22900 -288.33499   48.5731  151.1538    4.04700    0.01017
 12.9167   21.04600 -288.21799   48.5705  151.2231    4.06700    0.01019
 12.9250   20.86300 -288.10101   48.5679  151.2931    4.12100    0.00501
 12.9333   20.68100 -287.98300   48.5649  151.3636    4.11400   -0.00003
 12.9417   20.49800 -287.86499   48.5619  151.4351    4.13600   -0.00688
 12.9500   20.31600 -287.74701   48.5587  151.5071    4.17600   -0.01577
 12.9583   20.13400 -287.62900   48.5554  151.5798    4.15200   -0.01855
 12.9667   19.95200 -287.51001   48.5518  151.6534    4.21700   -0.01389
 12.9750   19.77000 -287.39099   48.5481  151.7277    4.30500    0.00048
 12.9833   19.58900 -287.27200   48.5441  151.8025    4.34800    0.00602
 12.9917   19.40700 -287.15201   48.5400  151.8785    4.35300    0.00713
 13.0000   19.22600 -287.03201   48.5357  151.9549    4.42200    0.00151
 13.0083   19.04600 -286.91501   48.5315  152.0317    4.42800   -0.00292
 13.0167   18.86500 -286.79700   48.5270  152.1098    4.44800   -0.01585
 13.0250   18.68400 -286.67801   48.5223  152.1887    4.46300   -0.02729
 13.0333   18.50400 -286.56000   48.5175  152.2681    4.48400   -0.02584
 13.0417   18.32400 -286.44101   48.5124  152.3483    4.59800   -0.02878
 13.0500   18.14400 -286.32199   48.5072  152.4295    4.58600   -0.03009
 13.0583   17.96500 -286.20200   48.5015  152.5111    4.62100   -0.03447
 13.0667   17.78500 -286.08301   48.4959  152.5941    4.71800   -0.01683
 13.0750   17.60600 -285.96301   48.4899  152.6776    4.86800    0.00068
 13.0833   17.42700 -285.84201   48.4836  152.7620    4.90600    0.00544
 13.0917   17.24800 -285.72198   48.4773  152.8473    4.91900    0.00707
 13.1000   17.06900 -285.60101   48.4706  152.9336    5.04800    0.00462
 13.1083   16.89100 -285.48001   48.4636  153.0204    5.06400   -0.00590
 13.1167   16.71300 -285.35901   48.4564  153.1082    5.02500   -0.00934
 13.1250   16.53500 -285.23700   48.4489  153.1970    5.20600   -0.01039
 13.1333   16.35700 -285.11499   48.4412  153.2867    5.24300    0.00364
 13.1417   16.17900 -284.99399   48.4334  153.3775    5.31800    0.00395
 13.1500   16.00200 -284.87100   48.4250  153.4688    5.40800   -0.00042
 13.1583   15.82400 -284.74899   48.4165  153.5617    5.41200    0.00331
 13.1667   15.64700 -284.62601   48.4077  153.6551    5.54400   -0.00699
 13.1750   15.47000 -284.50601   48.3990  153.7495    5.53100   -0.00823
 13.1833   15.29400 -284.38501   48.3898  153.8444    5.60400   -0.00887
 13.1917   15.11700 -284.26300   48.3803  153.9410    5.74700   -0.01620
 13.2000   14.94100 -284.14200   48.3706  154.0381    5.68500   -0.01944
 13.2083   14.76500 -284.01999   48.3605  154.1363    5.79300   -0.02691
 13.2167   14.58900 -283.89801   48.3502  154.2356    5.90300   -0.01043
 13.2250   14.41300 -283.77600   48.3395  154.3361    6.02000    0.00555
 13.2333   14.23700 -283.65302   48.3284  154.4377    6.12100    0.00558
 13.2417   14.06200 -283.53000   48.3170  154.5399    6.10600    0.01457
 13.2500   13.88700 -283.40799   48.3054  154.6433    6.29500    0.01156
 13.2583   13.71200 -283.28400   48.2932  154.7478    6.30600    0.02009
 13.2667   13.53700 -283.16101   48.2808  154.8535    6.38600    0.01397
 13.2750   13.36200 -283.03799   48.2680  154.9604    6.45600    0.01549
 13.2833   13.18800 -282.91400   48.2548  155.0680    6.53500    0.01102
 13.2917   13.01300 -282.79001   48.2412  155.1774    6.57100   -0.00147
 13.3000   12.83900 -282.66599   48.2273  155.2874    6.58400   -0.01414
 13.3083   12.66500 -282.54099   48.2128  155.3986    6.65700   -0.02027
 13.3167   12.49200 -282.41699   48.1981  155.5105    6.74500   -0.01896
 13.3250   12.31800 -282.29199   48.1829  155.6242    6.82200   -0.01898
 13.3333   12.14400 -282.16699   48.1673  155.7393    6.88300   -0.01776
 13.3417   11.97100 -282.04401   48.1515  155.8550    6.98200   -0.02387
 13.3500   11.79800 -281.92099   48.1354  155.9719    7.00200   -0.01964
 13.3583   11.62500 -281.79700   48.1187  156.0902    7.15800   -0.01584
 13.3667   11.45300 -281.67300   48.1015  156.2092    7.26200   -0.00732
 13.3750   11.28000 -281.54901   48.0839  156.3302    7.32900   -0.00748
 13.3833   11.10800 -281.42499   48.0659  156.4518    7.42500   -0.00428
 13.3917   10.93600 -281.29999   48.0472  156.5748    7.56800   -0.00808
 13.4000   10.76400 -281.17599   48.0283  156.6991    7.58300   -0.01253
 13.4083   10.59200 -281.05099   48.0087  156.8249    7.68200   -0.02449
 13.4167   10.42000 -280.92599   47.9886  156.9520    7.76500   -0.01826
 13.4250   10.24900 -280.80099   47.9679  157.0799    7.94900   -0.01988
 13.4333   10.07700 -280.67499   47.9467  157.2098    7.99600   -0.01594
 13.4417    9.90600 -280.54999   47.9250  157.3405    8.15300   -0.02304
 13.4500    9.73500 -280.42401   47.9027  157.4725    8.25700   -0.02275
 13.4583    9.56400 -280.29800   47.8798  157.6061    8.38400   -0.03257
 13.4667    9.39300 -280.17200   47.8563  157.7411    8.46800   -0.04248
 13.4750    9.22300 -280.04599   47.8323  157.8767    8.58700   -0.04543
 13.4833    9.05200 -279.92001   47.8077  158.0146    8.79000   -0.05843
 13.4917    8.88200 -279.79300   47.7823  158.1532    8.80300   -0.06313
 13.5000    8.71200 -279.66699   47.7565  158.2933    9.03000   -0.06682
 13.5083    8.54200 -279.54199   47.7303  158.4349    9.28200   -0.04610
 13.5167    8.37300 -279.41599   47.7033  158.5771    9.55600   -0.04421
 13.5250    8.20300 -279.29099   47.6758  158.7217    9.64200   -0.04646
 13.5333    8.03400 -279.16501   47.6474  158.8670    9.88800   -0.05398
 13.5417    7.86500 -279.03900   47.6184  159.0138   10.15100   -0.06499
 13.5500    7.69600 -278.91299   47.5887  159.1620   10.26100   -0.09341
 13.5583    7.52700 -278.78699   47.5583  159.3119   10.41000   -0.11477
 13.5667    7.35800 -278.66101   47.5273  159.4633   10.78700   -0.11869
 13.5750    7.18900 -278.53400   47.4952  159.6162   11.09700   -0.09260
 13.5833    7.02100 -278.40799   47.4627  159.7698   11.53800   -0.07712
 13.5917    6.85200 -278.28101   47.4292  159.9258   11.83100   -0.07129
 13.6000    6.68400 -278.15399   47.3949  160.0825   12.05700   -0.07263
 13.6083    6.51600 -278.02701   47.3599  160.2407   12.45400   -0.05100
 13.6167    6.34800 -277.89999   47.3240  160.4005   12.93400   -0.00757
 13.6250    6.18100 -277.77301   47.2874  160.5608   13.45200    0.04387
 13.6333    6.01300 -277.64600   47.2499  160.7238   14.02800    0.07013
 13.6417    5.84500 -277.51801   47.2114  160.8882   14.28700    0.06005
 13.6500    5.67800 -277.39099   47.1722  161.0533   14.51500    0.00477
 13.6583    5.51100 -277.26300   47.1320  161.2198   14.67100   -0.01320
 13.6667    5.34400 -277.13501   47.0908  161.3880   15.04800   -0.00633
 13.6750    5.17700 -277.00900   47.0492  161.5577   15.38800    0.00000

 23.6333    5.33200 -386.76599   57.9498  131.9662    0.00000    0.00000
 23.6417    5.38800 -386.94699   57.8943  131.9488    0.03000    0.00052
 23.6500    5.44300 -387.12900   57.8394  131.9306    0.14100    0.00523
 23.6583    5.49700 -387.31100   57.7852  131.9121    0.15600   -0.00359
 23.6667    5.54900 -387.49301   57.7323  131.8924    0.11400   -0.01737
 23.6750    5.60500 -387.67499   57.6773  131.8763    0.20300   -0.00809
 23.6833    5.65800 -387.85699   57.6242  131.8581    0.40100    0.00237
 23.6917    5.71100 -388.04001   57.5710  131.8401    0.41600    0.00812
 23.7000    5.76300 -388.22299   57.5186  131.8216    0.47300   -0.00873
 23.7083    5.81400 -388.40701   57.4667  131.8024    0.46800   -0.02558
 23.7167    5.86300 -388.59100   57.4161  131.7821    0.48600   -0.03277
 23.7250    5.91200 -388.77499   57.3655  131.7621    0.60900   -0.01906
 23.7333    5.95900 -388.95999   57.3161  131.7407    0.81300   -0.00104
 23.7417    6.00600 -389.14499   57.2667  131.7196    0.87600   -0.00163
 23.7500    6.05100 -389.33099   57.2184  131.6971    0.83100   -0.00816
 23.7583    6.09500 -389.51700   57.1707  131.6741    0.98600   -0.00484
 23.7667    6.13800 -389.70401   57.1235  131.6505    1.14600    0.01231
 23.7750    6.18000 -389.89001   57.0770  131.6267    1.22600    0.01005
 23.7833    6.22000 -390.07800   57.0314  131.6012    1.19300    0.00163
 23.7917    6.26000 -390.26501   56.9860  131.5763    1.30600   -0.00732
 23.8000    6.29800 -390.45300   56.9415  131.5500    1.39500   -0.00044
 23.8083    6.33600 -390.64099   56.8971  131.5240    1.51800   -0.00215
 23.8167    6.37200 -390.82999   56.8537  131.4965    1.53700    0.00374
 23.8250    6.40700 -391.01901   56.8107  131.4686    1.68100    0.00186
 23.8333    6.44100 -391.20801   56.7684  131.4403    1.73000    0.00878
 23.8417    6.47800 -391.39700   56.7245  131.4146    1.83200    0.00203
 23.8500    6.51300 -391.58600   56.6817  131.3878    1.84500    0.00322
 23.8583    6.54700 -391.77499   56.6395  131.3605    1.95800    0.01089
 23.8667    6.58000 -391.96500   56.5976  131.3325    2.12400    0.02260
 23.8750    6.61200 -392.15500   56.5562  131.3041    2.18000    0.02302
 23.8833    6.64300 -392.34500   56.5154  131.2753    2.18500    0.01309
 23.8917    6.67200 -392.53601   56.4754  131.2449    2.24200   -0.00184
 23.9000    6.70100 -392.72699   56.4354  131.2149    2.23900    0.00144
 23.9083    6.72800 -392.91800   56.3964  131.1836    2.40800   -0.00161
 23.9167    6.75400 -393.10999   56.3578  131.1516    2.40000    0.00603
 23.9250    6.77900 -393.30200   56.3196  131.1192    2.49200    0.00301
 23.9333    6.80300 -393.49399   56.2818  131.0863    2.58200    0.01093
 23.9417    6.82600 -393.68600   56.2446  131.0530    2.65500    0.02006
 23.9500    6.84700 -393.87900   56.2081  131.0181    2.74400    0.01654
 23.9583    6.86800 -394.07199   56.1715  130.9835    2.73300    0.01047
 23.9667    6.88700 -394.26501   56.1359  130.9477    2.77600   -0.00551
 23.9750    6.90600 -394.45801   56.1002  130.9122    2.75100   -0.00331
 23.9833    6.92300 -394.65100   56.0655  130.8754    2.85600   -0.00216
 23.9917    6.93900 -394.84500   56.0310  130.8378    2.89200    0.00000
