hmax        =    300
wind_bottom =      2
wind_top    =     10
critlon     =      0
tbeg, h     =   0.00
tend, h     =  24.00
c_ionex     =      0
c_vert      =      1
time, gamma, az, latp, lonp, tec, tec_filtered
 13.0667    8.08700 -145.12000   37.7809  134.8456   28.47700    0.00000
 13.0750    8.28900 -145.06799   37.8882  134.9084   28.72000    0.01537
 13.0833    8.49100 -145.01601   37.9938  134.9707   28.52000    0.02938
 13.0917    8.69300 -144.96300   38.0980  135.0320   28.34000    0.01828
 13.1000    8.89500 -144.90900   38.2007  135.0926   28.27700    0.01120
 13.1083    9.09800 -144.85500   38.3023  135.1528   28.07600    0.01778
 13.1167    9.30000 -144.80099   38.4019  135.2121   27.99500    0.01390
 13.1250    9.50300 -144.74600   38.5006  135.2710   27.81800    0.01799
 13.1333    9.70600 -144.69099   38.5978  135.3291   27.66800    0.02150
 13.1417    9.90900 -144.63499   38.6937  135.3865   27.56200    0.02097
 13.1500   10.11200 -144.57899   38.7881  135.4433   27.36000    0.01542
 13.1583   10.31500 -144.52299   38.8811  135.4995   27.22900    0.00824
 13.1667   10.51900 -144.46600   38.9732  135.5552   27.07700    0.00404
 13.1750   10.72300 -144.41000   39.0638  135.6105   26.89800   -0.00304
 13.1833   10.92800 -144.35300   39.1535  135.6653   26.75400   -0.02553
 13.1917   11.13200 -144.29601   39.2415  135.7193   26.48900   -0.04008
 13.2000   11.33700 -144.23801   39.3287  135.7727   26.39000   -0.05704
 13.2083   11.54200 -144.17999   39.4146  135.8256   26.24900   -0.06215
 13.2167   11.74700 -144.12100   39.4992  135.8778   26.10300   -0.06722
 13.2250   11.95300 -144.06200   39.5829  135.9297   26.02400   -0.07168
 13.2333   12.15800 -144.00200   39.6651  135.9805   25.90800   -0.07613
 13.2417   12.36400 -143.94299   39.7464  136.0312   25.77900   -0.06869
 13.2500   12.57000 -143.88200   39.8266  136.0811   25.81800   -0.06502
 13.2583   12.77600 -143.82100   39.9056  136.1304   25.68600   -0.04521
 13.2667   12.98200 -143.75999   39.9834  136.1792   25.70400   -0.03707
 13.2750   13.18800 -143.69901   40.0601  136.2275   25.66000   -0.01466
 13.2833   13.39500 -143.63699   40.1360  136.2753   25.65100    0.00054
 13.2917   13.60200 -143.57401   40.2109  136.3224   25.61500    0.01844
 13.3000   13.80800 -143.51199   40.2843  136.3690   25.59100    0.03422
 13.3083   14.01500 -143.44901   40.3570  136.4151   25.56200    0.04617
 13.3167   14.22200 -143.38499   40.4287  136.4606   25.49000    0.05829
 13.3250   14.43000 -143.32100   40.4996  136.5058   25.46000    0.06813
 13.3333   14.63700 -143.25700   40.5692  136.5503   25.40000    0.07438
 13.3417   14.84500 -143.19299   40.6381  136.5946   25.28800    0.06892
 13.3500   15.05400 -143.12801   40.7064  136.6385   25.14600    0.05872
 13.3583   15.26200 -143.06300   40.7733  136.6816   25.03100    0.04989
 13.3667   15.47100 -142.99800   40.8396  136.7245   24.90600    0.04142
 13.3750   15.68000 -142.93201   40.9050  136.7669   24.75100    0.03519
 13.3833   15.88900 -142.86600   40.9694  136.8087   24.63800    0.02728
 13.3917   16.09800 -142.79900   41.0330  136.8500   24.48900    0.01693
 13.4000   16.30800 -142.73199   41.0959  136.8911   24.30500    0.00970
 13.4083   16.51700 -142.66400   41.1578  136.9314   24.20700    0.00397
 13.4167   16.72700 -142.59599   41.2190  136.9714   24.05700   -0.00350
 13.4250   16.93700 -142.52800   41.2793  137.0110   23.85000   -0.01843
 13.4333   17.14700 -142.45900   41.3389  137.0501   23.69200   -0.03072
 13.4417   17.35700 -142.39000   41.3976  137.0888   23.55700   -0.02892
 13.4500   17.56800 -142.32100   41.4557  137.1272   23.44900   -0.02205
 13.4583   17.77800 -142.25101   41.5128  137.1650   23.32100   -0.00672
 13.4667   17.98900 -142.18100   41.5694  137.2025   23.24400    0.00559
 13.4750   18.20000 -142.11000   41.6252  137.2395   23.11000    0.02229
 13.4833   18.41000 -142.03900   41.6801  137.2759   23.01300    0.02532
 13.4917   18.62200 -141.96800   41.7346  137.3124   22.83900    0.02814
 13.5000   18.83300 -141.89600   41.7882  137.3481   22.70700    0.02762
 13.5083   19.04500 -141.82401   41.8413  137.3837   22.59300    0.01733
 13.5167   19.25700 -141.75200   41.8937  137.4190   22.36400    0.00516
 13.5250   19.46900 -141.67999   41.9453  137.4538   22.23400   -0.01526
 13.5333   19.68200 -141.60699   41.9966  137.4884   22.07100   -0.02438
 13.5417   19.89500 -141.53300   42.0472  137.5226   21.92500   -0.03969
 13.5500   20.10800 -141.45900   42.0971  137.5563   21.75800   -0.04996
 13.5583   20.32100 -141.38499   42.1463  137.5898   21.63800   -0.05752
 13.5667   20.53400 -141.31000   42.1950  137.6228   21.51900   -0.06029
 13.5750   20.74700 -141.23500   42.2429  137.6554   21.39600   -0.06038
 13.5833   20.96100 -141.16000   42.2905  137.6879   21.31000   -0.05380
 13.5917   21.17400 -141.08400   42.3373  137.7198   21.25200   -0.04451
 13.6000   21.38800 -141.00800   42.3836  137.7516   21.16600   -0.04337
 13.6083   21.60200 -140.93100   42.4294  137.7830   21.04100   -0.04874
 13.6167   21.81600 -140.85400   42.4746  137.8140   20.95600   -0.04518
 13.6250   22.03000 -140.77699   42.5193  137.8448   20.94000   -0.03890
 13.6333   22.24400 -140.69901   42.5634  137.8751   20.84600   -0.02858
 13.6417   22.45900 -140.62100   42.6071  137.9054   20.80000   -0.02467
 13.6500   22.67300 -140.54300   42.6500  137.9351   20.75000   -0.00724
 13.6583   22.88800 -140.46400   42.6927  137.9647   20.74500    0.01101
 13.6667   23.10300 -140.38499   42.7348  137.9940   20.70000    0.02978
 13.6750   23.31900 -140.30499   42.7766  138.0231   20.64800    0.03588
 13.6833   23.53500 -140.22501   42.8178  138.0519   20.55900    0.03498
 13.6917   23.75100 -140.14500   42.8586  138.0804   20.47300    0.03517
 13.7000   23.96700 -140.06400   42.8989  138.1086   20.43300    0.03481
 13.7083   24.18300 -139.98300   42.9387  138.1366   20.34200    0.04184
 13.7167   24.40000 -139.90199   42.9781  138.1644   20.29800    0.03594
 13.7250   24.61600 -139.82001   43.0170  138.1917   20.17200    0.02534
 13.7333   24.83300 -139.73700   43.0556  138.2189   20.04600    0.00223
 13.7417   25.05000 -139.65500   43.0936  138.2459   19.91400   -0.01269
 13.7500   25.26700 -139.57201   43.1313  138.2726   19.82800   -0.01851
 13.7583   25.48400 -139.48801   43.1685  138.2989   19.74800   -0.01019
 13.7667   25.70100 -139.40401   43.2053  138.3251   19.69900    0.00125
 13.7750   25.91900 -139.32001   43.2418  138.3511   19.63000    0.01330
 13.7833   26.13600 -139.23599   43.2777  138.3768   19.55000    0.01607
 13.7917   26.35400 -139.15100   43.3134  138.4023   19.44200    0.01477
 13.8000   26.57200 -139.06500   43.3487  138.4275   19.34200    0.00800
 13.8083   26.79000 -138.98000   43.3835  138.4526   19.22800   -0.00446
 13.8167   27.00800 -138.89400   43.4180  138.4774   19.08500   -0.00681
 13.8250   27.22600 -138.80800   43.4521  138.5020   19.04300   -0.00387
 13.8333   27.44500 -138.72099   43.4859  138.5265   18.95400    0.01222
 13.8417   27.66400 -138.63300   43.5194  138.5507   18.87800    0.02367
 13.8500   27.88300 -138.54601   43.5525  138.5747   18.80000    0.03241
 13.8583   28.10300 -138.45700   43.5854  138.5986   18.68400    0.03877
 13.8667   28.32200 -138.36900   43.6178  138.6222   18.58200    0.04421
 13.8750   28.54200 -138.28000   43.6499  138.6457   18.48800    0.05125
 13.8833   28.76200 -138.19000   43.6818  138.6689   18.37400    0.05236
 13.8917   28.98200 -138.10001   43.7133  138.6919   18.23400    0.04597
 13.9000   29.20200 -138.00999   43.7444  138.7148   18.09600    0.03123
 13.9083   29.42200 -137.92000   43.7752  138.7374   17.93100    0.01860
 13.9167   29.64300 -137.82899   43.8058  138.7600   17.80000    0.01593
 13.9250   29.86300 -137.73700   43.8360  138.7822   17.71000    0.00952
 13.9333   30.08400 -137.64600   43.8659  138.8044   17.52000    0.00039
 13.9417   30.30500 -137.55400   43.8956  138.8264   17.37000   -0.01374
 13.9500   30.52600 -137.46100   43.9249  138.8482   17.25100   -0.01858
 13.9583   30.74700 -137.36900   43.9540  138.8699   17.10900   -0.02480
 13.9667   30.96800 -137.27499   43.9827  138.8912   16.95100   -0.03115
 13.9750   31.18900 -137.18201   44.0111  138.9125   16.83600   -0.03857
 13.9833   31.41000 -137.08800   44.0393  138.9336   16.69700   -0.03382
 13.9917   31.63200 -136.99400   44.0673  138.9547   16.61600   -0.02942
 14.0000   31.85400 -136.89999   44.0949  138.9756   16.51000   -0.02997
 14.0083   32.07600 -136.80400   44.1224  138.9962   16.35700   -0.03756
 14.0167   32.29900 -136.70799   44.1497  139.0168   16.25400   -0.04686
 14.0250   32.52100 -136.61099   44.1766  139.0371   16.15700   -0.05827
 14.0333   32.74400 -136.51500   44.2033  139.0575   16.01300   -0.06915
 14.0417   32.96700 -136.41701   44.2298  139.0776   15.92500   -0.06940
 14.0500   33.19000 -136.32001   44.2560  139.0976   15.89100   -0.06500
 14.0583   33.41300 -136.22099   44.2820  139.1173   15.77900   -0.05232
 14.0667   33.63700 -136.12300   44.3078  139.1371   15.74100   -0.04827
 14.0750   33.86000 -136.02400   44.3332  139.1566   15.66700   -0.03263
 14.0833   34.08400 -135.92500   44.3585  139.1762   15.61300   -0.01363
 14.0917   34.30700 -135.82500   44.3835  139.1954   15.59500    0.01321
 14.1000   34.53100 -135.72501   44.4084  139.2146   15.56700    0.03981
 14.1083   34.75500 -135.62500   44.4329  139.2337   15.51900    0.04660
 14.1167   34.97900 -135.52400   44.4573  139.2526   15.40900    0.04117
 14.1250   35.20300 -135.42300   44.4814  139.2714   15.32300    0.03569
 14.1333   35.42700 -135.32201   44.5053  139.2901   15.27100    0.03303
 14.1417   35.65200 -135.22000   44.5291  139.3087   15.16900    0.02503
 14.1500   35.87600 -135.11800   44.5526  139.3272   15.05000    0.01106
 14.1583   36.10100 -135.01500   44.5759  139.3456   14.96600    0.00848
 14.1667   36.32500 -134.91299   44.5989  139.3638   14.91000    0.02055
 14.1750   36.55100 -134.80800   44.6220  139.3819   14.85000    0.03669
 14.1833   36.77600 -134.70300   44.6447  139.3999   14.77100    0.04373
 14.1917   37.00200 -134.59801   44.6673  139.4179   14.66000    0.04007
 14.2000   37.22800 -134.49200   44.6898  139.4357   14.54400    0.02918
 14.2083   37.45300 -134.38600   44.7119  139.4533   14.42900    0.01850
 14.2167   37.67900 -134.27901   44.7339  139.4709   14.31700    0.01182
 14.2250   37.90500 -134.17200   44.7558  139.4884   14.21400    0.01269
 14.2333   38.13200 -134.06500   44.7775  139.5060   14.12800    0.00896
 14.2417   38.35800 -133.95700   44.7989  139.5232   13.99300    0.00306
 14.2500   38.58400 -133.84900   44.8202  139.5404   13.88000   -0.00773
 14.2583   38.81100 -133.74001   44.8414  139.5576   13.77000   -0.00990
 14.2667   39.03700 -133.63100   44.8622  139.5746   13.67200   -0.00806
 14.2750   39.26400 -133.52200   44.8830  139.5916   13.57700   -0.00484
 14.2833   39.49100 -133.41200   44.9036  139.6085   13.47500   -0.00235
 14.2917   39.71800 -133.30200   44.9241  139.6253   13.37800   -0.01358
 14.3000   39.94500 -133.19200   44.9443  139.6420   13.22800   -0.03414
 14.3083   40.17200 -133.08099   44.9644  139.6586   13.09400   -0.04740
 14.3167   40.39900 -132.96899   44.9843  139.6751   13.03300   -0.04314
 14.3250   40.62600 -132.85800   45.0040  139.6915   12.96400   -0.03438
 14.3333   40.85400 -132.74600   45.0237  139.7080   12.85200   -0.02487
 14.3417   41.08200 -132.63200   45.0432  139.7243   12.79900   -0.01963
 14.3500   41.31000 -132.51700   45.0626  139.7404   12.71300   -0.01901
 14.3583   41.53800 -132.40199   45.0818  139.7566   12.58300   -0.01607
 14.3667   41.76600 -132.28600   45.1009  139.7726   12.53900   -0.00666
 14.3750   41.99500 -132.17000   45.1199  139.7886   12.48000    0.01839
 14.3833   42.22300 -132.05400   45.1387  139.8045   12.41800    0.02512
 14.3917   42.45200 -131.93700   45.1573  139.8203   12.30100    0.02841
 14.4000   42.68100 -131.81900   45.1759  139.8361   12.23100    0.02369
 14.4083   42.91000 -131.70200   45.1942  139.8519   12.13300    0.02434
 14.4167   43.13800 -131.58299   45.2124  139.8674   12.03800    0.01968
 14.4250   43.36700 -131.46500   45.2305  139.8830   11.94400    0.02057
 14.4333   43.59600 -131.34500   45.2484  139.8985   11.86900    0.00963
 14.4417   43.82600 -131.22600   45.2663  139.9140   11.72600   -0.00037
 14.4500   44.05500 -131.10600   45.2839  139.9294   11.63900   -0.01417
 14.4583   44.28400 -130.98599   45.3014  139.9447   11.55200   -0.01737
 14.4667   44.51400 -130.86501   45.3189  139.9601   11.45000   -0.01933
 14.4750   44.74300 -130.74300   45.3361  139.9752   11.36500   -0.02804
 14.4833   44.97300 -130.62199   45.3533  139.9904   11.24700   -0.02420
 14.4917   45.20200 -130.50000   45.3702  140.0055   11.19500   -0.02303
 14.5000   45.43200 -130.37700   45.3872  140.0206   11.09700   -0.01850
 14.5083   45.66200 -130.25200   45.4040  140.0355   10.99100   -0.01100
 14.5167   45.89300 -130.12601   45.4208  140.0505   10.94800    0.00627
 14.5250   46.12300 -130.00000   45.4373  140.0653   10.89000    0.03307
 14.5333   46.35400 -129.87300   45.4539  140.0801   10.82300    0.04683
 14.5417   46.58400 -129.74500   45.4702  140.0948   10.72600    0.04242
 14.5500   46.81500 -129.61700   45.4865  140.1096   10.59200    0.03439
 14.5583   47.04600 -129.48900   45.5026  140.1243   10.50700    0.02745
 14.5667   47.27600 -129.36000   45.5186  140.1388   10.41700    0.02257
 14.5750   47.50700 -129.23100   45.5345  140.1534   10.29000    0.01422
 14.5833   47.73800 -129.10100   45.5503  140.1679   10.19000    0.00620
 14.5917   47.96900 -128.97000   45.5660  140.1824   10.09900    0.00460
 14.6000   48.20000 -128.83900   45.5816  140.1968    9.99700    0.00593
 14.6083   48.43200 -128.70799   45.5970  140.2113    9.90900   -0.00791
 14.6167   48.66300 -128.57500   45.6124  140.2256    9.75800   -0.02203
 14.6250   48.89400 -128.44299   45.6276  140.2400    9.65700   -0.03856
 14.6333   49.12500 -128.31000   45.6427  140.2542    9.56300   -0.03317
 14.6417   49.35700 -128.17599   45.6578  140.2685    9.50000   -0.03309
 14.6500   49.58800 -128.04201   45.6726  140.2827    9.37800   -0.03745
 14.6583   49.82000 -127.90800   45.6875  140.2970    9.26600   -0.04304
 14.6667   50.05200 -127.77300   45.7022  140.3111    9.19700   -0.03539
 14.6750   50.28400 -127.63400   45.7169  140.3252    9.12600   -0.01287
 14.6833   50.51600 -127.49500   45.7315  140.3392    9.07000    0.01168
 14.6917   50.74800 -127.35500   45.7460  140.3532    9.00700    0.03590
 14.7000   50.98000 -127.21400   45.7604  140.3671    8.93700    0.04542
 14.7083   51.21200 -127.07300   45.7747  140.3810    8.82900    0.05045
 14.7167   51.44400 -126.93100   45.7889  140.3949    8.75500    0.03701
 14.7250   51.67700 -126.78900   45.8030  140.4088    8.61800    0.02145
 14.7333   51.90900 -126.64600   45.8170  140.4226    8.50700   -0.00077
 14.7417   52.14200 -126.50200   45.8309  140.4364    8.41200   -0.01467
 14.7500   52.37400 -126.35700   45.8448  140.4501    8.31100   -0.02628
 14.7583   52.60700 -126.21200   45.8585  140.4639    8.21100   -0.04105
 14.7667   52.83900 -126.06700   45.8721  140.4776    8.10900   -0.05348
 14.7750   53.07200 -125.92000   45.8857  140.4914    8.02300   -0.06331
 14.7833   53.30500 -125.77300   45.8991  140.5051    7.94100   -0.06567
 14.7917   53.53700 -125.62600   45.9124  140.5187    7.87700   -0.06716
 14.8000   53.77000 -125.47700   45.9257  140.5323    7.80500   -0.06572
 14.8083   54.00300 -125.32800   45.9389  140.5460    7.74900   -0.08029
 14.8167   54.23600 -125.17900   45.9520  140.5596    7.64400   -0.09471
 14.8250   54.46900 -125.02900   45.9650  140.5732    7.59300   -0.11363
 14.8333   54.70200 -124.87800   45.9779  140.5868    7.54000   -0.11121
 14.8417   54.93500 -124.72200   45.9909  140.6002    7.53100   -0.10236
 14.8500   55.16800 -124.56600   46.0037  140.6136    7.52000   -0.08628
 14.8583   55.40100 -124.40800   46.0165  140.6270    7.50700   -0.07571
 14.8667   55.63500 -124.25000   46.0292  140.6405    7.49000   -0.06906
 14.8750   55.86800 -124.09100   46.0418  140.6538    7.47400   -0.06027
 14.8833   56.10100 -123.93200   46.0543  140.6672    7.47800   -0.04404
 14.8917   56.33500 -123.77100   46.0667  140.6806    7.49300   -0.01926
 14.9000   56.56800 -123.60900   46.0791  140.6939    7.51400    0.00876
 14.9083   56.80100 -123.44700   46.0913  140.7072    7.53200    0.03884
 14.9167   57.03500 -123.28400   46.1035  140.7206    7.55600    0.05802
 14.9250   57.26800 -123.12000   46.1156  140.7338    7.53400    0.06833
 14.9333   57.50200 -122.95500   46.1277  140.7472    7.51500    0.07329
 14.9417   57.73500 -122.78900   46.1396  140.7604    7.51300    0.07481
 14.9500   57.96900 -122.62200   46.1515  140.7737    7.47700    0.08193
 14.9583   58.20200 -122.45400   46.1633  140.7869    7.47700    0.07612
 14.9667   58.43600 -122.28600   46.1750  140.8002    7.43100    0.06600
 14.9750   58.66900 -122.11600   46.1867  140.8134    7.37800    0.04051
 14.9833   58.90300 -121.94500   46.1983  140.8267    7.32200    0.01264
 14.9917   59.13600 -121.77400   46.2097  140.8399    7.26400   -0.02234
 15.0000   59.37000 -121.60200   46.2211  140.8532    7.18400   -0.05260
 15.0083   59.60300 -121.42300   46.2326  140.8662    7.14300   -0.07967
 15.0167   59.83700 -121.24300   46.2440  140.8794    7.09500   -0.08025
 15.0250   60.07000 -121.06200   46.2553  140.8924    7.10600   -0.07481
 15.0333   60.30400 -120.88000   46.2665  140.9056    7.08900   -0.05810
 15.0417   60.53800 -120.69700   46.2777  140.9187    7.08400   -0.05099
 15.0500   60.77100 -120.51200   46.2888  140.9317    7.06800   -0.03956
 15.0583   61.00500 -120.32700   46.2998  140.9449    7.07200   -0.03373
 15.0667   61.23800 -120.13900   46.3107  140.9579    7.05800   -0.02188
 15.0750   61.47200 -119.95100   46.3216  140.9710    7.07500   -0.02023
 15.0833   61.70500 -119.76100   46.3324  140.9840    7.05900   -0.03150
 15.0917   61.93900 -119.57000   46.3432  140.9971    7.01500   -0.04655
 15.1000   62.17200 -119.37800   46.3538  141.0102    7.03300   -0.04856
 15.1083   62.40600 -119.18400   46.3644  141.0233    7.06700   -0.03834
 15.1167   62.63900 -118.98900   46.3750  141.0363    7.06700   -0.03492
 15.1250   62.87200 -118.79200   46.3854  141.0494    7.06200   -0.03334
 15.1333   63.10600 -118.59400   46.3958  141.0625    7.09100   -0.02867
 15.1417   63.33900 -118.39500   46.4061  141.0756    7.10400   -0.01265
 15.1500   63.57200 -118.19400   46.4164  141.0886    7.13700    0.00668
 15.1583   63.80600 -117.99100   46.4266  141.1017    7.17400    0.02472
 15.1667   64.03900 -117.78700   46.4367  141.1148    7.18100    0.04587
 15.1750   64.27200 -117.57500   46.4469  141.1278    7.22500    0.05237
 15.1833   64.50500 -117.36100   46.4570  141.1408    7.21200    0.05019
 15.1917   64.73800 -117.14500   46.4670  141.1537    7.18600    0.04401
 15.2000   64.97100 -116.92700   46.4770  141.1667    7.21000    0.03832
 15.2083   65.20300 -116.70700   46.4869  141.1797    7.19700    0.04929
 15.2167   65.43600 -116.48600   46.4968  141.1927    7.22100    0.04600
 15.2250   65.66900 -116.26200   46.5066  141.2057    7.19100    0.03703
 15.2333   65.90100 -116.03600   46.5163  141.2187    7.15100    0.03111
 15.2417   66.13400 -115.80700   46.5260  141.2317    7.18000    0.02939
 15.2500   66.36600 -115.57700   46.5355  141.2447    7.16600    0.01314
 15.2583   66.59900 -115.34500   46.5451  141.2578    7.08100   -0.00592
 15.2667   66.83100 -115.11000   46.5546  141.2708    7.10500   -0.02670
 15.2750   67.06300 -114.87200   46.5640  141.2838    7.08700   -0.02508
 15.2833   67.29500 -114.63300   46.5733  141.2968    7.07800   -0.04287
 15.2917   67.52700 -114.39100   46.5826  141.3099    7.04200   -0.07267
 15.3000   67.75900 -114.14600   46.5918  141.3230    6.98500   -0.09854
 15.3083   67.99100 -113.89900   46.6010  141.3361    6.99200   -0.10312
 15.3167   68.22200 -113.64900   46.6101  141.3491    7.02900   -0.06718
 15.3250   68.45400 -113.39700   46.6191  141.3622    7.10600   -0.02870
 15.3333   68.68500 -113.14100   46.6281  141.3753    7.12000    0.00553
 15.3417   68.91600 -112.87400   46.6372  141.3883    7.14300    0.01427
 15.3500   69.14700 -112.60400   46.6462  141.4013    7.13600    0.02967
 15.3583   69.37800 -112.33100   46.6551  141.4143    7.17000    0.04259
 15.3667   69.60800 -112.05400   46.6639  141.4273    7.17900    0.05084
 15.3750   69.83900 -111.77300   46.6728  141.4404    7.16100    0.06212
 15.3833   70.06900 -111.48900   46.6815  141.4534    7.21000    0.07156
 15.3917   70.29900 -111.20100   46.6902  141.4665    7.21600    0.08197
 15.4000   70.52900 -110.91000   46.6989  141.4796    7.19500    0.07183
 15.4083   70.75800 -110.61400   46.7074  141.4926    7.17000    0.05339
 15.4167   70.98800 -110.31400   46.7160  141.5058    7.14500    0.02159
 15.4250   71.21700 -110.00900   46.7244  141.5189    7.07700   -0.00441
 15.4333   71.44600 -109.70100   46.7328  141.5320    7.06900   -0.03680
 15.4417   71.67500 -109.38800   46.7412  141.5451    7.02800   -0.03138
 15.4500   71.90400 -109.07000   46.7495  141.5583    7.09000   -0.03158
 15.4583   72.13200 -108.74700   46.7577  141.5715    7.07000   -0.03922
 15.4667   72.36100 -108.41900   46.7659  141.5847    6.99800   -0.07389
 15.4750   72.58800 -108.08600   46.7740  141.5978    6.96300   -0.08023
 15.4833   72.81600 -107.74800   46.7821  141.6111    7.02200   -0.05967
 15.4917   73.04400 -107.40400   46.7901  141.6244    7.03400   -0.04189
 15.5000   73.27100 -107.05400   46.7980  141.6376    6.98200   -0.02714
 15.5083   73.49700 -106.68700   46.8060  141.6507    7.02300    0.02943
 15.5167   73.72300 -106.31300   46.8140  141.6639    7.15900    0.12255
 15.5250   73.94800 -105.93200   46.8219  141.6771    7.22300    0.18024
 15.5333   74.17300 -105.54400   46.8298  141.6902    7.15700    0.15859
 15.5417   74.39800 -105.14800   46.8376  141.7035    7.05300    0.10512
 15.5500   74.62300 -104.74500   46.8454  141.7167    7.02600    0.06531
 15.5583   74.84700 -104.33400   46.8531  141.7300    7.00200    0.06794
 15.5667   75.07100 -103.91400   46.8607  141.7433    7.01000    0.02161
 15.5750   75.29400 -103.48500   46.8683  141.7566    6.80000   -0.03328
 15.5833   75.51700 -103.04700   46.8758  141.7699    6.72400   -0.06293
 15.5917   75.73900 -102.60000   46.8833  141.7832    6.79000   -0.03552
 15.6000   75.96100 -102.14300   46.8907  141.7966    6.73200    0.05427
 15.6083   76.18200 -101.67500   46.8981  141.8099    6.80900    0.17302
 15.6167   76.40300 -101.19700   46.9054  141.8233    6.92200    0.29595
 15.6250   76.62300 -100.70700   46.9127  141.8367    6.84700    0.33942
 15.6333   76.84300 -100.20600   46.9199  141.8502    6.66900    0.29202
 15.6417   77.06200  -99.69200   46.9271  141.8636    6.49900    0.20256
 15.6500   77.28000  -99.16500   46.9342  141.8770    6.28500    0.14642
 15.6583   77.49800  -98.62500   46.9412  141.8905    6.19800    0.12498
 15.6667   77.71500  -98.07100   46.9482  141.9041    6.11500    0.12433
 15.6750   77.93000  -97.48500   46.9553  141.9175    5.94800    0.07511
 15.6833   78.14400  -96.88400   46.9623  141.9309    5.69400   -0.01836
 15.6917   78.35800  -96.26500   46.9693  141.9444    5.45600   -0.10243
 15.7000   78.57000  -95.62800   46.9762  141.9578    5.28600   -0.08479
 15.7083   78.78200  -94.97200   46.9831  141.9714    5.30800   -0.00612
 15.7167   78.99300  -94.29700   46.9899  141.9850    5.23400    0.06993
 15.7250   79.20200  -93.60000   46.9967  141.9985    5.05200    0.07431
 15.7333   79.41100  -92.88200   47.0034  142.0121    4.85900    0.01143
 15.7417   79.61800  -92.14000   47.0101  142.0257    4.58300   -0.01815
 15.7500   79.82400  -91.37400   47.0167  142.0393    4.51200   -0.01276
 15.7583   80.02800  -90.58200   47.0233  142.0529    4.44400    0.02005
 15.7667   80.23100  -89.76400   47.0298  142.0666    4.29000   -0.02410
 15.7750   80.43300  -88.91600   47.0362  142.0803    4.03400   -0.10842
 15.7833   80.63300  -88.03800   47.0426  142.0940    3.89200   -0.20632
 15.7917   80.83200  -87.12900   47.0490  142.1078    3.72700   -0.28508
 15.8000   81.02800  -86.18600   47.0553  142.1215    3.54100   -0.36461
 15.8083   81.22300  -85.20700   47.0615  142.1354    3.40300   -0.42350
 15.8167   81.41500  -84.19100   47.0677  142.1491    3.31200   -0.42203
 15.8250   81.60600  -83.13500   47.0739  142.1630    3.33500   -0.35423
 15.8333   81.79400  -82.03700   47.0800  142.1769    3.41700   -0.21822
 15.8417   81.97800  -80.87300   47.0861  142.1907    3.54100   -0.06678
 15.8500   82.15900  -79.66200   47.0923  142.2045    3.60900    0.07278
 15.8583   82.33700  -78.40100   47.0984  142.2183    3.66500    0.18668
 15.8667   82.51200  -77.08700   47.1044  142.2322    3.72500    0.23308
 15.8750   82.68300  -75.71900   47.1104  142.2461    3.60700    0.23785
 15.8833   82.85100  -74.29200   47.1163  142.2600    3.54700    0.19950
 15.8917   83.01500  -72.80400   47.1222  142.2739    3.48900    0.18441
 15.9000   83.17500  -71.25300   47.1281  142.2879    3.44800    0.16217
 15.9083   83.33100  -69.63600   47.1338  142.3020    3.36900    0.11828
 15.9167   83.48200  -67.95000   47.1396  142.3160    3.23900    0.05741
 15.9250   83.62800  -66.19300   47.1452  142.3300    3.12900    0.01692
 15.9333   83.76800  -64.36200   47.1509  142.3441    3.08700   -0.01696
 15.9417   83.90300  -62.45600   47.1565  142.3582    2.95200   -0.02030
 15.9500   84.03200  -60.47200   47.1620  142.3724    2.91400   -0.04827
 15.9583   84.15400  -58.41000   47.1675  142.3865    2.78300   -0.05594
 15.9667   84.26900  -56.27000   47.1729  142.4007    2.69600   -0.07075
 15.9750   84.37800  -54.05100   47.1782  142.4150    2.62600   -0.03934
 15.9833   84.47800  -51.75500   47.1836  142.4292    2.62500    0.00702
 15.9917   84.57000  -49.38400   47.1889  142.4435    2.58300    0.05194
 16.0000   84.65400  -46.94100   47.1941  142.4578    2.51600    0.06541
 16.0083   84.72500  -44.41400   47.1994  142.4720    2.43200    0.06522
 16.0167   84.78700  -41.82600   47.2047  142.4863    2.35600    0.07161
 16.0250   84.84000  -39.18600   47.2099  142.5006    2.31700    0.04924
 16.0333   84.88200  -36.50100   47.2151  142.5149    2.15000   -0.00477
 16.0417   84.91400  -33.77900   47.2202  142.5293    1.98700   -0.08352
 16.0500   84.93600  -31.03100   47.2253  142.5437    1.88100   -0.13090
 16.0583   84.94700  -28.26800   47.2303  142.5581    1.81500   -0.12576
 16.0667   84.94700  -25.49900   47.2353  142.5726    1.80900   -0.09564
 16.0750   84.93700  -22.73700   47.2402  142.5871    1.77100   -0.05914
 16.0833   84.91700  -19.99200   47.2451  142.6016    1.72000   -0.03886
 16.0917   84.88600  -17.27400   47.2499  142.6161    1.66200   -0.01245
 16.1000   84.84500  -14.59400   47.2547  142.6307    1.64000    0.00975
 16.1083   84.79400  -11.96000   47.2594  142.6453    1.57300    0.03031
 16.1167   84.73400   -9.37900   47.2640  142.6600    1.51500    0.05755
 16.1250   84.66400   -6.86000   47.2687  142.6747    1.52600    0.06200
 16.1333   84.58500   -4.40600   47.2733  142.6894    1.40900    0.05754
 16.1417   84.49800   -2.02400   47.2778  142.7041    1.33600    0.02879
 16.1500   84.40300    0.28500   47.2822  142.7189    1.27600    0.02136
 16.1583   84.30100    2.51700   47.2866  142.7336    1.21900   -0.00681
 16.1667   84.19100    4.67200   47.2910  142.7485    1.08300   -0.04261
 16.1750   84.07100    6.73300   47.2954  142.7632    1.00200   -0.07495
 16.1833   83.94400    8.71400   47.2999  142.7781    0.95700   -0.08263
 16.1917   83.81200   10.61800   47.3043  142.7929    0.89500   -0.06965
 16.2000   83.67400   12.44700   47.3086  142.8078    0.87700   -0.04203
 16.2083   83.53100   14.20100   47.3129  142.8227    0.87500   -0.02463
 16.2167   83.38400   15.88500   47.3171  142.8376    0.78500   -0.01731
 16.2250   83.23200   17.49900   47.3212  142.8526    0.74000   -0.03075
 16.2333   83.07600   19.04800   47.3254  142.8676    0.68500   -0.01821
 16.2417   82.91500   20.53300   47.3295  142.8827    0.68100   -0.01152
 16.2500   82.75200   21.95800   47.3335  142.8978    0.63100   -0.00578
 16.2583   82.58500   23.32500   47.3374  142.9129    0.58500   -0.02040
 16.2667   82.41500   24.63700   47.3413  142.9280    0.52800   -0.02966
 16.2750   82.24200   25.89800   47.3452  142.9432    0.49700   -0.03883
 16.2833   82.06600   27.10800   47.3490  142.9584    0.44900   -0.03876
 16.2917   81.88800   28.27200   47.3528  142.9737    0.41700   -0.03894
 16.3000   81.70800   29.39200   47.3565  142.9889    0.38300   -0.02407
 16.3083   81.52500   30.46900   47.3602  143.0043    0.38200   -0.00417
 16.3167   81.34100   31.50700   47.3638  143.0196    0.37100    0.02542
 16.3250   81.15400   32.50700   47.3673  143.0350    0.37000    0.04210
 16.3333   80.96600   33.47100   47.3708  143.0504    0.33400    0.04048
 16.3417   80.77400   34.38200   47.3745  143.0658    0.27100    0.02549
 16.3500   80.58000   35.26200   47.3780  143.0812    0.23500   -0.00213
 16.3583   80.38600   36.11100   47.3815  143.0966    0.16700   -0.02243
 16.3667   80.18900   36.93300   47.3850  143.1122    0.13300   -0.04980
 16.3750   79.99200   37.72800   47.3884  143.1277    0.08200   -0.06477
 16.3833   79.79400   38.49800   47.3918  143.1432    0.05700   -0.07183
 16.3917   79.59400   39.24300   47.3951  143.1589    0.05200   -0.06543
 16.4000   79.39400   39.96600   47.3984  143.1745    0.04600   -0.05875
 16.4083   79.19300   40.66800   47.4016  143.1902    0.02500   -0.05406
 16.4167   78.99100   41.34900   47.4047  143.2059    0.01800   -0.05634
 16.4250   78.78800   42.01000   47.4078  143.2216    0.00000   -0.05203
 16.4333   78.58400   42.65300   47.4109  143.2375    0.01200   -0.04929
 16.4417   78.38000   43.27900   47.4139  143.2533    0.01200   -0.04213
 16.4500   78.17500   43.88700   47.4169  143.2691    0.01400   -0.04504
 16.4583   77.97000   44.48000   47.4198  143.2850    0.00000   -0.03635
 16.4667   77.76400   45.05800   47.4226  143.3010    0.03900   -0.02744
 16.4750   77.55800   45.62200   47.4254  143.3169    0.04500   -0.01387
 16.4833   77.35100   46.17200   47.4281  143.3330    0.04700   -0.00671
 16.4917   77.14400   46.70800   47.4308  143.3490    0.06700    0.01634
 16.5000   76.93600   47.23300   47.4335  143.3651    0.12100    0.05055
 16.5083   76.72600   47.73000   47.4362  143.3812    0.15700    0.06756
 16.5167   76.51600   48.21700   47.4389  143.3973    0.12400    0.06010
 16.5250   76.30600   48.69300   47.4416  143.4134    0.10600    0.03608
 16.5333   76.09500   49.15900   47.4442  143.4296    0.09500    0.01655
 16.5417   75.88400   49.61600   47.4467  143.4458    0.08000    0.00630
 16.5500   75.67300   50.06300   47.4492  143.4621    0.08800    0.00257
 16.5583   75.46200   50.50200   47.4516  143.4784    0.09100   -0.00468
 16.5667   75.25000   50.93300   47.4540  143.4948    0.05900   -0.01979
 16.5750   75.03900   51.35500   47.4564  143.5111    0.03900   -0.03499
 16.5833   74.82700   51.77000   47.4586  143.5275    0.03700   -0.03649
 16.5917   74.61500   52.17800   47.4609  143.5440    0.04100   -0.01356
 16.6000   74.40300   52.57800   47.4630  143.5605    0.09400    0.02041
 16.6083   74.19000   52.97200   47.4652  143.5771    0.12800    0.04611
 16.6167   73.97800   53.35900   47.4672  143.5936    0.11000    0.04246
 16.6250   73.76600   53.74000   47.4692  143.6103    0.07300    0.01797
 16.6333   73.55300   54.11500   47.4712  143.6270    0.04300   -0.00122
 16.6417   73.34100   54.48400   47.4731  143.6436    0.04200   -0.01301
 16.6500   73.12800   54.84800   47.4749  143.6604    0.03100   -0.01586
 16.6583   72.91500   55.20600   47.4767  143.6772    0.03100   -0.01963
 16.6667   72.70300   55.55900   47.4785  143.6940    0.03100   -0.01929
 16.6750   72.48900   55.89500   47.4803  143.7108    0.03600   -0.01642
 16.6833   72.27500   56.22700   47.4821  143.7277    0.04600   -0.01679
 16.6917   72.06100   56.55500   47.4839  143.7446    0.03600   -0.02671
 16.7000   71.84700   56.87800   47.4856  143.7616    0.01300   -0.03073
 16.7083   71.63200   57.19700   47.4873  143.7786    0.04500   -0.03353
 16.7167   71.41800   57.51300   47.4888  143.7956    0.04400   -0.02814
 16.7250   71.20400   57.82500   47.4904  143.8127    0.05000   -0.03811
 16.7333   70.99000   58.13300   47.4919  143.8299    0.03700   -0.03998
 16.7417   70.77700   58.43800   47.4933  143.8470    0.06400   -0.03514
 16.7500   70.56300   58.73900   47.4946  143.8642    0.09200   -0.01367
 16.7583   70.34900   59.03700   47.4959  143.8815    0.13100    0.00847
 16.7667   70.13500   59.33200   47.4972  143.8988    0.15800    0.03521
 16.7750   69.92200   59.62300   47.4984  143.9161    0.19900    0.04278
 16.7833   69.70800   59.91200   47.4996  143.9335    0.17700    0.04046
 16.7917   69.49400   60.19800   47.5007  143.9510    0.17100    0.03310
 16.8000   69.28100   60.48100   47.5017  143.9685    0.19300    0.03573
 16.8083   69.06800   60.76200   47.5027  143.9860    0.19900    0.04321
 16.8167   68.85500   61.04000   47.5036  144.0035    0.20700    0.04137
 16.8250   68.64100   61.31500   47.5045  144.0212    0.19700    0.03742
 16.8333   68.42800   61.58800   47.5053  144.0389    0.19200    0.02858
 16.8417   68.21400   61.84900   47.5062  144.0565    0.17800    0.02211
 16.8500   68.00000   62.10800   47.5071  144.0743    0.16900    0.01727
 16.8583   67.78700   62.36400   47.5079  144.0920    0.16300    0.01211
 16.8667   67.57300   62.61900   47.5086  144.1098    0.14600    0.00165
 16.8750   67.35900   62.87200   47.5093  144.1277    0.12100   -0.00524
 16.8833   67.14600   63.12300   47.5100  144.1456    0.12800   -0.01246
 16.8917   66.93200   63.37300   47.5106  144.1636    0.11000   -0.01599
 16.9000   66.71900   63.62000   47.5111  144.1815    0.09700   -0.02465
 16.9083   66.50600   63.86600   47.5116  144.1996    0.09000   -0.03061
 16.9167   66.29300   64.11000   47.5120  144.2177    0.08400   -0.03883
 16.9250   66.08000   64.35200   47.5123  144.2359    0.06700   -0.04173
 16.9333   65.86700   64.59300   47.5127  144.2541    0.08000   -0.03957
 16.9417   65.65500   64.83300   47.5129  144.2723    0.09300   -0.03069
 16.9500   65.44200   65.07100   47.5131  144.2906    0.10100   -0.02591
 16.9583   65.23000   65.30700   47.5132  144.3090    0.10400   -0.02159
 16.9667   65.01800   65.54200   47.5132  144.3273    0.11800   -0.01419
 16.9750   64.80600   65.77600   47.5132  144.3458    0.13900   -0.00261
 16.9833   64.59400   66.00800   47.5132  144.3643    0.15800    0.00885
 16.9917   64.38200   66.23900   47.5131  144.3829    0.17500    0.01278
 17.0000   64.17100   66.46900   47.5129  144.4014    0.17400    0.01246
 17.0083   63.95900   66.68900   47.5128  144.4200    0.18300    0.00940
 17.0167   63.74600   66.90800   47.5127  144.4387    0.19400    0.00800
 17.0250   63.53400   67.12700   47.5126  144.4575    0.20000    0.00329
 17.0333   63.32200   67.34400   47.5123  144.4762    0.19800   -0.00231
 17.0417   63.11100   67.56000   47.5120  144.4950    0.20600   -0.00623
 17.0500   62.89900   67.77600   47.5117  144.5139    0.21800   -0.01008
 17.0583   62.68800   67.99000   47.5113  144.5329    0.21600   -0.01173
 17.0667   62.47700   68.20400   47.5108  144.5518    0.23000   -0.01253
 17.0750   62.26500   68.41600   47.5103  144.5709    0.24300   -0.00660
 17.0833   62.05500   68.62800   47.5096  144.5900    0.26200    0.00006
 17.0917   61.84400   68.83900   47.5090  144.6092    0.27800    0.00374
 17.1000   61.63300   69.04900   47.5083  144.6284    0.28100    0.00614
 17.1083   61.42300   69.25800   47.5075  144.6476    0.29600    0.00526
 17.1167   61.21300   69.46700   47.5066  144.6669    0.30200    0.00689
 17.1250   61.00300   69.67400   47.5057  144.6863    0.31500    0.00832
 17.1333   60.79300   69.88100   47.5048  144.7057    0.33000    0.00851
 17.1417   60.58300   70.08700   47.5037  144.7253    0.33200    0.00649
 17.1500   60.37400   70.29300   47.5026  144.7448    0.33700   -0.00014
 17.1583   60.16500   70.49700   47.5015  144.7643    0.33600   -0.00394
 17.1667   59.95600   70.70100   47.5002  144.7840    0.34700   -0.00659
 17.1750   59.74600   70.89700   47.4991  144.8036    0.35500   -0.00520
 17.1833   59.53600   71.09300   47.4980  144.8234    0.36700   -0.00235
 17.1917   59.32700   71.28800   47.4967  144.8432    0.38200    0.00218
 17.2000   59.11800   71.48300   47.4954  144.8631    0.39600    0.00336
 17.2083   58.90900   71.67700   47.4941  144.8830    0.39700    0.00226
 17.2167   58.70000   71.87100   47.4926  144.9030    0.40400   -0.00119
 17.2250   58.49100   72.06400   47.4912  144.9231    0.41000   -0.00274
 17.2333   58.28200   72.25700   47.4896  144.9432    0.41700   -0.00018
 17.2417   58.07400   72.44900   47.4880  144.9633    0.43900    0.00142
 17.2500   57.86600   72.64100   47.4863  144.9836    0.44200   -0.00003
 17.2583   57.65800   72.83200   47.4845  145.0039    0.43900   -0.00353
 17.2667   57.45000   73.02300   47.4827  145.0242    0.45400   -0.00307
 17.2750   57.24300   73.21300   47.4808  145.0446    0.47000    0.00135
 17.2833   57.03500   73.40300   47.4789  145.0651    0.48100    0.00267
 17.2917   56.82800   73.59200   47.4769  145.0856    0.48600    0.00329
 17.3000   56.62100   73.78100   47.4748  145.1062    0.50200   -0.00237
 17.3083   56.41400   73.96900   47.4726  145.1269    0.49300   -0.00569
 17.3167   56.20800   74.15700   47.4704  145.1476    0.50700   -0.00884
 17.3250   56.00100   74.34500   47.4681  145.1684    0.52200   -0.00877
 17.3333   55.79500   74.53200   47.4657  145.1892    0.52300   -0.00740
 17.3417   55.58800   74.71300   47.4635  145.2102    0.54100   -0.01012
 17.3500   55.38200   74.89300   47.4612  145.2311    0.54200   -0.00656
 17.3583   55.17500   75.07400   47.4588  145.2522    0.56600   -0.00213
 17.3667   54.96900   75.25400   47.4564  145.2733    0.58700    0.00781
 17.3750   54.76300   75.43300   47.4539  145.2945    0.61000    0.01367
 17.3833   54.55700   75.61300   47.4512  145.3158    0.62100    0.01366
 17.3917   54.35200   75.79200   47.4486  145.3370    0.62200    0.00558
 17.4000   54.14600   75.97100   47.4459  145.3585    0.61600   -0.00266
 17.4083   53.94100   76.14900   47.4431  145.3799    0.62600   -0.00962
 17.4167   53.73600   76.32800   47.4402  145.4014    0.63300   -0.01275
 17.4250   53.53100   76.50600   47.4372  145.4230    0.64100   -0.01209
 17.4333   53.32600   76.68400   47.4342  145.4447    0.66600   -0.01128
 17.4417   53.12200   76.86100   47.4311  145.4664    0.67200   -0.00019
 17.4500   52.91700   77.03800   47.4280  145.4883    0.71400    0.00888
 17.4583   52.71300   77.21500   47.4247  145.5102    0.72600    0.01153
 17.4667   52.50900   77.39200   47.4214  145.5321    0.70500    0.01158
 17.4750   52.30500   77.56800   47.4180  145.5542    0.73700    0.00907
 17.4833   52.10200   77.74400   47.4146  145.5762    0.74100    0.01786
 17.4917   51.89900   77.92000   47.4110  145.5983    0.76300    0.02074
 17.5000   51.69600   78.09500   47.4075  145.6206    0.77500    0.02409
 17.5083   51.49200   78.26600   47.4039  145.6429    0.78400    0.01880
 17.5167   51.28900   78.43600   47.4004  145.6653    0.77700    0.00276
 17.5250   51.08500   78.60600   47.3967  145.6879    0.75100   -0.01781
 17.5333   50.88200   78.77500   47.3930  145.7105    0.74300   -0.03083
 17.5417   50.67900   78.94500   47.3892  145.7331    0.76400   -0.03370
 17.5500   50.47700   79.11400   47.3854  145.7558    0.77800   -0.03561
 17.5583   50.27400   79.28400   47.3814  145.7787    0.77600   -0.03993
 17.5667   50.07200   79.45300   47.3774  145.8015    0.79200   -0.04055
 17.5750   49.87000   79.62200   47.3732  145.8245    0.82300   -0.03216
 17.5833   49.66800   79.79000   47.3691  145.8475    0.86100   -0.02044
 17.5917   49.46600   79.95900   47.3648  145.8707    0.89300   -0.01462
 17.6000   49.26500   80.12700   47.3605  145.8938    0.90600   -0.01139
 17.6083   49.06400   80.29600   47.3560  145.9171    0.93900   -0.01492
 17.6167   48.86200   80.46400   47.3515  145.9406    0.95300   -0.01710
 17.6250   48.66100   80.63200   47.3469  145.9640    0.97700   -0.01996
 17.6333   48.46100   80.79900   47.3423  145.9875    1.00800   -0.01606
 17.6417   48.26000   80.96700   47.3375  146.0112    1.04700   -0.00618
 17.6500   48.06000   81.13400   47.3327  146.0348    1.09300    0.01111
 17.6583   47.86000   81.30100   47.3278  146.0586    1.15500    0.01596
 17.6667   47.66000   81.46800   47.3228  146.0825    1.14900    0.01862
 17.6750   47.45900   81.63100   47.3179  146.1066    1.19000    0.01326
 17.6833   47.25900   81.79300   47.3130  146.1307    1.22200    0.01941
 17.6917   47.05900   81.95500   47.3079  146.1549    1.25900    0.02360
 17.7000   46.85900   82.11700   47.3028  146.1792    1.28900    0.01323
 17.7083   46.66000   82.27900   47.2975  146.2035    1.26100   -0.00366
 17.7167   46.46000   82.44100   47.2922  146.2280    1.27100   -0.02295
 17.7250   46.26100   82.60300   47.2868  146.2525    1.29100   -0.02186
 17.7333   46.06200   82.76500   47.2813  146.2772    1.34300   -0.00409
 17.7417   45.86300   82.92700   47.2757  146.3020    1.41800    0.01879
 17.7500   45.66500   83.08800   47.2701  146.3267    1.45800    0.02749
 17.7583   45.46600   83.25000   47.2643  146.3517    1.45300    0.01761
 17.7667   45.26800   83.41100   47.2585  146.3767    1.45400   -0.00216
 17.7750   45.07000   83.57200   47.2525  146.4019    1.45400   -0.01526
 17.7833   44.87200   83.73300   47.2465  146.4271    1.47700   -0.02202
 17.7917   44.67400   83.89400   47.2404  146.4525    1.50700   -0.01995
 17.8000   44.47600   84.05500   47.2342  146.4780    1.54700   -0.01790
 17.8083   44.27900   84.21500   47.2279  146.5035    1.57400   -0.01197
 17.8167   44.08200   84.37600   47.2215  146.5291    1.61900   -0.01163
 17.8250   43.88500   84.53600   47.2151  146.5548    1.63200   -0.00933
 17.8333   43.68800   84.69700   47.2085  146.5807    1.66300   -0.00927
 17.8417   43.49100   84.85300   47.2020  146.6067    1.70200   -0.00368
 17.8500   43.29400   85.00900   47.1955  146.6328    1.74800    0.00129
 17.8583   43.09700   85.16500   47.1888  146.6591    1.78800   -0.00058
 17.8667   42.90100   85.32200   47.1820  146.6853    1.80700   -0.00686
 17.8750   42.70400   85.47800   47.1751  146.7118    1.83700   -0.01598
 17.8833   42.50800   85.63400   47.1682  146.7384    1.86700   -0.02903
 17.8917   42.31200   85.79000   47.1611  146.7650    1.87000   -0.04110
 17.9000   42.11600   85.94600   47.1539  146.7918    1.90600   -0.04845
 17.9083   41.92100   86.10100   47.1467  146.8186    1.95600   -0.03617
 17.9167   41.72500   86.25700   47.1393  146.8457    2.04200   -0.01173
 17.9250   41.53000   86.41300   47.1319  146.8728    2.13100    0.00954
 17.9333   41.33500   86.56800   47.1243  146.9000    2.17000    0.02251
 17.9417   41.14000   86.72400   47.1166  146.9274    2.22700    0.01381
 17.9500   40.94500   86.87900   47.1089  146.9549    2.23300    0.00931
 17.9583   40.75000   87.03400   47.1010  146.9826    2.30400   -0.00294
 17.9667   40.55600   87.19000   47.0930  147.0103    2.33900   -0.00691
 17.9750   40.36100   87.34500   47.0849  147.0382    2.38700   -0.02568
 17.9833   40.16700   87.50000   47.0768  147.0662    2.39400   -0.04623
 17.9917   39.97300   87.65400   47.0685  147.0943    2.41800   -0.06121
 18.0000   39.78000   87.80900   47.0601  147.1224    2.48300   -0.06070
 18.0083   39.58600   87.96000   47.0518  147.1509    2.54700   -0.03748
 18.0167   39.39200   88.11200   47.0433  147.1795    2.66000   -0.00007
 18.0250   39.19800   88.26300   47.0348  147.2082    2.78200    0.04967
 18.0333   39.00500   88.41400   47.0261  147.2370    2.90300    0.08618
 18.0417   38.81200   88.56500   47.0173  147.2659    2.96300    0.09353
 18.0500   38.61900   88.71600   47.0085  147.2950    2.96300    0.07865
 18.0583   38.42600   88.86700   46.9995  147.3242    2.98900    0.05172
 18.0667   38.23300   89.01800   46.9903  147.3537    3.00100    0.02433
 18.0750   38.04000   89.16900   46.9811  147.3832    3.00400   -0.01030
 18.0833   37.84800   89.32000   46.9717  147.4128    3.00500   -0.05155
 18.0917   37.65600   89.47100   46.9623  147.4426    2.99400   -0.08021
 18.1000   37.46300   89.62100   46.9527  147.4727    3.06000   -0.09563
 18.1083   37.27200   89.77200   46.9430  147.5027    3.12400   -0.08831
 18.1167   37.08000   89.92200   46.9332  147.5330    3.21800   -0.07365
 18.1250   36.88800   90.07300   46.9232  147.5634    3.32100   -0.06418
 18.1333   36.69700   90.22300   46.9131  147.5939    3.37200   -0.06416
 18.1417   36.50500   90.37300   46.9030  147.6247    3.44000   -0.07579
 18.1500   36.31400   90.52300   46.8926  147.6556    3.51200   -0.07675
 18.1583   36.12300   90.67300   46.8822  147.6866    3.63500   -0.07229
 18.1667   35.93200   90.82300   46.8716  147.7178    3.75100   -0.06041
 18.1750   35.74100   90.97000   46.8611  147.7493    3.88000   -0.05513
 18.1833   35.55100   91.11700   46.8504  147.7807    3.99100   -0.05070
 18.1917   35.36000   91.26400   46.8396  147.8125    4.11700   -0.04993
 18.2000   35.17000   91.41100   46.8287  147.8444    4.23600   -0.04472
 18.2083   34.98000   91.55700   46.8177  147.8764    4.37400   -0.03169
 18.2167   34.79000   91.70400   46.8065  147.9086    4.54100   -0.00605
 18.2250   34.60000   91.85100   46.7951  147.9411    4.72200    0.01557
 18.2333   34.41000   91.99700   46.7837  147.9737    4.83800    0.03518
 18.2417   34.22000   92.14400   46.7721  148.0066    4.98400    0.05032
 18.2500   34.03100   92.29000   46.7603  148.0394    5.12800    0.07117
 18.2583   33.84100   92.43600   46.7485  148.0727    5.25400    0.08782
 18.2667   33.65200   92.58300   46.7364  148.1060    5.36700    0.10261
 18.2750   33.46300   92.72900   46.7242  148.1395    5.49200    0.11888
 18.2833   33.27400   92.87500   46.7119  148.1732    5.62200    0.12411
 18.2917   33.08500   93.02100   46.6995  148.2072    5.67500    0.11587
 18.3000   32.89700   93.16700   46.6869  148.2411    5.72500    0.08918
 18.3083   32.70800   93.31200   46.6741  148.2755    5.74800    0.04690
 18.3167   32.52000   93.45800   46.6612  148.3100    5.71100    0.00145
 18.3250   32.33200   93.60400   46.6481  148.3446    5.73400   -0.04123
 18.3333   32.14400   93.74900   46.6349  148.3795    5.76300   -0.06455
 18.3417   31.95600   93.89200   46.6217  148.4146    5.81800   -0.07524
 18.3500   31.76800   94.03500   46.6084  148.4500    5.90300   -0.06423
 18.3583   31.58100   94.17800   46.5948  148.4854    6.04400   -0.05405
 18.3667   31.39300   94.32000   46.5812  148.5213    6.09400   -0.04413
 18.3750   31.20600   94.46300   46.5673  148.5572    6.17800   -0.04509
 18.3833   31.01800   94.60600   46.5533  148.5936    6.26300   -0.03673
 18.3917   30.83100   94.74800   46.5391  148.6300    6.36000   -0.02816
 18.4000   30.64400   94.89100   46.5247  148.6666    6.44500   -0.01636
 18.4083   30.45700   95.03300   46.5102  148.7035    6.54800    0.00074
 18.4167   30.27100   95.17500   46.4956  148.7405    6.68100    0.02178
 18.4250   30.08400   95.31800   46.4806  148.7779    6.79500    0.04739
 18.4333   29.89800   95.46000   46.4656  148.8154    6.93000    0.06573
 18.4417   29.71100   95.60200   46.4504  148.8533    7.02700    0.07618
 18.4500   29.52500   95.74400   46.4350  148.8914    7.10100    0.07403
 18.4583   29.33900   95.88500   46.4194  148.9297    7.16700    0.04626
 18.4667   29.15300   96.02700   46.4036  148.9682    7.12300    0.00743
 18.4750   28.96800   96.16900   46.3877  149.0068    7.12800   -0.03109
 18.4833   28.78200   96.31000   46.3716  149.0460    7.18800   -0.04404
 18.4917   28.59600   96.45100   46.3553  149.0854    7.28100   -0.04095
 18.5000   28.41100   96.59300   46.3387  149.1248    7.37400   -0.02909
 18.5083   28.22600   96.73200   46.3221  149.1647    7.48600   -0.01387
 18.5167   28.04100   96.87100   46.3054  149.2048    7.59600   -0.00058
 18.5250   27.85600   97.01000   46.2884  149.2452    7.67900    0.00264
 18.5333   27.67100   97.14800   46.2713  149.2859    7.73200   -0.00626
 18.5417   27.48600   97.28700   46.2539  149.3269    7.77400   -0.02605
 18.5500   27.30200   97.42600   46.2363  149.3680    7.80000   -0.04118
 18.5583   27.11700   97.56500   46.2185  149.4096    7.88600   -0.03959
 18.5667   26.93300   97.70300   46.2005  149.4513    8.03200   -0.02677
 18.5750   26.74900   97.84200   46.1823  149.4933    8.12600    0.00050
 18.5833   26.56500   97.98000   46.1639  149.5357    8.30000    0.01335
 18.5917   26.38100   98.11800   46.1452  149.5784    8.37200    0.02523
 18.6000   26.19700   98.25600   46.1264  149.6214    8.47300    0.01591
 18.6083   26.01300   98.39400   46.1072  149.6648    8.54500    0.00073
 18.6167   25.83000   98.53200   46.0879  149.7082    8.60900   -0.02739
 18.6250   25.64600   98.67000   46.0683  149.7523    8.66200   -0.06196
 18.6333   25.46300   98.80800   46.0485  149.7964    8.71500   -0.09197
 18.6417   25.28000   98.94500   46.0285  149.8409    8.81200   -0.11696
 18.6500   25.09700   99.08200   46.0083  149.8857    8.88900   -0.12276
 18.6583   24.91300   99.22000   45.9876  149.9312    9.04300   -0.10495
 18.6667   24.73100   99.35700   45.9669  149.9764    9.26000   -0.06912
 18.6750   24.54800   99.49200   45.9460  150.0225    9.43200   -0.00602
 18.6833   24.36500   99.62700   45.9249  150.0688    9.74300    0.06596
 18.6917   24.18300   99.76200   45.9036  150.1153   10.01300    0.13265
 18.7000   24.00100   99.89700   45.8819  150.1621   10.15700    0.16366
 18.7083   23.81900  100.03200   45.8600  150.2094   10.25300    0.16017
 18.7167   23.63700  100.16700   45.8378  150.2570   10.31500    0.13712
 18.7250   23.45500  100.30200   45.8153  150.3050   10.33300    0.10253
 18.7333   23.27300  100.43600   45.7926  150.3534   10.34600    0.05655
 18.7417   23.09100  100.57100   45.7696  150.4023   10.32200    0.02322
 18.7500   22.90900  100.70500   45.7463  150.4515   10.39600    0.00811
 18.7583   22.72800  100.84000   45.7226  150.5009   10.50100   -0.00057
 18.7667   22.54700  100.97400   45.6988  150.5506   10.48200    0.00950
 18.7750   22.36500  101.10800   45.6746  150.6012   10.64200    0.01658
 18.7833   22.18400  101.24200   45.6501  150.6518   10.69500    0.03196
 18.7917   22.00300  101.37500   45.6254  150.7029   10.71000    0.03035
 18.8000   21.82200  101.50900   45.6002  150.7544   10.75500    0.01800
 18.8083   21.64100  101.64200   45.5749  150.8064   10.73400    0.01218
 18.8167   21.46000  101.77600   45.5490  150.8588   10.79400    0.00093
 18.8250   21.28000  101.90900   45.5231  150.9113   10.80700    0.00302
 18.8333   21.09900  102.04200   45.4966  150.9647   10.87800   -0.01104
 18.8417   20.91900  102.17300   45.4701  151.0182   10.83100   -0.01118
 18.8500   20.73900  102.30400   45.4433  151.0723   10.93500   -0.01687
 18.8583   20.55900  102.43600   45.4160  151.1268   10.96700   -0.01536
 18.8667   20.37900  102.56700   45.3884  151.1818   10.96600   -0.00636
 18.8750   20.19900  102.69800   45.3605  151.2373   11.11800   -0.01075
 18.8833   20.01900  102.82900   45.3321  151.2932   11.06300   -0.00813
 18.8917   19.84000  102.96000   45.3035  151.3494   11.11900   -0.01703
 18.9000   19.66000  103.09000   45.2745  151.4064   11.19900   -0.01650
 18.9083   19.48100  103.22100   45.2451  151.4635   11.22100   -0.01906
 18.9167   19.30100  103.35100   45.2152  151.5216   11.26500   -0.02236
 18.9250   19.12200  103.48100   45.1851  151.5798   11.34900   -0.01785
 18.9333   18.94300  103.61200   45.1545  151.6385   11.43000   -0.02190
 18.9417   18.76400  103.74200   45.1235  151.6978   11.42300   -0.02361
 18.9500   18.58500  103.87100   45.0922  151.7577   11.52800   -0.02682
 18.9583   18.40600  104.00100   45.0604  151.8180   11.60200   -0.02361
 18.9667   18.22700  104.13000   45.0282  151.8790   11.64400   -0.02337
 18.9750   18.04800  104.26000   44.9955  151.9405   11.73600   -0.01202
 18.9833   17.87000  104.38900   44.9625  152.0022   11.89800    0.00132
 18.9917   17.69100  104.51800   44.9289  152.0649   11.96500   -0.00197
 19.0000   17.51300  104.64600   44.8952  152.1278   11.94900   -0.00540
 19.0083   17.33500  104.77400   44.8609  152.1914   12.11800   -0.00436
 19.0167   17.15700  104.90100   44.8262  152.2555   12.21800   -0.00756
 19.0250   16.97900  105.02900   44.7910  152.3202   12.17500   -0.00760
 19.0333   16.80100  105.15600   44.7554  152.3856   12.37100   -0.01981
 19.0417   16.62400  105.28300   44.7194  152.4511   12.38500   -0.01386
 19.0500   16.44600  105.41000   44.6827  152.5177   12.47900   -0.01655
 19.0583   16.26900  105.53600   44.6458  152.5846   12.61200   -0.00534
 19.0667   16.09100  105.66300   44.6081  152.6525   12.73000    0.00903
 19.0750   15.91400  105.78900   44.5701  152.7206   12.84200    0.01632
 19.0833   15.73700  105.91600   44.5314  152.7893   12.91800    0.01351
 19.0917   15.56000  106.04200   44.4923  152.8587   12.95000    0.01424
 19.1000   15.38200  106.16800   44.4525  152.9292   13.07600    0.01927
 19.1083   15.20500  106.29300   44.4124  153.0001   13.17300    0.02507
 19.1167   15.02900  106.41900   44.3717  153.0710   13.20000    0.03464
 19.1250   14.85200  106.54400   44.3304  153.1432   13.35000    0.03923
 19.1333   14.67500  106.67000   44.2884  153.2160   13.40200    0.05291
 19.1417   14.49800  106.79500   44.2459  153.2896   13.49200    0.05633
 19.1500   14.32200  106.91900   44.2030  153.3634   13.54500    0.05426
 19.1583   14.14500  107.04400   44.1593  153.4384   13.53300    0.04259
 19.1667   13.96900  107.16800   44.1151  153.5137   13.52900    0.03078
 19.1750   13.79300  107.29200   44.0704  153.5897   13.55400    0.02102
 19.1833   13.61700  107.41500   44.0251  153.6665   13.52700    0.02049
 19.1917   13.44100  107.53800   43.9791  153.7441   13.56800    0.02517
 19.2000   13.26500  107.66100   43.9325  153.8224   13.61300    0.04708
 19.2083   13.09000  107.78400   43.8853  153.9009   13.70100    0.05997
 19.2167   12.91400  107.90700   43.8373  153.9807   13.64500    0.06828
 19.2250   12.73900  108.02900   43.7888  154.0608   13.63100    0.07190
 19.2333   12.56300  108.15200   43.7394  154.1422   13.66800    0.07745
 19.2417   12.38800  108.27400   43.6895  154.2238   13.61800    0.05485
 19.2500   12.21300  108.39600   43.6388  154.3063   13.35800    0.02414
 19.2583   12.03700  108.51800   43.5872  154.3900   13.32000    0.00189
 19.2667   11.86200  108.63900   43.5352  154.4742   13.32900   -0.00554
 19.2750   11.68700  108.76100   43.4823  154.5590   13.18500   -0.01478
 19.2833   11.51200  108.88200   43.4287  154.6447   13.11100   -0.02566
 19.2917   11.33700  109.00300   43.3743  154.7312   13.08400   -0.02168
 19.3000   11.16200  109.12300   43.3192  154.8187   13.05100   -0.00679
 19.3083   10.98700  109.24400   43.2632  154.9069   13.06100    0.00723
 19.3167   10.81300  109.36400   43.2066  154.9954   13.02000    0.00692
 19.3250   10.63800  109.48400   43.1490  155.0854   12.85900    0.01650
 19.3333   10.46300  109.60400   43.0905  155.1762   12.96400    0.01387
 19.3417   10.28900  109.72300   43.0316  155.2674   12.83000    0.02038
 19.3500   10.11500  109.84200   42.9717  155.3594   12.75700    0.00057
 19.3583    9.94100  109.96100   42.9109  155.4523   12.64200   -0.01055
 19.3667    9.76800  110.08000   42.8495  155.5454   12.59800   -0.02227
 19.3750    9.59400  110.19800   42.7871  155.6401   12.54400   -0.03157
 19.3833    9.42000  110.31700   42.7235  155.7355   12.47100   -0.04410
 19.3917    9.24600  110.43500   42.6591  155.8320   12.42100   -0.05314
 19.4000    9.07300  110.55300   42.5941  155.9286   12.42300   -0.06383
 19.4083    8.89900  110.67000   42.5279  156.0270   12.37000   -0.07844
 19.4167    8.72600  110.78800   42.4608  156.1254   12.31700   -0.10111
 19.4250    8.55200  110.90500   42.3927  156.2256   12.28800   -0.10790
 19.4333    8.37900  111.02200   42.3237  156.3259   12.41200   -0.11668
 19.4417    8.20600  111.13900   42.2538  156.4271   12.38500   -0.11207
 19.4500    8.03200  111.25600   42.1824  156.5299   12.52000   -0.10870
 19.4583    7.85900  111.37200   42.1105  156.6331   12.68200   -0.09731
 19.4667    7.68600  111.48800   42.0375  156.7371   12.78300   -0.08896
 19.4750    7.51300  111.60400   41.9634  156.8421   12.94100   -0.07847
 19.4833    7.34000  111.71900   41.8883  156.9481   13.16500   -0.06716
 19.4917    7.16700  111.83500   41.8120  157.0548   13.31700   -0.05011
 19.5000    6.99400  111.95000   41.7346  157.1626   13.57400   -0.04881
 19.5083    6.82200  112.06500   41.6565  157.2706   13.70100   -0.05206
 19.5167    6.64900  112.17900   41.5770  157.3804   13.84400   -0.05614
 19.5250    6.47700  112.29300   41.4967  157.4903   14.12900   -0.04602
 19.5333    6.30500  112.40800   41.4150  157.6010   14.42200   -0.01964
 19.5417    6.13300  112.52100   41.3325  157.7129   14.68800   -0.00433
 19.5500    5.96100  112.63500   41.2485  157.8255   14.91200   -0.00414
 19.5583    5.78900  112.74900   41.1633  157.9390   15.08900   -0.00384
 19.5667    5.61700  112.86200   41.0771  158.0536   15.39500   -0.00530
 19.5750    5.44500  112.97500   40.9895  158.1691   15.65300    0.00374
 19.5833    5.27400  113.08800   40.9011  158.2846   15.90700   -0.00282
 19.5917    5.10200  113.20000   40.8112  158.4020   16.08200   -0.00240
 19.6000    4.93000  113.31200   40.7200  158.5203   16.40600    0.00000

