hmax        =    300
wind_bottom =      2
wind_top    =     10
critlon     =      0
tbeg, h     =   0.00
tend, h     =  24.00
c_ionex     =      0
c_vert      =      1
time, gamma, az, latp, lonp, tec, tec_filtered
  0.0083   83.83700  -28.18900   47.2748  142.5233    0.00000    0.00000
  0.0167   84.04000  -27.01200   47.2692  142.5370    0.02500    0.00188
  0.0250   84.24000  -25.76200   47.2637  142.5506    0.02700   -0.00139
  0.0333   84.43900  -24.43200   47.2580  142.5641    0.03500    0.00375
  0.0417   84.63500  -23.01400   47.2524  142.5777    0.07600    0.01287
  0.0500   84.82800  -21.49900   47.2467  142.5911    0.06800    0.02458
  0.0583   85.01800  -19.87800   47.2409  142.6045    0.07600    0.01717
  0.0667   85.20500  -18.14000   47.2351  142.6179    0.06700    0.01291
  0.0750   85.38700  -16.27300   47.2293  142.6312    0.06200   -0.00438
  0.0833   85.56600  -14.26500   47.2234  142.6445    0.04100   -0.01790
  0.0917   85.73900  -12.10200   47.2174  142.6578    0.05400   -0.01724
  0.1000   85.90700   -9.77000   47.2115  142.6710    0.09200   -0.01183
  0.1083   86.06800   -7.25200   47.2054  142.6841    0.08600   -0.02157
  0.1167   86.22200   -4.53600   47.1994  142.6972    0.05500   -0.04211
  0.1250   86.36700   -1.60500   47.1933  142.7103    0.06300   -0.04968
  0.1333   86.50400    1.55200   47.1871  142.7233    0.09900   -0.04443
  0.1417   86.63000    4.94700   47.1809  142.7363    0.11000   -0.03316
  0.1500   86.74400    8.58300   47.1747  142.7492    0.14100   -0.02836
  0.1583   86.84600   12.46000   47.1684  142.7621    0.16100   -0.02341
  0.1667   86.93300   16.56900   47.1621  142.7749    0.17800   -0.02560
  0.1750   87.00100   20.90200   47.1559  142.7878    0.19300   -0.02423
  0.1833   87.05200   25.40700   47.1496  142.8007    0.22700   -0.02339
  0.1917   87.08600   30.04200   47.1433  142.8136    0.24200   -0.01104
  0.2000   87.10100   34.75500   47.1369  142.8263    0.29100    0.00065
  0.2083   87.09800   39.49000   47.1305  142.8391    0.32500    0.01446
  0.2167   87.07600   44.18800   47.1241  142.8518    0.34900    0.02019
  0.2250   87.03600   48.79300   47.1176  142.8645    0.37500    0.01850
  0.2333   86.97900   53.25400   47.1110  142.8771    0.38500    0.02057
  0.2417   86.90500   57.53400   47.1044  142.8897    0.41900    0.03054
  0.2500   86.81500   61.60300   47.0978  142.9023    0.46600    0.04180
  0.2583   86.71200   65.44100   47.0911  142.9147    0.47800    0.03575
  0.2667   86.59500   69.04200   47.0844  142.9272    0.45600    0.01541
  0.2750   86.46700   72.40300   47.0776  142.9397    0.45600    0.00294
  0.2833   86.32800   75.53000   47.0709  142.9521    0.48700    0.00953
  0.2917   86.18000   78.43400   47.0640  142.9644    0.51900    0.02129
  0.3000   86.02400   81.12700   47.0571  142.9767    0.53500    0.02092
  0.3083   85.86100   83.62200   47.0502  142.9889    0.53200    0.01670
  0.3167   85.69000   85.93600   47.0432  143.0012    0.55700    0.00394
  0.3250   85.51400   88.08100   47.0362  143.0134    0.55100   -0.00950
  0.3333   85.33300   90.07300   47.0291  143.0256    0.54800   -0.03127
  0.3417   85.14600   91.88800   47.0221  143.0378    0.54700   -0.05335
  0.3500   84.95400   93.57800   47.0151  143.0500    0.53800   -0.06811
  0.3583   84.75900   95.15400   47.0080  143.0621    0.55800   -0.07627
  0.3667   84.56100   96.62600   47.0009  143.0743    0.58300   -0.05923
  0.3750   84.36000   98.00400   46.9938  143.0863    0.65300   -0.03663
  0.3833   84.15600   99.29600   46.9866  143.0984    0.68900   -0.00805
  0.3917   83.95100  100.51000   46.9793  143.1104    0.73000    0.01718
  0.4000   83.74300  101.65300   46.9720  143.1224    0.79300    0.03614
  0.4083   83.53300  102.73000   46.9647  143.1343    0.81900    0.03384
  0.4167   83.32100  103.74900   46.9573  143.1463    0.80600    0.00160
  0.4250   83.10800  104.71300   46.9499  143.1581    0.79100   -0.03036
  0.4333   82.89400  105.62700   46.9424  143.1700    0.82800   -0.02423
  0.4417   82.67800  106.49500   46.9349  143.1817    0.93200   -0.01830
  0.4500   82.46100  107.32100   46.9273  143.1935    0.91300   -0.02907
  0.4583   82.24200  108.10800   46.9197  143.2053    0.89200   -0.05847
  0.4667   82.02300  108.85900   46.9120  143.2170    0.93800   -0.05822
  0.4750   81.80300  109.57700   46.9043  143.2286    1.00900   -0.02943
  0.4833   81.58200  110.26400   46.8966  143.2402    1.07600    0.00697
  0.4917   81.36000  110.92200   46.8888  143.2518    1.14600    0.04842
  0.5000   81.13800  111.55300   46.8810  143.2634    1.23400    0.07378
  0.5083   80.91400  112.13900   46.8732  143.2750    1.25800    0.05328
  0.5167   80.68900  112.70400   46.8654  143.2867    1.19400    0.00792
  0.5250   80.46400  113.24700   46.8576  143.2982    1.20500   -0.03789
  0.5333   80.23800  113.77200   46.8497  143.3098    1.23000   -0.04290
  0.5417   80.01200  114.27900   46.8417  143.3213    1.29500   -0.03294
  0.5500   79.78500  114.76900   46.8337  143.3328    1.35800   -0.01679
  0.5583   79.55800  115.24400   46.8257  143.3443    1.40000   -0.00681
  0.5667   79.33100  115.70300   46.8176  143.3557    1.44200   -0.00962
  0.5750   79.10300  116.14900   46.8095  143.3671    1.46300   -0.01080
  0.5833   78.87400  116.58200   46.8013  143.3785    1.50600   -0.01147
  0.5917   78.64600  117.00200   46.7931  143.3898    1.54800   -0.01658
  0.6000   78.41700  117.41100   46.7848  143.4010    1.56100   -0.00176
  0.6083   78.18700  117.80900   46.7765  143.4124    1.67600    0.00704
  0.6167   77.95800  118.19600   46.7682  143.4236    1.71000    0.00287
  0.6250   77.72800  118.57400   46.7597  143.4348    1.69000   -0.02572
  0.6333   77.49800  118.94200   46.7513  143.4459    1.73600   -0.04387
  0.6417   77.26700  119.30100   46.7428  143.4571    1.81300   -0.05157
  0.6500   77.03700  119.65200   46.7342  143.4682    1.84000   -0.06464
  0.6583   76.80600  119.99400   46.7256  143.4793    1.88600   -0.08063
  0.6667   76.57500  120.32900   46.7170  143.4903    1.96500   -0.09857
  0.6750   76.34300  120.64400   46.7084  143.5015    1.99400   -0.10959
  0.6833   76.11100  120.95100   46.6998  143.5126    2.06800   -0.12538
  0.6917   75.87900  121.25300   46.6911  143.5238    2.13400   -0.12280
  0.7000   75.64700  121.54900   46.6824  143.5348    2.22100   -0.10986
  0.7083   75.41500  121.84000   46.6736  143.5459    2.33200   -0.06164
  0.7167   75.18200  122.12500   46.6648  143.5569    2.51600    0.00179
  0.7250   74.95000  122.40600   46.6559  143.5679    2.65300    0.06144
  0.7333   74.71700  122.68100   46.6470  143.5788    2.75100    0.08627
  0.7417   74.48400  122.95200   46.6380  143.5898    2.83200    0.08954
  0.7500   74.25100  123.21800   46.6290  143.6007    2.91300    0.07855
  0.7583   74.01800  123.48000   46.6199  143.6116    2.97800    0.05906
  0.7667   73.78500  123.73700   46.6108  143.6224    3.03500    0.03502
  0.7750   73.55100  123.99100   46.6016  143.6333    3.10300    0.02223
  0.7833   73.31800  124.24100   46.5924  143.6441    3.20100    0.00994
  0.7917   73.08400  124.48700   46.5831  143.6549    3.26500   -0.02717
  0.8000   72.85000  124.73000   46.5738  143.6656    3.25600   -0.07380
  0.8083   72.61700  124.96900   46.5644  143.6763    3.31900   -0.07753
  0.8167   72.38300  125.20500   46.5550  143.6871    3.50200   -0.04034
  0.8250   72.14900  125.43800   46.5455  143.6978    3.61200    0.00176
  0.8333   71.91500  125.66700   46.5360  143.7084    3.68700   -0.00260
  0.8417   71.68100  125.88400   46.5266  143.7192    3.73200   -0.02181
  0.8500   71.44700  126.09900   46.5170  143.7299    3.80500   -0.04548
  0.8583   71.21200  126.31100   46.5074  143.7407    3.87800   -0.01496
  0.8667   70.97800  126.52000   46.4978  143.7514    4.10100    0.02116
  0.8750   70.74300  126.72800   46.4881  143.7621    4.19800    0.03716
  0.8833   70.50900  126.93300   46.4784  143.7727    4.21600   -0.01502
  0.8917   70.27400  127.13600   46.4686  143.7834    4.23600   -0.06844
  0.9000   70.04000  127.33700   46.4588  143.7939    4.33900   -0.10747
  0.9083   69.80500  127.53600   46.4489  143.8046    4.40600   -0.08985
  0.9167   69.57100  127.73300   46.4389  143.8151    4.60800   -0.07041
  0.9250   69.33600  127.92700   46.4289  143.8257    4.72700   -0.04531
  0.9333   69.10100  128.12000   46.4189  143.8362    4.82800   -0.04178
  0.9417   68.86600  128.31100   46.4088  143.8467    4.97000   -0.04025
  0.9500   68.63100  128.50101   46.3986  143.8572    5.07300   -0.04632
  0.9583   68.39600  128.68800   46.3884  143.8677    5.13800   -0.03521
  0.9667   68.16100  128.87399   46.3781  143.8782    5.32900   -0.00433
  0.9750   67.92700  129.05800   46.3678  143.8886    5.50700    0.02047
  0.9833   67.69200  129.24001   46.3574  143.8990    5.56600    0.03574
  0.9917   67.45700  129.42101   46.3469  143.9094    5.74100    0.05113
  1.0000   67.22200  129.60001   46.3364  143.9198    5.92800    0.08644
  1.0083   66.98700  129.77100   46.3260  143.9303    6.05900    0.07753
  1.0167   66.75200  129.94099   46.3154  143.9408    6.09600    0.01412
  1.0250   66.51700  130.10899   46.3049  143.9512    6.11400   -0.05677
  1.0333   66.28200  130.27600   46.2942  143.9617    6.22900   -0.11421
  1.0417   66.04700  130.44200   46.2836  143.9721    6.32100   -0.13092
  1.0500   65.81200  130.60699   46.2728  143.9825    6.46600   -0.13071
  1.0583   65.57700  130.77000   46.2620  143.9929    6.62200   -0.10464
  1.0667   65.34200  130.93300   46.2511  144.0033    6.78500   -0.05598
  1.0750   65.10700  131.09399   46.2402  144.0137    6.99900   -0.00472
  1.0833   64.87200  131.25400   46.2292  144.0241    7.15300    0.04473
  1.0917   64.63700  131.41400   46.2181  144.0344    7.29500    0.09535
  1.1000   64.40200  131.57201   46.2070  144.0447    7.50600    0.14549
  1.1083   64.16700  131.72900   46.1959  144.0550    7.66800    0.19926
  1.1167   63.93100  131.88499   46.1846  144.0654    7.83400    0.16577
  1.1250   63.69600  132.03999   46.1733  144.0757    7.77100    0.10106
  1.1333   63.46100  132.19400   46.1619  144.0860    7.83600    0.03735
  1.1417   63.22600  132.34801   46.1505  144.0963    8.00700    0.01855
  1.1500   62.99100  132.50000   46.1390  144.1065    8.08500   -0.02629
  1.1583   62.75600  132.65100   46.1275  144.1168    8.04700   -0.07099
  1.1667   62.52200  132.80099   46.1159  144.1270    8.20300   -0.10674
  1.1750   62.28700  132.94501   46.1043  144.1374    8.29900   -0.10014
  1.1833   62.05200  133.08900   46.0926  144.1477    8.40400   -0.08288
  1.1917   61.81700  133.23100   46.0809  144.1581    8.59000   -0.03141
  1.2000   61.58300  133.37300   46.0692  144.1684    8.78600    0.02003
  1.2083   61.34800  133.51401   46.0573  144.1787    8.88400    0.05711
  1.2167   61.11300  133.65500   46.0454  144.1890    9.03000    0.05505
  1.2250   60.87900  133.79500   46.0334  144.1993    9.10800    0.02153
  1.2333   60.64400  133.93401   46.0214  144.2096    9.11100   -0.00829
  1.2417   60.41000  134.07201   46.0093  144.2199    9.27800   -0.02582
  1.2500   60.17500  134.21001   45.9971  144.2302    9.40300    0.02980
  1.2583   59.94100  134.34700   45.9848  144.2405    9.64900    0.04657
  1.2667   59.70600  134.48399   45.9725  144.2507    9.68200    0.01885
  1.2750   59.47200  134.62000   45.9601  144.2610    9.65300   -0.04509
  1.2833   59.23700  134.75500   45.9476  144.2713    9.77000   -0.04827
  1.2917   59.00300  134.88901   45.9351  144.2816    9.99800   -0.01474
  1.3000   58.76800  135.02299   45.9224  144.2919   10.08900    0.04650
  1.3083   58.53400  135.15601   45.9098  144.3021   10.30500    0.06299
  1.3167   58.30000  135.28900   45.8970  144.3123   10.37800    0.05616
  1.3250   58.06500  135.42000   45.8842  144.3227   10.39100   -0.01145
  1.3333   57.83100  135.55200   45.8712  144.3329   10.40300   -0.01674
  1.3417   57.59700  135.67799   45.8584  144.3433   10.69500   -0.01266
  1.3500   57.36400  135.80400   45.8454  144.3536   10.74200    0.00397
  1.3583   57.13000  135.92900   45.8324  144.3640   10.80700   -0.02996
  1.3667   56.89600  136.05499   45.8192  144.3744   10.92900   -0.03980
  1.3750   56.66200  136.17900   45.8060  144.3848   11.06000   -0.03112
  1.3833   56.42900  136.30299   45.7928  144.3951   11.18200   -0.06996
  1.3917   56.19500  136.42700   45.7794  144.4055   11.13600   -0.08641
  1.4000   55.96200  136.55000   45.7660  144.4158   11.35800   -0.06765
  1.4083   55.72800  136.67200   45.7525  144.4263   11.61700   -0.01075
  1.4167   55.49500  136.79500   45.7389  144.4366   11.73000   -0.00065
  1.4250   55.26100  136.91600   45.7252  144.4470   11.78800    0.00752
  1.4333   55.02800  137.03700   45.7114  144.4574   12.03800   -0.02776
  1.4417   54.79500  137.15800   45.6976  144.4678   11.98600   -0.04836
  1.4500   54.56100  137.27800   45.6836  144.4782   12.10100   -0.07741
  1.4583   54.32800  137.39799   45.6696  144.4886   12.32000   -0.03736
  1.4667   54.09500  137.51700   45.6555  144.4991   12.51600    0.02291
  1.4750   53.86200  137.63600   45.6414  144.5095   12.71600    0.05857
  1.4833   53.62900  137.75400   45.6271  144.5199   12.85600    0.09291
  1.4917   53.39600  137.87199   45.6127  144.5304   13.05000    0.08298
  1.5000   53.16300  137.98900   45.5983  144.5409   13.07000    0.06344
  1.5083   52.93100  138.10201   45.5839  144.5514   13.16400    0.02604
  1.5167   52.69800  138.21500   45.5693  144.5620   13.27600    0.01559
  1.5250   52.46600  138.32800   45.5547  144.5726   13.39600    0.00338
  1.5333   52.23400  138.44099   45.5400  144.5832   13.47900    0.00047
  1.5417   52.00200  138.55299   45.5252  144.5938   13.63100    0.01511
  1.5500   51.77000  138.66499   45.5103  144.6044   13.81300    0.04614
  1.5583   51.53800  138.77600   45.4953  144.6150   13.95200    0.07909
  1.5667   51.30600  138.88699   45.4802  144.6257   14.10600    0.04961
  1.5750   51.07400  138.99699   45.4650  144.6364   14.04500    0.02011
  1.5833   50.84200  139.10800   45.4497  144.6470   14.17900   -0.03760
  1.5917   50.61000  139.21700   45.4343  144.6578   14.22200   -0.04827
  1.6000   50.37800  139.32700   45.4188  144.6685   14.33000   -0.06985
  1.6083   50.14700  139.43600   45.4032  144.6792   14.41100   -0.04561
  1.6167   49.91500  139.54401   45.3875  144.6900   14.61500    0.00094
  1.6250   49.68300  139.65199   45.3717  144.7008   14.80200    0.06153
  1.6333   49.45200  139.75999   45.3558  144.7116   14.92700    0.10247
  1.6417   49.22100  139.86700   45.3398  144.7224   15.04000    0.12480
  1.6500   48.98900  139.97400   45.3237  144.7333   15.14200    0.12959
  1.6583   48.75800  140.08099   45.3075  144.7441   15.19900    0.12273
  1.6667   48.52700  140.18700   45.2912  144.7550   15.26700    0.07967
  1.6750   48.29700  140.28999   45.2749  144.7660   15.23100    0.04125
  1.6833   48.06600  140.39301   45.2584  144.7771   15.30700   -0.00739
  1.6917   47.83600  140.49600   45.2418  144.7880   15.34700   -0.01777
  1.7000   47.60600  140.59801   45.2252  144.7991   15.46500   -0.03145
  1.7083   47.37500  140.70000   45.2084  144.8103   15.52200   -0.06024
  1.7167   47.14500  140.80200   45.1915  144.8214   15.49400   -0.07447
  1.7250   46.91500  140.90300   45.1744  144.8325   15.66500   -0.08450
  1.7333   46.68500  141.00400   45.1573  144.8437   15.73400   -0.09066
  1.7417   46.45500  141.10500   45.1400  144.8549   15.71900   -0.11272
  1.7500   46.22500  141.20500   45.1227  144.8662   15.82500   -0.09736
  1.7583   45.99600  141.30499   45.1052  144.8774   16.05700   -0.04752
  1.7667   45.76600  141.40500   45.0876  144.8887   16.19300    0.00517
  1.7750   45.53600  141.50400   45.0698  144.9001   16.32500    0.02283
  1.7833   45.30700  141.60300   45.0520  144.9114   16.41800    0.04019
  1.7917   45.07700  141.70100   45.0339  144.9229   16.55300    0.05402
  1.8000   44.84800  141.79900   45.0159  144.9343   16.67900    0.04149
  1.8083   44.61900  141.89700   44.9976  144.9458   16.67700    0.01912
  1.8167   44.39000  141.99500   44.9792  144.9573   16.78500   -0.01321
  1.8250   44.16100  142.09200   44.9607  144.9689   16.87800   -0.00888
  1.8333   43.93200  142.18800   44.9421  144.9805   17.03200   -0.00619
  1.8417   43.70400  142.28300   44.9234  144.9922   17.12800   -0.00321
  1.8500   43.47600  142.37700   44.9046  145.0040   17.21000   -0.01670
  1.8583   43.24700  142.47099   44.8856  145.0158   17.28400   -0.04047
  1.8667   43.01900  142.56500   44.8664  145.0276   17.33900   -0.04487
  1.8750   42.79200  142.65800   44.8473  145.0394   17.50600   -0.01923
  1.8833   42.56400  142.75101   44.8279  145.0514   17.71300    0.01469
  1.8917   42.33600  142.84399   44.8083  145.0634   17.81000    0.02812
  1.9000   42.10800  142.93600   44.7886  145.0754   17.89200    0.01631
  1.9083   41.88100  143.02800   44.7688  145.0875   17.98600   -0.00429
  1.9167   41.65300  143.12000   44.7487  145.0996   18.03100   -0.01822
  1.9250   41.42600  143.21100   44.7286  145.1118   18.13300   -0.02262
  1.9333   41.19900  143.30200   44.7084  145.1240   18.26600    0.00075
  1.9417   40.97200  143.39301   44.6879  145.1362   18.43700    0.03134
  1.9500   40.74500  143.48300   44.6673  145.1486   18.57900    0.06921
  1.9583   40.51800  143.57401   44.6465  145.1609   18.74900    0.08435
  1.9667   40.29100  143.66299   44.6256  145.1735   18.81500    0.07188
  1.9750   40.06400  143.75301   44.6045  145.1859   18.82600    0.02360
  1.9833   39.83800  143.84200   44.5833  145.1985   18.83200   -0.02413
  1.9917   39.61100  143.92999   44.5618  145.2112   18.90100   -0.04880
  2.0000   39.38500  144.01801   44.5403  145.2239   19.01800   -0.04852
  2.0083   39.15900  144.10500   44.5185  145.2367   19.13600   -0.03244
  2.0167   38.93400  144.19099   44.4968  145.2495   19.27400   -0.01738
  2.0250   38.70800  144.27800   44.4747  145.2624   19.38000    0.00324
  2.0333   38.48300  144.36301   44.4525  145.2754   19.51500    0.00818
  2.0417   38.25800  144.44901   44.4301  145.2884   19.56800    0.00980
  2.0500   38.03200  144.53400   44.4075  145.3016   19.65000    0.01101
  2.0583   37.80700  144.61900   44.3847  145.3148   19.78400    0.01777
  2.0667   37.58200  144.70399   44.3617  145.3280   19.88200    0.02245
  2.0750   37.35800  144.78799   44.3387  145.3413   19.97500    0.01382
  2.0833   37.13300  144.87199   44.3153  145.3548   20.06100   -0.00155
  2.0917   36.90800  144.95500   44.2918  145.3683   20.13400   -0.01393
  2.1000   36.68400  145.03900   44.2681  145.3818   20.24700   -0.02552
  2.1083   36.45900  145.12199   44.2441  145.3955   20.34500   -0.05623
  2.1167   36.23500  145.20399   44.2200  145.4093   20.33400   -0.08762
  2.1250   36.01100  145.28700   44.1956  145.4230   20.45200   -0.11002
  2.1333   35.78700  145.36800   44.1711  145.4370   20.60700   -0.09568
  2.1417   35.56300  145.45000   44.1463  145.4510   20.78900   -0.08124
  2.1500   35.33900  145.53101   44.1213  145.4651   20.92300   -0.07490
  2.1583   35.11600  145.61200   44.0962  145.4792   21.05000   -0.07483
  2.1667   34.89200  145.69299   44.0707  145.4934   21.21600   -0.06295
  2.1750   34.66900  145.77200   44.0452  145.5078   21.42400   -0.04797
  2.1833   34.44700  145.85100   44.0195  145.5222   21.57800   -0.04194
  2.1917   34.22400  145.92999   43.9934  145.5368   21.71000   -0.04380
  2.2000   34.00200  146.00800   43.9673  145.5514   21.89700   -0.03140
  2.2083   33.77900  146.08600   43.9407  145.5662   22.14800   -0.01037
  2.2167   33.55700  146.16400   43.9140  145.5810   22.35100   -0.00109
  2.2250   33.33500  146.24200   43.8870  145.5959   22.49600   -0.01069
  2.2333   33.11300  146.31900   43.8598  145.6110   22.66600   -0.01757
  2.2417   32.89100  146.39600   43.8324  145.6262   22.89100   -0.01842
  2.2500   32.66900  146.47301   43.8046  145.6414   23.07300   -0.03692
  2.2583   32.44800  146.54900   43.7767  145.6568   23.15500   -0.06337
  2.2667   32.22600  146.62500   43.7484  145.6723   23.34500   -0.07719
  2.2750   32.00500  146.70100   43.7200  145.6878   23.60300   -0.05653
  2.2833   31.78400  146.77600   43.6912  145.7035   23.87400   -0.02288
  2.2917   31.56300  146.85100   43.6622  145.7193   24.13700    0.00136
  2.3000   31.34200  146.92500   43.6329  145.7353   24.34900    0.01718
  2.3083   31.12100  146.99899   43.6033  145.7514   24.58300    0.01197
  2.3167   30.90000  147.07300   43.5734  145.7677   24.74800   -0.00429
  2.3250   30.68000  147.14700   43.5433  145.7839   24.90900   -0.02822
  2.3333   30.45900  147.22000   43.5127  145.8004   25.10600   -0.03106
  2.3417   30.23900  147.29201   43.4821  145.8170   25.39200   -0.01910
  2.3500   30.02000  147.36400   43.4512  145.8337   25.64800   -0.01253
  2.3583   29.80100  147.43600   43.4199  145.8504   25.83300   -0.01764
  2.3667   29.58100  147.50700   43.3883  145.8675   26.06300   -0.02549
  2.3750   29.36200  147.57899   43.3564  145.8845   26.30700   -0.02581
  2.3833   29.14300  147.64900   43.3242  145.9018   26.53600   -0.02231
  2.3917   28.92400  147.72000   43.2916  145.9192   26.78700   -0.02838
  2.4000   28.70500  147.78999   43.2587  145.9368   26.98200   -0.03917
  2.4083   28.48700  147.86000   43.2256  145.9544   27.19100   -0.04514
  2.4167   28.26800  147.92900   43.1920  145.9723   27.48000   -0.03795
  2.4250   28.05000  147.99899   43.1581  145.9902   27.75200   -0.01880
  2.4333   27.83200  148.06700   43.1239  146.0083   28.02700    0.00061
  2.4417   27.61300  148.13600   43.0892  146.0267   28.31900    0.02072
  2.4500   27.39500  148.20399   43.0542  146.0452   28.60100    0.03311
  2.4583   27.17800  148.27200   43.0190  146.0637   28.84200    0.02595
  2.4667   26.96000  148.33900   42.9832  146.0826   29.03300    0.00883
  2.4750   26.74200  148.40601   42.9471  146.1016   29.27200   -0.01016
  2.4833   26.52500  148.47301   42.9107  146.1207   29.52000   -0.02014
  2.4917   26.30800  148.53900   42.8739  146.1400   29.78500   -0.03824
  2.5000   26.09100  148.60500   42.8366  146.1595   29.99800   -0.06013
  2.5083   25.87400  148.67000   42.7990  146.1793   30.23800   -0.07958
  2.5167   25.65800  148.73599   42.7610  146.1990   30.52200   -0.09459
  2.5250   25.44200  148.80000   42.7227  146.2191   30.76300   -0.10065
  2.5333   25.22600  148.86501   42.6839  146.2392   31.06000   -0.09813
  2.5417   25.01000  148.92900   42.6446  146.2596   31.40500   -0.07991
  2.5500   24.79500  148.99300   42.6051  146.2801   31.75900   -0.06005
  2.5583   24.57900  149.05701   42.5648  146.3009   32.09100   -0.03363
  2.5667   24.36400  149.12000   42.5243  146.3218   32.49900   -0.00801
  2.5750   24.14900  149.18300   42.4834  146.3430   32.86500    0.00639
  2.5833   23.93300  149.24500   42.4417  146.3645   33.14900    0.00030
  2.5917   23.71800  149.30701   42.3998  146.3862   33.45100   -0.01833
  2.6000   23.50400  149.36900   42.3575  146.4079   33.76000   -0.03205
  2.6083   23.28900  149.42999   42.3145  146.4300   34.09100   -0.03744
  2.6167   23.07400  149.49100   42.2710  146.4524   34.46200   -0.03582
  2.6250   22.86000  149.55200   42.2271  146.4748   34.83300   -0.02820
  2.6333   22.64600  149.61200   42.1827  146.4975   35.21700   -0.02750
  2.6417   22.43200  149.67200   42.1378  146.5205   35.55900   -0.03637
  2.6500   22.21800  149.73199   42.0923  146.5437   35.87400   -0.03868
  2.6583   22.00400  149.79100   42.0462  146.5672   36.30300   -0.04282
  2.6667   21.79100  149.85001   41.9997  146.5908   36.64000   -0.04176
  2.6750   21.57800  149.90800   41.9527  146.6147   37.00800   -0.04918
  2.6833   21.36500  149.96700   41.9051  146.6388   37.40500   -0.05110
  2.6917   21.15300  150.02499   41.8570  146.6630   37.80100   -0.04555
  2.7000   20.94000  150.08200   41.8082  146.6878   38.24000   -0.03644
  2.7083   20.72800  150.14000   41.7589  146.7126   38.68500   -0.02660
  2.7167   20.51600  150.19600   41.7091  146.7378   39.10700   -0.03672
  2.7250   20.30400  150.25301   41.6585  146.7632   39.43100   -0.05158
  2.7333   20.09200  150.30901   41.6073  146.7889   39.85700   -0.06509
  2.7417   19.88000  150.36501   41.5554  146.8149   40.29700   -0.06105
  2.7500   19.66900  150.42000   41.5031  146.8412   40.75500   -0.05721
  2.7583   19.45800  150.47600   41.4501  146.8676   41.19500   -0.04856
  2.7667   19.24600  150.53000   41.3962  146.8946   41.68300   -0.03499
  2.7750   19.03500  150.58501   41.3417  146.9217   42.18300   -0.00731
  2.7833   18.82400  150.63901   41.2866  146.9492   42.72300    0.01807
  2.7917   18.61400  150.69200   41.2310  146.9769   43.19800    0.03301
  2.8000   18.40300  150.74500   41.1744  147.0051   43.62500    0.02716
  2.8083   18.19300  150.79800   41.1172  147.0334   44.02600    0.01673
  2.8167   17.98300  150.85001   41.0594  147.0621   44.47400    0.01913
  2.8250   17.77200  150.90199   41.0004  147.0914   44.99600    0.02921
  2.8333   17.56300  150.95399   40.9412  147.1206   45.44600    0.03539
  2.8417   17.35300  151.00500   40.8809  147.1504   45.85400    0.03184
  2.8500   17.14400  151.05701   40.8199  147.1802   46.29300    0.02361
  2.8583   16.93600  151.10800   40.7585  147.2103   46.68800    0.02651
  2.8667   16.72700  151.15800   40.6960  147.2410   47.15300    0.03076
  2.8750   16.51800  151.20900   40.6325  147.2720   47.57200    0.04597
  2.8833   16.31000  151.25800   40.5685  147.3033   48.01900    0.05824
  2.8917   16.10200  151.30800   40.5035  147.3349   48.44100    0.06963
  2.9000   15.89400  151.35699   40.4377  147.3669   48.83400    0.07425
  2.9083   15.68600  151.40601   40.3709  147.3993   49.21700    0.06867
  2.9167   15.47800  151.45399   40.3033  147.4322   49.54200    0.07177
  2.9250   15.27000  151.50200   40.2346  147.4655   49.98200    0.06394
  2.9333   15.06300  151.55000   40.1653  147.4990   50.25700    0.06223
  2.9417   14.85600  151.59700   40.0950  147.5329   50.60600    0.04742
  2.9500   14.64900  151.64301   40.0237  147.5674   50.92200    0.02573
  2.9583   14.44200  151.69000   39.9514  147.6021   51.12700    0.00719
  2.9667   14.23500  151.73500   39.8781  147.6375   51.48600   -0.00869
  2.9750   14.02800  151.78101   39.8036  147.6732   51.81100    0.00487
  2.9833   13.82200  151.82600   39.7285  147.7092   52.23900    0.01010
  2.9917   13.61600  151.87100   39.6523  147.7456   52.53300    0.01099
  3.0000   13.41000  151.91499   39.5750  147.7826   52.82900   -0.01113
  3.0083   13.20400  151.95900   39.4966  147.8199   53.08000   -0.03800
  3.0167   12.99900  152.00301   39.4174  147.8575   53.34300   -0.05637
  3.0250   12.79400  152.04700   39.3370  147.8955   53.71500   -0.06171
  3.0333   12.58900  152.09100   39.2554  147.9339   54.07900   -0.05739
  3.0417   12.38500  152.13400   39.1730  147.9727   54.42700   -0.05257
  3.0500   12.18000  152.17599   39.0891  148.0123   54.80500   -0.05153
  3.0583   11.97600  152.21899   39.0043  148.0520   55.14200   -0.03248
  3.0667   11.77200  152.25999   38.9183  148.0924   55.63700   -0.01339
  3.0750   11.56800  152.30200   38.8310  148.1331   56.01200    0.01987
  3.0833   11.36400  152.34300   38.7425  148.1745   56.46800    0.04047
  3.0917   11.16000  152.38300   38.6527  148.2164   56.86100    0.05895
  3.1000   10.95700  152.42300   38.5620  148.2586   57.24100    0.05727
  3.1083   10.75300  152.46300   38.4694  148.3015   57.54700    0.04046
  3.1167   10.55000  152.50200   38.3761  148.3449   57.83500    0.01304
  3.1250   10.34700  152.54100   38.2813  148.3887   58.14800   -0.01098
  3.1333   10.14400  152.58000   38.1851  148.4330   58.51600   -0.03383
  3.1417    9.94200  152.61800   38.0879  148.4776   58.86000   -0.06995
  3.1500    9.73900  152.65500   37.9890  148.5233   59.10000   -0.11086
  3.1583    9.53700  152.69200   37.8890  148.5692   59.47600   -0.16382
  3.1667    9.33500  152.72900   37.7875  148.6155   59.76100   -0.18780
  3.1750    9.13400  152.76601   37.6850  148.6621   60.31800   -0.20843
  3.1833    8.93300  152.80299   37.5810  148.7092   60.78800   -0.21671
  3.1917    8.73200  152.83900   37.4755  148.7570   61.26000   -0.22355
  3.2000    8.53100  152.87500   37.3685  148.8053   61.91300   -0.22291
  3.2083    8.33000  152.91100   37.2598  148.8541   62.53500   -0.20627
  3.2167    8.13000  152.94600   37.1502  148.9034   63.23100   -0.18428
  3.2250    7.92900  152.98000   37.0385  148.9536   64.00200   -0.15482
  3.2333    7.72900  153.01500   36.9256  149.0039   64.75900   -0.12292
  3.2417    7.52900  153.04900   36.8111  149.0549   65.54500   -0.09021
  3.2500    7.32900  153.08200   36.6950  149.1067   66.39400   -0.05412
  3.2583    7.13000  153.11501   36.5778  149.1587   67.23500   -0.01576
  3.2667    6.93000  153.14700   36.4583  149.2117   68.08600    0.02120
  3.2750    6.73100  153.17900   36.3377  149.2650   68.95400    0.04907
  3.2833    6.53200  153.21100   36.2154  149.3188   69.74000    0.06242
  3.2917    6.33300  153.24200   36.0914  149.3733   70.52300    0.05561
  3.3000    6.13400  153.27299   35.9656  149.4284   71.25700    0.03338
  3.3083    5.93600  153.30299   35.8387  149.4840   71.91200    0.01696
  3.3167    5.73800  153.33200   35.7101  149.5403   72.71700    0.00946
  3.3250    5.54000  153.36200   35.5795  149.5969   73.45100    0.00806
  3.3333    5.34200  153.39000   35.4473  149.6546   74.07600    0.00196
  3.3417    5.14400  153.42000   35.3130  149.7123   74.80900   -0.00261
  3.3500    4.94700  153.44901   35.1777  149.7704   75.51000    0.00000

 20.7750    7.62400 -103.34500   43.4153  127.6541   16.85200    0.00000
 20.7833    7.80000 -103.21900   43.4806  127.7741   16.73700   -0.00198
 20.7917    7.97600 -103.09400   43.5448  127.8931   16.66900    0.01098
 20.8000    8.15200 -102.96800   43.6081  128.0109   16.60900    0.01340
 20.8083    8.32900 -102.84300   43.6704  128.1285   16.33400    0.00639
 20.8167    8.50500 -102.71700   43.7316  128.2441   16.18400    0.00403
 20.8250    8.68100 -102.59100   43.7918  128.3587   16.10700    0.02547
 20.8333    8.85800 -102.46500   43.8513  128.4729   15.93700    0.06158
 20.8417    9.03500 -102.33800   43.9100  128.5859   15.81400    0.08507
 20.8500    9.21200 -102.21100   43.9677  128.6978   15.58600    0.10786
 20.8583    9.38900 -102.08400   44.0245  128.8087   15.38600    0.10206
 20.8667    9.56700 -101.95700   44.0806  128.9192   15.09600    0.09191
 20.8750    9.74400 -101.82900   44.1357  129.0278   14.77300    0.06336
 20.8833    9.92100 -101.70200   44.1898  129.1355   14.35700    0.04501
 20.8917   10.09900 -101.57400   44.2433  129.2427   14.11500    0.03436
 20.9000   10.27600 -101.44600   44.2958  129.3482   13.82900    0.04344
 20.9083   10.45400 -101.31800   44.3476  129.4533   13.55500    0.05496
 20.9167   10.63200 -101.19000   44.3985  129.5574   13.29200    0.07301
 20.9250   10.81000 -101.06200   44.4487  129.6605   13.02100    0.08457
 20.9333   10.98800 -100.93300   44.4981  129.7625   12.65200    0.09049
 20.9417   11.16500 -100.80500   44.5465  129.8629   12.30200    0.05423
 20.9500   11.34300 -100.67600   44.5944  129.9628   11.64800    0.03250
 20.9583   11.52200 -100.54800   44.6415  130.0625   11.39700    0.01104
 20.9667   11.70000 -100.41900   44.6879  130.1605   11.05700    0.00706
 20.9750   11.87800 -100.29000   44.7335  130.2575   10.55100    0.00187
 20.9833   12.05600 -100.16100   44.7783  130.3535   10.28900   -0.01260
 20.9917   12.23500 -100.03200   44.8226  130.4492    9.87100   -0.02422
 21.0000   12.41300  -99.90300   44.8661  130.5433    9.40100   -0.04647
 21.0083   12.59200  -99.77300   44.9091  130.6370    9.05900   -0.07472
 21.0167   12.77100  -99.64200   44.9515  130.7296    8.60700   -0.08681
 21.0250   12.95100  -99.51200   44.9933  130.8220    8.29300   -0.08841
 21.0333   13.13000  -99.38100   45.0344  130.9128    8.07800   -0.08681
 21.0417   13.30900  -99.25100   45.0748  131.0028    7.69300   -0.10201
 21.0500   13.48900  -99.12000   45.1147  131.0924    7.28000   -0.11564
 21.0583   13.66800  -98.98900   45.1539  131.1805    7.11300   -0.11420
 21.0667   13.84800  -98.85800   45.1926  131.2682    6.88100   -0.09348
 21.0750   14.02800  -98.72700   45.2306  131.3551    6.66700   -0.08444
 21.0833   14.20700  -98.59600   45.2680  131.4406    6.44900   -0.07786
 21.0917   14.38700  -98.46400   45.3049  131.5257    6.24400   -0.07340
 21.1000   14.56700  -98.33300   45.3412  131.6100    6.06900   -0.07714
 21.1083   14.74700  -98.20100   45.3771  131.6934    5.83600   -0.07077
 21.1167   14.92800  -98.07000   45.4123  131.7765    5.76400   -0.07644
 21.1250   15.10800  -97.93800   45.4470  131.8582    5.54000   -0.07856
 21.1333   15.28800  -97.80600   45.4812  131.9391    5.38600   -0.09589
 21.1417   15.46900  -97.67400   45.5149  132.0197    5.24000   -0.09310
 21.1500   15.64900  -97.54300   45.5479  132.0990    5.20000   -0.08954
 21.1583   15.83000  -97.41100   45.5806  132.1780    5.06800   -0.08999
 21.1667   16.01000  -97.27900   45.6127  132.2557    4.90700   -0.07396
 21.1750   16.19200  -97.14600   45.6445  132.3336    5.00500   -0.05543
 21.1833   16.37300  -97.01200   45.6760  132.4101    4.90500   -0.01219
 21.1917   16.55400  -96.87900   45.7068  132.4860    4.94600    0.01648
 21.2000   16.73600  -96.74500   45.7373  132.5615    4.95000    0.04471
 21.2083   16.91700  -96.61100   45.7673  132.6358    4.86300    0.05772
 21.2167   17.09900  -96.47800   45.7968  132.7098    4.80100    0.05130
 21.2250   17.28100  -96.34400   45.8259  132.7831    4.67500    0.04066
 21.2333   17.46200  -96.21000   45.8546  132.8553    4.56100    0.02106
 21.2417   17.64400  -96.07600   45.8828  132.9271    4.43700   -0.00214
 21.2500   17.82600  -95.94200   45.9106  132.9983    4.29100   -0.01748
 21.2583   18.00900  -95.80800   45.9381  133.0692    4.23400   -0.02385
 21.2667   18.19100  -95.67400   45.9651  133.1389    4.17300   -0.01119
 21.2750   18.37300  -95.53900   45.9918  133.2080    4.14800   -0.00245
 21.2833   18.55600  -95.40500   46.0180  133.2769    4.05300   -0.00006
 21.2917   18.73800  -95.27100   46.0438  133.3446    3.94000   -0.00259
 21.3000   18.92100  -95.13600   46.0693  133.4121    3.88300   -0.00833
 21.3083   19.10400  -95.00200   46.0944  133.4790    3.77800   -0.01595
 21.3167   19.28600  -94.86700   46.1191  133.5448    3.66800   -0.02206
 21.3250   19.46900  -94.73300   46.1434  133.6104    3.63800   -0.02680
 21.3333   19.65300  -94.59800   46.1675  133.6757    3.56000   -0.03247
 21.3417   19.83600  -94.46200   46.1913  133.7400    3.45900   -0.04652
 21.3500   20.02000  -94.32600   46.2148  133.8040    3.38800   -0.05996
 21.3583   20.20300  -94.19000   46.2379  133.8671    3.32800   -0.06572
 21.3667   20.38700  -94.05400   46.2607  133.9300    3.29400   -0.06342
 21.3750   20.57100  -93.91700   46.2832  133.9922    3.29500   -0.05581
 21.3833   20.75500  -93.78100   46.3053  134.0539    3.28600   -0.04481
 21.3917   20.93900  -93.64400   46.3272  134.1150    3.29100   -0.04501
 21.4000   21.12300  -93.50800   46.3487  134.1755    3.23600   -0.04869
 21.4083   21.30700  -93.37100   46.3699  134.2355    3.22600   -0.05191
 21.4167   21.49200  -93.23400   46.3909  134.2952    3.25200   -0.04598
 21.4250   21.67700  -93.09800   46.4115  134.3545    3.27300   -0.03290
 21.4333   21.86100  -92.96100   46.4318  134.4128    3.32800   -0.02561
 21.4417   22.04600  -92.82400   46.4519  134.4709    3.34200   -0.02141
 21.4500   22.23100  -92.68700   46.4716  134.5285    3.36900   -0.03121
 21.4583   22.41600  -92.55000   46.4911  134.5856    3.35900   -0.04207
 21.4667   22.60100  -92.41400   46.5102  134.6422    3.38800   -0.04967
 21.4750   22.78600  -92.27700   46.5291  134.6982    3.46000   -0.04896
 21.4833   22.97200  -92.14000   46.5478  134.7541    3.53000   -0.06071
 21.4917   23.15700  -92.00300   46.5661  134.8091    3.50800   -0.07913
 21.5000   23.34300  -91.86600   46.5843  134.8640    3.55400   -0.09637
 21.5083   23.52900  -91.72700   46.6023  134.9183    3.63800   -0.08719
 21.5167   23.71500  -91.58900   46.6200  134.9722    3.77700   -0.06671
 21.5250   23.90100  -91.45000   46.6375  135.0256    3.88900   -0.03745
 21.5333   24.08700  -91.31100   46.6548  135.0786    4.02300   -0.01220
 21.5417   24.27400  -91.17200   46.6718  135.1313    4.13700    0.02742
 21.5500   24.46000  -91.03300   46.6886  135.1833    4.33500    0.06988
 21.5583   24.64700  -90.89400   46.7052  135.2352    4.47700    0.11613
 21.5667   24.83400  -90.75500   46.7215  135.2866    4.59900    0.13021
 21.5750   25.02000  -90.61600   46.7375  135.3373    4.58500    0.13008
 21.5833   25.20800  -90.47700   46.7534  135.3881    4.61900    0.11607
 21.5917   25.39500  -90.33800   46.7690  135.4382    4.62400    0.10994
 21.6000   25.58200  -90.19900   46.7844  135.4878    4.61100    0.11488
 21.6083   25.76900  -90.06000   46.7996  135.5371    4.66200    0.13004
 21.6167   25.95700  -89.92000   46.8147  135.5862    4.67800    0.15129
 21.6250   26.14500  -89.78100   46.8294  135.6349    4.65300    0.16723
 21.6333   26.33200  -89.64200   46.8439  135.6829    4.62000    0.18855
 21.6417   26.52000  -89.50300   46.8583  135.7308    4.61100    0.19883
 21.6500   26.70800  -89.36400   46.8724  135.7783    4.46800    0.19195
 21.6583   26.89700  -89.22500   46.8863  135.8256    4.29300    0.15250
 21.6667   27.08500  -89.08600   46.9001  135.8723    4.06800    0.10388
 21.6750   27.27400  -88.94500   46.9137  135.9189    3.85200    0.06314
 21.6833   27.46200  -88.80400   46.9272  135.9648    3.70300    0.03384
 21.6917   27.65100  -88.66300   46.9405  136.0106    3.52400    0.01037
 21.7000   27.84000  -88.52100   46.9537  136.0561    3.32200   -0.01256
 21.7083   28.02900  -88.38000   46.9667  136.1012    3.16100   -0.04414
 21.7167   28.21800  -88.23900   46.9794  136.1459    2.92400   -0.06552
 21.7250   28.40800  -88.09700   46.9920  136.1904    2.77600   -0.09105
 21.7333   28.59700  -87.95600   47.0044  136.2345    2.59500   -0.09312
 21.7417   28.78700  -87.81500   47.0166  136.2784    2.49900   -0.09580
 21.7500   28.97600  -87.67300   47.0287  136.3217    2.36900   -0.09783
 21.7583   29.16600  -87.53200   47.0406  136.3649    2.21800   -0.09933
 21.7667   29.35600  -87.39100   47.0523  136.4077    2.14900   -0.10087
 21.7750   29.54700  -87.24900   47.0638  136.4505    2.03900   -0.09437
 21.7833   29.73700  -87.10800   47.0752  136.4927    1.95200   -0.08853
 21.7917   29.92700  -86.96700   47.0864  136.5346    1.90100   -0.06843
 21.8000   30.11800  -86.82600   47.0974  136.5764    1.89200   -0.05221
 21.8083   30.30900  -86.68500   47.1083  136.6178    1.80500   -0.03578
 21.8167   30.50000  -86.54400   47.1190  136.6590    1.77600   -0.02447
 21.8250   30.69100  -86.40300   47.1295  136.6998    1.75200   -0.01045
 21.8333   30.88200  -86.26200   47.1399  136.7403    1.69100   -0.00234
 21.8417   31.07300  -86.11800   47.1503  136.7805    1.64200   -0.00160
 21.8500   31.26500  -85.97400   47.1606  136.8206    1.59100    0.00134
 21.8583   31.45600  -85.83100   47.1707  136.8603    1.55200    0.00513
 21.8667   31.64800  -85.68700   47.1807  136.8998    1.51600    0.00758
 21.8750   31.84000  -85.54400   47.1905  136.9390    1.46700    0.00674
 21.8833   32.03200  -85.40000   47.2002  136.9780    1.41600    0.00071
 21.8917   32.22400  -85.25700   47.2097  137.0166    1.36000   -0.01178
 21.9000   32.41700  -85.11300   47.2191  137.0553    1.28500   -0.02488
 21.9083   32.60900  -84.97000   47.2283  137.0933    1.24100   -0.03612
 21.9167   32.80200  -84.82600   47.2375  137.1314    1.20300   -0.04306
 21.9250   32.99500  -84.68300   47.2464  137.1691    1.15900   -0.05228
 21.9333   33.18800  -84.53900   47.2553  137.2066    1.11200   -0.05672
 21.9417   33.38100  -84.39600   47.2640  137.2438    1.10300   -0.05691
 21.9500   33.57400  -84.25300   47.2725  137.2808    1.08300   -0.05292
 21.9583   33.76800  -84.10900   47.2810  137.3176    1.06000   -0.04433
 21.9667   33.96100  -83.96600   47.2893  137.3541    1.07900   -0.03203
 21.9750   34.15500  -83.82300   47.2974  137.3904    1.08400   -0.01279
 21.9833   34.34900  -83.68000   47.3054  137.4265    1.10300    0.00410
 21.9917   34.54300  -83.53700   47.3133  137.4624    1.11800    0.01844
 22.0000   34.73700  -83.39400   47.3211  137.4980    1.12000    0.02148
 22.0083   34.93200  -83.24800   47.3290  137.5335    1.09700    0.01187
 22.0167   35.12600  -83.10200   47.3367  137.5686    1.06900   -0.00663
 22.0250   35.32100  -82.95600   47.3443  137.6037    1.04600   -0.02562
 22.0333   35.51500  -82.81000   47.3518  137.6384    1.03600   -0.04154
 22.0417   35.71000  -82.66500   47.3591  137.6729    1.03700   -0.05786
 22.0500   35.90500  -82.51900   47.3663  137.7073    1.02400   -0.07596
 22.0583   36.10100  -82.37300   47.3734  137.7416    1.01600   -0.09516
 22.0667   36.29600  -82.22700   47.3804  137.7755    1.01700   -0.10357
 22.0750   36.49100  -82.08200   47.3873  137.8091    1.05800   -0.09281
 22.0833   36.68700  -81.93600   47.3941  137.8428    1.14000   -0.06216
 22.0917   36.88300  -81.79000   47.4007  137.8761    1.23300   -0.02876
 22.1000   37.07900  -81.64500   47.4073  137.9093    1.28800   -0.00207
 22.1083   37.27500  -81.49900   47.4137  137.9423    1.34300    0.02488
 22.1167   37.47200  -81.35400   47.4200  137.9751    1.44100    0.04755
 22.1250   37.66800  -81.20900   47.4262  138.0077    1.47900    0.06980
 22.1333   37.86500  -81.06300   47.4323  138.0401    1.53200    0.07913
 22.1417   38.06200  -80.91800   47.4383  138.0724    1.57100    0.08002
 22.1500   38.25900  -80.77300   47.4442  138.1044    1.56800    0.07046
 22.1583   38.45600  -80.62800   47.4499  138.1363    1.56700    0.05307
 22.1667   38.65400  -80.48300   47.4556  138.1680    1.55700    0.04161
 22.1750   38.85100  -80.33500   47.4613  138.1995    1.56200    0.04105
 22.1833   39.04900  -80.18700   47.4670  138.2309    1.59200    0.04489
 22.1917   39.24600  -80.03800   47.4725  138.2620    1.58500    0.05419
 22.2000   39.44400  -79.89000   47.4780  138.2930    1.59800    0.05667
 22.2083   39.64200  -79.74200   47.4833  138.3238    1.58200    0.06342
 22.2167   39.84000  -79.59400   47.4885  138.3545    1.57900    0.05983
 22.2250   40.03900  -79.44500   47.4937  138.3851    1.53400    0.05255
 22.2333   40.23700  -79.29700   47.4988  138.4153    1.49100    0.03556
 22.2417   40.43600  -79.14900   47.5037  138.4455    1.43800    0.01764
 22.2500   40.63500  -79.00100   47.5086  138.4755    1.38500    0.00811
 22.2583   40.83400  -78.85300   47.5133  138.5054    1.37300    0.00116
 22.2667   41.03300  -78.70600   47.5179  138.5350    1.32300    0.00046
 22.2750   41.23300  -78.55800   47.5225  138.5647    1.28600    0.00154
 22.2833   41.43200  -78.41000   47.5270  138.5939    1.27000    0.00710
 22.2917   41.63200  -78.26300   47.5313  138.6232    1.23000    0.01291
 22.3000   41.83200  -78.11500   47.5357  138.6523    1.18500    0.01597
 22.3083   42.03200  -77.96800   47.5398  138.6812    1.15200    0.02200
 22.3167   42.23200  -77.82100   47.5439  138.7099    1.12000    0.03079
 22.3250   42.43300  -77.67300   47.5479  138.7386    1.08600    0.03491
 22.3333   42.63400  -77.52600   47.5518  138.7671    1.03100    0.03618
 22.3417   42.83400  -77.37500   47.5559  138.7954    0.98400    0.02660
 22.3500   43.03500  -77.22400   47.5598  138.8236    0.90100    0.01707
 22.3583   43.23600  -77.07300   47.5636  138.8517    0.84500    0.00750
 22.3667   43.43700  -76.92300   47.5673  138.8796    0.79800    0.00009
 22.3750   43.63800  -76.77200   47.5710  138.9073    0.72600   -0.00458
 22.3833   43.83900  -76.62100   47.5746  138.9349    0.68400   -0.01404
 22.3917   44.04100  -76.47000   47.5781  138.9625    0.62100   -0.01815
 22.4000   44.24300  -76.31900   47.5815  138.9899    0.57400   -0.03127
 22.4083   44.44500  -76.16900   47.5848  139.0171    0.49700   -0.04174
 22.4167   44.64700  -76.01800   47.5881  139.0442    0.44800   -0.05457
 22.4250   44.84900  -75.86800   47.5912  139.0711    0.39500   -0.05611
 22.4333   45.05200  -75.71700   47.5943  139.0980    0.37000   -0.05374
 22.4417   45.25500  -75.56700   47.5973  139.1247    0.34400   -0.04233
 22.4500   45.45800  -75.41700   47.6002  139.1513    0.33500   -0.03146
 22.4583   45.66100  -75.26600   47.6030  139.1777    0.31500   -0.01999
 22.4667   45.86400  -75.11600   47.6058  139.2040    0.29700   -0.01317
 22.4750   46.06700  -74.96600   47.6085  139.2301    0.27600   -0.00862
 22.4833   46.27100  -74.81600   47.6111  139.2562    0.25300   -0.00795
 22.4917   46.47500  -74.66700   47.6135  139.2822    0.22900   -0.01027
 22.5000   46.67900  -74.51700   47.6160  139.3080    0.20500   -0.01645
 22.5083   46.88300  -74.36300   47.6185  139.3337    0.17600   -0.01766
 22.5167   47.08700  -74.20900   47.6209  139.3593    0.17700   -0.01830
 22.5250   47.29100  -74.05500   47.6233  139.3848    0.16000   -0.01656
 22.5333   47.49500  -73.90000   47.6257  139.4101    0.14300   -0.01984
 22.5417   47.70000  -73.74600   47.6279  139.4354    0.12700   -0.02223
 22.5500   47.90400  -73.59200   47.6301  139.4604    0.11500   -0.02179
 22.5583   48.10900  -73.43800   47.6322  139.4854    0.11000   -0.01434
 22.5667   48.31500  -73.28400   47.6341  139.5104    0.12200   -0.00656
 22.5750   48.52000  -73.13100   47.6361  139.5352    0.11200    0.00105
 22.5833   48.72500  -72.97700   47.6379  139.5598    0.10700    0.00157
 22.5917   48.93100  -72.82300   47.6397  139.5844    0.09400    0.00490
 22.6000   49.13700  -72.66900   47.6414  139.6088    0.09700    0.00845
 22.6083   49.34300  -72.51600   47.6430  139.6331    0.09700    0.01292
 22.6167   49.54900  -72.36200   47.6446  139.6573    0.09100    0.01199
 22.6250   49.75600  -72.20800   47.6461  139.6815    0.07800    0.00405
 22.6333   49.96200  -72.05500   47.6475  139.7054    0.05500   -0.00646
 22.6417   50.16900  -71.90200   47.6489  139.7293    0.04200   -0.01781
 22.6500   50.37600  -71.74800   47.6502  139.7531    0.02700   -0.03046
 22.6583   50.58400  -71.59500   47.6514  139.7769    0.00000   -0.03652
 22.6667   50.79100  -71.44200   47.6525  139.8004    0.01300   -0.03835
 22.6750   50.99800  -71.28400   47.6538  139.8239    0.01600   -0.02808
 22.6833   51.20500  -71.12600   47.6549  139.8472    0.03600   -0.01881
 22.6917   51.41300  -70.96700   47.6561  139.8706    0.04700   -0.00836
 22.7000   51.62000  -70.80900   47.6571  139.8937    0.05600   -0.00230
 22.7083   51.82800  -70.65100   47.6581  139.9168    0.06200    0.00007
 22.7167   52.03600  -70.49300   47.6590  139.9398    0.06300    0.00050
 22.7250   52.24500  -70.33400   47.6599  139.9628    0.06900   -0.00057
 22.7333   52.45300  -70.17600   47.6607  139.9855    0.07300   -0.00187
 22.7417   52.66200  -70.01800   47.6614  140.0083    0.07700   -0.00499
 22.7500   52.87100  -69.86000   47.6620  140.0309    0.07800   -0.00674
 22.7583   53.08000  -69.70200   47.6626  140.0534    0.08800   -0.00491
 22.7667   53.28900  -69.54300   47.6631  140.0758    0.10300   -0.00135
 22.7750   53.49800  -69.38500   47.6636  140.0981    0.10900    0.00235
 22.7833   53.70800  -69.22700   47.6639  140.1203    0.11800    0.00608
 22.7917   53.91800  -69.06900   47.6642  140.1425    0.13300    0.01017
 22.8000   54.12800  -68.91100   47.6645  140.1645    0.14100    0.00942
 22.8083   54.33800  -68.75300   47.6647  140.1864    0.13400    0.00896
 22.8167   54.54900  -68.59500   47.6648  140.2083    0.15100    0.00422
 22.8250   54.75900  -68.43700   47.6649  140.2300    0.14400    0.00010
 22.8333   54.97000  -68.27900   47.6649  140.2517    0.14000   -0.00678
 22.8417   55.18000  -68.11500   47.6650  140.2733    0.14700   -0.01010
 22.8500   55.39100  -67.95100   47.6651  140.2948    0.15300   -0.01247
 22.8583   55.60200  -67.78700   47.6651  140.3163    0.15200   -0.01089
 22.8667   55.81200  -67.62300   47.6650  140.3375    0.17300   -0.00823
 22.8750   56.02400  -67.45900   47.6649  140.3589    0.18300   -0.00203
 22.8833   56.23500  -67.29500   47.6647  140.3800    0.19500   -0.00051
 22.8917   56.44700  -67.13100   47.6644  140.4011    0.20200   -0.00162
 22.9000   56.65800  -66.96600   47.6641  140.4220    0.20500   -0.00379
 22.9083   56.87000  -66.80200   47.6637  140.4430    0.21700   -0.00977
 22.9167   57.08200  -66.63700   47.6633  140.4638    0.21400   -0.01216
 22.9250   57.29500  -66.47300   47.6628  140.4846    0.23400   -0.01752
 22.9333   57.50700  -66.30800   47.6623  140.5052    0.23900   -0.02206
 22.9417   57.72000  -66.14300   47.6616  140.5258    0.24200   -0.02528
 22.9500   57.93300  -65.97800   47.6610  140.5463    0.26800   -0.02663
 22.9583   58.14600  -65.81400   47.6602  140.5667    0.28000   -0.02061
 22.9667   58.35900  -65.64900   47.6594  140.5870    0.30800   -0.01552
 22.9750   58.57300  -65.48400   47.6586  140.6073    0.33100   -0.00776
 22.9833   58.78700  -65.31900   47.6576  140.6275    0.35300   -0.00090
 22.9917   59.00100  -65.15400   47.6567  140.6476    0.37800    0.00803
 23.0000   59.21500  -64.98900   47.6556  140.6676    0.40900    0.01549
 23.0083   59.42800  -64.81600   47.6548  140.6875    0.42600    0.02168
 23.0167   59.64200  -64.64400   47.6538  140.7074    0.44800    0.02189
 23.0250   59.85600  -64.47100   47.6528  140.7272    0.46000    0.01801
 23.0333   60.07000  -64.29800   47.6517  140.7469    0.46500    0.01115
 23.0417   60.28400  -64.12500   47.6506  140.7666    0.47900    0.00539
 23.0500   60.49900  -63.95200   47.6494  140.7862    0.49500    0.00068
 23.0583   60.71400  -63.77800   47.6481  140.8057    0.50300   -0.00690
 23.0667   60.92900  -63.60400   47.6468  140.8252    0.50500   -0.01274
 23.0750   61.14400  -63.43000   47.6455  140.8445    0.52500   -0.01703
 23.0833   61.35900  -63.25600   47.6441  140.8638    0.53600   -0.01610
 23.0917   61.57500  -63.08200   47.6426  140.8830    0.55400   -0.01174
 23.1000   61.79000  -62.90700   47.6411  140.9021    0.58300   -0.00258
 23.1083   62.00600  -62.73200   47.6395  140.9212    0.60800    0.00985
 23.1167   62.22200  -62.55700   47.6379  140.9401    0.63500    0.01910
 23.1250   62.43800  -62.38100   47.6362  140.9590    0.65200    0.02324
 23.1333   62.65500  -62.20500   47.6344  140.9779    0.65900    0.02073
 23.1417   62.87200  -62.02900   47.6326  140.9967    0.66400    0.01849
 23.1500   63.08800  -61.85300   47.6308  141.0153    0.68400    0.01610
 23.1583   63.30500  -61.67600   47.6289  141.0339    0.69300    0.01555
 23.1667   63.52300  -61.49900   47.6269  141.0526    0.70500    0.00938
 23.1750   63.73900  -61.31400   47.6250  141.0710    0.70600    0.00064
 23.1833   63.95600  -61.12800   47.6231  141.0895    0.70500   -0.01058
 23.1917   64.17300  -60.94100   47.6212  141.1079    0.70800   -0.01999
 23.2000   64.39000  -60.75400   47.6192  141.1262    0.71400   -0.02565
 23.2083   64.60700  -60.56600   47.6172  141.1445    0.72500   -0.02450
 23.2167   64.82500  -60.37800   47.6151  141.1627    0.75100   -0.01741
 23.2250   65.04200  -60.18900   47.6129  141.1808    0.77900   -0.00767
 23.2333   65.26000  -60.00000   47.6107  141.1989    0.80200   -0.00722
 23.2417   65.47800  -59.81000   47.6084  141.2168    0.80100   -0.01016
 23.2500   65.69600  -59.62000   47.6061  141.2347    0.82000   -0.01784
 23.2583   65.91500  -59.42900   47.6037  141.2526    0.83100   -0.01923
 23.2667   66.13300  -59.23700   47.6013  141.2704    0.85500   -0.02010
 23.2750   66.35200  -59.04500   47.5989  141.2881    0.88100   -0.02249
 23.2833   66.57100  -58.85100   47.5963  141.3058    0.89100   -0.02516
 23.2917   66.79000  -58.65800   47.5938  141.3233    0.91700   -0.02389
 23.3000   67.00900  -58.46300   47.5911  141.3408    0.95700   -0.01597
 23.3083   67.22900  -58.26800   47.5885  141.3583    0.98800   -0.00652
 23.3167   67.44800  -58.07200   47.5857  141.3757    1.01700   -0.00255
 23.3250   67.66800  -57.87500   47.5830  141.3930    1.03800    0.00360
 23.3333   67.88800  -57.67700   47.5801  141.4102    1.07500    0.01284
 23.3417   68.10700  -57.46900   47.5774  141.4275    1.11300    0.02530
 23.3500   68.32700  -57.25900   47.5747  141.4447    1.14200    0.03180
 23.3583   68.54600  -57.04900   47.5719  141.4618    1.15800    0.03602
 23.3667   68.76600  -56.83700   47.5690  141.4789    1.18700    0.03844
 23.3750   68.98600  -56.62400   47.5661  141.4959    1.20900    0.03794
 23.3833   69.20600  -56.40900   47.5631  141.5129    1.21300    0.03433
 23.3917   69.42600  -56.19400   47.5601  141.5298    1.22900    0.02676
 23.4000   69.64600  -55.97700   47.5571  141.5466    1.23500    0.01870
 23.4083   69.86700  -55.75800   47.5540  141.5634    1.23600    0.00757
 23.4167   70.08700  -55.53900   47.5508  141.5800    1.24100   -0.00350
 23.4250   70.30800  -55.31700   47.5476  141.5967    1.24600   -0.00887
 23.4333   70.52900  -55.09400   47.5444  141.6133    1.26300   -0.01281
 23.4417   70.75000  -54.87000   47.5410  141.6298    1.27000   -0.01292
 23.4500   70.97100  -54.64400   47.5377  141.6462    1.28500   -0.01731
 23.4583   71.19300  -54.41600   47.5343  141.6627    1.28800   -0.01754
 23.4667   71.41400  -54.18600   47.5309  141.6790    1.30900   -0.01933
 23.4750   71.63600  -53.95500   47.5273  141.6953    1.32000   -0.01569
 23.4833   71.85700  -53.72100   47.5238  141.7114    1.34000   -0.00878
 23.4917   72.07900  -53.48600   47.5202  141.7276    1.37100    0.00101
 23.5000   72.30100  -53.24800   47.5166  141.7437    1.39200    0.00739
 23.5083   72.52200  -52.99600   47.5131  141.7598    1.40300    0.00403
 23.5167   72.74300  -52.74100   47.5095  141.7759    1.40500    0.00035
 23.5250   72.96500  -52.48400   47.5059  141.7919    1.42600    0.00409
 23.5333   73.18600  -52.22300   47.5022  141.8079    1.46000    0.01244
 23.5417   73.40800  -51.96000   47.4985  141.8238    1.47700    0.01676
 23.5500   73.62900  -51.69400   47.4947  141.8396    1.48500    0.00951
 23.5583   73.85100  -51.42400   47.4909  141.8554    1.48400    0.00041
 23.5667   74.07300  -51.15200   47.4871  141.8711    1.49500   -0.00398
 23.5750   74.29500  -50.87500   47.4832  141.8868    1.51700   -0.00395
 23.5833   74.51700  -50.59500   47.4792  141.9024    1.52800    0.00046
 23.5917   74.73900  -50.31200   47.4752  141.9179    1.55100    0.00216
 23.6000   74.96100  -50.02400   47.4712  141.9334    1.56500   -0.00054
 23.6083   75.18400  -49.73200   47.4671  141.9489    1.56300   -0.00267
 23.6167   75.40600  -49.43600   47.4629  141.9643    1.58800   -0.00651
 23.6250   75.62800  -49.13500   47.4588  141.9796    1.59700   -0.00348
 23.6333   75.85100  -48.83000   47.4545  141.9949    1.61800   -0.00457
 23.6417   76.07300  -48.51900   47.4503  142.0101    1.63500   -0.00705
 23.6500   76.29600  -48.20300   47.4459  142.0253    1.64500   -0.01393
 23.6583   76.51800  -47.88200   47.4416  142.0404    1.65700   -0.02381
 23.6667   76.74100  -47.55400   47.4371  142.0555    1.66800   -0.03157
 23.6750   76.96200  -47.20500   47.4328  142.0705    1.68700   -0.03889
 23.6833   77.18300  -46.84800   47.4285  142.0856    1.70300   -0.04247
 23.6917   77.40500  -46.48400   47.4241  142.1006    1.72900   -0.04202
 23.7000   77.62600  -46.11200   47.4197  142.1155    1.76400   -0.03793
 23.7083   77.84700  -45.73200   47.4152  142.1304    1.79600   -0.02796
 23.7167   78.06800  -45.34400   47.4107  142.1452    1.84300   -0.01759
 23.7250   78.29000  -44.94600   47.4061  142.1601    1.88200   -0.00793
 23.7333   78.51100  -44.53800   47.4015  142.1748    1.91400   -0.00355
 23.7417   78.73200  -44.12000   47.3968  142.1895    1.94800   -0.00128
 23.7500   78.95200  -43.69100   47.3921  142.2041    1.98400   -0.00136
 23.7583   79.17300  -43.25100   47.3873  142.2187    2.01200   -0.00136
 23.7667   79.39400  -42.79800   47.3825  142.2332    2.04900   -0.00041
 23.7750   79.61400  -42.33200   47.3777  142.2477    2.09000    0.00620
 23.7833   79.83400  -41.85200   47.3728  142.2621    2.13600    0.00904
 23.7917   80.05400  -41.35700   47.3679  142.2765    2.16100    0.00877
 23.8000   80.27400  -40.84700   47.3629  142.2908    2.19100    0.00549
 23.8083   80.49300  -40.31900   47.3578  142.3051    2.22600    0.00539
 23.8167   80.71300  -39.77300   47.3527  142.3194    2.26000    0.00530
 23.8250   80.93100  -39.20800   47.3476  142.3335    2.29000    0.00617
 23.8333   81.15000  -38.62100   47.3425  142.3477    2.32900    0.00500
 23.8417   81.36600  -37.99000   47.3374  142.3618    2.35800    0.00429
 23.8500   81.58200  -37.33300   47.3323  142.3760    2.39100   -0.00014
 23.8583   81.79700  -36.64900   47.3272  142.3901    2.42000   -0.00695
 23.8667   82.01200  -35.93500   47.3220  142.4041    2.44200   -0.01367
 23.8750   82.22500  -35.19100   47.3168  142.4181    2.47600   -0.02124
 23.8833   82.43900  -34.41100   47.3115  142.4321    2.50300   -0.02231
 23.8917   82.65100  -33.59500   47.3062  142.4459    2.54700   -0.02419
 23.9000   82.86200  -32.73900   47.3008  142.4598    2.58000   -0.02042
 23.9083   83.07200  -31.83900   47.2954  142.4736    2.62600   -0.01750
 23.9167   83.28200  -30.89100   47.2899  142.4874    2.66800   -0.01168
 23.9250   83.48900  -29.89200   47.2845  142.5010    2.71100   -0.00435
 23.9333   83.69600  -28.83500   47.2789  142.5147    2.75600    0.00040
 23.9417   83.90100  -27.71700   47.2733  142.5283    2.79600    0.00163
 23.9500   84.10400  -26.53100   47.2677  142.5419    2.83600   -0.00293
 23.9583   84.30500  -25.27000   47.2620  142.5554    2.86800   -0.00044
 23.9667   84.50400  -23.92700   47.2562  142.5689    2.93000    0.00000
 23.9750   84.70000  -22.49400   47.2505  142.5823    2.96200    0.00319
 23.9833   84.89300  -20.96200   47.2447  142.5957    3.00400   -0.00089
 23.9917   85.08400  -19.32100   47.2388  142.6090    3.04400    0.00000
