hmax        =    300
wind_bottom =      2
wind_top    =     10
critlon     =      0
tbeg, h     =   0.00
tend, h     =  24.00
c_ionex     =      0
c_vert      =      1
time, gamma, az, latp, lonp, tec, tec_filtered
  4.3833    5.29900 -159.54900   34.9674  137.3295   91.50100    0.00000
  4.3917    5.50300 -159.52699   35.1074  137.3754   90.91000   -0.00752
  4.4000    5.70700 -159.50400   35.2454  137.4205   90.31700   -0.02242
  4.4083    5.91100 -159.48000   35.3815  137.4650   89.94400   -0.02871
  4.4167    6.11600 -159.45599   35.5163  137.5093   89.60600   -0.02185
  4.4250    6.32000 -159.43201   35.6486  137.5529   89.11600    0.02570
  4.4333    6.52500 -159.40700   35.7796  137.5960   88.88600    0.10501
  4.4417    6.73100 -159.38200   35.9093  137.6390   88.45400    0.22543
  4.4500    6.93600 -159.35600   36.0365  137.6810   87.92300    0.33315
  4.4583    7.14200 -159.33000   36.1626  137.7229   87.23700    0.43341
  4.4667    7.34800 -159.30299   36.2868  137.7641   86.56600    0.44088
  4.4750    7.55400 -159.27600   36.4092  137.8049   85.58700    0.40818
  4.4833    7.76100 -159.24800   36.5304  137.8452   84.46900    0.32572
  4.4917    7.96700 -159.22000   36.6492  137.8850   83.28700    0.22682
  4.5000    8.17400 -159.19200   36.7669  137.9245   82.09700    0.10807
  4.5083    8.38200 -159.16400   36.8833  137.9638   80.74300   -0.00818
  4.5167    8.59000 -159.13600   36.9980  138.0027   79.51900   -0.10100
  4.5250    8.79800 -159.10800   37.1109  138.0412   78.47600   -0.16275
  4.5333    9.00600 -159.07899   37.2223  138.0790   77.33100   -0.19847
  4.5417    9.21500 -159.04900   37.3325  138.1165   76.28100   -0.20025
  4.5500    9.42300 -159.01900   37.4405  138.1533   75.48900   -0.18318
  4.5583    9.63300 -158.98900   37.5480  138.1901   74.47400   -0.12764
  4.5667    9.84200 -158.95799   37.6533  138.2261   73.74400   -0.07288
  4.5750   10.05100 -158.92599   37.7571  138.2615   72.94400    0.00087
  4.5833   10.26100 -158.89500   37.8598  138.2970   72.10900    0.05933
  4.5917   10.47100 -158.86200   37.9610  138.3316   71.27600    0.09815
  4.6000   10.68100 -158.83000   38.0607  138.3660   70.34500    0.11756
  4.6083   10.89200 -158.79700   38.1593  138.4001   69.38200    0.11173
  4.6167   11.10300 -158.76300   38.2565  138.4336   68.36800    0.09348
  4.6250   11.31400 -158.72900   38.3522  138.4667   67.36700    0.06017
  4.6333   11.52500 -158.69501   38.4465  138.4995   66.30900    0.01059
  4.6417   11.73600 -158.66000   38.5394  138.5316   65.19400   -0.04699
  4.6500   11.94800 -158.62500   38.6313  138.5636   64.15700   -0.10350
  4.6583   12.15900 -158.58900   38.7215  138.5949   63.15000   -0.14803
  4.6667   12.37100 -158.55299   38.8107  138.6261   62.18000   -0.18588
  4.6750   12.58400 -158.51801   38.8989  138.6572   61.25800   -0.21855
  4.6833   12.79700 -158.48199   38.9858  138.6878   60.36500   -0.24795
  4.6917   13.01100 -158.44501   39.0719  138.7180   59.50800   -0.27496
  4.7000   13.22400 -158.40900   39.1562  138.7479   58.71000   -0.29505
  4.7083   13.43800 -158.37199   39.2397  138.7775   57.98800   -0.30833
  4.7167   13.65200 -158.33400   39.3220  138.8065   57.30700   -0.31515
  4.7250   13.86600 -158.29601   39.4030  138.8353   56.68900   -0.31601
  4.7333   14.08100 -158.25700   39.4833  138.8637   56.14300   -0.30304
  4.7417   14.29500 -158.21800   39.5620  138.8916   55.69500   -0.27930
  4.7500   14.51000 -158.17900   39.6398  138.9193   55.27100   -0.25545
  4.7583   14.72500 -158.13901   39.7166  138.9466   54.83000   -0.22323
  4.7667   14.94100 -158.09900   39.7926  138.9738   54.54500   -0.17968
  4.7750   15.15600 -158.05901   39.8671  139.0005   54.29700   -0.12980
  4.7833   15.37200 -158.01801   39.9408  139.0268   53.98400   -0.08458
  4.7917   15.58800 -157.97600   40.0136  139.0527   53.73300   -0.04198
  4.8000   15.80400 -157.93401   40.0852  139.0784   53.53100   -0.00909
  4.8083   16.02100 -157.89200   40.1561  139.1039   53.20100    0.01128
  4.8167   16.23700 -157.85001   40.2257  139.1290   52.90600    0.01392
  4.8250   16.45400 -157.80701   40.2946  139.1537   52.60700    0.01885
  4.8333   16.67100 -157.76401   40.3626  139.1783   52.32100    0.01959
  4.8417   16.88900 -157.72099   40.4298  139.2026   52.01300    0.01187
  4.8500   17.10700 -157.67700   40.4961  139.2266   51.66000    0.00062
  4.8583   17.32500 -157.63400   40.5614  139.2505   51.34900   -0.00844
  4.8667   17.54400 -157.58900   40.6262  139.2739   51.04900   -0.00338
  4.8750   17.76300 -157.54500   40.6899  139.2973   50.78900    0.00431
  4.8833   17.98200 -157.50000   40.7528  139.3202   50.48100    0.01995
  4.8917   18.20100 -157.45399   40.8149  139.3427   50.22100    0.02980
  4.9000   18.42000 -157.40800   40.8760  139.3651   49.90200    0.03893
  4.9083   18.64000 -157.36200   40.9366  139.3873   49.57700    0.04200
  4.9167   18.86000 -157.31500   40.9964  139.4091   49.26100    0.04286
  4.9250   19.08000 -157.26801   41.0553  139.4307   48.91500    0.04790
  4.9333   19.30100 -157.22099   41.1137  139.4522   48.60800    0.04716
  4.9417   19.52100 -157.17300   41.1710  139.4732   48.24300    0.04998
  4.9500   19.74200 -157.12500   41.2278  139.4941   47.91000    0.04636
  4.9583   19.96300 -157.07600   41.2838  139.5147   47.54600    0.04047
  4.9667   20.18400 -157.02800   41.3391  139.5352   47.14900    0.03001
  4.9750   20.40500 -156.97800   41.3936  139.5552   46.77000    0.02319
  4.9833   20.62700 -156.92900   41.4476  139.5752   46.41300    0.02063
  4.9917   20.84900 -156.87900   41.5009  139.5950   46.03100    0.02129
  5.0000   21.07100 -156.82800   41.5536  139.6143   45.66100    0.01655
  5.0083   21.29300 -156.77800   41.6055  139.6337   45.25800    0.01654
  5.0167   21.51600 -156.72701   41.6569  139.6528   44.89500    0.01057
  5.0250   21.74000 -156.67599   41.7079  139.6719   44.47700    0.01654
  5.0333   21.96300 -156.62500   41.7580  139.6906   44.14600    0.01133
  5.0417   22.18700 -156.57300   41.8076  139.7092   43.70700    0.01633
  5.0500   22.41100 -156.52100   41.8567  139.7276   43.35300    0.00425
  5.0583   22.63500 -156.46800   41.9051  139.7457   42.91100    0.00188
  5.0667   22.85900 -156.41499   41.9529  139.7635   42.53600   -0.00533
  5.0750   23.08400 -156.36099   42.0002  139.7813   42.15400   -0.01054
  5.0833   23.30900 -156.30800   42.0470  139.7990   41.72900   -0.02075
  5.0917   23.53400 -156.25301   42.0932  139.8162   41.33000   -0.02922
  5.1000   23.75900 -156.19901   42.1388  139.8335   40.96500   -0.02842
  5.1083   23.98400 -156.14400   42.1838  139.8504   40.60800   -0.02889
  5.1167   24.21000 -156.08900   42.2285  139.8673   40.20600   -0.03220
  5.1250   24.43600 -156.03300   42.2726  139.8840   39.83300   -0.04244
  5.1333   24.66200 -155.97701   42.3162  139.9005   39.43900   -0.04460
  5.1417   24.88800 -155.92101   42.3592  139.9168   39.09900   -0.04250
  5.1500   25.11400 -155.86400   42.4017  139.9329   38.76200   -0.03641
  5.1583   25.34100 -155.80701   42.4439  139.9489   38.40400   -0.03102
  5.1667   25.56700 -155.75000   42.4854  139.9647   38.07400   -0.02921
  5.1750   25.79500 -155.69299   42.5267  139.9806   37.73100   -0.02342
  5.1833   26.02300 -155.63499   42.5675  139.9962   37.41300   -0.02438
  5.1917   26.25100 -155.57600   42.6079  140.0116   37.05400   -0.02630
  5.2000   26.47900 -155.51801   42.6478  140.0269   36.72000   -0.03444
  5.2083   26.70800 -155.45799   42.6874  140.0420   36.38300   -0.04108
  5.2167   26.93600 -155.39900   42.7263  140.0570   36.05500   -0.04636
  5.2250   27.16500 -155.33900   42.7649  140.0719   35.74500   -0.05223
  5.2333   27.39400 -155.27901   42.8032  140.0866   35.41900   -0.05040
  5.2417   27.62400 -155.21800   42.8411  140.1012   35.14800   -0.05175
  5.2500   27.85300 -155.15800   42.8784  140.1157   34.83500   -0.04929
  5.2583   28.08300 -155.09599   42.9155  140.1300   34.54800   -0.05752
  5.2667   28.31300 -155.03500   42.9521  140.1443   34.23200   -0.05636
  5.2750   28.54300 -154.97301   42.9883  140.1583   33.98800   -0.05179
  5.2833   28.77300 -154.91000   43.0242  140.1722   33.73500   -0.03898
  5.2917   29.00400 -154.84801   43.0597  140.1861   33.47900   -0.03851
  5.3000   29.23400 -154.78500   43.0947  140.1997   33.18200   -0.04036
  5.3083   29.46500 -154.72200   43.1295  140.2134   32.93100   -0.04181
  5.3167   29.69600 -154.65800   43.1639  140.2268   32.69200   -0.03663
  5.3250   29.92700 -154.59399   43.1979  140.2401   32.44300   -0.02568
  5.3333   30.15900 -154.53000   43.2317  140.2534   32.23400   -0.01935
  5.3417   30.39100 -154.46500   43.2652  140.2666   31.98100   -0.01466
  5.3500   30.62300 -154.39999   43.2982  140.2796   31.73600   -0.01443
  5.3583   30.85600 -154.33400   43.3311  140.2926   31.51300   -0.01990
  5.3667   31.08900 -154.26801   43.3636  140.3054   31.23900   -0.02102
  5.3750   31.32200 -154.20200   43.3957  140.3182   31.02200   -0.02045
  5.3833   31.55500 -154.13499   43.4276  140.3308   30.81600   -0.01919
  5.3917   31.78900 -154.06799   43.4592  140.3434   30.55600   -0.01823
  5.4000   32.02200 -154.00101   43.4903  140.3558   30.34800   -0.02255
  5.4083   32.25600 -153.93300   43.5213  140.3681   30.12500   -0.02223
  5.4167   32.49000 -153.86501   43.5519  140.3804   29.89600   -0.02570
  5.4250   32.72400 -153.79700   43.5822  140.3926   29.67900   -0.02965
  5.4333   32.95900 -153.72800   43.6124  140.4047   29.46400   -0.03298
  5.4417   33.19300 -153.65900   43.6421  140.4167   29.25100   -0.04140
  5.4500   33.42800 -153.59000   43.6716  140.4286   29.02200   -0.05129
  5.4583   33.66300 -153.52000   43.7008  140.4404   28.81400   -0.05509
  5.4667   33.89800 -153.45000   43.7298  140.4522   28.64500   -0.05751
  5.4750   34.13300 -153.38000   43.7584  140.4638   28.43700   -0.05512
  5.4833   34.36900 -153.30901   43.7869  140.4754   28.26600   -0.05801
  5.4917   34.60400 -153.23801   43.8150  140.4869   28.08500   -0.05493
  5.5000   34.84000 -153.16701   43.8429  140.4983   27.91900   -0.05363
  5.5083   35.07700 -153.09399   43.8707  140.5097   27.75500   -0.04931
  5.5167   35.31400 -153.02200   43.8982  140.5210   27.60400   -0.04983
  5.5250   35.55100 -152.94901   43.9255  140.5322   27.43000   -0.04534
  5.5333   35.78800 -152.87500   43.9525  140.5433   27.30500   -0.04266
  5.5417   36.02500 -152.80200   43.9792  140.5544   27.16200   -0.03747
  5.5500   36.26300 -152.72800   44.0058  140.5654   27.01400   -0.03613
  5.5583   36.50100 -152.65300   44.0322  140.5763   26.88500   -0.03923
  5.5667   36.73800 -152.57800   44.0581  140.5871   26.73400   -0.04291
  5.5750   36.97700 -152.50301   44.0841  140.5979   26.59900   -0.03911
  5.5833   37.21500 -152.42799   44.1097  140.6087   26.51600   -0.03715
  5.5917   37.45300 -152.35201   44.1351  140.6193   26.36700   -0.03346
  5.6000   37.69200 -152.27600   44.1603  140.6299   26.24800   -0.03614
  5.6083   37.93100 -152.20000   44.1853  140.6405   26.14500   -0.03191
  5.6167   38.17000 -152.12300   44.2101  140.6510   26.03600   -0.03028
  5.6250   38.40900 -152.04601   44.2347  140.6615   25.91300   -0.02530
  5.6333   38.64800 -151.96800   44.2590  140.6718   25.83200   -0.01975
  5.6417   38.88800 -151.89101   44.2832  140.6822   25.73300   -0.00747
  5.6500   39.12700 -151.81300   44.3071  140.6924   25.64800   -0.00659
  5.6583   39.36700 -151.73500   44.3309  140.7027   25.52600   -0.00793
  5.6667   39.60700 -151.65601   44.3545  140.7129   25.42500   -0.01571
  5.6750   39.84800 -151.57600   44.3780  140.7230   25.32200   -0.02255
  5.6833   40.08900 -151.49600   44.4013  140.7331   25.21300   -0.02636
  5.6917   40.33000 -151.41499   44.4244  140.7431   25.13500   -0.03183
  5.7000   40.57100 -151.33400   44.4473  140.7530   25.03200   -0.03780
  5.7083   40.81200 -151.25200   44.4700  140.7629   24.92800   -0.04321
  5.7167   41.05400 -151.17000   44.4926  140.7728   24.86000   -0.05086
  5.7250   41.29600 -151.08800   44.5150  140.7827   24.75700   -0.04832
  5.7333   41.53800 -151.00500   44.5372  140.7924   24.70900   -0.04807
  5.7417   41.78000 -150.92200   44.5593  140.8022   24.64200   -0.03734
  5.7500   42.02200 -150.83900   44.5811  140.8119   24.58900   -0.03107
  5.7583   42.26500 -150.75600   44.6029  140.8216   24.52100   -0.02511
  5.7667   42.50700 -150.67200   44.6244  140.8312   24.45100   -0.01951
  5.7750   42.75000 -150.58701   44.6458  140.8408   24.39300   -0.01440
  5.7833   42.99300 -150.50301   44.6670  140.8504   24.31900   -0.00121
  5.7917   43.23600 -150.41800   44.6880  140.8599   24.27700    0.02675
  5.8000   43.47900 -150.33299   44.7089  140.8694   24.27200    0.07626
  5.8083   43.72200 -150.24699   44.7296  140.8788   24.27800    0.11560
  5.8167   43.96600 -150.16100   44.7503  140.8883   24.17900    0.13183
  5.8250   44.20900 -150.07500   44.7707  140.8977   24.06400    0.12050
  5.8333   44.45300 -149.98900   44.7910  140.9071   23.93900    0.11271
  5.8417   44.69700 -149.89999   44.8112  140.9163   23.83800    0.10638
  5.8500   44.94200 -149.81200   44.8313  140.9257   23.71200    0.10192
  5.8583   45.18700 -149.72200   44.8512  140.9349   23.57700    0.09404
  5.8667   45.43200 -149.63300   44.8710  140.9441   23.44500    0.08087
  5.8750   45.67700 -149.54300   44.8907  140.9533   23.28000    0.07005
  5.8833   45.92200 -149.45200   44.9102  140.9624   23.13500    0.05695
  5.8917   46.16800 -149.36099   44.9296  140.9716   22.97200    0.04870
  5.9000   46.41300 -149.27000   44.9488  140.9807   22.80900    0.03765
  5.9083   46.65900 -149.17900   44.9679  140.9898   22.64200    0.02364
  5.9167   46.90500 -149.08701   44.9869  140.9988   22.46300    0.00867
  5.9250   47.15100 -148.99500   45.0058  141.0079   22.29100   -0.00952
  5.9333   47.39700 -148.90199   45.0245  141.0169   22.10700   -0.02514
  5.9417   47.64300 -148.80901   45.0431  141.0259   21.93400   -0.03650
  5.9500   47.89000 -148.71600   45.0616  141.0349   21.77700   -0.04423
  5.9583   48.13600 -148.62199   45.0799  141.0439   21.60900   -0.04372
  5.9667   48.38300 -148.52901   45.0981  141.0529   21.47200   -0.03817
  5.9750   48.62900 -148.43401   45.1162  141.0618   21.34100   -0.02953
  5.9833   48.87600 -148.34000   45.1341  141.0707   21.19100   -0.02487
  5.9917   49.12300 -148.24500   45.1520  141.0797   21.04600   -0.02748
  6.0000   49.37000 -148.14999   45.1697  141.0885   20.89400   -0.03055
  6.0083   49.61800 -148.05200   45.1874  141.0974   20.75000   -0.03800
  6.0167   49.86600 -147.95300   45.2050  141.1062   20.59600   -0.04270
  6.0250   50.11400 -147.85400   45.2225  141.1149   20.46200   -0.04099
  6.0333   50.36300 -147.75500   45.2399  141.1238   20.34700   -0.03222
  6.0417   50.61100 -147.65500   45.2571  141.1325   20.22400   -0.01824
  6.0500   50.85900 -147.55499   45.2743  141.1412   20.11200   -0.00542
  6.0583   51.10800 -147.45500   45.2913  141.1500   19.99400    0.00868
  6.0667   51.35700 -147.35400   45.3082  141.1588   19.87500    0.01636
  6.0750   51.60600 -147.25200   45.3251  141.1675   19.73700    0.02533
  6.0833   51.85500 -147.15100   45.3418  141.1762   19.62200    0.03020
  6.0917   52.10400 -147.04800   45.3584  141.1849   19.48500    0.03610
  6.1000   52.35300 -146.94600   45.3749  141.1936   19.34900    0.03199
  6.1083   52.60200 -146.84300   45.3913  141.2023   19.19400    0.03227
  6.1167   52.85200 -146.73900   45.4076  141.2110   19.06900    0.03498
  6.1250   53.10100 -146.63600   45.4238  141.2197   18.93600    0.04240
  6.1333   53.35100 -146.53200   45.4399  141.2285   18.79000    0.04592
  6.1417   53.60000 -146.42700   45.4559  141.2371   18.64200    0.04310
  6.1500   53.85000 -146.32201   45.4718  141.2458   18.47700    0.03697
  6.1583   54.10000 -146.21700   45.4876  141.2545   18.31300    0.02863
  6.1667   54.35000 -146.11099   45.5034  141.2632   18.15100    0.02405
  6.1750   54.60100 -146.00200   45.5191  141.2718   17.99500    0.01929
  6.1833   54.85100 -145.89200   45.5346  141.2804   17.82600    0.01552
  6.1917   55.10200 -145.78101   45.5502  141.2890   17.66700    0.01202
  6.2000   55.35300 -145.67101   45.5656  141.2976   17.51000    0.00371
  6.2083   55.60400 -145.55901   45.5810  141.3062   17.32100   -0.00679
  6.2167   55.85500 -145.44701   45.5962  141.3148   17.15000   -0.01662
  6.2250   56.10700 -145.33501   45.6114  141.3234   16.99300   -0.01890
  6.2333   56.35800 -145.22099   45.6265  141.3320   16.83100   -0.02111
  6.2417   56.60900 -145.10800   45.6415  141.3406   16.66200   -0.02185
  6.2500   56.86100 -144.99400   45.6564  141.3492   16.51300   -0.02150
  6.2583   57.11200 -144.87900   45.6712  141.3578   16.35800   -0.01260
  6.2667   57.36400 -144.76401   45.6859  141.3664   16.22200   -0.00895
  6.2750   57.61600 -144.64900   45.7006  141.3751   16.05800   -0.01003
  6.2833   57.86800 -144.53300   45.7152  141.3838   15.89000   -0.01794
  6.2917   58.12000 -144.41600   45.7297  141.3924   15.73600   -0.02512
  6.3000   58.37200 -144.29900   45.7441  141.4011   15.58100   -0.02838
  6.3083   58.62400 -144.18100   45.7584  141.4097   15.43300   -0.02971
  6.3167   58.87600 -144.06300   45.7727  141.4184   15.29100   -0.03067
  6.3250   59.12800 -143.94501   45.7868  141.4271   15.14300   -0.02875
  6.3333   59.38000 -143.82600   45.8009  141.4358   15.01100   -0.03084
  6.3417   59.63300 -143.70200   45.8150  141.4444   14.86100   -0.03088
  6.3500   59.88600 -143.57700   45.8290  141.4530   14.72600   -0.03320
  6.3583   60.13900 -143.45100   45.8430  141.4616   14.59400   -0.03184
  6.3667   60.39200 -143.32500   45.8568  141.4702   14.46600   -0.03386
  6.3750   60.64500 -143.19800   45.8706  141.4788   14.32900   -0.03903
  6.3833   60.89800 -143.07001   45.8844  141.4875   14.19700   -0.04566
  6.3917   61.15100 -142.94200   45.8980  141.4961   14.07600   -0.05331
  6.4000   61.40400 -142.81300   45.9116  141.5048   13.94900   -0.05970
  6.4083   61.65800 -142.68300   45.9251  141.5135   13.83300   -0.06918
  6.4167   61.91100 -142.55200   45.9385  141.5222   13.71300   -0.07086
  6.4250   62.16500 -142.42101   45.9519  141.5309   13.62200   -0.06939
  6.4333   62.41800 -142.28900   45.9652  141.5396   13.52600   -0.06404
  6.4417   62.67200 -142.15601   45.9784  141.5484   13.42400   -0.06479
  6.4500   62.92500 -142.02200   45.9916  141.5571   13.31700   -0.05712
  6.4583   63.17900 -141.88800   46.0047  141.5659   13.25200   -0.03741
  6.4667   63.43300 -141.75301   46.0177  141.5748   13.19200   -0.00495
  6.4750   63.68600 -141.61700   46.0306  141.5835   13.12600    0.02023
  6.4833   63.94000 -141.48000   46.0435  141.5924   13.03500    0.04854
  6.4917   64.19400 -141.34300   46.0563  141.6013   12.98500    0.06471
  6.5000   64.44700 -141.20399   46.0691  141.6101   12.88000    0.08330
  6.5083   64.70200 -141.05901   46.0819  141.6189   12.79700    0.07771
  6.5167   64.95600 -140.91299   46.0946  141.6277   12.66400    0.07678
  6.5250   65.21000 -140.76500   46.1072  141.6364   12.56900    0.06974
  6.5333   65.46400 -140.61700   46.1198  141.6453   12.45600    0.06281
  6.5417   65.71900 -140.46700   46.1323  141.6541   12.30700    0.04506
  6.5500   65.97300 -140.31599   46.1448  141.6630   12.15900    0.03197
  6.5583   66.22700 -140.16400   46.1572  141.6719   12.04800    0.03371
  6.5667   66.48200 -140.01100   46.1695  141.6808   11.94300    0.04434
  6.5750   66.73600 -139.85600   46.1818  141.6897   11.82200    0.05981
  6.5833   66.99100 -139.70000   46.1940  141.6987   11.72600    0.06009
  6.5917   67.24500 -139.54300   46.2061  141.7076   11.57300    0.05235
  6.6000   67.50000 -139.38499   46.2183  141.7167   11.43100    0.01209
  6.6083   67.75400 -139.22501   46.2303  141.7257   11.23100   -0.05643
  6.6167   68.00800 -139.06400   46.2422  141.7347   10.98600   -0.11966
  6.6250   68.26300 -138.90199   46.2542  141.7438   10.86100   -0.14572
  6.6333   68.51700 -138.73801   46.2660  141.7529   10.78600   -0.12869
  6.6417   68.77200 -138.57201   46.2778  141.7620   10.68600   -0.09419
  6.6500   69.02600 -138.40601   46.2895  141.7712   10.61900   -0.06392
  6.6583   69.28100 -138.23700   46.3012  141.7804   10.53000   -0.01970
  6.6667   69.53500 -138.06700   46.3129  141.7896   10.47200    0.01981
  6.6750   69.79000 -137.88699   46.3245  141.7987   10.39100    0.03568
  6.6833   70.04400 -137.70500   46.3361  141.8078   10.23300    0.02387
  6.6917   70.29900 -137.52100   46.3477  141.8169   10.10200    0.00531
  6.7000   70.55300 -137.33501   46.3592  141.8261   10.02100   -0.00065
  6.7083   70.80800 -137.14700   46.3706  141.8353    9.92000    0.00205
  6.7167   71.06200 -136.95599   46.3820  141.8445    9.82300   -0.00651
  6.7250   71.31700 -136.76300   46.3933  141.8538    9.70100   -0.01779
  6.7333   71.57100 -136.56700   46.4046  141.8631    9.58000   -0.03417
  6.7417   71.82600 -136.36900   46.4159  141.8724    9.46000   -0.04267
  6.7500   72.08000 -136.16901   46.4270  141.8818    9.35800   -0.02717
  6.7583   72.33400 -135.96500   46.4381  141.8911    9.31300    0.00625
  6.7667   72.58900 -135.75900   46.4492  141.9006    9.24900    0.04810
  6.7750   72.84300 -135.55000   46.4602  141.9100    9.17500    0.06942
  6.7833   73.09700 -135.33800   46.4712  141.9195    9.06600    0.06730
  6.7917   73.35100 -135.12300   46.4821  141.9290    8.92900    0.03890
  6.8000   73.60500 -134.90500   46.4930  141.9386    8.77100   -0.00853
  6.8083   73.85900 -134.68300   46.5038  141.9481    8.60600   -0.03572
  6.8167   74.11300 -134.45799   46.5145  141.9577    8.53900   -0.03928
  6.8250   74.36600 -134.22900   46.5252  141.9673    8.46400   -0.01597
  6.8333   74.62000 -133.99600   46.5359  141.9770    8.38900   -0.01835
  6.8417   74.87400 -133.74699   46.5466  141.9866    8.24200   -0.03206
  6.8500   75.12700 -133.49400   46.5573  141.9962    8.12900   -0.05189
  6.8583   75.38000 -133.23500   46.5679  142.0058    8.02900   -0.05323
  6.8667   75.63400 -132.97099   46.5784  142.0155    7.93600   -0.05741
  6.8750   75.88700 -132.70200   46.5889  142.0252    7.81100   -0.04208
  6.8833   76.14000 -132.42599   46.5994  142.0349    7.76700   -0.00924
  6.8917   76.39300 -132.14500   46.6098  142.0447    7.72300    0.03436
  6.9000   76.64500 -131.85800   46.6202  142.0545    7.62600    0.06757
  6.9083   76.89800 -131.56400   46.6305  142.0644    7.54800    0.08496
  6.9167   77.15000 -131.26199   46.6408  142.0742    7.45300    0.10322
  6.9250   77.40300 -130.95399   46.6510  142.0842    7.36000    0.11030
  6.9333   77.65500 -130.63699   46.6612  142.0941    7.24800    0.11392
  6.9417   77.90700 -130.31200   46.6713  142.1041    7.14300    0.09535
  6.9500   78.15800 -129.97900   46.6814  142.1142    6.97900    0.04404
  6.9583   78.41000 -129.63600   46.6915  142.1243    6.76400   -0.02731
  6.9667   78.66100 -129.28300   46.7014  142.1344    6.59100   -0.07413
  6.9750   78.91200 -128.91901   46.7114  142.1445    6.49500   -0.07252
  6.9833   79.16200 -128.54500   46.7213  142.1547    6.42300   -0.04423
  6.9917   79.41200 -128.15800   46.7311  142.1649    6.33300   -0.02147
  7.0000   79.66300 -127.75900   46.7409  142.1752    6.22400   -0.01874
  7.0083   79.91200 -127.32600   46.7508  142.1854    6.09600   -0.02581
  7.0167   80.16100 -126.87700   46.7606  142.1956    5.98500   -0.04277
  7.0250   80.41000 -126.41100   46.7704  142.2058    5.86000   -0.06783
  7.0333   80.65800 -125.92700   46.7801  142.2161    5.72200   -0.10515
  7.0417   80.90600 -125.42300   46.7898  142.2264    5.59000   -0.13328
  7.0500   81.15300 -124.89700   46.7995  142.2368    5.50900   -0.14407
  7.0583   81.40000 -124.34800   46.8091  142.2472    5.44100   -0.12709
  7.0667   81.64600 -123.77400   46.8186  142.2576    5.40300   -0.11392
  7.0750   81.89200 -123.17300   46.8281  142.2681    5.31400   -0.09278
  7.0833   82.13700 -122.54200   46.8376  142.2787    5.27200   -0.06215
  7.0917   82.38100 -121.87800   46.8470  142.2892    5.27100   -0.00688
  7.1000   82.62400 -121.17900   46.8564  142.2999    5.27100    0.02331
  7.1083   82.86700 -120.44100   46.8657  142.3105    5.16700    0.02641
  7.1167   83.10800 -119.66000   46.8750  142.3212    5.09400    0.00333
  7.1250   83.34900 -118.83100   46.8843  142.3320    5.02200    0.01029
  7.1333   83.58800 -117.95000   46.8935  142.3428    5.01200    0.01867
  7.1417   83.82600 -117.01100   46.9026  142.3536    4.93900    0.01902
  7.1500   84.06300 -116.00800   46.9118  142.3646    4.83300    0.00606
  7.1583   84.29800 -114.93200   46.9208  142.3755    4.77700    0.01663
  7.1667   84.53100 -113.77600   46.9299  142.3865    4.77100    0.06064
  7.1750   84.76100 -112.49100   46.9390  142.3974    4.76200    0.09894
  7.1833   84.98900 -111.10000   46.9480  142.4083    4.67900    0.11025
  7.1917   85.21400 -109.58900   46.9571  142.4193    4.58600    0.09660
  7.2000   85.43500 -107.94400   46.9660  142.4303    4.50100    0.07240
  7.2083   85.65400 -106.14600   46.9750  142.4414    4.39000    0.02334
  7.2167   85.86800 -104.17300   46.9839  142.4525    4.22400   -0.03005
  7.2250   86.07700 -102.00200   46.9928  142.4637    4.12800   -0.06239
  7.2333   86.28000  -99.60500   47.0016  142.4748    4.08400   -0.07552
  7.2417   86.47700  -96.95100   47.0103  142.4861    3.98000   -0.07547
  7.2500   86.66600  -94.00500   47.0191  142.4974    3.92500   -0.08238
  7.2583   86.84700  -90.73000   47.0278  142.5088    3.85700   -0.08399
  7.2667   87.01600  -87.08900   47.0364  142.5202    3.76700   -0.07992
  7.2750   87.17300  -83.04300   47.0450  142.5317    3.73100   -0.07176
  7.2833   87.31500  -78.56300   47.0536  142.5432    3.67900   -0.04730
  7.2917   87.44000  -73.63100   47.0621  142.5547    3.64500   -0.02499
  7.3000   87.54500  -68.25200   47.0706  142.5664    3.61300   -0.00777
  7.3083   87.62800  -62.45800   47.0790  142.5780    3.55900   -0.00586
  7.3167   87.68600  -56.32300   47.0874  142.5898    3.49000   -0.00265
  7.3250   87.71700  -49.95500   47.0958  142.6015    3.47100    0.00226
  7.3333   87.72100  -43.49300   47.1041  142.6133    3.43000    0.00281
  7.3417   87.69300  -37.09100   47.1125  142.6250    3.35500   -0.00279
  7.3500   87.63900  -30.91100   47.1209  142.6368    3.32300   -0.02416
  7.3583   87.56000  -25.06500   47.1292  142.6486    3.24000   -0.03574
  7.3667   87.45800  -19.63100   47.1375  142.6605    3.20000   -0.05062
  7.3750   87.33600  -14.64500   47.1458  142.6725    3.16000   -0.05176
  7.3833   87.19700  -10.11400   47.1540  142.6844    3.11900   -0.04586
  7.3917   87.04300   -6.02100   47.1621  142.6965    3.10300   -0.03312
  7.4000   86.87700   -2.33700   47.1702  142.7086    3.08900   -0.01582
  7.4083   86.70000    0.97500   47.1783  142.7207    3.06600   -0.01221
  7.4167   86.51400    3.95400   47.1864  142.7329    3.01100   -0.01548
  7.4250   86.32000    6.63800   47.1944  142.7452    2.97900   -0.01364
  7.4333   86.12000    9.06200   47.2023  142.7575    2.97400   -0.00627
  7.4417   85.91400   11.25700   47.2103  142.7699    2.94000   -0.00445
  7.4500   85.70400   13.25200   47.2181  142.7823    2.89300   -0.00948
  7.4583   85.49000   15.07100   47.2260  142.7948    2.87000   -0.00178
  7.4667   85.27200   16.73500   47.2338  142.8074    2.87500    0.01030
  7.4750   85.05200   18.26300   47.2415  142.8199    2.84100    0.02040
  7.4833   84.82900   19.67100   47.2492  142.8326    2.81000    0.02221
  7.4917   84.60400   20.97300   47.2569  142.8453    2.78600    0.02654
  7.5000   84.37700   22.18100   47.2645  142.8581    2.75700    0.02641
  7.5083   84.14700   23.27100   47.2723  142.8708    2.71200    0.02369
  7.5167   83.91500   24.28900   47.2800  142.8835    2.67900    0.01656
  7.5250   83.68100   25.24100   47.2877  142.8963    2.63400    0.01375
  7.5333   83.44700   26.13500   47.2953  142.9092    2.59900    0.01306
  7.5417   83.21200   26.97600   47.3028  142.9221    2.57100    0.01557
  7.5500   82.97600   27.77000   47.3104  142.9351    2.53300    0.01606
  7.5583   82.74000   28.52000   47.3179  142.9481    2.48900    0.01048
  7.5667   82.50300   29.23200   47.3253  142.9612    2.44100    0.00077
  7.5750   82.26500   29.90800   47.3327  142.9744    2.39200   -0.00277
  7.5833   82.02700   30.55200   47.3401  142.9876    2.36800   -0.00478
  7.5917   81.78800   31.16700   47.3475  143.0009    2.32600   -0.00951
  7.6000   81.54900   31.75400   47.3548  143.0143    2.27000   -0.02222
  7.6083   81.31000   32.31600   47.3620  143.0277    2.22500   -0.03208
  7.6167   81.07100   32.85600   47.3692  143.0411    2.19500   -0.03763
  7.6250   80.83100   33.37500   47.3764  143.0547    2.15500   -0.04181
  7.6333   80.59100   33.87400   47.3835  143.0683    2.11700   -0.04169
  7.6417   80.35100   34.35500   47.3906  143.0819    2.10400   -0.03289
  7.6500   80.11100   34.82000   47.3977  143.0957    2.09500   -0.02513
  7.6583   79.87100   35.26900   47.4047  143.1094    2.05800   -0.02196
  7.6667   79.63100   35.70400   47.4116  143.1233    2.03300   -0.02357
  7.6750   79.38900   36.10500   47.4187  143.1371    2.01100   -0.01869
  7.6833   79.14800   36.49400   47.4257  143.1509    1.99600   -0.01008
  7.6917   78.90600   36.87200   47.4327  143.1648    1.98500   -0.00341
  7.7000   78.66400   37.24000   47.4397  143.1788    1.95900    0.00465
  7.7083   78.42300   37.59900   47.4466  143.1928    1.94900    0.01692
  7.7167   78.18100   37.94900   47.4535  143.2069    1.95100    0.02644
  7.7250   77.93900   38.29000   47.4604  143.2211    1.91600    0.03048
  7.7333   77.69800   38.62400   47.4671  143.2353    1.88700    0.02791
  7.7417   77.45700   38.95000   47.4739  143.2496    1.86700    0.02489
  7.7500   77.21500   39.26900   47.4806  143.2640    1.83000    0.02347
  7.7583   76.97400   39.58200   47.4873  143.2784    1.80700    0.01773
  7.7667   76.73300   39.88800   47.4939  143.2929    1.77400    0.01116
  7.7750   76.49200   40.18900   47.5005  143.3075    1.73500    0.00205
  7.7833   76.25100   40.48400   47.5071  143.3221    1.70500   -0.00887
  7.7917   76.01100   40.77400   47.5136  143.3368    1.66800   -0.01903
  7.8000   75.77000   41.06000   47.5200  143.3516    1.63200   -0.02952
  7.8083   75.53000   41.34000   47.5264  143.3665    1.60200   -0.03747
  7.8167   75.28900   41.61600   47.5329  143.3814    1.57500   -0.04277
  7.8250   75.04900   41.88800   47.5392  143.3964    1.55000   -0.04331
  7.8333   74.81000   42.15600   47.5455  143.4115    1.53800   -0.04173
  7.8417   74.56900   42.40500   47.5519  143.4265    1.51900   -0.03470
  7.8500   74.32800   42.65100   47.5583  143.4415    1.51300   -0.02756
  7.8583   74.08800   42.89400   47.5646  143.4566    1.50200   -0.01437
  7.8667   73.84700   43.13400   47.5709  143.4719    1.50300   -0.00294
  7.8750   73.60700   43.37200   47.5772  143.4872    1.49300    0.00679
  7.8833   73.36700   43.60700   47.5834  143.5025    1.47900    0.01689
  7.8917   73.12700   43.83900   47.5896  143.5180    1.48300    0.02363
  7.9000   72.88800   44.06900   47.5957  143.5335    1.46400    0.03164
  7.9083   72.64900   44.29700   47.6017  143.5490    1.45500    0.03054
  7.9167   72.40900   44.52300   47.6078  143.5647    1.43100    0.02879
  7.9250   72.17100   44.74600   47.6138  143.5804    1.41000    0.01810
  7.9333   71.93200   44.96800   47.6198  143.5963    1.37200    0.00870
  7.9417   71.69300   45.18700   47.6257  143.6122    1.35100   -0.00013
  7.9500   71.45500   45.40500   47.6316  143.6281    1.33000   -0.00247
  7.9583   71.21700   45.62200   47.6374  143.6442    1.31100   -0.00696
  7.9667   70.97900   45.83600   47.6432  143.6603    1.28200   -0.00995
  7.9750   70.74200   46.04900   47.6489  143.6764    1.26400   -0.01197
  7.9833   70.50400   46.26000   47.6546  143.6927    1.24800   -0.01179
  7.9917   70.26700   46.47000   47.6603  143.7091    1.22600   -0.01226
  8.0000   70.03100   46.67900   47.6659  143.7255    1.20900   -0.01342
  8.0083   69.79300   46.87500   47.6716  143.7419    1.19300   -0.01527
  8.0167   69.55600   47.06900   47.6773  143.7583    1.17200   -0.01606
  8.0250   69.31900   47.26300   47.6830  143.7748    1.16000   -0.01663
  8.0333   69.08200   47.45600   47.6886  143.7915    1.14700   -0.01784
  8.0417   68.84500   47.64800   47.6941  143.8082    1.12600   -0.02139
  8.0500   68.60900   47.83900   47.6997  143.8249    1.10800   -0.01834
  8.0583   68.37300   48.02900   47.7051  143.8418    1.11700   -0.01319
  8.0667   68.13700   48.21800   47.7106  143.8587    1.10300    0.00060
  8.0750   67.90100   48.40700   47.7160  143.8757    1.11400    0.00823
  8.0833   67.66600   48.59500   47.7213  143.8928    1.10500    0.01201
  8.0917   67.43100   48.78200   47.7266  143.9100    1.08100    0.00677
  8.1000   67.19600   48.96800   47.7319  143.9273    1.06500    0.00530
  8.1083   66.96100   49.15400   47.7371  143.9447    1.06900    0.00799
  8.1167   66.72700   49.34000   47.7423  143.9621    1.05900    0.00463
  8.1250   66.49300   49.52400   47.7474  143.9796    1.02400   -0.00125
  8.1333   66.25900   49.70800   47.7525  143.9972    1.02000   -0.00934
  8.1417   66.02500   49.89200   47.7575  144.0150    1.00100   -0.00891
  8.1500   65.79200   50.07400   47.7625  144.0327    0.99100   -0.00428
  8.1583   65.55900   50.25700   47.7674  144.0506    0.99700    0.00479
  8.1667   65.32700   50.43900   47.7723  144.0685    0.99000    0.01321
  8.1750   65.09300   50.61100   47.7773  144.0865    0.97600    0.01670
  8.1833   64.86000   50.78200   47.7823  144.1045    0.96500    0.01931
  8.1917   64.62800   50.95400   47.7872  144.1225    0.95400    0.02243
  8.2000   64.39500   51.12500   47.7921  144.1407    0.94100    0.02135
  8.2083   64.16300   51.29600   47.7970  144.1590    0.91700    0.01547
  8.2167   63.93100   51.46700   47.8018  144.1774    0.89100    0.00615
  8.2250   63.69900   51.63700   47.8065  144.1958    0.86700    0.00024
  8.2333   63.46800   51.80700   47.8112  144.2144    0.85300   -0.00363
  8.2417   63.23600   51.97700   47.8159  144.2330    0.83100   -0.00635
  8.2500   63.00600   52.14700   47.8205  144.2517    0.80700   -0.00988
  8.2583   62.77500   52.31700   47.8250  144.2706    0.78600   -0.00939
  8.2667   62.54500   52.48600   47.8295  144.2895    0.77400   -0.00153
  8.2750   62.31500   52.65600   47.8340  144.3085    0.77100    0.01046
  8.2833   62.08500   52.82500   47.8384  144.3276    0.76000    0.02078
  8.2917   61.85500   52.99400   47.8428  144.3468    0.74100    0.02602
  8.3000   61.62600   53.16200   47.8471  144.3661    0.72200    0.02820
  8.3083   61.39700   53.33100   47.8514  144.3855    0.70400    0.02400
  8.3167   61.16900   53.49900   47.8556  144.4050    0.66700    0.01592
  8.3250   60.94100   53.66800   47.8597  144.4245    0.63900    0.00263
  8.3333   60.71300   53.83600   47.8639  144.4442    0.60800   -0.01216
  8.3417   60.48400   53.99600   47.8682  144.4639    0.57100   -0.03067
  8.3500   60.25600   54.15600   47.8724  144.4836    0.53400   -0.05094
  8.3583   60.02800   54.31600   47.8765  144.5035    0.49900   -0.06217
  8.3667   59.80000   54.47600   47.8806  144.5235    0.49300   -0.06380
  8.3750   59.57300   54.63700   47.8847  144.5435    0.48900   -0.05619
  8.3833   59.34600   54.79700   47.8887  144.5637    0.48600   -0.04410
  8.3917   59.11900   54.95700   47.8927  144.5839    0.49600   -0.02772
  8.4000   58.89200   55.11700   47.8966  144.6043    0.50800   -0.00868
  8.4083   58.66600   55.27800   47.9004  144.6248    0.51600    0.01066
  8.4167   58.44000   55.43800   47.9043  144.6454    0.52900    0.02468
  8.4250   58.21400   55.59800   47.9080  144.6661    0.52400    0.03542
  8.4333   57.98900   55.75900   47.9117  144.6868    0.52300    0.03826
  8.4417   57.76400   55.91900   47.9154  144.7077    0.51100    0.03811
  8.4500   57.53900   56.08000   47.9190  144.7287    0.49700    0.03386
  8.4583   57.31400   56.24000   47.9225  144.7498    0.48100    0.02913
  8.4667   57.09000   56.40100   47.9260  144.7711    0.46500    0.02295
  8.4750   56.86600   56.56100   47.9295  144.7924    0.44300    0.01824
  8.4833   56.64300   56.72200   47.9328  144.8137    0.42800    0.01166
  8.4917   56.42000   56.88200   47.9362  144.8352    0.40100    0.00299
  8.5000   56.19700   57.04300   47.9394  144.8569    0.36900   -0.00284
  8.5083   55.97300   57.19700   47.9429  144.8786    0.36400   -0.00940
  8.5167   55.75000   57.35000   47.9463  144.9003    0.33600   -0.01274
  8.5250   55.52700   57.50500   47.9496  144.9222    0.31800   -0.01895
  8.5333   55.30500   57.65900   47.9528  144.9441    0.30500   -0.02502
  8.5417   55.08200   57.81300   47.9560  144.9662    0.28100   -0.03095
  8.5500   54.86000   57.96800   47.9592  144.9885    0.26700   -0.04010
  8.5583   54.63900   58.12200   47.9623  145.0107    0.24600   -0.04825
  8.5667   54.41700   58.27700   47.9653  145.0332    0.22900   -0.04710
  8.5750   54.19600   58.43200   47.9683  145.0558    0.25200   -0.03805
  8.5833   53.97500   58.58700   47.9712  145.0784    0.26400   -0.02398
  8.5917   53.75500   58.74200   47.9741  145.1012    0.26800   -0.01250
  8.6000   53.53400   58.89800   47.9769  145.1242    0.28400   -0.00552
  8.6083   53.31500   59.05300   47.9797  145.1471    0.28100    0.00351
  8.6167   53.09500   59.20800   47.9824  145.1703    0.29400    0.01144
  8.6250   52.87600   59.36400   47.9850  145.1935    0.30700    0.01696
  8.6333   52.65700   59.52000   47.9876  145.2169    0.29600    0.02184
  8.6417   52.43800   59.67600   47.9901  145.2404    0.30900    0.02318
  8.6500   52.22000   59.83200   47.9926  145.2640    0.31100    0.02599
  8.6583   52.00200   59.98800   47.9950  145.2878    0.30600    0.02312
  8.6667   51.78400   60.14400   47.9973  145.3116    0.29500    0.01851
  8.6750   51.56600   60.29400   47.9998  145.3355    0.28700    0.01388
  8.6833   51.34800   60.44500   48.0022  145.3596    0.27800    0.00841
  8.6917   51.13000   60.59500   48.0047  145.3838    0.26200    0.00205
  8.7000   50.91300   60.74600   48.0070  145.4080    0.24900   -0.00395
  8.7083   50.69600   60.89700   48.0092  145.4324    0.24000   -0.00413
  8.7167   50.47900   61.04900   48.0114  145.4570    0.24600   -0.00389
  8.7250   50.26200   61.20000   48.0136  145.4818    0.23400   -0.00080
  8.7333   50.04600   61.35200   48.0156  145.5066    0.23500   -0.00603
  8.7417   49.83000   61.50400   48.0176  145.5316    0.20800   -0.00840
  8.7500   49.61500   61.65600   48.0195  145.5566    0.20600   -0.01415
  8.7583   49.40000   61.80800   48.0214  145.5818    0.19500   -0.01425
  8.7667   49.18500   61.96000   48.0232  145.6071    0.19100   -0.01132
  8.7750   48.97000   62.11300   48.0250  145.6327    0.20200   -0.00770
  8.7833   48.75600   62.26500   48.0267  145.6582    0.19500    0.00049
  8.7917   48.54100   62.41800   48.0283  145.6841    0.21000    0.00423
  8.8000   48.32800   62.57100   48.0299  145.7099    0.20500    0.00432
  8.8083   48.11400   62.72400   48.0314  145.7360    0.18500    0.00197
  8.8167   47.90100   62.87700   48.0328  145.7622    0.19100   -0.00318
  8.8250   47.68800   63.03000   48.0342  145.7885    0.17700   -0.00301
  8.8333   47.47600   63.18400   48.0354  145.8149    0.17900   -0.00158
  8.8417   47.26300   63.33200   48.0369  145.8414    0.19100   -0.00210
  8.8500   47.05000   63.48100   48.0383  145.8682    0.17000   -0.00425
  8.8583   46.83800   63.63000   48.0396  145.8950    0.16500   -0.00582
  8.8667   46.62600   63.77900   48.0408  145.9220    0.17800   -0.00205
  8.8750   46.41400   63.92800   48.0420  145.9491    0.17400    0.00251
  8.8833   46.20300   64.07700   48.0431  145.9763    0.17000    0.00738
  8.8917   45.99100   64.22700   48.0442  146.0038    0.18300    0.01077
  8.9000   45.78100   64.37700   48.0451  146.0313    0.17400    0.01285
  8.9083   45.57000   64.52700   48.0460  146.0591    0.16600    0.01072
  8.9167   45.36000   64.67700   48.0468  146.0870    0.16300    0.01255
  8.9250   45.15000   64.82700   48.0476  146.1150    0.16900    0.01249
  8.9333   44.94000   64.97800   48.0482  146.1433    0.15200    0.01037
  8.9417   44.73100   65.12900   48.0488  146.1716    0.13900   -0.00008
  8.9500   44.52100   65.28000   48.0494  146.2002    0.10900   -0.00523
  8.9583   44.31300   65.43100   48.0498  146.2288    0.11200   -0.00900
  8.9667   44.10400   65.58200   48.0502  146.2577    0.10300   -0.00466
  8.9750   43.89600   65.73300   48.0505  146.2866    0.10600   -0.00048
  8.9833   43.68800   65.88400   48.0508  146.3158    0.10700    0.00782
  8.9917   43.48000   66.03600   48.0509  146.3452    0.11400    0.00903
  9.0000   43.27300   66.18800   48.0510  146.3746    0.08800    0.00655
  9.0083   43.06500   66.33500   48.0513  146.4043    0.07400    0.00108
  9.0167   42.85800   66.48300   48.0514  146.4340    0.06900   -0.00562
  9.0250   42.65100   66.63000   48.0515  146.4640    0.03800   -0.00638
  9.0333   42.44400   66.77800   48.0515  146.4941    0.05100   -0.00767
  9.0417   42.23800   66.92600   48.0514  146.5244    0.04500   -0.00419
  9.0500   42.03100   67.07500   48.0512  146.5550    0.03600   -0.00668
  9.0583   41.82500   67.22300   48.0510  146.5856    0.02400   -0.00929
  9.0667   41.62000   67.37200   48.0506  146.6164    0.01800   -0.00934
  9.0750   41.41400   67.52100   48.0503  146.6475    0.02100   -0.00617
  9.0833   41.20900   67.67000   48.0498  146.6787    0.02600   -0.00504
  9.0917   41.00400   67.81900   48.0492  146.7101    0.01600   -0.00862
  9.1000   40.80000   67.96900   48.0485  146.7416    0.00300   -0.01350
  9.1083   40.59600   68.11800   48.0478  146.7733    0.00600   -0.01779
  9.1167   40.39200   68.26800   48.0470  146.8053    0.00000   -0.01935
  9.1250   40.18800   68.41800   48.0461  146.8374    0.00200   -0.02054
  9.1333   39.98400   68.56800   48.0451  146.8698    0.00800   -0.02183
  9.1417   39.78100   68.71800   48.0440  146.9023    0.00700   -0.01866
  9.1500   39.57900   68.86800   48.0429  146.9349    0.03300   -0.01403
  9.1583   39.37600   69.01900   48.0416  146.9679    0.05100   -0.00695
  9.1667   39.17400   69.16900   48.0403  147.0009    0.06300   -0.00462
  9.1750   38.97100   69.31600   48.0391  147.0343    0.07100   -0.00653
  9.1833   38.76900   69.46300   48.0378  147.0677    0.07200   -0.01213
  9.1917   38.56700   69.61000   48.0364  147.1014    0.07000   -0.01149
  9.2000   38.36500   69.75700   48.0350  147.1353    0.10700   -0.01346
  9.2083   38.16400   69.90400   48.0334  147.1693    0.09800   -0.00490
  9.2167   37.96300   70.05200   48.0317  147.2036    0.14700   -0.00203
  9.2250   37.76200   70.20000   48.0300  147.2382    0.16200    0.00744
  9.2333   37.56100   70.34800   48.0282  147.2730    0.18600    0.00614
  9.2417   37.36100   70.49600   48.0262  147.3079    0.18700    0.00805
  9.2500   37.16100   70.64400   48.0242  147.3430    0.21700    0.00186
  9.2583   36.96100   70.79300   48.0220  147.3784    0.20400   -0.00219
  9.2667   36.76200   70.94100   48.0198  147.4140    0.21700   -0.01233
  9.2750   36.56200   71.09000   48.0175  147.4499    0.22100   -0.01651
  9.2833   36.36300   71.23900   48.0151  147.4860    0.23700   -0.01439
  9.2917   36.16500   71.38800   48.0125  147.5221    0.28000   -0.00905
  9.3000   35.96600   71.53700   48.0099  147.5587    0.29800   -0.00293
  9.3083   35.76800   71.68700   48.0072  147.5955    0.31900   -0.00064
  9.3167   35.57000   71.83600   48.0043  147.6324    0.34500   -0.00025
  9.3250   35.37300   71.98500   48.0014  147.6695    0.35900   -0.00384
  9.3333   35.17500   72.13500   47.9984  147.7071    0.36500   -0.00458
  9.3417   34.97800   72.28100   47.9955  147.7447    0.40800   -0.00740
  9.3500   34.78000   72.42800   47.9924  147.7827    0.41500   -0.00937
  9.3583   34.58300   72.57400   47.9893  147.8209    0.42800   -0.01732
  9.3667   34.38700   72.72100   47.9860  147.8592    0.44500   -0.02188
  9.3750   34.19000   72.86800   47.9827  147.8979    0.46900   -0.02251
  9.3833   33.99400   73.01500   47.9792  147.9368    0.50400   -0.01737
  9.3917   33.79800   73.16200   47.9757  147.9760    0.55200   -0.00728
  9.4000   33.60200   73.31000   47.9719  148.0155    0.60300    0.00171
  9.4083   33.40700   73.45700   47.9682  148.0551    0.63500    0.00076
  9.4167   33.21100   73.60500   47.9642  148.0952    0.63600   -0.00014
  9.4250   33.01700   73.75300   47.9602  148.1353    0.69000   -0.00658
  9.4333   32.82200   73.90100   47.9560  148.1759    0.69700   -0.00802
  9.4417   32.62700   74.04900   47.9518  148.2168    0.72800   -0.01332
  9.4500   32.43300   74.19700   47.9474  148.2578    0.76700   -0.00801
  9.4583   32.23900   74.34500   47.9429  148.2991    0.83100   -0.00304
  9.4667   32.04600   74.49400   47.9382  148.3406    0.86000   -0.00207
  9.4750   31.85200   74.64200   47.9335  148.3826    0.87800   -0.00255
  9.4833   31.65900   74.79100   47.9286  148.4248    0.93100   -0.00577
  9.4917   31.46600   74.94000   47.9235  148.4673    0.94500   -0.00328
  9.5000   31.27300   75.08800   47.9185  148.5101    0.99400   -0.00302
  9.5083   31.08100   75.23400   47.9134  148.5530    1.04000    0.00629
  9.5167   30.88800   75.38000   47.9082  148.5964    1.10500    0.00862
  9.5250   30.69600   75.52600   47.9029  148.6400    1.11800    0.01014
  9.5333   30.50400   75.67300   47.8974  148.6840    1.15800    0.00316
  9.5417   30.31200   75.81900   47.8919  148.7283    1.17300    0.00148
  9.5500   30.12000   75.96600   47.8862  148.7731    1.21000   -0.00477
  9.5583   29.92900   76.11200   47.8803  148.8179    1.22400   -0.00201
  9.5667   29.73800   76.25900   47.8743  148.8631    1.28700    0.00033
  9.5750   29.54700   76.40600   47.8682  148.9087    1.32400    0.01378
  9.5833   29.35700   76.55300   47.8619  148.9545    1.39700    0.02040
  9.5917   29.16600   76.70000   47.8555  149.0009    1.42100    0.02089
  9.6000   28.97600   76.84800   47.8489  149.0474    1.41800    0.01277
  9.6083   28.78600   76.99500   47.8422  149.0943    1.44000    0.00355
  9.6167   28.59700   77.14200   47.8354  149.1414    1.45600   -0.00144
  9.6250   28.40700   77.29000   47.8283  149.1891    1.47800   -0.00310
  9.6333   28.21800   77.43800   47.8211  149.2370    1.52000   -0.00091
  9.6417   28.02900   77.58500   47.8139  149.2853    1.55900    0.00591
  9.6500   27.84000   77.73300   47.8064  149.3340    1.60300    0.00889
  9.6583   27.65200   77.88100   47.7987  149.3829    1.61800    0.00658
  9.6667   27.46400   78.02900   47.7909  149.4322    1.61700   -0.00063
  9.6750   27.27500   78.17400   47.7833  149.4821    1.63000   -0.00410
  9.6833   27.08700   78.32000   47.7753  149.5322    1.66600   -0.00160
  9.6917   26.90000   78.46500   47.7673  149.5825    1.70500    0.00369
  9.7000   26.71200   78.61100   47.7590  149.6335    1.73900    0.01134
  9.7083   26.52500   78.75700   47.7506  149.6847    1.79200    0.01384
  9.7167   26.33700   78.90300   47.7420  149.7366    1.80300    0.00656
  9.7250   26.15100   79.04900   47.7332  149.7884    1.77900   -0.00621
  9.7333   25.96400   79.19500   47.7243  149.8409    1.79500   -0.02321
  9.7417   25.77700   79.34100   47.7152  149.8940    1.77900   -0.02362
  9.7500   25.59100   79.48800   47.7059  149.9472    1.85200   -0.02106
  9.7583   25.40500   79.63400   47.6964  150.0008    1.89100   -0.00833
  9.7667   25.21900   79.78100   47.6867  150.0550    1.93900   -0.00155
  9.7750   25.03400   79.92700   47.6769  150.1094    1.98100    0.00340
  9.7833   24.84800   80.07400   47.6668  150.1645    2.01000    0.00629
  9.7917   24.66300   80.22100   47.6566  150.2199    2.04500    0.00454
  9.8000   24.47800   80.36800   47.6461  150.2757    2.05800   -0.00436
  9.8083   24.29300   80.51500   47.6354  150.3321    2.04700   -0.00966
  9.8167   24.10900   80.66100   47.6247  150.3886    2.11200   -0.01697
  9.8250   23.92500   80.80800   47.6136  150.4457    2.12300   -0.01402
  9.8333   23.74100   80.95500   47.6024  150.5033    2.17900   -0.01380
  9.8417   23.55600   81.10000   47.5911  150.5617    2.22700   -0.00572
  9.8500   23.37300   81.24500   47.5796  150.6201    2.28300   -0.00417
  9.8583   23.18900   81.39000   47.5679  150.6793    2.29900   -0.00431
  9.8667   23.00600   81.53500   47.5560  150.7387    2.33600   -0.00953
  9.8750   22.82200   81.68000   47.5439  150.7990    2.35900   -0.00988
  9.8833   22.63900   81.82500   47.5315  150.8595    2.40500   -0.00107
  9.8917   22.45700   81.97000   47.5190  150.9203    2.50200    0.00930
  9.9000   22.27400   82.11600   47.5061  150.9820    2.53700    0.01512
  9.9083   22.09200   82.26100   47.4931  151.0439    2.55900    0.01095
  9.9167   21.90900   82.40700   47.4797  151.1068    2.59300    0.00582
  9.9250   21.72700   82.55200   47.4662  151.1698    2.62500    0.00823
  9.9333   21.54600   82.69800   47.4524  151.2332    2.69200    0.00712
  9.9417   21.36400   82.84300   47.4384  151.2975    2.70300    0.00252
  9.9500   21.18300   82.98900   47.4241  151.3620    2.71200   -0.00607
  9.9583   21.00100   83.13500   47.4095  151.4276    2.75900   -0.01425
  9.9667   20.82000   83.28100   47.3947  151.4934    2.77500   -0.01827
  9.9750   20.64000   83.42700   47.3796  151.5594    2.80900   -0.01406
  9.9833   20.45900   83.57200   47.3643  151.6265    2.90900   -0.00916
  9.9917   20.27800   83.71800   47.3487  151.6942    2.92700   -0.00051
 10.0000   20.09800   83.86400   47.3327  151.7622    2.98900   -0.00498
 10.0083   19.91800   84.00800   47.3168  151.8309    3.00000   -0.00653
 10.0167   19.73800   84.15200   47.3005  151.9002    3.04200   -0.00948
 10.0250   19.55900   84.29600   47.2840  151.9698    3.09900    0.00015
 10.0333   19.37900   84.44000   47.2671  152.0405    3.20000    0.00326
 10.0417   19.20000   84.58400   47.2500  152.1114    3.20300   -0.00033
 10.0500   19.02000   84.72800   47.2326  152.1835    3.22300   -0.00222
 10.0583   18.84100   84.87300   47.2147  152.2559    3.34300   -0.01121
 10.0667   18.66300   85.01700   47.1967  152.3286    3.30300   -0.01533
 10.0750   18.48400   85.16100   47.1783  152.4024    3.35900   -0.02805
 10.0833   18.30600   85.30600   47.1595  152.4765    3.42100   -0.02253
 10.0917   18.12700   85.45000   47.1405  152.5518    3.51800   -0.02030
 10.1000   17.94900   85.59500   47.1210  152.6273    3.55900   -0.02620
 10.1083   17.77100   85.73900   47.1013  152.7037    3.57700   -0.03043
 10.1167   17.59400   85.88400   47.0812  152.7803    3.68900   -0.02437
 10.1250   17.41600   86.02800   47.0608  152.8582    3.80800   -0.02004
 10.1333   17.23900   86.17300   47.0399  152.9364    3.81300   -0.00837
 10.1417   17.06100   86.31700   47.0188  153.0159    3.97100   -0.00721
 10.1500   16.88400   86.46200   46.9972  153.0956    4.00400    0.00066
 10.1583   16.70700   86.60600   46.9754  153.1762    4.05300    0.01006
 10.1667   16.53100   86.75100   46.9530  153.2571    4.21600    0.02381
 10.1750   16.35400   86.89400   46.9305  153.3393    4.27300    0.05381
 10.1833   16.17800   87.03700   46.9077  153.4219    4.43400    0.06790
 10.1917   16.00200   87.18000   46.8844  153.5053    4.48100    0.07702
 10.2000   15.82600   87.32300   46.8607  153.5896    4.50200    0.07080
 10.2083   15.65000   87.46600   46.8366  153.6747    4.54500    0.04911
 10.2167   15.47400   87.60900   46.8121  153.7607    4.47000    0.01948
 10.2250   15.29900   87.75200   46.7872  153.8470    4.42200    0.00488
 10.2333   15.12400   87.89500   46.7618  153.9342    4.57200   -0.01809
 10.2417   14.94800   88.03800   46.7359  154.0228    4.41800   -0.02745
 10.2500   14.77300   88.18100   46.7097  154.1117    4.46300   -0.04079
 10.2583   14.59900   88.32400   46.6830  154.2011    4.56900   -0.02777
 10.2667   14.42400   88.46700   46.6558  154.2919    4.60500   -0.01529
 10.2750   14.24900   88.61000   46.6281  154.3836    4.64400    0.00091
 10.2833   14.07500   88.75300   46.5999  154.4757    4.78000    0.00977
 10.2917   13.90100   88.89600   46.5713  154.5687    4.77700    0.01572
 10.3000   13.72700   89.03900   46.5421  154.6627    4.80100    0.00917
 10.3083   13.55300   89.18200   46.5125  154.7576    4.84800   -0.00609
 10.3167   13.37900   89.32500   46.4823  154.8535    4.76800   -0.01662
 10.3250   13.20500   89.46800   46.4515  154.9504    4.83300   -0.02827
 10.3333   13.03200   89.61100   46.4203  155.0476    4.88400   -0.03706
 10.3417   12.85900   89.75300   46.3887  155.1459    4.84500   -0.03260
 10.3500   12.68600   89.89400   46.3567  155.2452    5.04500   -0.02905
 10.3583   12.51300   90.03600   46.3239  155.3455    5.10700   -0.00205
 10.3667   12.34000   90.17700   46.2907  155.4468    5.30200   -0.01769
 10.3750   12.16800   90.31900   46.2569  155.5485    5.18000   -0.04035
 10.3833   11.99500   90.46000   46.2225  155.6519    5.23700   -0.09680
 10.3917   11.82300   90.60200   46.1874  155.7556    5.21000   -0.14943
 10.4000   11.65100   90.74300   46.1519  155.8604    5.20100   -0.17767
 10.4083   11.47900   90.88500   46.1156  155.9662    5.54100   -0.20954
 10.4167   11.30700   91.02600   46.0787  156.0732    5.55900   -0.20905
 10.4250   11.13500   91.16800   46.0411  156.1811    5.89300   -0.23038
 10.4333   10.96300   91.30900   46.0030  156.2902    6.06900   -0.20394
 10.4417   10.79200   91.45100   45.9641  156.3997    6.51500   -0.20090
 10.4500   10.62100   91.59200   45.9246  156.5102    6.65900   -0.15204
 10.4583   10.44900   91.73300   45.8844  156.6225    7.27100   -0.10080
 10.4667   10.27800   91.87500   45.8434  156.7353    7.79300   -0.02326
 10.4750   10.10700   92.01600   45.8019  156.8491    8.26400    0.03830
 10.4833    9.93700   92.15700   45.7597  156.9634    8.82400    0.09068
 10.4917    9.76600   92.29800   45.7166  157.0795    9.30900    0.12649
 10.5000    9.59500   92.43900   45.6728  157.1967    9.64300    0.08218
 10.5083    9.42500   92.57900   45.6284  157.3143    9.48200    0.02538
 10.5167    9.25500   92.71900   45.5834  157.4331    9.86200   -0.01723
 10.5250    9.08500   92.85900   45.5374  157.5531   10.30400   -0.03855
 10.5333    8.91500   92.99800   45.4909  157.6742   10.32200   -0.02585
 10.5417    8.74600   93.13800   45.4435  157.7957   10.97400    0.05347
 10.5500    8.57600   93.27800   45.3951  157.9191   11.97100    0.13064
 10.5583    8.40700   93.41800   45.3460  158.0428   11.92400    0.15372
 10.5667    8.23800   93.55700   45.2962  158.1678   12.03300    0.11965
 10.5750    8.06800   93.69700   45.2453  158.2946   12.44300    0.09817
 10.5833    7.89900   93.83700   45.1935  158.4219   12.44000    0.10318
 10.5917    7.73000   93.97600   45.1411  158.5503   12.74800    0.10654
 10.6000    7.56200   94.11600   45.0877  158.6791   13.10500    0.10561
 10.6083    7.39300   94.25500   45.0333  158.8099   13.01300    0.10884
 10.6167    7.22400   94.39400   44.9781  158.9418   13.29600    0.09363
 10.6250    7.05600   94.53400   44.9218  159.0741   13.40900    0.12530
 10.6333    6.88700   94.67300   44.8646  159.2084   13.65500    0.15704
 10.6417    6.71900   94.81200   44.8065  159.3430   13.84100    0.17253
 10.6500    6.55100   94.95100   44.7475  159.4788   13.71900    0.16664
 10.6583    6.38300   95.09000   44.6874  159.6158   13.70800    0.11641
 10.6667    6.21500   95.22900   44.6263  159.7539   13.65100    0.07909
 10.6750    6.04800   95.36700   44.5646  159.8924   13.55100    0.04071
 10.6833    5.88000   95.50400   44.5017  160.0330   13.43300    0.00941
 10.6917    5.71300   95.64200   44.4378  160.1738   13.28100    0.00878
 10.7000    5.54600   95.78000   44.3728  160.3158   13.30800    0.01174
 10.7083    5.37900   95.91800   44.3067  160.4588   13.16000    0.01561
 10.7167    5.21200   96.05600   44.2395  160.6031   12.99300    0.00185
 10.7250    5.04500   96.19300   44.1714  160.7486   12.79100    0.00000

