hmax        =    300
wind_bottom =      2
wind_top    =     10
critlon     =      0
tbeg, h     =   0.00
tend, h     =  24.00
c_ionex     =      0
c_vert      =      1
time, gamma, az, latp, lonp, tec, tec_filtered
  7.4250   14.36200  -71.57800   48.9775  131.1960   31.99700    0.00000
  7.4333   14.53700  -71.45700   48.9826  131.2985   30.68300   -0.05380
  7.4417   14.71200  -71.33600   48.9875  131.3998   30.68000   -0.10522
  7.4500   14.88700  -71.21600   48.9920  131.4999   30.63600   -0.02916
  7.4583   15.06200  -71.09600   48.9964  131.5989   30.37000    0.03002
  7.4667   15.23800  -70.97600   49.0004  131.6973   30.07300    0.07710
  7.4750   15.41400  -70.85700   49.0041  131.7945   29.73000    0.12492
  7.4833   15.59000  -70.73700   49.0078  131.8906   29.30200    0.16065
  7.4917   15.76600  -70.61900   49.0110  131.9856   28.81500    0.16816
  7.5000   15.94200  -70.50000   49.0141  132.0795   28.25800    0.14590
  7.5083   16.11900  -70.38000   49.0171  132.1729   27.66900    0.09752
  7.5167   16.29500  -70.26000   49.0200  132.2647   27.07000    0.02627
  7.5250   16.47200  -70.14000   49.0227  132.3560   26.45000   -0.05777
  7.5333   16.64900  -70.02000   49.0252  132.4462   25.82000   -0.13703
  7.5417   16.82700  -69.90100   49.0273  132.5359   25.26700   -0.20496
  7.5500   17.00400  -69.78200   49.0294  132.6240   24.76400   -0.25381
  7.5583   17.18200  -69.66300   49.0312  132.7117   24.32800   -0.29578
  7.5667   17.36000  -69.54500   49.0328  132.7983   23.88700   -0.32299
  7.5750   17.53800  -69.42700   49.0342  132.8839   23.55800   -0.34057
  7.5833   17.71700  -69.30900   49.0354  132.9690   23.26400   -0.33704
  7.5917   17.89500  -69.19200   49.0365  133.0527   23.04700   -0.31424
  7.6000   18.07400  -69.07500   49.0373  133.1359   22.92400   -0.27011
  7.6083   18.25300  -68.95800   49.0380  133.2181   22.84400   -0.20651
  7.6167   18.43300  -68.84100   49.0385  133.2999   22.82000   -0.12967
  7.6250   18.61200  -68.72500   49.0388  133.3802   22.83900   -0.04278
  7.6333   18.79200  -68.60900   49.0390  133.4601   22.86600    0.04254
  7.6417   18.97200  -68.49400   49.0389  133.5391   22.85500    0.11344
  7.6500   19.15200  -68.37900   49.0388  133.6172   22.78800    0.17040
  7.6583   19.33200  -68.26400   49.0385  133.6944   22.72800    0.20309
  7.6667   19.51300  -68.15000   49.0379  133.7711   22.55600    0.21279
  7.6750   19.69300  -68.03400   49.0375  133.8467   22.33200    0.20026
  7.6833   19.87400  -67.91800   49.0370  133.9218   22.11500    0.16842
  7.6917   20.05600  -67.80200   49.0363  133.9965   21.79800    0.13249
  7.7000   20.23700  -67.68600   49.0356  134.0700   21.52700    0.08606
  7.7083   20.41900  -67.57100   49.0346  134.1430   21.21400    0.04016
  7.7167   20.60000  -67.45600   49.0335  134.2149   20.87300   -0.01103
  7.7250   20.78200  -67.34200   49.0323  134.2863   20.53700   -0.04894
  7.7333   20.96500  -67.22800   49.0309  134.3572   20.28700   -0.07344
  7.7417   21.14700  -67.11400   49.0294  134.4271   20.01200   -0.08285
  7.7500   21.33000  -67.00100   49.0278  134.4965   19.76400   -0.08190
  7.7583   21.51300  -66.88800   49.0260  134.5652   19.57600   -0.07816
  7.7667   21.69600  -66.77500   49.0242  134.6331   19.32500   -0.06746
  7.7750   21.88000  -66.66300   49.0221  134.7006   19.13200   -0.05502
  7.7833   22.06300  -66.55100   49.0201  134.7670   18.97000   -0.03796
  7.7917   22.24700  -66.44000   49.0178  134.8330   18.76600   -0.02779
  7.8000   22.43100  -66.32900   49.0155  134.8983   18.54900   -0.02311
  7.8083   22.61600  -66.21800   49.0130  134.9633   18.37300   -0.02459
  7.8167   22.80000  -66.10800   49.0105  135.0272   18.14800   -0.01696
  7.8250   22.98500  -65.99800   49.0078  135.0907   18.00000   -0.01537
  7.8333   23.17000  -65.88900   49.0050  135.1535   17.79200   -0.00129
  7.8417   23.35500  -65.77700   49.0024  135.2158   17.64500    0.00292
  7.8500   23.54000  -65.66600   48.9997  135.2774   17.43100    0.01733
  7.8583   23.72600  -65.55500   48.9969  135.3386   17.28000    0.02531
  7.8667   23.91200  -65.44400   48.9940  135.3992   17.08600    0.04039
  7.8750   24.09800  -65.33400   48.9909  135.4592   16.90900    0.04747
  7.8833   24.28400  -65.22400   48.9879  135.5185   16.70300    0.05516
  7.8917   24.47100  -65.11500   48.9846  135.5775   16.50800    0.05214
  7.9000   24.65800  -65.00600   48.9813  135.6358   16.26400    0.04826
  7.9083   24.84500  -64.89700   48.9780  135.6936   16.05200    0.03289
  7.9167   25.03200  -64.78900   48.9745  135.7507   15.79400    0.00887
  7.9250   25.22000  -64.68100   48.9709  135.8075   15.50800   -0.01663
  7.9333   25.40800  -64.57400   48.9673  135.8637   15.30400   -0.04201
  7.9417   25.59600  -64.46700   48.9635  135.9193   15.06600   -0.06281
  7.9500   25.78400  -64.36100   48.9597  135.9743   14.83200   -0.08956
  7.9583   25.97300  -64.25500   48.9558  136.0290   14.62100   -0.12128
  7.9667   26.16100  -64.14900   48.9519  136.0829   14.38800   -0.15431
  7.9750   26.35000  -64.04400   48.9479  136.1365   14.18300   -0.17970
  7.9833   26.54000  -63.94000   48.9436  136.1897   14.05400   -0.19392
  7.9917   26.72900  -63.83600   48.9395  136.2422   13.91900   -0.18926
  8.0000   26.91900  -63.73200   48.9352  136.2943   13.84800   -0.17716
  8.0083   27.10900  -63.62600   48.9311  136.3461   13.78100   -0.14980
  8.0167   27.29900  -63.52000   48.9269  136.3974   13.74600   -0.11258
  8.0250   27.48900  -63.41500   48.9227  136.4481   13.73800   -0.05798
  8.0333   27.68000  -63.31000   48.9183  136.4985   13.77000    0.00707
  8.0417   27.87100  -63.20600   48.9139  136.5484   13.79000    0.08058
  8.0500   28.06200  -63.10200   48.9095  136.5978   13.82400    0.14733
  8.0583   28.25300  -62.99800   48.9050  136.6468   13.80900    0.20287
  8.0667   28.44500  -62.89500   48.9004  136.6954   13.75200    0.22418
  8.0750   28.63700  -62.79300   48.8957  136.7436   13.58100    0.22347
  8.0833   28.82900  -62.69100   48.8910  136.7912   13.42600    0.20685
  8.0917   29.02100  -62.59000   48.8862  136.8384   13.26500    0.17950
  8.1000   29.21400  -62.48900   48.8813  136.8853   13.01500    0.14502
  8.1083   29.40700  -62.38800   48.8764  136.9318   12.80200    0.09984
  8.1167   29.60000  -62.28800   48.8715  136.9778   12.56200    0.05567
  8.1250   29.79300  -62.18900   48.8664  137.0233   12.29600    0.00894
  8.1333   29.98700  -62.09000   48.8613  137.0686   12.04400   -0.03934
  8.1417   30.18100  -61.99200   48.8562  137.1134   11.77500   -0.07195
  8.1500   30.37500  -61.89400   48.8510  137.1579   11.57600   -0.09511
  8.1583   30.56900  -61.79700   48.8457  137.2018   11.36900   -0.10311
  8.1667   30.76400  -61.70000   48.8404  137.2455   11.18000   -0.10856
  8.1750   30.95900  -61.60100   48.8352  137.2889   10.99900   -0.10146
  8.1833   31.15400  -61.50100   48.8301  137.3320   10.86700   -0.08527
  8.1917   31.34900  -61.40300   48.8248  137.3746   10.73700   -0.06470
  8.2000   31.54400  -61.30500   48.8196  137.4167   10.59500   -0.05319
  8.2083   31.74000  -61.20700   48.8142  137.4587   10.43400   -0.03851
  8.2167   31.93600  -61.11000   48.8089  137.5003   10.34200   -0.02735
  8.2250   32.13300  -61.01400   48.8033  137.5416   10.20700   -0.01662
  8.2333   32.32900  -60.91800   48.7979  137.5824   10.06700   -0.01694
  8.2417   32.52600  -60.82300   48.7923  137.6229    9.94100   -0.02190
  8.2500   32.72300  -60.72800   48.7867  137.6630    9.80200   -0.02806
  8.2583   32.92100  -60.63400   48.7811  137.7030    9.67400   -0.03782
  8.2667   33.11800  -60.54100   48.7754  137.7423    9.54600   -0.04699
  8.2750   33.31600  -60.44800   48.7696  137.7815    9.42200   -0.05525
  8.2833   33.51400  -60.35600   48.7638  137.8203    9.30900   -0.05968
  8.2917   33.71300  -60.26400   48.7580  137.8589    9.21100   -0.05918
  8.3000   33.91200  -60.17300   48.7521  137.8971    9.12100   -0.05461
  8.3083   34.11000  -60.08300   48.7462  137.9348    9.04000   -0.04742
  8.3167   34.31000  -59.99300   48.7402  137.9725    8.96400   -0.03763
  8.3250   34.50900  -59.90400   48.7342  138.0096    8.89600   -0.03140
  8.3333   34.70900  -59.81600   48.7281  138.0466    8.80200   -0.01781
  8.3417   34.90900  -59.72400   48.7223  138.0834    8.76300   -0.00769
  8.3500   35.10900  -59.63300   48.7163  138.1198    8.67500    0.00520
  8.3583   35.30900  -59.54300   48.7104  138.1558    8.58900    0.01610
  8.3667   35.51000  -59.45300   48.7044  138.1917    8.53400    0.03128
  8.3750   35.71000  -59.36400   48.6984  138.2272    8.46000    0.05979
  8.3833   35.91200  -59.27600   48.6922  138.2625    8.42900    0.08401
  8.3917   36.11300  -59.18800   48.6861  138.2974    8.34400    0.10462
  8.4000   36.31500  -59.10100   48.6799  138.3322    8.24200    0.10661
  8.4083   36.51700  -59.01400   48.6738  138.3666    8.11300    0.10069
  8.4167   36.71900  -58.92800   48.6675  138.4007    7.98100    0.07868
  8.4250   36.92200  -58.84300   48.6612  138.4346    7.79500    0.05207
  8.4333   37.12400  -58.75900   48.6549  138.4681    7.63900    0.02503
  8.4417   37.32700  -58.67500   48.6486  138.5014    7.50200    0.00406
  8.4500   37.53100  -58.59200   48.6422  138.5345    7.34600   -0.01731
  8.4583   37.73400  -58.51000   48.6357  138.5672    7.19000   -0.03545
  8.4667   37.93800  -58.42900   48.6292  138.5997    7.06900   -0.05531
  8.4750   38.14200  -58.34800   48.6228  138.6320    6.90600   -0.06969
  8.4833   38.34600  -58.26800   48.6162  138.6639    6.77800   -0.08868
  8.4917   38.55100  -58.18900   48.6096  138.6957    6.64300   -0.09879
  8.5000   38.75600  -58.11100   48.6030  138.7272    6.53100   -0.10536
  8.5083   38.96100  -58.02900   48.5966  138.7585    6.43400   -0.10294
  8.5167   39.16600  -57.94800   48.5901  138.7896    6.35600   -0.08624
  8.5250   39.37100  -57.86700   48.5837  138.8204    6.32200   -0.06868
  8.5333   39.57700  -57.78800   48.5771  138.8511    6.24100   -0.04409
  8.5417   39.78300  -57.70900   48.5705  138.8815    6.20500   -0.02947
  8.5500   39.98900  -57.63100   48.5639  138.9116    6.13700   -0.01424
  8.5583   40.19600  -57.55300   48.5573  138.9416    6.06900   -0.00590
  8.5667   40.40300  -57.47700   48.5506  138.9713    6.01100    0.00655
  8.5750   40.61000  -57.40100   48.5439  139.0007    5.97000    0.01797
  8.5833   40.81700  -57.32600   48.5372  139.0299    5.90300    0.02966
  8.5917   41.02500  -57.25200   48.5304  139.0589    5.85100    0.03034
  8.6000   41.23300  -57.17900   48.5236  139.0877    5.76400    0.03102
  8.6083   41.44100  -57.10700   48.5167  139.1162    5.69500    0.02708
  8.6167   41.64900  -57.03500   48.5099  139.1445    5.61900    0.02543
  8.6250   41.85800  -56.96500   48.5030  139.1726    5.53600    0.02292
  8.6333   42.06700  -56.89500   48.4961  139.2005    5.46000    0.01832
  8.6417   42.27600  -56.82700   48.4891  139.2281    5.37200    0.01313
  8.6500   42.48600  -56.75900   48.4821  139.2556    5.28600    0.00533
  8.6583   42.69500  -56.69200   48.4751  139.2827    5.19700    0.00222
  8.6667   42.90500  -56.62600   48.4681  139.3098    5.12600   -0.00048
  8.6750   43.11500  -56.55600   48.4612  139.3367    5.03600   -0.00128
  8.6833   43.32500  -56.48800   48.4543  139.3634    4.95100   -0.00743
  8.6917   43.53600  -56.42000   48.4473  139.3900    4.85400   -0.01100
  8.7000   43.74700  -56.35200   48.4404  139.4164    4.77300   -0.01110
  8.7083   43.95800  -56.28600   48.4334  139.4426    4.70100   -0.00705
  8.7167   44.16900  -56.22100   48.4264  139.4685    4.62200    0.00267
  8.7250   44.38100  -56.15700   48.4193  139.4943    4.56700    0.01144
  8.7333   44.59300  -56.09400   48.4122  139.5198    4.49400    0.01559
  8.7417   44.80500  -56.03200   48.4051  139.5452    4.39900    0.00766
  8.7500   45.01800  -55.97100   48.3980  139.5704    4.29700   -0.00383
  8.7583   45.23000  -55.91100   48.3908  139.5953    4.21200   -0.01566
  8.7667   45.44300  -55.85200   48.3836  139.6201    4.12000   -0.02616
  8.7750   45.65600  -55.79400   48.3764  139.6447    4.02900   -0.03522
  8.7833   45.87000  -55.73700   48.3691  139.6692    3.95600   -0.03646
  8.7917   46.08300  -55.68100   48.3619  139.6933    3.90100   -0.03282
  8.8000   46.29700  -55.62700   48.3546  139.7174    3.83500   -0.02954
  8.8083   46.51100  -55.57300   48.3473  139.7412    3.76600   -0.03090
  8.8167   46.72600  -55.52100   48.3399  139.7650    3.69700   -0.03297
  8.8250   46.94000  -55.47000   48.3325  139.7884    3.63400   -0.03802
  8.8333   47.15500  -55.42000   48.3251  139.8117    3.56000   -0.03549
  8.8417   47.37000  -55.36500   48.3179  139.8351    3.52800   -0.03447
  8.8500   47.58500  -55.31200   48.3106  139.8582    3.46400   -0.02959
  8.8583   47.80100  -55.26000   48.3033  139.8812    3.40900   -0.02448
  8.8667   48.01600  -55.21000   48.2960  139.9039    3.38100   -0.01544
  8.8750   48.23300  -55.16000   48.2886  139.9266    3.33400    0.00142
  8.8833   48.44900  -55.11200   48.2812  139.9491    3.30900    0.01315
  8.8917   48.66500  -55.06500   48.2739  139.9713    3.26000    0.02732
  8.9000   48.88200  -55.01900   48.2664  139.9935    3.22100    0.03470
  8.9083   49.09900  -54.97400   48.2590  140.0154    3.16700    0.04120
  8.9167   49.31600  -54.93100   48.2515  140.0372    3.11100    0.04005
  8.9250   49.53400  -54.88900   48.2440  140.0589    3.03700    0.03730
  8.9333   49.75100  -54.84900   48.2365  140.0803    2.97300    0.03538
  8.9417   49.96900  -54.80900   48.2290  140.1016    2.91600    0.03710
  8.9500   50.18700  -54.77200   48.2214  140.1228    2.85200    0.03643
  8.9583   50.40500  -54.73500   48.2138  140.1438    2.77500    0.03547
  8.9667   50.62400  -54.70000   48.2061  140.1646    2.71200    0.02928
  8.9750   50.84200  -54.66700   48.1985  140.1852    2.62600    0.01769
  8.9833   51.06100  -54.63500   48.1908  140.2058    2.52600    0.00017
  8.9917   51.28000  -54.60400   48.1832  140.2261    2.44100   -0.01866
  9.0000   51.50000  -54.57500   48.1754  140.2464    2.35100   -0.03022
  9.0083   51.71900  -54.54200   48.1679  140.2666    2.28200   -0.03959
  9.0167   51.93900  -54.51000   48.1603  140.2867    2.20900   -0.04698
  9.0250   52.15900  -54.47900   48.1527  140.3067    2.13100   -0.05096
  9.0333   52.37900  -54.45000   48.1450  140.3265    2.07800   -0.05352
  9.0417   52.60000  -54.42300   48.1373  140.3462    2.01500   -0.04965
  9.0500   52.82000  -54.39700   48.1297  140.3656    1.96600   -0.04790
  9.0583   53.04100  -54.37300   48.1220  140.3850    1.91200   -0.04160
  9.0667   53.26200  -54.35000   48.1143  140.4043    1.87300   -0.03647
  9.0750   53.48400  -54.33000   48.1064  140.4234    1.82700   -0.02711
  9.0833   53.70500  -54.31000   48.0987  140.4423    1.79500   -0.02117
  9.0917   53.92700  -54.29300   48.0909  140.4611    1.74800   -0.01217
  9.1000   54.14800  -54.27800   48.0831  140.4797    1.71700   -0.00806
  9.1083   54.37000  -54.26400   48.0752  140.4983    1.67100   -0.00031
  9.1167   54.59200  -54.25200   48.0674  140.5166    1.64000    0.00764
  9.1250   54.81500  -54.24200   48.0595  140.5350    1.61200    0.01841
  9.1333   55.03700  -54.23400   48.0516  140.5530    1.57600    0.02533
  9.1417   55.26000  -54.22800   48.0436  140.5710    1.53100    0.02668
  9.1500   55.48200  -54.22400   48.0357  140.5888    1.48200    0.02273
  9.1583   55.70500  -54.22200   48.0277  140.6066    1.42700    0.01699
  9.1667   55.92800  -54.22200   48.0197  140.6241    1.37500    0.01119
  9.1750   56.15200  -54.21700   48.0118  140.6418    1.32600    0.00801
  9.1833   56.37500  -54.21400   48.0040  140.6593    1.28000    0.00412
  9.1917   56.59900  -54.21400   47.9960  140.6767    1.22700    0.00012
  9.2000   56.82300  -54.21500   47.9881  140.6940    1.17800   -0.00875
  9.2083   57.04700  -54.21900   47.9802  140.7111    1.11500   -0.01802
  9.2167   57.27100  -54.22500   47.9722  140.7281    1.06100   -0.02640
  9.2250   57.49500  -54.23300   47.9642  140.7449    1.01700   -0.02993
  9.2333   57.72000  -54.24300   47.9562  140.7617    0.97500   -0.03177
  9.2417   57.94400  -54.25600   47.9482  140.7783    0.93100   -0.03276
  9.2500   58.16900  -54.27100   47.9401  140.7949    0.89400   -0.03299
  9.2583   58.39400  -54.28900   47.9320  140.8113    0.85800   -0.02890
  9.2667   58.61900  -54.30900   47.9239  140.8276    0.83400   -0.02763
  9.2750   58.84400  -54.33200   47.9158  140.8437    0.79300   -0.02907
  9.2833   59.06900  -54.35700   47.9076  140.8597    0.75400   -0.02797
  9.2917   59.29400  -54.38500   47.8995  140.8756    0.74400   -0.02455
  9.3000   59.51900  -54.41600   47.8913  140.8914    0.71700   -0.01662
  9.3083   59.74500  -54.44900   47.8831  140.9071    0.69900   -0.01559
  9.3167   59.97000  -54.48600   47.8748  140.9227    0.67100   -0.01800
  9.3250   60.19500  -54.52500   47.8666  140.9381    0.63800   -0.02625
  9.3333   60.42100  -54.56700   47.8583  140.9534    0.60700   -0.02462
  9.3417   60.64700  -54.60500   47.8501  140.9688    0.61900   -0.02005
  9.3500   60.87300  -54.64500   47.8420  140.9841    0.60000   -0.01271
  9.3583   61.09900  -54.68800   47.8338  140.9993    0.58100   -0.01790
  9.3667   61.32500  -54.73500   47.8256  141.0144    0.55300   -0.01921
  9.3750   61.55100  -54.78500   47.8174  141.0293    0.54900   -0.02245
  9.3833   61.77700  -54.83800   47.8091  141.0441    0.52600   -0.01897
  9.3917   62.00400  -54.89400   47.8008  141.0589    0.52200   -0.01335
  9.4000   62.23000  -54.95400   47.7925  141.0735    0.52800    0.00050
  9.4083   62.45600  -55.01700   47.7842  141.0881    0.53400    0.01182
  9.4167   62.68300  -55.08400   47.7759  141.1025    0.52400    0.01659
  9.4250   62.90900  -55.15400   47.7675  141.1169    0.50800    0.01267
  9.4333   63.13500  -55.22900   47.7591  141.1310    0.48400    0.00758
  9.4417   63.36100  -55.30700   47.7507  141.1451    0.46700    0.00371
  9.4500   63.58700  -55.38900   47.7423  141.1591    0.45300    0.00831
  9.4583   63.81300  -55.47500   47.7339  141.1730    0.45500    0.01322
  9.4667   64.03900  -55.56500   47.7254  141.1868    0.43800    0.02118
  9.4750   64.26500  -55.65900   47.7169  141.2005    0.43400    0.02010
  9.4833   64.49100  -55.75800   47.7084  141.2141    0.40500    0.02223
  9.4917   64.71700  -55.86100   47.6999  141.2276    0.39600    0.02217
  9.5000   64.94200  -55.96900   47.6913  141.2409    0.38200    0.02091
  9.5083   65.16800  -56.07300   47.6829  141.2543    0.34800    0.01035
  9.5167   65.39500  -56.18100   47.6744  141.2678    0.31000   -0.00650
  9.5250   65.62000  -56.29300   47.6660  141.2810    0.27600   -0.01859
  9.5333   65.84600  -56.41100   47.6575  141.2942    0.25700   -0.02493
  9.5417   66.07200  -56.53400   47.6489  141.3073    0.23600   -0.01760
  9.5500   66.29700  -56.66200   47.6404  141.3203    0.24500   -0.01385
  9.5583   66.52300  -56.79600   47.6318  141.3332    0.21500   -0.01037
  9.5667   66.74800  -56.93400   47.6233  141.3460    0.19500   -0.01048
  9.5750   66.97300  -57.07900   47.6146  141.3587    0.19400   -0.00755
  9.5833   67.19800  -57.22900   47.6060  141.3713    0.17500    0.00046
  9.5917   67.42200  -57.38500   47.5974  141.3838    0.17200   -0.00039
  9.6000   67.64600  -57.54800   47.5887  141.3962    0.14600   -0.00945
  9.6083   67.87000  -57.71600   47.5800  141.4085    0.10600   -0.01918
  9.6167   68.09300  -57.89100   47.5713  141.4207    0.10800   -0.02952
  9.6250   68.31700  -58.07300   47.5626  141.4329    0.08700   -0.02451
  9.6333   68.53900  -58.26200   47.5538  141.4449    0.10100   -0.02326
  9.6417   68.76200  -58.45700   47.5450  141.4569    0.09400   -0.02114
  9.6500   68.98400  -58.66000   47.5362  141.4687    0.07700   -0.02525
  9.6583   69.20600  -58.87000   47.5274  141.4805    0.07100   -0.03388
  9.6667   69.42700  -59.08800   47.5186  141.4922    0.04900   -0.03357
  9.6750   69.64800  -59.30300   47.5099  141.5039    0.06000   -0.02921
  9.6833   69.87000  -59.52600   47.5011  141.5157    0.06800   -0.01082
  9.6917   70.09100  -59.75800   47.4923  141.5273    0.09300    0.01103
  9.7000   70.31100  -59.99700   47.4835  141.5388    0.11600    0.03254
  9.7083   70.53100  -60.24600   47.4747  141.5503    0.12600    0.04075
  9.7167   70.75000  -60.50400   47.4658  141.5616    0.11000    0.03712
  9.7250   70.96900  -60.77100   47.4570  141.5729    0.09800    0.02272
  9.7333   71.18700  -61.04700   47.4481  141.5841    0.07400    0.00800
  9.7417   71.40400  -61.33300   47.4392  141.5952    0.05800   -0.00154
  9.7500   71.62100  -61.63000   47.4302  141.6062    0.06400   -0.00900
  9.7583   71.83600  -61.93700   47.4213  141.6171    0.04800   -0.01578
  9.7667   72.05200  -62.25500   47.4123  141.6280    0.03600   -0.02901
  9.7750   72.26600  -62.58400   47.4033  141.6387    0.02200   -0.02734
  9.7833   72.47900  -62.92500   47.3943  141.6494    0.05100   -0.01927
  9.7917   72.69200  -63.27800   47.3852  141.6600    0.05500   -0.00535
  9.8000   72.90300  -63.64200   47.3762  141.6705    0.05500   -0.00500
  9.8083   73.11400  -64.02000   47.3671  141.6810    0.04000   -0.00504
  9.8167   73.32300  -64.41100   47.3579  141.6913    0.04300   -0.00685
  9.8250   73.53100  -64.81500   47.3488  141.7016    0.03900   -0.00064
  9.8333   73.73800  -65.23300   47.3397  141.7118    0.05000    0.01153
  9.8417   73.94600  -65.65300   47.3306  141.7221    0.07400    0.02834
  9.8500   74.15200  -66.08800   47.3215  141.7323    0.08700    0.03536
  9.8583   74.35700  -66.53900   47.3124  141.7425    0.07200    0.02878
  9.8667   74.56000  -67.00500   47.3033  141.7525    0.05500    0.00741
  9.8750   74.76300  -67.48700   47.2941  141.7626    0.02300   -0.00776
  9.8833   74.96300  -67.98700   47.2849  141.7725    0.02600   -0.02386
  9.8917   75.16200  -68.50300   47.2757  141.7823    0.00700   -0.03229
  9.9000   75.36000  -69.03800   47.2665  141.7921    0.00000   -0.03863
  9.9083   75.55500  -69.59100   47.2573  141.8018    0.01100   -0.03396
  9.9167   75.74900  -70.16300   47.2480  141.8114    0.02800   -0.02713
  9.9250   75.94100  -70.75500   47.2387  141.8210    0.02800   -0.01519
  9.9333   76.13100  -71.36700   47.2294  141.8304    0.05500   -0.00893
  9.9417   76.31900  -72.00000   47.2200  141.8399    0.05500   -0.00123
  9.9500   76.50500  -72.65400   47.2106  141.8492    0.06300   -0.00410
  9.9583   76.68800  -73.33100   47.2012  141.8584    0.06300   -0.01010
  9.9667   76.86900  -74.03000   47.1918  141.8676    0.05900   -0.01528
  9.9750   77.04700  -74.75300   47.1824  141.8767    0.07300   -0.01938
  9.9833   77.22300  -75.49900   47.1729  141.8858    0.07600   -0.01173
  9.9917   77.39600  -76.27100   47.1634  141.8947    0.10600   -0.00669
 10.0000   77.56600  -77.06700   47.1539  141.9036    0.11100    0.00264
 10.0083   77.73500  -77.87600   47.1445  141.9126    0.12900    0.00515
 10.0167   77.90100  -78.71200   47.1350  141.9216    0.13900    0.01341
 10.0250   78.06400  -79.57500   47.1255  141.9305    0.16000    0.02079
 10.0333   78.22400  -80.46600   47.1160  141.9393    0.17100    0.03531
 10.0417   78.38000  -81.38500   47.1065  141.9480    0.19900    0.03734
 10.0500   78.53200  -82.33300   47.0969  141.9567    0.17800    0.02499
 10.0583   78.68000  -83.31000   47.0874  141.9653    0.14200    0.00403
 10.0667   78.82500  -84.31600   47.0777  141.9739    0.14400    0.00219
 10.0750   78.96500  -85.35300   47.0681  141.9823    0.18100    0.02013
 10.0833   79.10000  -86.41900   47.0584  141.9907    0.20500    0.03881
 10.0917   79.23100  -87.51600   47.0488  141.9990    0.20600    0.03580
 10.1000   79.35800  -88.64400   47.0390  142.0073    0.17800    0.01837
 10.1083   79.47900  -89.80100   47.0293  142.0155    0.15800   -0.00441
 10.1167   79.59500  -90.98900   47.0195  142.0236    0.14200   -0.02736
 10.1250   79.70600  -92.20600   47.0097  142.0317    0.11000   -0.04316
 10.1333   79.81100  -93.45200   46.9999  142.0397    0.11000   -0.03735
 10.1417   79.91100  -94.72800   46.9901  142.0477    0.16000   -0.02529
 10.1500   80.00400  -96.03100   46.9802  142.0555    0.14900   -0.01638
 10.1583   80.09200  -97.36000   46.9703  142.0633    0.14100   -0.02021
 10.1667   80.17300  -98.71600   46.9604  142.0710    0.15200   -0.00312
 10.1750   80.25100 -100.08700   46.9505  142.0789    0.20400    0.01139
 10.1833   80.32300 -101.48200   46.9406  142.0868    0.18900    0.01789
 10.1917   80.38700 -102.90000   46.9307  142.0945    0.18000    0.01112
 10.2000   80.44500 -104.33900   46.9208  142.1022    0.19700   -0.00132
 10.2083   80.49600 -105.79700   46.9108  142.1098    0.17300   -0.01940
 10.2167   80.54000 -107.27200   46.9008  142.1173    0.15400   -0.03545
 10.2250   80.57700 -108.76200   46.8908  142.1249    0.18000   -0.03507
 10.2333   80.60600 -110.26400   46.8807  142.1323    0.20700   -0.02729
 10.2417   80.62800 -111.77700   46.8706  142.1397    0.21200   -0.02333
 10.2500   80.64200 -113.29700   46.8605  142.1470    0.23000   -0.03144
 10.2583   80.64900 -114.82200   46.8504  142.1543    0.22100   -0.03180
 10.2667   80.64800 -116.34900   46.8402  142.1614    0.24800   -0.03175
 10.2750   80.64000 -117.87600   46.8300  142.1686    0.26700   -0.01480
 10.2833   80.62400 -119.39900   46.8198  142.1757    0.30900    0.00189
 10.2917   80.60100 -120.91800   46.8095  142.1827    0.33600    0.01253
 10.3000   80.57000 -122.42800   46.7992  142.1897    0.33800    0.01896
 10.3083   80.53200 -123.92700   46.7889  142.1966    0.36900    0.02571
 10.3167   80.48600 -125.41300   46.7786  142.2034    0.39600    0.03337
 10.3250   80.43300 -126.88400   46.7682  142.2102    0.39800    0.04400
 10.3333   80.37300 -128.33800   46.7578  142.2169    0.43700    0.03760
 10.3417   80.31000 -129.77400   46.7474  142.2238    0.41500    0.03191
 10.3500   80.23900 -131.19000   46.7370  142.2306    0.42100    0.01383
 10.3583   80.16200 -132.58400   46.7266  142.2374    0.42400    0.00036
 10.3667   80.07800 -133.95500   46.7162  142.2441    0.41400   -0.01253
 10.3750   79.98700 -135.30099   46.7057  142.2507    0.42100   -0.02019
 10.3833   79.89100 -136.62199   46.6952  142.2573    0.44100   -0.02928
 10.3917   79.78800 -137.91499   46.6846  142.2638    0.42900   -0.04179
 10.4000   79.67900 -139.18201   46.6741  142.2703    0.42700   -0.04549
 10.4083   79.56400 -140.41901   46.6634  142.2767    0.47100   -0.03630
 10.4167   79.44400 -141.62801   46.6528  142.2831    0.49500   -0.02505
 10.4250   79.31800 -142.80800   46.6421  142.2894    0.49800   -0.01431
 10.4333   79.18700 -143.95799   46.6314  142.2957    0.54000   -0.01060
 10.4417   79.05100 -145.07800   46.6207  142.3019    0.54500   -0.00016
 10.4500   78.91000 -146.16901   46.6099  142.3080    0.57200    0.01480
 10.4583   78.76400 -147.23000   46.5990  142.3141    0.63200    0.03230
 10.4667   78.61400 -148.26199   46.5882  142.3202    0.65000    0.04166
 10.4750   78.45900 -149.26500   46.5773  142.3262    0.65900    0.02180
 10.4833   78.30100 -150.23900   46.5664  142.3322    0.63900   -0.00093
 10.4917   78.13800 -151.18401   46.5554  142.3380    0.65600   -0.02964
 10.5000   77.97100 -152.10201   46.5444  142.3439    0.65300   -0.05376
 10.5083   77.80400 -153.00000   46.5335  142.3499    0.65400   -0.07427
 10.5167   77.63300 -153.87100   46.5225  142.3558    0.68800   -0.08489
 10.5250   77.45800 -154.71600   46.5115  142.3617    0.71800   -0.09002
 10.5333   77.28000 -155.53500   46.5004  142.3675    0.73400   -0.08210
 10.5417   77.09900 -156.33000   46.4894  142.3733    0.80300   -0.06335
 10.5500   76.91500 -157.10001   46.4782  142.3790    0.86300   -0.03196
 10.5583   76.72700 -157.84700   46.4670  142.3847    0.91600   -0.00241
 10.5667   76.53700 -158.57001   46.4558  142.3903    0.98200    0.02928
 10.5750   76.34400 -159.27200   46.4446  142.3959    1.05000    0.06623
 10.5833   76.14900 -159.95100   46.4333  142.4014    1.12100    0.09539
 10.5917   75.95100 -160.60899   46.4220  142.4069    1.16500    0.09782
 10.6000   75.75000 -161.24699   46.4106  142.4123    1.15300    0.07878
 10.6083   75.54800 -161.86501   46.3992  142.4177    1.16100    0.04432
 10.6167   75.34300 -162.46300   46.3878  142.4231    1.16200    0.02423
 10.6250   75.13600 -163.04300   46.3763  142.4284    1.19500    0.00942
 10.6333   74.92700 -163.60500   46.3648  142.4336    1.21200   -0.00216
 10.6417   74.71600 -164.14900   46.3532  142.4388    1.21700   -0.02010
 10.6500   74.50300 -164.67599   46.3416  142.4440    1.22500   -0.03866
 10.6583   74.28800 -165.18700   46.3299  142.4491    1.23800   -0.04647
 10.6667   74.07200 -165.68201   46.3183  142.4542    1.26700   -0.04597
 10.6750   73.85600 -166.16901   46.3066  142.4594    1.30000   -0.03334
 10.6833   73.63800 -166.64101   46.2949  142.4645    1.36500   -0.01553
 10.6917   73.41900 -167.09801   46.2831  142.4696    1.43700   -0.01997
 10.7000   73.19900 -167.54201   46.2714  142.4747    1.42900   -0.06843
 10.7083   72.97700 -167.97200   46.2596  142.4797    1.37200   -0.09849
 10.7167   72.75300 -168.38901   46.2477  142.4847    1.50700   -0.12702
 10.7250   72.52800 -168.79300   46.2357  142.4896    1.50900   -0.13505
 10.7333   72.30200 -169.18500   46.2238  142.4945    1.52100   -0.18111
 10.7417   72.07400 -169.56500   46.2117  142.4994    1.53600   -0.17750
 10.7500   71.84600 -169.93401   46.1997  142.5042    1.67700   -0.10358
 10.7583   71.61600 -170.29100   46.1876  142.5089    1.89500    0.02826
 10.7667   71.38500 -170.63800   46.1754  142.5136    2.08500    0.15434
 10.7750   71.15300 -170.97501   46.1632  142.5183    2.21100    0.21621
 10.7833   70.92000 -171.30200   46.1510  142.5230    2.23000    0.22085
 10.7917   70.68600 -171.61900   46.1386  142.5276    2.24700    0.22315
 10.8000   70.45100 -171.92599   46.1263  142.5321    2.36900    0.21322
 10.8083   70.21500 -172.22501   46.1139  142.5367    2.35500    0.16725
 10.8167   69.97900 -172.51500   46.1015  142.5411    2.26000    0.03027
 10.8250   69.74100 -172.79601   46.0890  142.5456    2.10400   -0.08994
 10.8333   69.50300 -173.06900   46.0764  142.5500    2.14600   -0.14818
 10.8417   69.26600 -173.34000   46.0639  142.5545    2.24000   -0.12872
 10.8500   69.02700 -173.60400   46.0513  142.5590    2.31400   -0.11490
 10.8583   68.78800 -173.85899   46.0387  142.5634    2.32300   -0.10996
 10.8667   68.54900 -174.10800   46.0260  142.5678    2.38400   -0.10827
 10.8750   68.30800 -174.34900   46.0133  142.5722    2.44800   -0.08800
 10.8833   68.06700 -174.58299   46.0005  142.5765    2.51100   -0.06536
 10.8917   67.82500 -174.81100   45.9876  142.5808    2.57700   -0.02888
 10.9000   67.58300 -175.03200   45.9747  142.5851    2.69100   -0.00069
 10.9083   67.34000 -175.24699   45.9618  142.5893    2.75300    0.01992
 10.9167   67.09600 -175.45599   45.9488  142.5935    2.81400    0.03441
 10.9250   66.85200 -175.65900   45.9357  142.5976    2.91400    0.05810
 10.9333   66.60700 -175.85600   45.9226  142.6017    2.99900    0.08226
 10.9417   66.36200 -176.04800   45.9094  142.6058    3.05900    0.08116
 10.9500   66.11600 -176.23399   45.8961  142.6098    3.08300    0.04203
 10.9583   65.86900 -176.41600   45.8828  142.6138    3.05100    0.00759
 10.9667   65.62300 -176.59200   45.8695  142.6178    3.13100   -0.01569
 10.9750   65.37500 -176.76300   45.8560  142.6217    3.19600   -0.00845
 10.9833   65.12800 -176.92999   45.8426  142.6256    3.26700   -0.02061
 10.9917   64.88000 -177.09200   45.8290  142.6295    3.28700   -0.05535
 11.0000   64.63100 -177.25000   45.8154  142.6333    3.28100   -0.09573
 11.0083   64.38400 -177.40700   45.8018  142.6372    3.34600   -0.12820
 11.0167   64.13600 -177.56100   45.7882  142.6412    3.41100   -0.12765
 11.0250   63.88800 -177.71001   45.7745  142.6451    3.53400   -0.12982
 11.0333   63.63900 -177.85500   45.7606  142.6489    3.60800   -0.13078
 11.0417   63.39000 -177.99699   45.7468  142.6527    3.69700   -0.13718
 11.0500   63.14100 -178.13400   45.7329  142.6565    3.82100   -0.14111
 11.0583   62.89100 -178.26801   45.7189  142.6602    3.91700   -0.14690
 11.0667   62.64100 -178.39799   45.7048  142.6640    4.00500   -0.15791
 11.0750   62.39000 -178.52400   45.6907  142.6676    4.11900   -0.12121
 11.0833   62.14000 -178.64700   45.6765  142.6713    4.38700   -0.04616
 11.0917   61.88900 -178.76700   45.6622  142.6749    4.62000    0.03079
 11.1000   61.63800 -178.88400   45.6479  142.6785    4.75300    0.06882
 11.1083   61.38600 -178.99699   45.6335  142.6821    4.89700    0.08236
 11.1167   61.13400 -179.10699   45.6190  142.6856    5.05300    0.09454
 11.1250   60.88200 -179.21500   45.6044  142.6891    5.18800    0.08740
 11.1333   60.63000 -179.31900   45.5898  142.6926    5.27300    0.06154
 11.1417   60.37800 -179.42101   45.5751  142.6960    5.36900    0.02918
 11.1500   60.12500 -179.52000   45.5604  142.6994    5.48700    0.00307
 11.1583   59.87200 -179.61700   45.5455  142.7028    5.59700   -0.00416
 11.1667   59.61900 -179.71100   45.5306  142.7062    5.75000   -0.01647
 11.1750   59.36700 -179.80499   45.5156  142.7097    5.83200   -0.01666
 11.1833   59.11500 -179.89700   45.5006  142.7131    5.96200   -0.01338
 11.1917   58.86300 -179.98700   45.4856  142.7165    6.10900    0.00905
 11.2000   58.61000 -180.07500   45.4704  142.7199    6.23900    0.03732
 11.2083   58.35800 -180.16000   45.4552  142.7233    6.36900    0.06090
 11.2167   58.10500 -180.24200   45.4398  142.7266    6.48700    0.09562
 11.2250   57.85200 -180.32300   45.4244  142.7299    6.65100    0.12047
 11.2333   57.59900 -180.40100   45.4089  142.7332    6.74700    0.13309
 11.2417   57.34500 -180.47701   45.3933  142.7364    6.82100    0.12702
 11.2500   57.09200 -180.55200   45.3776  142.7397    6.91500    0.11080
 11.2583   56.83800 -180.62399   45.3618  142.7429    6.97400    0.07909
 11.2667   56.58400 -180.69400   45.3460  142.7460    6.99000    0.02647
 11.2750   56.33100 -180.76300   45.3301  142.7492    7.00400   -0.03554
 11.2833   56.07700 -180.82899   45.3140  142.7523    7.01800   -0.07168
 11.2917   55.82300 -180.89400   45.2979  142.7554    7.11500   -0.07948
 11.3000   55.56900 -180.95799   45.2817  142.7585    7.22300   -0.06391
 11.3083   55.31400 -181.01900   45.2654  142.7616    7.31300   -0.04746
 11.3167   55.06000 -181.07899   45.2490  142.7646    7.40600   -0.02937
 11.3250   54.80600 -181.13699   45.2325  142.7676    7.51300   -0.00160
 11.3333   54.55100 -181.19400   45.2159  142.7707    7.63300    0.02226
 11.3417   54.29800 -181.25200   45.1993  142.7738    7.71000    0.03094
 11.3500   54.04500 -181.30800   45.1826  142.7768    7.76400    0.02382
 11.3583   53.79100 -181.36301   45.1657  142.7799    7.83400    0.02012
 11.3667   53.53800 -181.41600   45.1489  142.7829    7.93500    0.02389
 11.3750   53.28400 -181.46800   45.1318  142.7859    8.02600    0.03026
 11.3833   53.03100 -181.51801   45.1147  142.7889    8.11100    0.02532
 11.3917   52.77700 -181.56700   45.0975  142.7919    8.17200    0.00908
 11.4000   52.52300 -181.61501   45.0801  142.7948    8.22300   -0.01566
 11.4083   52.26900 -181.66200   45.0627  142.7978    8.27700   -0.03558
 11.4167   52.01600 -181.70700   45.0452  142.8007    8.35300   -0.05135
 11.4250   51.76200 -181.75101   45.0275  142.8036    8.41800   -0.06007
 11.4333   51.50800 -181.79401   45.0097  142.8065    8.50000   -0.05762
 11.4417   51.25400 -181.83501   44.9918  142.8093    8.62000   -0.04226
 11.4500   51.00000 -181.87601   44.9738  142.8122    8.73000   -0.02259
 11.4583   50.74600 -181.91499   44.9556  142.8150    8.82200   -0.00249
 11.4667   50.49300 -181.95399   44.9375  142.8178    8.94000    0.01752
 11.4750   50.23900 -181.99100   44.9191  142.8206    9.05200    0.03006
 11.4833   49.98500 -182.02800   44.9006  142.8234    9.12500    0.03281
 11.4917   49.73100 -182.06300   44.8820  142.8262    9.21600    0.03648
 11.5000   49.47700 -182.09801   44.8633  142.8289    9.33900    0.04060
 11.5083   49.22500 -182.13300   44.8446  142.8318    9.41600    0.03394
 11.5167   48.97200 -182.16800   44.8256  142.8346    9.46500    0.00555
 11.5250   48.71900 -182.20100   44.8066  142.8374    9.50100   -0.02819
 11.5333   48.46700 -182.23399   44.7875  142.8402    9.55300   -0.04424
 11.5417   48.21400 -182.26601   44.7682  142.8430    9.66500   -0.04100
 11.5500   47.96100 -182.29601   44.7487  142.8457    9.77400   -0.01422
 11.5583   47.70900 -182.32600   44.7292  142.8485    9.91700    0.00934
 11.5667   47.45600 -182.35600   44.7095  142.8513   10.01900    0.02468
 11.5750   47.20400 -182.38400   44.6897  142.8540   10.09700    0.01805
 11.5833   46.95100 -182.41200   44.6697  142.8568   10.15300    0.00496
 11.5917   46.69900 -182.43900   44.6496  142.8595   10.22800   -0.00843
 11.6000   46.44700 -182.46500   44.6294  142.8622   10.30400   -0.01404
 11.6083   46.19400 -182.49001   44.6090  142.8648   10.39600   -0.02379
 11.6167   45.94200 -182.51500   44.5884  142.8675   10.46100   -0.02103
 11.6250   45.69000 -182.53900   44.5677  142.8702   10.59400   -0.01664
 11.6333   45.43800 -182.56300   44.5469  142.8729   10.69900   -0.00402
 11.6417   45.18600 -182.58600   44.5259  142.8756   10.80100   -0.00480
 11.6500   44.93400 -182.60800   44.5047  142.8782   10.88300   -0.00995
 11.6583   44.68200 -182.63000   44.4834  142.8809   10.97000   -0.01709
 11.6667   44.43000 -182.65100   44.4619  142.8835   11.06800   -0.03183
 11.6750   44.18000 -182.67300   44.4404  142.8863   11.12400   -0.04342
 11.6833   43.92900 -182.69400   44.4187  142.8889   11.23400   -0.05676
 11.6917   43.67800 -182.71500   44.3968  142.8917   11.33200   -0.05545
 11.7000   43.42800 -182.73500   44.3748  142.8944   11.45900   -0.04114
 11.7083   43.17800 -182.75400   44.3526  142.8970   11.62800   -0.01872
 11.7167   42.92700 -182.77299   44.3301  142.8997   11.76500   -0.00212
 11.7250   42.67700 -182.79201   44.3076  142.9025   11.86900   -0.00794
 11.7333   42.42700 -182.81000   44.2849  142.9051   11.94800   -0.01547
 11.7417   42.17700 -182.82700   44.2619  142.9078   12.08200   -0.02542
 11.7500   41.92700 -182.84399   44.2388  142.9104   12.18100   -0.01421
 11.7583   41.67700 -182.86099   44.2155  142.9131   12.35400   -0.00858
 11.7667   41.42700 -182.87700   44.1920  142.9158   12.46900    0.00776
 11.7750   41.17800 -182.89301   44.1684  142.9185   12.61700    0.01106
 11.7833   40.92800 -182.90800   44.1444  142.9212   12.73500    0.01775
 11.7917   40.67900 -182.92300   44.1204  142.9238   12.86100    0.01620
 11.8000   40.43000 -182.93800   44.0962  142.9265   12.97000    0.01830
 11.8083   40.18100 -182.95300   44.0717  142.9293   13.09900    0.01797
 11.8167   39.93200 -182.96700   44.0471  142.9320   13.21500    0.02224
 11.8250   39.68300 -182.98000   44.0222  142.9346   13.34300    0.01411
 11.8333   39.43400 -182.99400   43.9971  142.9374   13.41800    0.01424
 11.8417   39.18600 -183.00800   43.9718  142.9402   13.56500    0.00746
 11.8500   38.93900 -183.02100   43.9464  142.9429   13.65900    0.00924
 11.8583   38.69200 -183.03400   43.9209  142.9456   13.76700    0.00564
 11.8667   38.44400 -183.04700   43.8949  142.9484   13.88700    0.01296
 11.8750   38.19700 -183.05901   43.8688  142.9512   14.02700    0.00904
 11.8833   37.95000 -183.07201   43.8425  142.9540   14.08400    0.00820
 11.8917   37.70300 -183.08299   43.8160  142.9567   14.21800   -0.00069
 11.9000   37.45600 -183.09500   43.7892  142.9596   14.32000   -0.00183
 11.9083   37.21000 -183.10600   43.7622  142.9624   14.41000   -0.00799
 11.9167   36.96300 -183.11800   43.7349  142.9653   14.52100   -0.00943
 11.9250   36.71700 -183.12900   43.7074  142.9681   14.64700   -0.00888
 11.9333   36.47000 -183.13901   43.6795  142.9709   14.74800   -0.01064
 11.9417   36.22400 -183.14999   43.6515  142.9738   14.84900   -0.01187
 11.9500   35.97900 -183.16000   43.6233  142.9766   14.97700   -0.00955
 11.9583   35.73300 -183.17000   43.5947  142.9795   15.09600   -0.00390
 11.9667   35.48700 -183.17999   43.5659  142.9824   15.21600   -0.00605
 11.9750   35.24200 -183.19000   43.5368  142.9854   15.30900   -0.00911
 11.9833   34.99700 -183.20000   43.5075  142.9883   15.42600   -0.01371
 11.9917   34.75200 -183.20900   43.4779  142.9912   15.54000   -0.00456
 12.0000   34.50700 -183.21899   43.4480  142.9943   15.70300   -0.00490
 12.0083   34.26300 -183.22800   43.4179  142.9973   15.77600   -0.00255
 12.0167   34.01900 -183.23801   43.3875  143.0003   15.90400   -0.01028
 12.0250   33.77600 -183.24699   43.3568  143.0034   16.01700   -0.00159
 12.0333   33.53200 -183.25600   43.3258  143.0064   16.16900    0.00434
 12.0417   33.28900 -183.26500   43.2945  143.0095   16.27900    0.00975
 12.0500   33.04600 -183.27400   43.2630  143.0127   16.38500    0.01054
 12.0583   32.80300 -183.28200   43.2310  143.0157   16.51000    0.01479
 12.0667   32.56000 -183.29100   43.1988  143.0189   16.63400    0.02327
 12.0750   32.31800 -183.29900   43.1663  143.0221   16.75700    0.03054
 12.0833   32.07500 -183.30800   43.1333  143.0253   16.87100    0.03691
 12.0917   31.83300 -183.31599   43.1001  143.0286   16.98800    0.03635
 12.1000   31.59100 -183.32401   43.0666  143.0318   17.07300    0.03323
 12.1083   31.34900 -183.33200   43.0327  143.0351   17.17000    0.02328
 12.1167   31.10800 -183.34100   42.9985  143.0385   17.24600    0.01866
 12.1250   30.86600 -183.34900   42.9638  143.0418   17.35100    0.01043
 12.1333   30.62500 -183.35699   42.9289  143.0452   17.42400    0.00489
 12.1417   30.38400 -183.36501   42.8936  143.0486   17.50900   -0.00483
 12.1500   30.14300 -183.37300   42.8578  143.0521   17.58900   -0.00349
 12.1583   29.90300 -183.38100   42.8219  143.0556   17.71700   -0.00103
 12.1667   29.66300 -183.38901   42.7855  143.0591   17.80600    0.00433
 12.1750   29.42300 -183.39700   42.7486  143.0627   17.90000   -0.00264
 12.1833   29.18400 -183.40500   42.7116  143.0663   17.96000   -0.00034
 12.1917   28.94500 -183.41299   42.6740  143.0699   18.09600   -0.00755
 12.2000   28.70600 -183.42101   42.6361  143.0736   18.13600   -0.00691
 12.2083   28.46700 -183.42900   42.5976  143.0774   18.23700   -0.01071
 12.2167   28.22900 -183.43700   42.5589  143.0811   18.34700   -0.00459
 12.2250   27.99000 -183.44501   42.5196  143.0849   18.44200    0.00166
 12.2333   27.75200 -183.45200   42.4799  143.0887   18.54600    0.01035
 12.2417   27.51400 -183.46001   42.4398  143.0926   18.66900    0.01959
 12.2500   27.27700 -183.46800   42.3994  143.0965   18.76300    0.02361
 12.2583   27.03900 -183.47600   42.3583  143.1005   18.83000    0.02145
 12.2667   26.80200 -183.48399   42.3168  143.1046   18.91200    0.01561
 12.2750   26.56500 -183.49200   42.2749  143.1086   18.98000    0.01523
 12.2833   26.32800 -183.50101   42.2324  143.1129   19.07500    0.01282
 12.2917   26.09200 -183.50900   42.1896  143.1171   19.13800    0.01882
 12.3000   25.85500 -183.51700   42.1460  143.1213   19.24500    0.02920
 12.3083   25.61900 -183.52600   42.1021  143.1257   19.35000    0.04209
 12.3167   25.38300 -183.53400   42.0576  143.1300   19.41000    0.04752
 12.3250   25.14800 -183.54300   42.0128  143.1345   19.45400    0.04758
 12.3333   24.91200 -183.55200   41.9672  143.1390   19.51000    0.04384
 12.3417   24.67800 -183.56000   41.9214  143.1435   19.53900    0.05259
 12.3500   24.44400 -183.56799   41.8750  143.1480   19.65400    0.05810
 12.3583   24.21000 -183.57700   41.8280  143.1527   19.68600    0.05899
 12.3667   23.97600 -183.58600   41.7803  143.1575   19.68000    0.04890
 12.3750   23.74200 -183.59399   41.7321  143.1622   19.71500    0.03147
 12.3833   23.50900 -183.60300   41.6834  143.1671   19.68700    0.01000
 12.3917   23.27500 -183.61200   41.6339  143.1720   19.63800   -0.00983
 12.4000   23.04200 -183.62100   41.5839  143.1770   19.66400   -0.01984
 12.4083   22.81000 -183.63000   41.5334  143.1820   19.67800   -0.00556
 12.4167   22.57700 -183.64000   41.4821  143.1873   19.76700    0.01598
 12.4250   22.34500 -183.64900   41.4303  143.1924   19.82700    0.03285
 12.4333   22.11300 -183.65900   41.3778  143.1978   19.80200    0.04895
 12.4417   21.88100 -183.66800   41.3245  143.2031   19.87500    0.04733
 12.4500   21.64900 -183.67799   41.2705  143.2086   19.81300    0.04878
 12.4583   21.41800 -183.68800   41.2161  143.2142   19.80200    0.04385
 12.4667   21.18700 -183.69800   41.1608  143.2199   19.83300    0.03542
 12.4750   20.95600 -183.70900   41.1048  143.2257   19.74900    0.01623
 12.4833   20.72600 -183.71899   41.0483  143.2315   19.66400    0.00054
 12.4917   20.49600 -183.73000   40.9909  143.2375   19.71000   -0.01281
 12.5000   20.26600 -183.74100   40.9328  143.2436   19.62700   -0.00706
 12.5083   20.03700 -183.75200   40.8741  143.2497   19.65900   -0.00689
 12.5167   19.80800 -183.76199   40.8145  143.2558   19.65200    0.00209
 12.5250   19.57900 -183.77299   40.7541  143.2621   19.60600    0.00988
 12.5333   19.35000 -183.78400   40.6928  143.2685   19.60900    0.02744
 12.5417   19.12200 -183.79500   40.6309  143.2750   19.64700    0.04722
 12.5500   18.89400 -183.80600   40.5681  143.2816   19.59100    0.06107
 12.5583   18.66700 -183.81799   40.5047  143.2883   19.52100    0.07131
 12.5667   18.43900 -183.82899   40.4401  143.2951   19.50700    0.08770
 12.5750   18.21200 -183.84100   40.3748  143.3020   19.46600    0.12013
 12.5833   17.98500 -183.85300   40.3086  143.3091   19.47600    0.14168
 12.5917   17.75800 -183.86501   40.2414  143.3163   19.33600    0.14690
 12.6000   17.53200 -183.87801   40.1735  143.3237   19.13200    0.14707
 12.6083   17.30600 -183.89101   40.1046  143.3312   19.05200    0.15283
 12.6167   17.08000 -183.90401   40.0346  143.3388   18.89500    0.15180
 12.6250   16.85400 -183.91701   39.9636  143.3465   18.57900    0.13996
 12.6333   16.62900 -183.92999   39.8919  143.3543   18.35700    0.14045
 12.6417   16.40400 -183.94400   39.8191  143.3624   18.23100    0.14722
 12.6500   16.17900 -183.95799   39.7452  143.3706   17.89400    0.14754
 12.6583   15.95400 -183.97200   39.6701  143.3789   17.55600    0.13487
 12.6667   15.73000 -183.98700   39.5943  143.3875   17.26000    0.13265
 12.6750   15.50700 -184.00000   39.5176  143.3958   16.94300    0.12364
 12.6833   15.28400 -184.01401   39.4398  143.4044   16.51200    0.10411
 12.6917   15.06100 -184.02901   39.3608  143.4134   16.11000    0.08020
 12.7000   14.83800 -184.04300   39.2806  143.4222   15.74800    0.05620
 12.7083   14.61500 -184.05800   39.1992  143.4314   15.31900    0.02602
 12.7167   14.39300 -184.07300   39.1168  143.4407   14.88700   -0.03328
 12.7250   14.17100 -184.08800   39.0332  143.4501   14.31600   -0.09442
 12.7333   13.95000 -184.10300   38.9487  143.4597   13.89900   -0.15810
 12.7417   13.72800 -184.11900   38.8625  143.4696   13.48000   -0.21170
 12.7500   13.50700 -184.13499   38.7754  143.4796   13.03500   -0.24949
 12.7583   13.28700 -184.15100   38.6873  143.4897   12.79000   -0.26558
 12.7667   13.06600 -184.16800   38.5974  143.5002   12.60000   -0.25742
 12.7750   12.84600 -184.18500   38.5066  143.5108   12.41700   -0.23801
 12.7833   12.62600 -184.20200   38.4143  143.5215   12.33000   -0.20708
 12.7917   12.40600 -184.22000   38.3206  143.5327   12.30000   -0.17338
 12.8000   12.18700 -184.23700   38.2258  143.5437   12.20500   -0.13270
 12.8083   11.96800 -184.25600   38.1296  143.5553   12.25600   -0.09994
 12.8167   11.74900 -184.27400   38.0318  143.5669   12.23900   -0.06959
 12.8250   11.53100 -184.29300   37.9330  143.5788   12.20400   -0.04972
 12.8333   11.31300 -184.31200   37.8327  143.5909   12.23900   -0.03274
 12.8417   11.09500 -184.33000   37.7307  143.6030   12.25900   -0.01289
 12.8500   10.87800 -184.34900   37.6277  143.6154   12.29500   -0.00394
 12.8583   10.66100 -184.36700   37.5230  143.6278   12.27100   -0.00114
 12.8667   10.44500 -184.38699   37.4172  143.6408   12.26200   -0.00583
 12.8750   10.22800 -184.40601   37.3092  143.6538   12.25000   -0.00454
 12.8833   10.01200 -184.42599   37.2000  143.6671   12.29200   -0.00453
 12.8917    9.79600 -184.44600   37.0892  143.6807   12.28200   -0.00088
 12.9000    9.58100 -184.46600   36.9771  143.6944   12.31300    0.00072
 12.9083    9.36600 -184.48700   36.8633  143.7085   12.34600   -0.00199
 12.9167    9.15100 -184.50800   36.7477  143.7228   12.31000   -0.01360
 12.9250    8.93600 -184.53000   36.6304  143.7376   12.28300   -0.02159
 12.9333    8.72200 -184.55099   36.5117  143.7523   12.36400   -0.03587
 12.9417    8.50800 -184.57300   36.3913  143.7675   12.29700   -0.04757
 12.9500    8.29500 -184.59599   36.2695  143.7831   12.31000   -0.05860
 12.9583    8.08100 -184.61900   36.1454  143.7989   12.41800   -0.06474
 12.9667    7.86800 -184.64200   36.0198  143.8149   12.41500   -0.07000
 12.9750    7.65600 -184.66600   35.8930  143.8314   12.45300   -0.07272
 12.9833    7.44300 -184.69000   35.7637  143.8481   12.58600   -0.06912
 12.9917    7.23100 -184.71400   35.6329  143.8651   12.63600   -0.04127
 13.0000    7.02000 -184.73900   35.5009  143.8824   12.89700   -0.01906
 13.0083    6.80800 -184.76300   35.3662  143.8999   12.98800    0.01693
 13.0167    6.59800 -184.78700   35.2307  143.9174   13.17700    0.02838
 13.0250    6.38700 -184.81100   35.0926  143.9353   13.23500    0.03847
 13.0333    6.17700 -184.83600   34.9531  143.9537   13.35800    0.04713
 13.0417    5.96700 -184.86099   34.8116  143.9723   13.57400    0.04896
 13.0500    5.75700 -184.88699   34.6680  143.9914   13.58500    0.02978
 13.0583    5.54800 -184.91299   34.5229  144.0107   13.45400    0.00185
 13.0667    5.33900 -184.93900   34.3758  144.0303   13.51700   -0.01265
 13.0750    5.13000 -184.96600   34.2265  144.0505   13.52300   -0.00031
 13.0833    4.92200 -184.99300   34.0758  144.0708   13.59500    0.00000

 19.9833    9.18200 -311.54599   53.1973  155.6149    0.00000    0.00000
 19.9917    9.21700 -311.74600   53.2177  155.5566    0.05700    0.00159
 20.0000    9.25200 -311.94501   53.2378  155.4984    0.14900    0.00681
 20.0083    9.28800 -312.14401   53.2574  155.4394    0.16300    0.01050
 20.0167    9.32400 -312.34399   53.2769  155.3802    0.16000    0.01181
 20.0250    9.35800 -312.54401   53.2969  155.3225    0.16900    0.01742
 20.0333    9.39200 -312.74301   53.3165  155.2649    0.20800    0.01533
 20.0417    9.42400 -312.94299   53.3367  155.2086    0.19100   -0.00298
 20.0500    9.45500 -313.14301   53.3570  155.1529    0.07400   -0.02169
 20.0583    9.48500 -313.34299   53.3775  155.0980    0.09300   -0.03109
 20.0667    9.51300 -313.54300   53.3983  155.0444    0.13500   -0.02137
 20.0750    9.54100 -313.74301   53.4191  154.9908    0.18500   -0.00144
 20.0833    9.56800 -313.94400   53.4401  154.9376    0.28200    0.02040
 20.0917    9.59300 -314.14401   53.4614  154.8860    0.34000    0.03456
 20.1000    9.61700 -314.34399   53.4828  154.8350    0.33000    0.03086
 20.1083    9.64000 -314.54501   53.5046  154.7844    0.27400    0.02678
 20.1167    9.66200 -314.74500   53.5263  154.7346    0.32800    0.02685
 20.1250    9.68300 -314.94501   53.5482  154.6855    0.35400    0.01856
 20.1333    9.70300 -315.14600   53.5705  154.6367    0.23000   -0.00710
 20.1417    9.72100 -315.34601   53.5930  154.5894    0.13800   -0.04160
 20.1500    9.73900 -315.54599   53.6155  154.5420    0.08800   -0.05054
 20.1583    9.75500 -315.74701   53.6385  154.4957    0.18900   -0.03774
 20.1667    9.77000 -315.94699   53.6616  154.4502    0.28600   -0.01133
 20.1750    9.78700 -316.14801   53.6841  154.4029    0.35600    0.00063
 20.1833    9.80300 -316.34799   53.7066  154.3563    0.32700   -0.00030
 20.1917    9.81800 -316.54901   53.7295  154.3101    0.31900   -0.00453
 20.2000    9.83200 -316.74899   53.7524  154.2647    0.36800   -0.00762
 20.2083    9.84400 -316.95001   53.7759  154.2203    0.35400   -0.00939
 20.2167    9.85600 -317.14999   53.7992  154.1759    0.36300   -0.01822
 20.2250    9.86600 -317.35001   53.8231  154.1328    0.35600   -0.01992
 20.2333    9.87500 -317.55099   53.8472  154.0899    0.42200   -0.01757
 20.2417    9.88300 -317.75101   53.8715  154.0478    0.47300   -0.00608
 20.2500    9.89000 -317.95099   53.8959  154.0062    0.54600   -0.00194
 20.2583    9.89600 -318.15100   53.9206  153.9651    0.53800    0.00885
 20.2667    9.90000 -318.35199   53.9459  153.9249    0.64300    0.01682
 20.2750    9.90300 -318.55099   53.9713  153.8857    0.69200    0.02130
 20.2833    9.90500 -318.75101   53.9970  153.8467    0.65500    0.01848
 20.2917    9.90600 -318.95099   54.0229  153.8082    0.69900    0.00171
 20.3000    9.90600 -319.15100   54.0491  153.7701    0.62500   -0.00225
 20.3083    9.90400 -319.35001   54.0757  153.7334    0.70900   -0.00381
 20.3167    9.90200 -319.54901   54.1023  153.6965    0.77600    0.00010
 20.3250    9.89800 -319.74899   54.1296  153.6605    0.75400    0.00121
 20.3333    9.89300 -319.94800   54.1570  153.6251    0.80800   -0.00369
 20.3417    9.89000 -320.14700   54.1836  153.5882    0.82300   -0.00766
 20.3500    9.88600 -320.34601   54.2105  153.5517    0.80500   -0.01127
 20.3583    9.88100 -320.54501   54.2377  153.5157    0.85600   -0.00873
 20.3667    9.87500 -320.74399   54.2652  153.4802    0.91800   -0.01123
 20.3750    9.86700 -320.94299   54.2933  153.4457    0.85700   -0.00534
 20.3833    9.85800 -321.14099   54.3215  153.4118    0.99000   -0.00303
 20.3917    9.84800 -321.34000   54.3502  153.3782    1.01900    0.00819
 20.4000    9.83700 -321.53799   54.3790  153.3452    1.03600    0.00996
 20.4083    9.82500 -321.73599   54.4081  153.3126    1.08000    0.01756
 20.4167    9.81200 -321.93399   54.4375  153.2804    1.15800    0.02030
 20.4250    9.79700 -322.13101   54.4675  153.2494    1.12600    0.01630
 20.4333    9.78100 -322.32901   54.4979  153.2187    1.10900    0.00624
 20.4417    9.76400 -322.52600   54.5286  153.1885    1.13200    0.01050
 20.4500    9.74600 -322.72198   54.5594  153.1590    1.21400    0.01503
 20.4583    9.72700 -322.91901   54.5906  153.1296    1.18900    0.01583
 20.4667    9.70600 -323.11499   54.6225  153.1015    1.16000    0.02078
 20.4750    9.68400 -323.31201   54.6548  153.0736    1.27300    0.02315
 20.4833    9.66200 -323.50699   54.6869  153.0458    1.21800    0.02682
 20.4917    9.63700 -323.70300   54.7202  153.0194    1.20600    0.01824
 20.5000    9.61200 -323.89801   54.7534  152.9930    1.20900    0.01999
 20.5083    9.58900 -324.09399   54.7859  152.9649    1.24600    0.02145
 20.5167    9.56500 -324.28900   54.8186  152.9373    1.23000    0.00264
 20.5250    9.54000 -324.48401   54.8518  152.9102    1.05600   -0.01463
 20.5333    9.51300 -324.67899   54.8857  152.8840    1.09900   -0.03929
 20.5417    9.48600 -324.87299   54.9194  152.8577    1.00600   -0.03912
 20.5500    9.45700 -325.06799   54.9541  152.8323    1.04500   -0.03176
 20.5583    9.42700 -325.26199   54.9890  152.8074    1.14200   -0.00760
 20.5667    9.39600 -325.45499   55.0243  152.7831    1.19900    0.00908
 20.5750    9.36300 -325.64801   55.0603  152.7598    1.16600    0.02191
 20.5833    9.33000 -325.84100   55.0963  152.7362    1.23300    0.02424
 20.5917    9.29500 -326.03400   55.1332  152.7135    1.20100    0.02995
 20.6000    9.25900 -326.22601   55.1704  152.6915    1.21200    0.02211
 20.6083    9.22200 -326.41800   55.2080  152.6698    1.17800    0.00538
 20.6167    9.18400 -326.60901   55.2460  152.6487    1.07500   -0.01291
 20.6250    9.14400 -326.79999   55.2848  152.6285    1.07600   -0.03096
 20.6333    9.10400 -326.99100   55.3237  152.6081    1.04300   -0.03273
 20.6417    9.06200 -327.18100   55.3634  152.5889    1.09400   -0.04381
 20.6500    9.01900 -327.37100   55.4035  152.5700    1.02200   -0.04802
 20.6583    8.97500 -327.56100   55.4441  152.5514    1.06000   -0.04149
 20.6667    8.93000 -327.75000   55.4851  152.5335    1.21800   -0.01772
 20.6750    8.88700 -327.93900   55.5253  152.5139    1.30400    0.00045
 20.6833    8.84300 -328.12799   55.5661  152.4948    1.29900   -0.00638
 20.6917    8.79800 -328.31699   55.6073  152.4759    1.24200   -0.03429
 20.7000    8.75200 -328.50601   55.6490  152.4574    1.16300   -0.05238
 20.7083    8.70500 -328.69400   55.6912  152.4394    1.27000   -0.04997
 20.7167    8.65600 -328.88101   55.7342  152.4227    1.42900   -0.02562
 20.7250    8.60600 -329.06799   55.7777  152.4063    1.56500   -0.01540
 20.7333    8.55600 -329.25500   55.8213  152.3896    1.56700   -0.00857
 20.7417    8.50400 -329.44101   55.8658  152.3741    1.70800   -0.02997
 20.7500    8.45000 -329.62701   55.9114  152.3595    1.60200   -0.03615
 20.7583    8.39600 -329.81201   55.9569  152.3450    1.75300   -0.04479
 20.7667    8.34100 -329.99701   56.0031  152.3307    1.86900   -0.02970
 20.7750    8.28400 -330.18100   56.0501  152.3177    1.97900   -0.02328
 20.7833    8.22700 -330.36499   56.0974  152.3044    2.05700   -0.00389
 20.7917    8.16800 -330.54800   56.1456  152.2922    2.30500    0.00088
 20.8000    8.10800 -330.73099   56.1944  152.2805    2.28500    0.01460
 20.8083    8.04700 -330.91299   56.2437  152.2693    2.44700    0.01374
 20.8167    7.98500 -331.09500   56.2937  152.2585    2.56500    0.03070
 20.8250    7.92200 -331.27600   56.3442  152.2482    2.70600    0.05435
 20.8333    7.85800 -331.45700   56.3954  152.2384    2.92600    0.04682
 20.8417    7.79600 -331.63800   56.4459  152.2269    2.75700    0.01724
 20.8500    7.73300 -331.81900   56.4970  152.2158    2.70600   -0.01462
 20.8583    7.66900 -331.99899   56.5486  152.2053    2.90400   -0.02001
 20.8667    7.60400 -332.17899   56.6010  152.1951    2.96900   -0.01650
 20.8750    7.53800 -332.35800   56.6539  152.1855    2.97100    0.00722
 20.8833    7.47100 -332.53699   56.7076  152.1762    3.33100    0.02850
 20.8917    7.40200 -332.71500   56.7623  152.1683    3.34800    0.03236
 20.9000    7.33300 -332.89301   56.8173  152.1600    3.18000    0.01105
 20.9083    7.26200 -333.07001   56.8735  152.1530    3.28700    0.01907
 20.9167    7.19000 -333.24701   56.9304  152.1463    3.55600    0.04862
 20.9250    7.11800 -333.42300   56.9875  152.1397    3.58200    0.07441
 20.9333    7.04400 -333.59799   57.0457  152.1343    3.66000    0.06952
 20.9417    6.96900 -333.77301   57.1048  152.1293    3.64700    0.04221
 20.9500    6.89300 -333.94699   57.1645  152.1249    3.45300    0.00863
 20.9583    6.81700 -334.12000   57.2245  152.1206    3.46300   -0.01217
 20.9667    6.73900 -334.29300   57.2858  152.1172    3.54700   -0.00806
 20.9750    6.66000 -334.46600   57.3480  152.1142    3.56700   -0.00550
 20.9833    6.58000 -334.63800   57.4109  152.1120    3.54900   -0.00764
 20.9917    6.49900 -334.80899   57.4746  152.1103    3.60100   -0.01143
 21.0000    6.41700 -334.97900   57.5391  152.1094    3.60400   -0.00574
 21.0083    6.33700 -335.15100   57.6030  152.1062    3.65500    0.00115
 21.0167    6.25600 -335.32101   57.6676  152.1040    3.69200    0.00351
 21.0250    6.17400 -335.49200   57.7332  152.1019    3.65300    0.01022
 21.0333    6.09200 -335.66101   57.7989  152.1001    3.76700    0.00159
 21.0417    6.00800 -335.82999   57.8662  152.0994    3.68300   -0.00970
 21.0500    5.92300 -335.99799   57.9343  152.0994    3.63100   -0.02137
 21.0583    5.83700 -336.16599   58.0034  152.0997    3.72000   -0.00815
 21.0667    5.75000 -336.33301   58.0733  152.1008    3.87700    0.00467
 21.0750    5.66300 -336.49899   58.1436  152.1019    3.81600   -0.00122
 21.0833    5.57400 -336.66501   58.2154  152.1041    3.72000   -0.02275
 21.0917    5.48400 -336.82999   58.2882  152.1071    3.74300   -0.02189
 21.1000    5.39300 -336.99500   58.3620  152.1104    3.92900   -0.00124
 21.1083    5.30200 -337.15900   58.4361  152.1139    3.99600    0.00509
 21.1167    5.20900 -337.32199   58.5118  152.1188    4.03400    0.00000

