hmax        =    300
wind_bottom =      2
wind_top    =     10
critlon     =      0
tbeg, h     =   0.00
tend, h     =  24.00
c_ionex     =      0
c_vert      =      1
time, gamma, az, latp, lonp, tec, tec_filtered
 10.5417    4.94900 -130.53799   37.8476  130.2381   35.62100    0.00000
 10.5500    5.13700 -130.44501   37.9644  130.3322   35.42000    0.00192
 10.5583    5.32500 -130.35201   38.0795  130.4255   35.11900    0.01019
 10.5667    5.51300 -130.25900   38.1930  130.5181   34.86200    0.00844
 10.5750    5.70000 -130.16499   38.3044  130.6091   34.50900    0.01147
 10.5833    5.88900 -130.07100   38.4154  130.7006   34.22600    0.00959
 10.5917    6.07700 -129.97600   38.5243  130.7906   33.90300    0.01268
 10.6000    6.26500 -129.88100   38.6317  130.8798   33.58100    0.00685
 10.6083    6.45300 -129.78500   38.7377  130.9681   33.24500    0.00154
 10.6167    6.64100 -129.68900   38.8421  131.0556   32.96400   -0.01210
 10.6250    6.83000 -129.59300   38.9456  131.1430   32.59100   -0.02451
 10.6333    7.01800 -129.49600   39.0471  131.2288   32.27100   -0.04164
 10.6417    7.20600 -129.39900   39.1472  131.3139   31.94500   -0.05408
 10.6500    7.39500 -129.30200   39.2463  131.3989   31.62400   -0.05097
 10.6583    7.58300 -129.20399   39.3437  131.4823   31.46000   -0.04342
 10.6667    7.77200 -129.10600   39.4400  131.5656   31.19000   -0.03656
 10.6750    7.96200 -129.00700   39.5355  131.6484   30.87700   -0.04035
 10.6833    8.15100 -128.90900   39.6291  131.7302   30.63300   -0.03662
 10.6917    8.34100 -128.81000   39.7218  131.8115   30.45500   -0.03502
 10.7000    8.53000 -128.71001   39.8128  131.8915   30.14500   -0.02820
 10.7083    8.72000 -128.61099   39.9028  131.9714   29.97700   -0.03146
 10.7167    8.91000 -128.50999   39.9917  132.0502   29.72600   -0.02622
 10.7250    9.10000 -128.41000   40.0792  132.1284   29.51700   -0.03339
 10.7333    9.29000 -128.30800   40.1656  132.2056   29.25000   -0.02858
 10.7417    9.48000 -128.20700   40.2506  132.2822   29.11500   -0.03199
 10.7500    9.67000 -128.10500   40.3345  132.3579   28.84100   -0.02553
 10.7583    9.86000 -128.00301   40.4172  132.4329   28.68200   -0.02032
 10.7667   10.05000 -127.90000   40.4987  132.5070   28.56000   -0.01105
 10.7750   10.24000 -127.79700   40.5791  132.5804   28.33600    0.00419
 10.7833   10.43100 -127.69300   40.6587  132.6535   28.23300    0.00078
 10.7917   10.62100 -127.58900   40.7368  132.7254   27.94900    0.00142
 10.8000   10.81200 -127.48500   40.8141  132.7970   27.76900   -0.01610
 10.8083   11.00200 -127.38100   40.8899  132.8675   27.51700   -0.02948
 10.8167   11.19300 -127.27600   40.9651  132.9376   27.28900   -0.03598
 10.8250   11.38300 -127.17000   41.0389  133.0065   27.18200   -0.01881
 10.8333   11.57400 -127.06500   41.1119  133.0752   27.14800   -0.00069
 10.8417   11.76500 -126.95900   41.1839  133.1432   26.93000    0.00491
 10.8500   11.95700 -126.85200   41.2553  133.2108   26.72200   -0.01241
 10.8583   12.14900 -126.74600   41.3255  133.2778   26.50100   -0.02757
 10.8667   12.34000 -126.63800   41.3946  133.3435   26.31400   -0.03948
 10.8750   12.53200 -126.53100   41.4628  133.4091   26.15400   -0.04079
 10.8833   12.72400 -126.42300   41.5302  133.4739   26.03200   -0.03193
 10.8917   12.91600 -126.31500   41.5966  133.5381   25.94600   -0.02373
 10.9000   13.10800 -126.20600   41.6622  133.6016   25.78800   -0.01945
 10.9083   13.30000 -126.09700   41.7268  133.6644   25.64700   -0.02941
 10.9167   13.49200 -125.98700   41.7905  133.7264   25.44300   -0.03142
 10.9250   13.68400 -125.87700   41.8534  133.7879   25.35200   -0.02728
 10.9333   13.87600 -125.76700   41.9153  133.8487   25.26300   -0.00544
 10.9417   14.06800 -125.65600   41.9765  133.9089   25.21300    0.01460
 10.9500   14.26100 -125.54500   42.0370  133.9688   25.11500    0.01691
 10.9583   14.45300 -125.43400   42.0964  134.0278   24.88800    0.01709
 10.9667   14.64500 -125.32200   42.1551  134.0860   24.81800    0.00415
 10.9750   14.83800 -125.21000   42.2131  134.1441   24.61100    0.01451
 10.9833   15.03000 -125.09700   42.2702  134.2011   24.56200    0.01473
 10.9917   15.22300 -124.98500   42.3267  134.2581   24.41200    0.02519
 11.0000   15.41600 -124.87100   42.3825  134.3143   24.28800    0.02335
 11.0083   15.60900 -124.75800   42.4375  134.3700   24.14600    0.02270
 11.0167   15.80300 -124.64400   42.4919  134.4254   24.00500    0.01825
 11.0250   15.99600 -124.52900   42.5456  134.4799   23.84600    0.00893
 11.0333   16.19000 -124.41400   42.5986  134.5341   23.65600   -0.00432
 11.0417   16.38300 -124.29900   42.6507  134.5876   23.47900   -0.01146
 11.0500   16.57700 -124.18300   42.7025  134.6407   23.36300   -0.01581
 11.0583   16.77100 -124.06700   42.7534  134.6933   23.19800   -0.01144
 11.0667   16.96500 -123.95100   42.8037  134.7454   23.08300   -0.01056
 11.0750   17.15900 -123.83400   42.8534  134.7969   22.93600   -0.00448
 11.0833   17.35300 -123.71700   42.9024  134.8479   22.80700    0.00198
 11.0917   17.54700 -123.59900   42.9508  134.8984   22.69400    0.01406
 11.1000   17.74100 -123.48100   42.9986  134.9483   22.59000    0.01056
 11.1083   17.93500 -123.36300   43.0457  134.9978   22.35000   -0.00154
 11.1167   18.12900 -123.24400   43.0922  135.0468   22.18400   -0.00915
 11.1250   18.32400 -123.12500   43.1383  135.0956   22.12200   -0.01178
 11.1333   18.51800 -123.00600   43.1836  135.1436   21.91700   -0.00669
 11.1417   18.71200 -122.88600   43.2284  135.1911   21.80100   -0.01703
 11.1500   18.90700 -122.76600   43.2728  135.2385   21.62200   -0.00757
 11.1583   19.10100 -122.64600   43.3164  135.2851   21.55500   -0.00633
 11.1667   19.29600 -122.52500   43.3597  135.3315   21.38000    0.00426
 11.1750   19.49100 -122.40400   43.4024  135.3775   21.26500    0.00987
 11.1833   19.68700 -122.28200   43.4448  135.4233   21.15900    0.02597
 11.1917   19.88200 -122.15900   43.4866  135.4682   21.05200    0.03805
 11.2000   20.07700 -122.03700   43.5277  135.5129   20.91100    0.02852
 11.2083   20.27300 -121.91300   43.5686  135.5573   20.65600    0.01268
 11.2167   20.46900 -121.79000   43.6089  135.6014   20.50400   -0.00226
 11.2250   20.66400 -121.66600   43.6486  135.6447   20.36200   -0.00317
 11.2333   20.86000 -121.54200   43.6880  135.6879   20.20300    0.00264
 11.2417   21.05600 -121.41700   43.7269  135.7306   20.09200    0.01085
 11.2500   21.25200 -121.29200   43.7653  135.7730   19.96100    0.01748
 11.2583   21.44700 -121.16700   43.8031  135.8148   19.78200    0.01018
 11.2667   21.64300 -121.04100   43.8406  135.8563   19.56900    0.01402
 11.2750   21.83900 -120.91500   43.8777  135.8976   19.49800    0.01435
 11.2833   22.03600 -120.78800   43.9144  135.9386   19.28700    0.01483
 11.2917   22.23200 -120.66100   43.9506  135.9790   19.07600    0.00794
 11.3000   22.42800 -120.53400   43.9864  136.0191   18.96100    0.01028
 11.3083   22.62400 -120.40700   44.0217  136.0589   18.81000    0.01998
 11.3167   22.82000 -120.27900   44.0566  136.0983   18.64300    0.01951
 11.3250   23.01700 -120.15100   44.0913  136.1375   18.45500    0.01710
 11.3333   23.21300 -120.02200   44.1254  136.1762   18.28100    0.00631
 11.3417   23.41000 -119.89200   44.1593  136.2147   18.05000   -0.00210
 11.3500   23.60700 -119.76200   44.1928  136.2529   17.88000   -0.00318
 11.3583   23.80500 -119.63200   44.2261  136.2910   17.75400    0.00247
 11.3667   24.00200 -119.50100   44.2588  136.3285   17.56900    0.00777
 11.3750   24.19900 -119.37000   44.2912  136.3657   17.39400    0.00429
 11.3833   24.39600 -119.23800   44.3233  136.4025   17.21600    0.00655
 11.3917   24.59400 -119.10600   44.3550  136.4393   17.06700   -0.00242
 11.4000   24.79100 -118.97400   44.3863  136.4755   16.82900   -0.02031
 11.4083   24.98900 -118.84100   44.4174  136.5117   16.60900   -0.04700
 11.4167   25.18700 -118.70800   44.4481  136.5475   16.42300   -0.04810
 11.4250   25.38400 -118.57400   44.4785  136.5828   16.35500   -0.04364
 11.4333   25.58200 -118.44000   44.5085  136.6181   16.18300   -0.03782
 11.4417   25.78000 -118.30600   44.5382  136.6530   16.01300   -0.05510
 11.4500   25.97700 -118.17100   44.5676  136.6875   15.81500   -0.06624
 11.4583   26.17500 -118.03600   44.5966  136.7219   15.68200   -0.07185
 11.4667   26.37300 -117.90100   44.6254  136.7560   15.55300   -0.05747
 11.4750   26.57100 -117.76500   44.6539  136.7899   15.47900   -0.03780
 11.4833   26.76900 -117.62900   44.6820  136.8234   15.38800   -0.01287
 11.4917   26.96800 -117.49300   44.7099  136.8570   15.30400    0.00176
 11.5000   27.16600 -117.35600   44.7375  136.8900   15.18700    0.01471
 11.5083   27.36400 -117.21800   44.7648  136.9228   15.09700    0.01196
 11.5167   27.56300 -117.08000   44.7919  136.9555   14.93300    0.00818
 11.5250   27.76200 -116.94100   44.8188  136.9879   14.82300   -0.01378
 11.5333   27.96100 -116.80100   44.8454  137.0201   14.65200   -0.02801
 11.5417   28.16000 -116.66100   44.8717  137.0520   14.55000   -0.03936
 11.5500   28.35900 -116.52100   44.8977  137.0837   14.47000   -0.04760
 11.5583   28.55800 -116.38100   44.9234  137.1152   14.32000   -0.05036
 11.5667   28.75700 -116.24000   44.9489  137.1465   14.24500   -0.05544
 11.5750   28.95600 -116.09800   44.9742  137.1774   14.15300   -0.05121
 11.5833   29.15500 -115.95600   44.9991  137.2082   14.06100   -0.04615
 11.5917   29.35500 -115.81400   45.0239  137.2389   14.00100   -0.02774
 11.6000   29.55400 -115.67200   45.0484  137.2693   13.98400   -0.00483
 11.6083   29.75400 -115.52900   45.0727  137.2996   13.91600    0.01296
 11.6167   29.95300 -115.38600   45.0966  137.3295   13.83700    0.02038
 11.6250   30.15300 -115.24200   45.1204  137.3593   13.77600    0.01348
 11.6333   30.35200 -115.09800   45.1439  137.3888   13.64000   -0.01192
 11.6417   30.55200 -114.95400   45.1672  137.4183   13.47600   -0.01663
 11.6500   30.75100 -114.80900   45.1903  137.4474   13.53800   -0.00871
 11.6583   30.95100 -114.66400   45.2131  137.4765   13.47900    0.01359
 11.6667   31.15100 -114.51900   45.2358  137.5053   13.38900   -0.00671
 11.6750   31.35100 -114.37100   45.2583  137.5339   13.22300   -0.03334
 11.6833   31.55200 -114.22400   45.2806  137.5625   13.12800   -0.04164
 11.6917   31.75200 -114.07500   45.3027  137.5907   13.12500   -0.02690
 11.7000   31.95200 -113.92700   45.3246  137.6188   13.07200   -0.01864
 11.7083   32.15300 -113.77800   45.3463  137.6468   12.93800    0.00779
 11.7167   32.35300 -113.62800   45.3677  137.6745   13.03300    0.03874
 11.7250   32.55400 -113.47900   45.3890  137.7022   13.00800    0.05879
 11.7333   32.75400 -113.32800   45.4101  137.7295   12.82100    0.04886
 11.7417   32.95500 -113.17800   45.4309  137.7569   12.75800    0.02614
 11.7500   33.15600 -113.02700   45.4516  137.7840   12.66500    0.02093
 11.7583   33.35700 -112.87500   45.4721  137.8110   12.57400    0.00104
 11.7667   33.55700 -112.72300   45.4924  137.8376   12.44700   -0.01133
 11.7750   33.75800 -112.57100   45.5125  137.8643   12.39000   -0.02822
 11.7833   33.95900 -112.41900   45.5324  137.8908   12.26700   -0.01540
 11.7917   34.16000 -112.26600   45.5521  137.9172   12.28000   -0.01636
 11.8000   34.36100 -112.11200   45.5717  137.9434   12.14700   -0.00205
 11.8083   34.56300 -111.95800   45.5911  137.9696   12.09300   -0.00929
 11.8167   34.76400 -111.80400   45.6103  137.9955   12.00100    0.00418
 11.8250   34.96500 -111.65000   45.6292  138.0212   11.97900    0.01488
 11.8333   35.16600 -111.49500   45.6481  138.0468   11.92300    0.02214
 11.8417   35.36800 -111.33700   45.6669  138.0723   11.81700    0.00383
 11.8500   35.57000 -111.18000   45.6855  138.0977   11.67600   -0.02329
 11.8583   35.77100 -111.02100   45.7040  138.1228   11.57800   -0.04516
 11.8667   35.97300 -110.86300   45.7222  138.1480   11.50000   -0.04989
 11.8750   36.17500 -110.70400   45.7403  138.1730   11.43200   -0.03771
 11.8833   36.37700 -110.54400   45.7583  138.1978   11.40900   -0.01133
 11.8917   36.57800 -110.38400   45.7761  138.2224   11.38700    0.02445
 11.9000   36.78000 -110.22400   45.7937  138.2469   11.35800    0.05319
 11.9083   36.98200 -110.06300   45.8112  138.2714   11.29000    0.06875
 11.9167   37.18400 -109.90100   45.8286  138.2957   11.19600    0.07453
 11.9250   37.38600 -109.74000   45.8457  138.3199   11.11500    0.07045
 11.9333   37.58900 -109.57700   45.8628  138.3441   11.00100    0.07068
 11.9417   37.79100 -109.41500   45.8796  138.3681   10.92900    0.05701
 11.9500   37.99300 -109.25200   45.8963  138.3920   10.78100    0.04496
 11.9583   38.19500 -109.08800   45.9129  138.4157   10.66600    0.02909
 11.9667   38.39800 -108.92400   45.9294  138.4394   10.56100    0.02020
 11.9750   38.60000 -108.76000   45.9456  138.4629   10.42600    0.01123
 11.9833   38.80300 -108.59500   45.9618  138.4865   10.29000    0.00970
 11.9917   39.00500 -108.43000   45.9778  138.5097   10.20400    0.02164
 12.0000   39.20800 -108.26400   45.9937  138.5330   10.12200    0.03320
 12.0083   39.41000 -108.09600   46.0094  138.5560    9.98000    0.04689
 12.0167   39.61300 -107.92700   46.0252  138.5791    9.89900    0.04412
 12.0250   39.81600 -107.75700   46.0408  138.6020    9.73900    0.03373
 12.0333   40.01900 -107.58700   46.0562  138.6248    9.56800    0.00765
 12.0417   40.22200 -107.41700   46.0715  138.6475    9.42500   -0.02119
 12.0500   40.42500 -107.24600   46.0866  138.6702    9.26300   -0.05059
 12.0583   40.62800 -107.07400   46.1017  138.6927    9.09600   -0.06437
 12.0667   40.83100 -106.90200   46.1166  138.7151    9.02700   -0.06349
 12.0750   41.03400 -106.72900   46.1314  138.7374    8.93300   -0.05957
 12.0833   41.23700 -106.55600   46.1461  138.7596    8.77700   -0.06613
 12.0917   41.44000 -106.38300   46.1606  138.7818    8.66100   -0.06895
 12.1000   41.64300 -106.20900   46.1750  138.8038    8.57700   -0.04638
 12.1083   41.84600 -106.03400   46.1893  138.8258    8.52900   -0.01467
 12.1167   42.05000 -105.85900   46.2034  138.8478    8.45400    0.01952
 12.1250   42.25300 -105.68300   46.2175  138.8696    8.38500    0.03874
 12.1333   42.45600 -105.50700   46.2314  138.8913    8.28100    0.04906
 12.1417   42.66000 -105.33100   46.2452  138.9130    8.17500    0.05696
 12.1500   42.86300 -105.15400   46.2589  138.9346    8.10300    0.04933
 12.1583   43.06700 -104.97600   46.2725  138.9562    7.93800    0.04060
 12.1667   43.27100 -104.79800   46.2859  138.9777    7.83200    0.01062
 12.1750   43.47400 -104.61700   46.2993  138.9989    7.67900   -0.01614
 12.1833   43.67800 -104.43500   46.3127  139.0202    7.54000   -0.03723
 12.1917   43.88100 -104.25200   46.3259  139.0413    7.47000   -0.06370
 12.2000   44.08500 -104.06800   46.3391  139.0624    7.30600   -0.07855
 12.2083   44.28800 -103.88500   46.3520  139.0833    7.22400   -0.09995
 12.2167   44.49200 -103.70000   46.3649  139.1043    7.13400   -0.10430
 12.2250   44.69600 -103.51500   46.3777  139.1252    7.05000   -0.10829
 12.2333   44.90000 -103.32900   46.3904  139.1460    6.97900   -0.11380
 12.2417   45.10300 -103.14300   46.4030  139.1667    6.89800   -0.12043
 12.2500   45.30700 -102.95600   46.4155  139.1874    6.82600   -0.10972
 12.2583   45.51100 -102.76800   46.4279  139.2080    6.84700   -0.07705
 12.2667   45.71500 -102.58000   46.4401  139.2286    6.87500   -0.04463
 12.2750   45.91900 -102.39200   46.4522  139.2491    6.82200   -0.02403
 12.2833   46.12300 -102.20200   46.4643  139.2695    6.81500   -0.03078
 12.2917   46.32700 -102.01200   46.4763  139.2899    6.75100   -0.03408
 12.3000   46.53100 -101.82200   46.4881  139.3102    6.72600   -0.04142
 12.3083   46.73600 -101.63100   46.4998  139.3306    6.71300   -0.03926
 12.3167   46.94000 -101.43900   46.5115  139.3508    6.69400   -0.03102
 12.3250   47.14400 -101.24700   46.5230  139.3709    6.69500   -0.01731
 12.3333   47.34800 -101.05400   46.5345  139.3909    6.70100    0.00035
 12.3417   47.55200 -100.85700   46.5459  139.4109    6.68700    0.03147
 12.3500   47.75600 -100.65900   46.5573  139.4308    6.72800    0.06034
 12.3583   47.96000 -100.46000   46.5686  139.4507    6.71200    0.09673
 12.3667   48.16400 -100.26100   46.5798  139.4705    6.71200    0.11157
 12.3750   48.36800 -100.06000   46.5909  139.4902    6.65900    0.13059
 12.3833   48.57200  -99.86000   46.6019  139.5099    6.64700    0.13925
 12.3917   48.77600  -99.65800   46.6128  139.5295    6.60200    0.12743
 12.4000   48.98000  -99.45600   46.6236  139.5491    6.46100    0.09956
 12.4083   49.18500  -99.25300   46.6343  139.5688    6.37800    0.06001
 12.4167   49.38900  -99.04900   46.6450  139.5883    6.27500    0.04222
 12.4250   49.59300  -98.84400   46.6555  139.6077    6.20200    0.03438
 12.4333   49.79700  -98.63900   46.6659  139.6271    6.13600    0.01355
 12.4417   50.00200  -98.43300   46.6763  139.6465    5.96300    0.00040
 12.4500   50.20600  -98.22600   46.6866  139.6658    5.90000   -0.01447
 12.4583   50.41000  -98.01800   46.6967  139.6851    5.81400    0.01041
 12.4667   50.61400  -97.81000   46.7068  139.7043    5.77500    0.03007
 12.4750   50.81900  -97.60000   46.7168  139.7236    5.67600    0.05704
 12.4833   51.02300  -97.39000   46.7267  139.7427    5.60400    0.06901
 12.4917   51.22700  -97.18000   46.7365  139.7618    5.50200    0.07095
 12.5000   51.43200  -96.96800   46.7463  139.7809    5.36200    0.05837
 12.5083   51.63600  -96.75100   46.7561  139.7999    5.23100    0.04486
 12.5167   51.84000  -96.53400   46.7658  139.8188    5.12000    0.04016
 12.5250   52.04300  -96.31500   46.7754  139.8376    5.01500    0.03863
 12.5333   52.24700  -96.09600   46.7849  139.8565    4.90100    0.02122
 12.5417   52.45100  -95.87500   46.7944  139.8753    4.74000   -0.00549
 12.5500   52.65500  -95.65400   46.8037  139.8940    4.60400   -0.04349
 12.5583   52.85900  -95.43100   46.8130  139.9128    4.45400   -0.06642
 12.5667   53.06300  -95.20800   46.8222  139.9315    4.35300   -0.09170
 12.5750   53.26700  -94.98300   46.8314  139.9502    4.21500   -0.10855
 12.5833   53.47100  -94.75800   46.8404  139.9688    4.10500   -0.12928
 12.5917   53.67500  -94.53200   46.8493  139.9874    4.00100   -0.13115
 12.6000   53.87900  -94.30400   46.8582  140.0060    3.94200   -0.11621
 12.6083   54.08300  -94.07600   46.8670  140.0245    3.90000   -0.08990
 12.6167   54.28600  -93.84600   46.8757  140.0430    3.84500   -0.06025
 12.6250   54.49000  -93.61600   46.8843  140.0614    3.81100   -0.03394
 12.6333   54.69400  -93.38400   46.8929  140.0799    3.77200   -0.01399
 12.6417   54.89800  -93.15200   46.9014  140.0983    3.71200   -0.00412
 12.6500   55.10200  -92.91800   46.9098  140.1167    3.65600    0.00331
 12.6583   55.30600  -92.68300   46.9181  140.1350    3.62400    0.00166
 12.6667   55.51000  -92.44700   46.9263  140.1534    3.54600   -0.01182
 12.6750   55.71300  -92.20500   46.9346  140.1716    3.46500   -0.03628
 12.6833   55.91600  -91.96200   46.9428  140.1898    3.40900   -0.05339
 12.6917   56.11900  -91.71700   46.9510  140.2079    3.36900   -0.05814
 12.7000   56.32200  -91.47100   46.9591  140.2260    3.34000   -0.06164
 12.7083   56.52500  -91.22400   46.9671  140.2442    3.29200   -0.05990
 12.7167   56.72700  -90.97500   46.9750  140.2621    3.27000   -0.06086
 12.7250   56.93000  -90.72500   46.9829  140.2802    3.22900   -0.05486
 12.7333   57.13300  -90.47400   46.9907  140.2982    3.20500   -0.04516
 12.7417   57.33600  -90.22100   46.9984  140.3163    3.19700   -0.02317
 12.7500   57.53900  -89.96700   47.0060  140.3343    3.20400    0.00609
 12.7583   57.74100  -89.71200   47.0135  140.3522    3.21400    0.03269
 12.7667   57.94400  -89.45500   47.0210  140.3701    3.21200    0.04901
 12.7750   58.14700  -89.19700   47.0284  140.3880    3.19800    0.04559
 12.7833   58.34900  -88.93700   47.0358  140.4059    3.15000    0.01848
 12.7917   58.55200  -88.67500   47.0430  140.4238    3.07400   -0.02260
 12.8000   58.75400  -88.41300   47.0502  140.4416    3.01800   -0.06151
 12.8083   58.95700  -88.14800   47.0573  140.4595    2.98600   -0.09186
 12.8167   59.15900  -87.88200   47.0644  140.4772    2.94700   -0.10688
 12.8250   59.36100  -87.61500   47.0713  140.4950    2.94900   -0.10930
 12.8333   59.56400  -87.34600   47.0782  140.5128    2.96500   -0.08277
 12.8417   59.76500  -87.06900   47.0852  140.5304    3.02900   -0.04970
 12.8500   59.96600  -86.79100   47.0921  140.5481    3.06000   -0.02748
 12.8583   60.16700  -86.51000   47.0990  140.5657    3.04500   -0.02052
 12.8667   60.36800  -86.22800   47.1057  140.5833    3.06600   -0.02388
 12.8750   60.56800  -85.94400   47.1124  140.6008    3.07400   -0.02398
 12.8833   60.76900  -85.65800   47.1190  140.6184    3.08500   -0.02660
 12.8917   60.97000  -85.37000   47.1256  140.6360    3.11200   -0.04110
 12.9000   61.17000  -85.08000   47.1321  140.6535    3.09400   -0.04672
 12.9083   61.37100  -84.78800   47.1385  140.6710    3.14600   -0.04844
 12.9167   61.57100  -84.49400   47.1449  140.6885    3.19200   -0.02927
 12.9250   61.77100  -84.19800   47.1512  140.7059    3.24100   -0.01697
 12.9333   61.97100  -83.89900   47.1574  140.7234    3.26300   -0.00365
 12.9417   62.17100  -83.59900   47.1635  140.7409    3.30500    0.00501
 12.9500   62.37100  -83.29600   47.1696  140.7583    3.33500    0.01710
 12.9583   62.57000  -82.99100   47.1756  140.7757    3.36600    0.03186
 12.9667   62.77000  -82.68400   47.1816  140.7931    3.41700    0.05659
 12.9750   62.96900  -82.37500   47.1874  140.8105    3.47800    0.07868
 12.9833   63.16900  -82.06300   47.1932  140.8279    3.50200    0.08784
 12.9917   63.36800  -81.74900   47.1990  140.8452    3.50600    0.07682
 13.0000   63.56700  -81.43200   47.2046  140.8626    3.49600    0.05791
 13.0083   63.76400  -81.10600   47.2104  140.8798    3.48600    0.02793
 13.0167   63.96100  -80.77600   47.2161  140.8970    3.44800    0.00905
 13.0250   64.15800  -80.44500   47.2217  140.9142    3.47100   -0.01034
 13.0333   64.35500  -80.11000   47.2273  140.9314    3.45500   -0.00570
 13.0417   64.55200  -79.77300   47.2328  140.9487    3.49200   -0.01013
 13.0500   64.74900  -79.43200   47.2383  140.9659    3.47700    0.00447
 13.0583   64.94500  -79.08900   47.2436  140.9830    3.51400    0.00042
 13.0667   65.14100  -78.74200   47.2490  141.0002    3.48100    0.00206
 13.0750   65.33700  -78.39300   47.2542  141.0173    3.48300   -0.00066
 13.0833   65.53300  -78.04000   47.2594  141.0345    3.50900    0.00050
 13.0917   65.72800  -77.68400   47.2645  141.0516    3.49300    0.00768
 13.1000   65.92300  -77.32500   47.2695  141.0687    3.52000    0.00540
 13.1083   66.11800  -76.96200   47.2745  141.0858    3.51700    0.00646
 13.1167   66.31300  -76.59600   47.2794  141.1030    3.51400   -0.01147
 13.1250   66.50700  -76.22600   47.2843  141.1200    3.47700   -0.02740
 13.1333   66.70100  -75.85300   47.2890  141.1371    3.47900   -0.03939
 13.1417   66.89500  -75.47600   47.2938  141.1542    3.48500   -0.02495
 13.1500   67.08800  -75.09600   47.2984  141.1712    3.53400   -0.00384
 13.1583   67.28200  -74.71100   47.3030  141.1883    3.55900    0.01244
 13.1667   67.47500  -74.32300   47.3075  141.2053    3.55100    0.02253
 13.1750   67.66500  -73.92200   47.3122  141.2222    3.57800    0.02400
 13.1833   67.85600  -73.51700   47.3167  141.2392    3.57000    0.02676
 13.1917   68.04600  -73.10800   47.3212  141.2561    3.56000    0.02847
 13.2000   68.23600  -72.69400   47.3257  141.2731    3.57800    0.02253
 13.2083   68.42500  -72.27500   47.3301  141.2900    3.54500    0.01930
 13.2167   68.61400  -71.85200   47.3344  141.3069    3.54500    0.02000
 13.2250   68.80300  -71.42400   47.3386  141.3238    3.57400    0.03594
 13.2333   68.99100  -70.99100   47.3428  141.3407    3.58100    0.05308
 13.2417   69.17900  -70.55300   47.3470  141.3576    3.57300    0.05713
 13.2500   69.36600  -70.10900   47.3510  141.3745    3.55000    0.05268
 13.2583   69.55300  -69.66100   47.3550  141.3914    3.52000    0.03574
 13.2667   69.73900  -69.20700   47.3590  141.4082    3.46400    0.02942
 13.2750   69.92500  -68.74800   47.3629  141.4251    3.46500    0.03562
 13.2833   70.11100  -68.28300   47.3667  141.4420    3.46800    0.05436
 13.2917   70.29500  -67.81200   47.3704  141.4588    3.45000    0.05883
 13.3000   70.48000  -67.33500   47.3741  141.4757    3.40600    0.04672
 13.3083   70.66300  -66.85300   47.3777  141.4925    3.35900    0.02224
 13.3167   70.84600  -66.36400   47.3813  141.5093    3.30800   -0.00012
 13.3250   71.02900  -65.86800   47.3848  141.5262    3.27900   -0.03087
 13.3333   71.21100  -65.36700   47.3882  141.5430    3.21500   -0.06355
 13.3417   71.39000  -64.84800   47.3918  141.5598    3.16200   -0.10879
 13.3500   71.56800  -64.32300   47.3953  141.5765    3.10000   -0.14010
 13.3583   71.74600  -63.79000   47.3988  141.5932    3.08600   -0.15140
 13.3667   71.92300  -63.25100   47.4021  141.6100    3.10400   -0.14894
 13.3750   72.09900  -62.70300   47.4054  141.6267    3.09100   -0.13284
 13.3833   72.27400  -62.14800   47.4087  141.6434    3.13000   -0.08709
 13.3917   72.44900  -61.58500   47.4119  141.6602    3.25500   -0.03674
 13.4000   72.62300  -61.01300   47.4150  141.6769    3.27300   -0.00008
 13.4083   72.79500  -60.43300   47.4181  141.6936    3.28400   -0.01356
 13.4167   72.96700  -59.84500   47.4211  141.7103    3.26800   -0.03224
 13.4250   73.13800  -59.24800   47.4241  141.7270    3.28500   -0.05077
 13.4333   73.30800  -58.64200   47.4269  141.7437    3.31100   -0.04835
 13.4417   73.47800  -58.02700   47.4297  141.7604    3.36600   -0.04616
 13.4500   73.64600  -57.40300   47.4325  141.7771    3.38000   -0.02917
 13.4583   73.81300  -56.76800   47.4352  141.7938    3.44600   -0.00301
 13.4667   73.97800  -56.12400   47.4379  141.8104    3.52500    0.03246
 13.4750   74.14300  -55.47000   47.4405  141.8271    3.55900    0.06564
 13.4833   74.30700  -54.80600   47.4430  141.8438    3.60600    0.10313
 13.4917   74.46900  -54.13100   47.4454  141.8604    3.68500    0.13641
 13.5000   74.63000  -53.44500   47.4479  141.8771    3.70100    0.15706
 13.5083   74.78800  -52.73800   47.4504  141.8938    3.70200    0.14148
 13.5167   74.94300  -52.01900   47.4528  141.9103    3.66100    0.10539
 13.5250   75.09800  -51.28900   47.4552  141.9269    3.60000    0.06636
 13.5333   75.25100  -50.54600   47.4576  141.9436    3.57700    0.05958
 13.5417   75.40200  -49.79100   47.4599  141.9601    3.62100    0.06374
 13.5500   75.55200  -49.02400   47.4621  141.9767    3.58300    0.06263
 13.5583   75.70100  -48.24400   47.4642  141.9934    3.53600    0.04585
 13.5667   75.84700  -47.45100   47.4664  142.0099    3.52400    0.03847
 13.5750   75.99200  -46.64500   47.4684  142.0266    3.50500    0.02043
 13.5833   76.13500  -45.82600   47.4704  142.0431    3.42100    0.00237
 13.5917   76.27700  -44.99300   47.4723  142.0597    3.40600   -0.03011
 13.6000   76.41600  -44.14600   47.4742  142.0763    3.34500   -0.07206
 13.6083   76.55300  -43.28500   47.4760  142.0928    3.23000   -0.09764
 13.6167   76.68900  -42.40900   47.4777  142.1095    3.25800   -0.08680
 13.6250   76.82200  -41.52000   47.4794  142.1260    3.29800   -0.04772
 13.6333   76.95300  -40.61500   47.4811  142.1426    3.26200   -0.01389
 13.6417   77.08300  -39.69500   47.4826  142.1592    3.27400    0.00272
 13.6500   77.20900  -38.76000   47.4841  142.1757    3.26600    0.05062
 13.6583   77.33400  -37.81000   47.4856  142.1923    3.32500    0.09053
 13.6667   77.45600  -36.84500   47.4869  142.2088    3.31300    0.12381
 13.6750   77.57200  -35.85400   47.4885  142.2253    3.28700    0.10121
 13.6833   77.68500  -34.84800   47.4899  142.2419    3.18700    0.03119
 13.6917   77.79600  -33.82600   47.4913  142.2584    3.04500   -0.03600
 13.7000   77.90400  -32.78800   47.4927  142.2749    3.03700   -0.07527
 13.7083   78.01000  -31.73500   47.4939  142.2914    3.02200   -0.07055
 13.7167   78.11200  -30.66600   47.4952  142.3080    3.00900   -0.05236
 13.7250   78.21100  -29.58100   47.4963  142.3245    3.03400   -0.06208
 13.7333   78.30800  -28.48200   47.4974  142.3410    2.92600   -0.06847
 13.7417   78.40100  -27.36600   47.4985  142.3575    2.90600   -0.06026
 13.7500   78.49100  -26.23600   47.4994  142.3740    2.96200    0.00002
 13.7583   78.57700  -25.09000   47.5004  142.3905    3.00100    0.06934
 13.7667   78.66100  -23.93000   47.5012  142.4071    3.00500    0.11416
 13.7750   78.74000  -22.75600   47.5020  142.4235    2.98800    0.13099
 13.7833   78.81600  -21.56700   47.5028  142.4400    2.94200    0.14321
 13.7917   78.88900  -20.36500   47.5035  142.4566    2.92800    0.13894
 13.8000   78.95800  -19.14900   47.5041  142.4731    2.84800    0.12651
 13.8083   79.02300  -17.92000   47.5047  142.4896    2.76600    0.08589
 13.8167   79.08400  -16.68000   47.5052  142.5060    2.66400    0.05980
 13.8250   79.14200  -15.42700   47.5056  142.5226    2.62800    0.04047
 13.8333   79.19500  -14.16400   47.5061  142.5390    2.55700    0.02953
 13.8417   79.24100  -12.88500   47.5066  142.5555    2.45900    0.01737
 13.8500   79.28300  -11.59700   47.5070  142.5720    2.39700    0.00758
 13.8583   79.32000  -10.30100   47.5074  142.5885    2.31700    0.00204
 13.8667   79.35300   -8.99700   47.5078  142.6049    2.22000   -0.01261
 13.8750   79.38200   -7.68700   47.5081  142.6214    2.12100   -0.00706
 13.8833   79.40700   -6.37100   47.5083  142.6379    2.10200    0.02340
 13.8917   79.42800   -5.04900   47.5084  142.6544    2.08600    0.05895
 13.9000   79.44400   -3.72400   47.5085  142.6709    2.01100    0.04489
 13.9083   79.45600   -2.39500   47.5086  142.6874    1.84700    0.00311
 13.9167   79.46300   -1.06500   47.5086  142.7038    1.75000   -0.03526
 13.9250   79.46600    0.26700   47.5085  142.7203    1.68700   -0.06200
 13.9333   79.46500    1.59900   47.5084  142.7368    1.56400   -0.09257
 13.9417   79.45900    2.93100   47.5082  142.7533    1.46400   -0.11551
 13.9500   79.44900    4.26000   47.5080  142.7697    1.43400   -0.10832
 13.9583   79.43500    5.58700   47.5077  142.7862    1.41400   -0.08091
 13.9667   79.41700    6.91000   47.5073  142.8027    1.38400   -0.06263
 13.9750   79.39400    8.22800   47.5069  142.8192    1.33200   -0.04494
 13.9833   79.36600    9.54100   47.5064  142.8356    1.31100   -0.04193
 13.9917   79.33500   10.84800   47.5059  142.8521    1.24100   -0.05249
 14.0000   79.29900   12.14700   47.5053  142.8686    1.15700   -0.05005
 14.0083   79.25600   13.43400   47.5048  142.8850    1.18600   -0.03432
 14.0167   79.20800   14.71200   47.5043  142.9015    1.16600   -0.01384
 14.0250   79.15600   15.97900   47.5037  142.9180    1.10300    0.00307
 14.0333   79.10100   17.23600   47.5030  142.9344    1.12300    0.02309
 14.0417   79.04100   18.48100   47.5023  142.9509    1.11000    0.05597
 14.0500   78.97800   19.71400   47.5016  142.9674    1.08000    0.06679
 14.0583   78.91000   20.93400   47.5008  142.9839    1.02800    0.05619
 14.0667   78.83900   22.14200   47.4999  143.0004    0.94500    0.04666
 14.0750   78.76500   23.33500   47.4989  143.0168    0.92200    0.04378
 14.0833   78.68700   24.51500   47.4979  143.0333    0.90100    0.04386
 14.0917   78.60500   25.68100   47.4969  143.0498    0.84200    0.01818
 14.1000   78.52000   26.83200   47.4958  143.0663    0.76000   -0.03178
 14.1083   78.43200   27.96800   47.4946  143.0827    0.68300   -0.07957
 14.1167   78.34000   29.08900   47.4934  143.0992    0.64500   -0.12990
 14.1250   78.24500   30.19500   47.4921  143.1157    0.56100   -0.18059
 14.1333   78.14700   31.28500   47.4907  143.1322    0.49100   -0.23797
 14.1417   78.04600   32.36000   47.4893  143.1487    0.45400   -0.26810
 14.1500   77.94200   33.42000   47.4878  143.1652    0.48900   -0.27557
 14.1583   77.83500   34.46300   47.4863  143.1816    0.51900   -0.24416
 14.1667   77.72600   35.49100   47.4847  143.1981    0.61400   -0.16600
 14.1750   77.61000   36.49400   47.4833  143.2146    0.78800   -0.08842
 14.1833   77.49200   37.48100   47.4817  143.2311    0.81100   -0.03678
 14.1917   77.37100   38.45200   47.4802  143.2476    0.82600   -0.03507
 14.2000   77.24800   39.40900   47.4785  143.2641    0.84300   -0.00568
 14.2083   77.12200   40.34900   47.4768  143.2807    0.94400    0.08638
 14.2167   76.99500   41.27500   47.4750  143.2971    1.14100    0.24490
 14.2250   76.86400   42.18600   47.4733  143.3137    1.35700    0.37553
 14.2333   76.73200   43.08100   47.4714  143.3302    1.36900    0.40761
 14.2417   76.59800   43.96200   47.4694  143.3467    1.26000    0.34376
 14.2500   76.46100   44.82900   47.4674  143.3632    1.17200    0.25981
 14.2583   76.32300   45.68200   47.4654  143.3797    1.10500    0.19331
 14.2667   76.18300   46.52000   47.4632  143.3962    1.03000    0.11957
 14.2750   76.04100   47.34500   47.4611  143.4128    0.89900    0.03240
 14.2833   75.89700   48.15600   47.4588  143.4293    0.77400   -0.06854
 14.2917   75.75100   48.95400   47.4565  143.4458    0.63900   -0.13146
 14.3000   75.60300   49.73900   47.4542  143.4624    0.60500   -0.13744
 14.3083   75.45400   50.51200   47.4518  143.4789    0.63000   -0.10229
 14.3167   75.30400   51.27100   47.4493  143.4954    0.60300   -0.05774
 14.3250   75.15200   52.01900   47.4468  143.5119    0.59400   -0.02065
 14.3333   74.99800   52.75400   47.4442  143.5285    0.60700   -0.00525
 14.3417   74.84000   53.46700   47.4417  143.5451    0.52500   -0.02516
 14.3500   74.68100   54.16800   47.4392  143.5616    0.41700   -0.07437
 14.3583   74.52100   54.85900   47.4366  143.5782    0.35100   -0.10893
 14.3667   74.35900   55.53800   47.4339  143.5948    0.33100   -0.10811
 14.3750   74.19600   56.20700   47.4312  143.6114    0.35200   -0.08175
 14.3833   74.03200   56.86500   47.4285  143.6280    0.37900   -0.04672
 14.3917   73.86700   57.51400   47.4256  143.6446    0.39300   -0.02075
 14.4000   73.70100   58.15200   47.4227  143.6611    0.39100   -0.00144
 14.4083   73.53400   58.78100   47.4198  143.6777    0.40200   -0.00277
 14.4167   73.36500   59.40000   47.4168  143.6944    0.35700   -0.00506
 14.4250   73.19600   60.01000   47.4137  143.7110    0.35700   -0.01322
 14.4333   73.02500   60.61000   47.4105  143.7276    0.35600   -0.01272
 14.4417   72.85400   61.20200   47.4073  143.7442    0.34400   -0.01505
 14.4500   72.68200   61.78600   47.4041  143.7608    0.33300   -0.01788
 14.4583   72.50900   62.36100   47.4008  143.7774    0.32200   -0.01044
 14.4667   72.33500   62.92700   47.3974  143.7940    0.33100    0.02240
 14.4750   72.16000   63.48600   47.3939  143.8107    0.39300    0.06090
 14.4833   71.98400   64.03700   47.3904  143.8273    0.39800    0.09979
 14.4917   71.80800   64.58000   47.3869  143.8439    0.40800    0.11945
 14.5000   71.63100   65.11500   47.3833  143.8606    0.41000    0.11591
 14.5083   71.45100   65.63400   47.3798  143.8773    0.34100    0.08568
 14.5167   71.27000   66.14500   47.3762  143.8940    0.26600    0.02712
 14.5250   71.08900   66.65000   47.3726  143.9106    0.17500   -0.02794
 14.5333   70.90700   67.14900   47.3689  143.9274    0.11600   -0.07078
 14.5417   70.72400   67.64100   47.3651  143.9441    0.08200   -0.07680
 14.5500   70.54100   68.12600   47.3613  143.9608    0.11100   -0.06277
 14.5583   70.35800   68.60600   47.3574  143.9775    0.11800   -0.04563
 14.5667   70.17300   69.07900   47.3535  143.9943    0.09600   -0.04460
 14.5750   69.98800   69.54700   47.3495  144.0110    0.08000   -0.05422
 14.5833   69.80300   70.00900   47.3454  144.0278    0.06200   -0.07122
 14.5917   69.61700   70.46500   47.3413  144.0445    0.03200   -0.09788
 14.6000   69.43100   70.91600   47.3371  144.0612    0.00000   -0.11546
 14.6083   69.24400   71.36100   47.3329  144.0780    0.02500   -0.11805
 14.6167   69.05700   71.80200   47.3285  144.0948    0.05000   -0.10933
 14.6250   68.86900   72.23700   47.3242  144.1116    0.06100   -0.08606
 14.6333   68.68100   72.66700   47.3197  144.1283    0.13400   -0.06161
 14.6417   68.49200   73.09300   47.3152  144.1451    0.16500   -0.01436
 14.6500   68.30300   73.51300   47.3107  144.1619    0.25200    0.02790
 14.6583   68.11400   73.92900   47.3060  144.1787    0.31800    0.08319
 14.6667   67.92400   74.34000   47.3014  144.1955    0.40300    0.10398
 14.6750   67.73200   74.73900   47.2968  144.2124    0.39200    0.08833
 14.6833   67.54000   75.13300   47.2921  144.2293    0.35400    0.03322
 14.6917   67.34700   75.52400   47.2874  144.2462    0.31800   -0.01202
 14.7000   67.15500   75.91000   47.2826  144.2630    0.33900   -0.05014
 14.7083   66.96100   76.29300   47.2778  144.2800    0.31800   -0.06133
 14.7167   66.76800   76.67100   47.2729  144.2969    0.35900   -0.06068
 14.7250   66.57400   77.04600   47.2679  144.3139    0.40600   -0.03454
 14.7333   66.38000   77.41800   47.2629  144.3308    0.45100    0.00836
 14.7417   66.18600   77.78500   47.2578  144.3477    0.52900    0.05824
 14.7500   65.99100   78.15000   47.2526  144.3647    0.57800    0.11227
 14.7583   65.79700   78.51100   47.2474  144.3816    0.62000    0.14224
 14.7667   65.60200   78.86800   47.2421  144.3986    0.61100    0.15668
 14.7750   65.40600   79.22200   47.2368  144.4156    0.60800    0.14782
 14.7833   65.21100   79.57300   47.2314  144.4326    0.57300    0.13095
 14.7917   65.01500   79.92100   47.2259  144.4496    0.53500    0.10340
 14.8000   64.81900   80.26600   47.2203  144.4666    0.49000    0.07587
 14.8083   64.62300   80.60700   47.2147  144.4836    0.44700    0.04410
 14.8167   64.42600   80.94600   47.2090  144.5007    0.38400    0.01189
 14.8250   64.23000   81.28200   47.2033  144.5177    0.32800   -0.02309
 14.8333   64.03300   81.61500   47.1975  144.5348    0.26500   -0.04151
 14.8417   63.83500   81.93800   47.1917  144.5519    0.24800   -0.05194
 14.8500   63.63600   82.25800   47.1860  144.5691    0.21300   -0.04879
 14.8583   63.43800   82.57600   47.1801  144.5862    0.19400   -0.05140
 14.8667   63.23900   82.89100   47.1742  144.6034    0.16000   -0.05494
 14.8750   63.04000   83.20400   47.1682  144.6206    0.12500   -0.05838
 14.8833   62.84100   83.51500   47.1622  144.6378    0.11200   -0.06183
 14.8917   62.64200   83.82300   47.1561  144.6550    0.08800   -0.04945
 14.9000   62.44200   84.12900   47.1499  144.6723    0.11900   -0.04843
 14.9083   62.24300   84.43300   47.1436  144.6895    0.08400   -0.04071
 14.9167   62.04300   84.73400   47.1373  144.7068    0.09800   -0.04607
 14.9250   61.84300   85.03300   47.1309  144.7241    0.10100   -0.04738
 14.9333   61.64300   85.33000   47.1245  144.7414    0.09800   -0.06059
 14.9417   61.44300   85.62500   47.1179  144.7587    0.09000   -0.08143
 14.9500   61.24300   85.91800   47.1113  144.7760    0.08500   -0.10429
 14.9583   61.04300   86.20900   47.1047  144.7933    0.08800   -0.10723
 14.9667   60.84300   86.49800   47.0979  144.8106    0.15500   -0.10106
 14.9750   60.64200   86.78500   47.0911  144.8280    0.18500   -0.08433
 14.9833   60.44200   87.07000   47.0842  144.8454    0.22700   -0.07696
 14.9917   60.24100   87.35200   47.0773  144.8628    0.26900   -0.05685
 15.0000   60.04000   87.63300   47.0703  144.8802    0.34900   -0.01844
 15.0083   59.83900   87.90700   47.0634  144.8977    0.46200    0.02931
 15.0167   59.63700   88.17800   47.0564  144.9152    0.54200    0.06865
 15.0250   59.43500   88.44800   47.0493  144.9328    0.60100    0.07906
 15.0333   59.23300   88.71600   47.0422  144.9504    0.62200    0.06053
 15.0417   59.03100   88.98300   47.0350  144.9679    0.60900    0.02509
 15.0500   58.82800   89.24800   47.0277  144.9856    0.60900    0.00407
 15.0583   58.62600   89.51100   47.0203  145.0032    0.67400   -0.00096
 15.0667   58.42400   89.77300   47.0129  145.0209    0.70700    0.00623
 15.0750   58.22200   90.03300   47.0054  145.0385    0.74300    0.01730
 15.0833   58.01900   90.29200   46.9978  145.0563    0.81400    0.02540
 15.0917   57.81700   90.55000   46.9902  145.0739    0.82700    0.03886
 15.1000   57.61400   90.80600   46.9824  145.0917    0.87200    0.04939
 15.1083   57.41200   91.06000   46.9746  145.1094    0.92700    0.05875
 15.1167   57.20900   91.31300   46.9668  145.1272    0.93800    0.05023
 15.1250   57.00700   91.56500   46.9588  145.1450    0.92700    0.02288
 15.1333   56.80400   91.81600   46.9508  145.1628    0.92600   -0.01702
 15.1417   56.60100   92.06400   46.9427  145.1807    0.90600   -0.05334
 15.1500   56.39900   92.31200   46.9345  145.1985    0.92200   -0.08534
 15.1583   56.19600   92.55800   46.9263  145.2164    0.94600   -0.11010
 15.1667   55.99300   92.80300   46.9180  145.2344    0.95500   -0.12423
 15.1750   55.79000   93.04200   46.9097  145.2523    1.00800   -0.12232
 15.1833   55.58600   93.27900   46.9014  145.2704    1.08600   -0.10365
 15.1917   55.38200   93.51600   46.8930  145.2886    1.15100   -0.08450
 15.2000   55.17900   93.75100   46.8845  145.3066    1.20000   -0.06197
 15.2083   54.97500   93.98500   46.8760  145.3248    1.28800   -0.00985
 15.2167   54.77200   94.21800   46.8673  145.3429    1.46100    0.06018
 15.2250   54.56800   94.45000   46.8586  145.3611    1.58200    0.11319
 15.2333   54.36400   94.68000   46.8498  145.3794    1.61700    0.13242
 15.2417   54.16000   94.91000   46.8409  145.3977    1.67400    0.12332
 15.2500   53.95700   95.13900   46.8320  145.4159    1.69500    0.10367
 15.2583   53.75300   95.36600   46.8229  145.4342    1.69300    0.07458
 15.2667   53.54900   95.59300   46.8138  145.4526    1.71500    0.03398
 15.2750   53.34600   95.81900   46.8046  145.4709    1.69300   -0.00411
 15.2833   53.14200   96.04300   46.7953  145.4893    1.70200   -0.03829
 15.2917   52.93800   96.26700   46.7860  145.5078    1.74300   -0.05345
 15.3000   52.73500   96.48900   46.7765  145.5262    1.79100   -0.05863
 15.3083   52.53100   96.71100   46.7670  145.5448    1.83300   -0.06697
 15.3167   52.32700   96.93100   46.7574  145.5633    1.86100   -0.08385
 15.3250   52.12300   97.15100   46.7477  145.5819    1.88100   -0.09625
 15.3333   51.92000   97.37000   46.7379  145.6004    1.94600   -0.10474
 15.3417   51.71600   97.58300   46.7282  145.6192    1.99400   -0.10114
 15.3500   51.51100   97.79500   46.7184  145.6380    2.06600   -0.08554
 15.3583   51.30700   98.00700   46.7085  145.6568    2.18500   -0.05423
 15.3667   51.10300   98.21800   46.6985  145.6756    2.29800   -0.01817
 15.3750   50.89900   98.42800   46.6885  145.6945    2.39100    0.01693
 15.3833   50.69500   98.63700   46.6783  145.7134    2.50100    0.05173
 15.3917   50.49100   98.84600   46.6681  145.7324    2.60400    0.08320
 15.4000   50.28600   99.05400   46.6577  145.7515    2.67400    0.10489
 15.4083   50.08200   99.26100   46.6473  145.7705    2.74200    0.11160
 15.4167   49.87800   99.46700   46.6368  145.7896    2.78800    0.11507
 15.4250   49.67400   99.67200   46.6262  145.8087    2.85100    0.11711
 15.4333   49.47000   99.87700   46.6155  145.8279    2.91500    0.10685
 15.4417   49.26600  100.08000   46.6047  145.8471    2.91000    0.08777
 15.4500   49.06200  100.28300   46.5938  145.8664    2.92900    0.04651
 15.4583   48.85800  100.48600   46.5828  145.8857    2.89800   -0.00122
 15.4667   48.65400  100.68700   46.5718  145.9050    2.86000   -0.05829
 15.4750   48.45000  100.88800   46.5606  145.9244    2.83600   -0.09439
 15.4833   48.24700  101.08800   46.5494  145.9438    2.88200   -0.09910
 15.4917   48.04300  101.28700   46.5381  145.9633    2.96300   -0.07207
 15.5000   47.83900  101.48500   46.5266  145.9829    3.06700   -0.05093
 15.5083   47.63500  101.67900   46.5152  146.0025    3.09400   -0.04375
 15.5167   47.43100  101.87300   46.5037  146.0223    3.12600   -0.05115
 15.5250   47.22700  102.06600   46.4921  146.0420    3.18100   -0.05398
 15.5333   47.02300  102.25800   46.4804  146.0619    3.24200   -0.05462
 15.5417   46.81900  102.45000   46.4686  146.0818    3.30500   -0.05702
 15.5500   46.61500  102.64100   46.4567  146.1017    3.37500   -0.05559
 15.5583   46.41100  102.83100   46.4448  146.1217    3.46600   -0.06451
 15.5667   46.20700  103.02100   46.4326  146.1418    3.50300   -0.05830
 15.5750   46.00300  103.21000   46.4204  146.1619    3.64200   -0.06041
 15.5833   45.79900  103.39800   46.4081  146.1821    3.70800   -0.05650
 15.5917   45.59500  103.58600   46.3957  146.2024    3.77700   -0.05509
 15.6000   45.39100  103.77400   46.3832  146.2227    3.91900   -0.03313
 15.6083   45.18800  103.96000   46.3706  146.2430    4.09200   -0.00947
 15.6167   44.98400  104.14600   46.3579  146.2634    4.18700   -0.00028
 15.6250   44.78000  104.33200   46.3450  146.2839    4.28600   -0.03540
 15.6333   44.57700  104.51700   46.3321  146.3044    4.28100   -0.04916
 15.6417   44.37300  104.70100   46.3190  146.3251    4.46100   -0.06351
 15.6500   44.17000  104.88400   46.3059  146.3457    4.55400   -0.04742
 15.6583   43.96600  105.06700   46.2926  146.3665    4.66900   -0.03755
 15.6667   43.76300  105.25000   46.2792  146.3872    4.82100   -0.01410
 15.6750   43.55900  105.42800   46.2659  146.4082    4.96500    0.04872
 15.6833   43.35600  105.60700   46.2524  146.4292    5.23600    0.09799
 15.6917   43.15200  105.78500   46.2388  146.4503    5.32200    0.14155
 15.7000   42.94900  105.96200   46.2251  146.4715    5.43500    0.13086
 15.7083   42.74600  106.13900   46.2113  146.4927    5.47900    0.10686
 15.7167   42.54200  106.31500   46.1973  146.5141    5.51600    0.07088
 15.7250   42.33900  106.49100   46.1832  146.5354    5.57200    0.04856
 15.7333   42.13600  106.66600   46.1691  146.5569    5.65100    0.04028
 15.7417   41.93300  106.84100   46.1548  146.5784    5.70700    0.03408
 15.7500   41.73000  107.01500   46.1403  146.6000    5.74100    0.02229
 15.7583   41.52700  107.18800   46.1258  146.6217    5.77200    0.02799
 15.7667   41.32300  107.36200   46.1111  146.6436    5.87900    0.05675
 15.7750   41.12100  107.53400   46.0963  146.6654    5.99100    0.11531
 15.7833   40.91800  107.70600   46.0814  146.6874    6.12900    0.16959
 15.7917   40.71500  107.87800   46.0663  146.7094    6.20600    0.18931
 15.8000   40.51200  108.04900   46.0512  146.7316    6.15500    0.13892
 15.8083   40.30900  108.22000   46.0358  146.7538    5.98100    0.03948
 15.8167   40.10600  108.39000   46.0204  146.7761    5.83300   -0.02316
 15.8250   39.90400  108.55900   46.0049  146.7985    5.93300   -0.04379
 15.8333   39.70100  108.72800   45.9891  146.8210    5.93700   -0.02657
 15.8417   39.49800  108.89400   45.9734  146.8437    5.94900   -0.01017
 15.8500   39.29600  109.06000   45.9576  146.8664    6.02700    0.00096
 15.8583   39.09300  109.22500   45.9416  146.8893    5.97900    0.00771
 15.8667   38.89100  109.39000   45.9254  146.9122    5.94200    0.00203
 15.8750   38.68900  109.55400   45.9092  146.9352    5.94900    0.01582
 15.8833   38.48600  109.71800   45.8927  146.9585    5.98800    0.02622
 15.8917   38.28400  109.88200   45.8761  146.9816    5.94700    0.04196
 15.9000   38.08200  110.04500   45.8594  147.0050    5.99400    0.06122
 15.9083   37.88000  110.20700   45.8426  147.0284    6.05600    0.06427
 15.9167   37.67800  110.37000   45.8256  147.0520    5.94000    0.03001
 15.9250   37.47600  110.53100   45.8084  147.0757    5.80700   -0.02760
 15.9333   37.27400  110.69300   45.7911  147.0994    5.75400   -0.06475
 15.9417   37.07200  110.85300   45.7737  147.1234    5.73100   -0.04841
 15.9500   36.87000  111.01400   45.7560  147.1474    5.84100   -0.00506
 15.9583   36.66800  111.17400   45.7382  147.1715    5.90900    0.01854
 15.9667   36.46600  111.33300   45.7203  147.1958    5.79000    0.01220
 15.9750   36.26500  111.49200   45.7022  147.2201    5.76100    0.00240
 15.9833   36.06300  111.65000   45.6840  147.2447    5.81100   -0.00149
 15.9917   35.86100  111.80800   45.6656  147.2693    5.71400   -0.00139
 16.0000   35.66000  111.96600   45.6470  147.2940    5.70300    0.00327
 16.0083   35.45800  112.12100   45.6284  147.3190    5.78300    0.01952
 16.0167   35.25700  112.27600   45.6096  147.3440    5.76400    0.00680
 16.0250   35.05600  112.43000   45.5906  147.3692    5.63000   -0.02821
 16.0333   34.85500  112.58400   45.5715  147.3945    5.60700   -0.04350
 16.0417   34.65400  112.73800   45.5522  147.4199    5.67200   -0.03699
 16.0500   34.45300  112.89100   45.5327  147.4455    5.64300   -0.03196
 16.0583   34.25200  113.04400   45.5130  147.4712    5.62400   -0.04174
 16.0667   34.05100  113.19600   45.4931  147.4971    5.63400   -0.05153
 16.0750   33.85000  113.34800   45.4731  147.5232    5.62100   -0.06452
 16.0833   33.64900  113.50000   45.4528  147.5493    5.59600   -0.04731
 16.0917   33.44800  113.65100   45.4324  147.5757    5.75800   -0.03864
 16.1000   33.24800  113.80200   45.4118  147.6020    5.70300   -0.02393
 16.1083   33.04700  113.95200   45.3910  147.6287    5.71900   -0.04383
 16.1167   32.84600  114.10200   45.3700  147.6556    5.72400   -0.04838
 16.1250   32.64600  114.25200   45.3488  147.6824    5.76000   -0.04060
 16.1333   32.44500  114.40100   45.3274  147.7096    5.84700   -0.01508
 16.1417   32.24500  114.55000   45.3058  147.7367    5.95300    0.01044
 16.1500   32.04500  114.69800   45.2841  147.7641    5.99600    0.01570
 16.1583   31.84400  114.84600   45.2620  147.7918    5.98200    0.00141
 16.1667   31.64400  114.99300   45.2398  147.8195    5.98500   -0.00761
 16.1750   31.44400  115.13900   45.2175  147.8475    6.04100    0.00113
 16.1833   31.24400  115.28400   45.1950  147.8757    6.10900    0.00970
 16.1917   31.04500  115.42800   45.1723  147.9039    6.10700    0.02841
 16.2000   30.84500  115.57300   45.1493  147.9324    6.22700    0.04523
 16.2083   30.64500  115.71700   45.1261  147.9611    6.29300    0.06890
 16.2167   30.44600  115.86000   45.1027  147.9899    6.32900    0.06553
 16.2250   30.24600  116.00400   45.0790  148.0190    6.30200    0.05000
 16.2333   30.04700  116.14700   45.0552  148.0481    6.29800    0.01792
 16.2417   29.84700  116.28900   45.0310  148.0777    6.24600   -0.02476
 16.2500   29.64800  116.43100   45.0067  148.1072    6.16800   -0.06180
 16.2583   29.44900  116.57300   44.9821  148.1370    6.20000   -0.07409
 16.2667   29.25000  116.71500   44.9572  148.1669    6.28300   -0.06219
 16.2750   29.05000  116.85600   44.9321  148.1973    6.33800   -0.04618
 16.2833   28.85100  116.99600   44.9068  148.2278    6.39100   -0.03785
 16.2917   28.65200  117.13600   44.8812  148.2584    6.43400   -0.03369
 16.3000   28.45300  117.27600   44.8553  148.2893    6.46900   -0.03059
 16.3083   28.25400  117.41500   44.8292  148.3204    6.52600   -0.02647
 16.3167   28.05500  117.55400   44.8028  148.3518    6.58700   -0.02253
 16.3250   27.85700  117.69300   44.7762  148.3831    6.63800   -0.01785
 16.3333   27.65800  117.83100   44.7492  148.4150    6.71800   -0.01703
 16.3417   27.46000  117.96800   44.7221  148.4469    6.77100   -0.02017
 16.3500   27.26100  118.10400   44.6947  148.4793    6.80500   -0.02636
 16.3583   27.06300  118.24000   44.6670  148.5117    6.86600   -0.02182
 16.3667   26.86500  118.37600   44.6390  148.5444    6.98000   -0.00747
 16.3750   26.66700  118.51100   44.6108  148.5774    7.07500    0.00332
 16.3833   26.46900  118.64600   44.5822  148.6106    7.12500    0.00829
 16.3917   26.27100  118.78000   44.5534  148.6441    7.21600    0.01188
 16.4000   26.07400  118.91400   44.5243  148.6776    7.31100    0.01141
 16.4083   25.87600  119.04800   44.4948  148.7116    7.34600   -0.00081
 16.4167   25.67800  119.18200   44.4649  148.7459    7.37400   -0.01737
 16.4250   25.48000  119.31500   44.4348  148.7805    7.44900   -0.03421
 16.4333   25.28300  119.44700   44.4045  148.8152    7.48800   -0.04382
 16.4417   25.08500  119.58000   44.3736  148.8503    7.56700   -0.04763
 16.4500   24.88800  119.71200   44.3425  148.8855    7.68700   -0.04381
 16.4583   24.69000  119.84300   44.3110  148.9213    7.78500   -0.03838
 16.4667   24.49300  119.97400   44.2793  148.9572    7.89300   -0.04048
 16.4750   24.29600  120.10500   44.2472  148.9933    7.98800   -0.04041
 16.4833   24.09800  120.23500   44.2146  149.0300    8.11400   -0.04566
 16.4917   23.90100  120.36500   44.1817  149.0668    8.19900   -0.05331
 16.5000   23.70400  120.49500   44.1485  149.1039    8.29100   -0.06517
 16.5083   23.50800  120.62300   44.1151  149.1412    8.40600   -0.07587
 16.5167   23.31100  120.75100   44.0812  149.1790    8.51600   -0.07245
 16.5250   23.11500  120.87900   44.0469  149.2169    8.70800   -0.05401
 16.5333   22.91800  121.00600   44.0122  149.2554    8.93000   -0.02211
 16.5417   22.72200  121.13300   43.9772  149.2940    9.13700    0.00796
 16.5500   22.52600  121.26000   43.9418  149.3330    9.33200    0.01877
 16.5583   22.33000  121.38600   43.9060  149.3723    9.44800    0.00873
 16.5667   22.13400  121.51200   43.8697  149.4119    9.54100   -0.00739
 16.5750   21.93800  121.63800   43.8330  149.4520    9.71900   -0.01919
 16.5833   21.74200  121.76300   43.7959  149.4924    9.88200   -0.02450
 16.5917   21.54600  121.88800   43.7583  149.5331   10.03300   -0.04138
 16.6000   21.35000  122.01200   43.7203  149.5743   10.15100   -0.05358
 16.6083   21.15400  122.13600   43.6819  149.6159   10.35800   -0.06335
 16.6167   20.95800  122.26000   43.6429  149.6578   10.53800   -0.06549
 16.6250   20.76300  122.38300   43.6036  149.6999   10.71600   -0.06701
 16.6333   20.56700  122.50600   43.5637  149.7426   10.94100   -0.05602
 16.6417   20.37200  122.62900   43.5234  149.7855   11.22400   -0.04105
 16.6500   20.17600  122.75100   43.4826  149.8291   11.45500   -0.03710
 16.6583   19.98100  122.87200   43.4414  149.8729   11.62500   -0.04562
 16.6667   19.78500  122.99400   43.3994  149.9173   11.83100   -0.05198
 16.6750   19.59100  123.11400   43.3574  149.9617   12.07600   -0.04896
 16.6833   19.39600  123.23400   43.3147  150.0067   12.31400   -0.03269
 16.6917   19.20100  123.35400   43.2713  150.0522   12.61900   -0.01450
 16.7000   19.00700  123.47400   43.2276  150.0978   12.88700    0.01296
 16.7083   18.81200  123.59300   43.1832  150.1443   13.20400    0.03755
 16.7167   18.61800  123.71200   43.1384  150.1908   13.50400    0.06079
 16.7250   18.42400  123.83000   43.0931  150.2379   13.77600    0.06137
 16.7333   18.22900  123.94800   43.0469  150.2858   13.94200    0.03764
 16.7417   18.03500  124.06600   43.0003  150.3337   14.08300   -0.00124
 16.7500   17.84100  124.18300   42.9532  150.3822   14.26600   -0.04117
 16.7583   17.64700  124.30000   42.9054  150.4312   14.44700   -0.06805
 16.7667   17.45300  124.41600   42.8571  150.4807   14.69900   -0.08896
 16.7750   17.25900  124.53300   42.8080  150.5307   14.93100   -0.08964
 16.7833   17.06500  124.64800   42.7584  150.5812   15.26000   -0.08720
 16.7917   16.87100  124.76400   42.7080  150.6322   15.53100   -0.07322
 16.8000   16.67700  124.87900   42.6571  150.6838   15.84100   -0.05968
 16.8083   16.48400  124.99300   42.6057  150.7356   16.15000   -0.03615
 16.8167   16.29000  125.10800   42.5532  150.7882   16.48400   -0.00503
 16.8250   16.09600  125.22100   42.5003  150.8414   16.85200    0.03661
 16.8333   15.90300  125.33500   42.4467  150.8948   17.25700    0.06947
 16.8417   15.71000  125.44800   42.3924  150.9488   17.54200    0.08499
 16.8500   15.51700  125.56000   42.3375  151.0034   17.78400    0.08947
 16.8583   15.32500  125.67200   42.2820  151.0582   18.10000    0.09238
 16.8667   15.13200  125.78400   42.2255  151.1139   18.35900    0.08757
 16.8750   14.94000  125.89600   42.1684  151.1698   18.52600    0.05995
 16.8833   14.74700  126.00700   42.1104  151.2267   18.65100    0.02733
 16.8917   14.55500  126.11700   42.0519  151.2839   18.85600    0.00482
 16.9000   14.36200  126.22800   41.9921  151.3419   19.09100    0.00927
 16.9083   14.17000  126.33800   41.9319  151.4003   19.41100    0.01765
 16.9167   13.97800  126.44700   41.8709  151.4593   19.63200    0.01690
 16.9250   13.78600  126.55600   41.8091  151.5190   19.77600    0.00188
 16.9333   13.59400  126.66500   41.7463  151.5792   19.97000   -0.01402
 16.9417   13.40200  126.77400   41.6826  151.6400   20.17500   -0.02874
 16.9500   13.21000  126.88200   41.6181  151.7015   20.31200   -0.02557
 16.9583   13.01800  126.98900   41.5527  151.7638   20.63300   -0.02224
 16.9667   12.82600  127.09700   41.4863  151.8266   20.82300   -0.00145
 16.9750   12.63400  127.20300   41.4191  151.8902   21.09600    0.01140
 16.9833   12.44200  127.31000   41.3508  151.9544   21.33600    0.04185
 16.9917   12.25100  127.41600   41.2819  152.0189   21.63300    0.06497
 17.0000   12.05900  127.52100   41.2118  152.0846   21.79700    0.09538
 17.0083   11.86800  127.62700   41.1408  152.1504   22.05100    0.12781
 17.0167   11.67700  127.73200   41.0689  152.2170   22.33100    0.14336
 17.0250   11.48700  127.83600   40.9964  152.2839   22.32300    0.14803
 17.0333   11.29600  127.94100   40.9224  152.3518   22.46000    0.13673
 17.0417   11.10600  128.04401   40.8478  152.4202   22.56600    0.14293
 17.0500   10.91500  128.14799   40.7717  152.4896   22.67000    0.14344
 17.0583   10.72500  128.25101   40.6949  152.5593   22.70000    0.12162
 17.0667   10.53400  128.35400   40.6166  152.6302   22.56100    0.08674
 17.0750   10.34400  128.45599   40.5375  152.7015   22.48900    0.05041
 17.0833   10.15400  128.55800   40.4574  152.7734   22.45400    0.03239
 17.0917    9.96400  128.66000   40.3760  152.8461   22.42600    0.02940
 17.1000    9.77300  128.76100   40.2931  152.9200   22.43200    0.04273
 17.1083    9.58300  128.86200   40.2094  152.9942   22.50400    0.04889
 17.1167    9.39300  128.96201   40.1246  153.0693   22.37100    0.05697
 17.1250    9.20300  129.06200   40.0384  153.1451   22.36800    0.04117
 17.1333    9.01400  129.16100   39.9516  153.2213   22.18000    0.03533
 17.1417    8.82400  129.25999   39.8630  153.2987   22.09900    0.02567
 17.1500    8.63400  129.35899   39.7731  153.3768   22.03200    0.02868
 17.1583    8.44400  129.45700   39.6819  153.4558   21.94200    0.03983
 17.1667    8.25500  129.55499   39.5899  153.5351   21.91500    0.03859
 17.1750    8.06600  129.65300   39.4964  153.6150   21.71800    0.05299
 17.1833    7.87700  129.75000   39.4017  153.6959   21.75100    0.04761
 17.1917    7.68900  129.84801   39.3060  153.7768   21.52400    0.05840
 17.2000    7.50000  129.94400   39.2086  153.8593   21.44700    0.04656
 17.2083    7.31200  130.04100   39.1101  153.9418   21.22700    0.04614
 17.2167    7.12300  130.13600   39.0099  154.0260   21.06600    0.03965
 17.2250    6.93500  130.23199   38.9086  154.1102   20.89300    0.04255
 17.2333    6.74600  130.32700   38.8055  154.1958   20.73100    0.03370
 17.2417    6.55800  130.42200   38.7013  154.2817   20.42600    0.03482
 17.2500    6.37000  130.51601   38.5957  154.3684   20.43400    0.04160
 17.2583    6.18200  130.61000   38.4887  154.4559   20.27300    0.07106
 17.2667    5.99400  130.70300   38.3801  154.5443   20.13600    0.06852
 17.2750    5.80600  130.79601   38.2701  154.6335   19.81200    0.04217
 17.2833    5.61800  130.88901   38.1584  154.7233   19.39800    0.00130
 17.2917    5.43000  130.98100   38.0452  154.8141   19.05100   -0.00889
 17.3000    5.24200  131.07300   37.9304  154.9057   18.80000   -0.00134
 17.3083    5.05400  131.16400   37.8141  154.9982   18.49200    0.00000

