hmax        =    300
wind_bottom =      2
wind_top    =     10
critlon     =      0
tbeg, h     =   0.00
tend, h     =  24.00
c_ionex     =      0
c_vert      =      1
time, gamma, az, latp, lonp, tec, tec_filtered
  0.4417    4.91500  128.58701   38.1213  155.6316   33.09400    0.00000
  0.4500    5.08100  128.45399   38.2305  155.5548   32.49300   -0.00394
  0.4583    5.24700  128.32201   38.3382  155.4783   31.92400   -0.01226
  0.4667    5.41300  128.18800   38.4448  155.4026   31.43800   -0.02237
  0.4750    5.57900  128.05499   38.5499  155.3271   30.94600   -0.02428
  0.4833    5.74500  127.92200   38.6537  155.2520   30.53000   -0.02241
  0.4917    5.91200  127.78800   38.7568  155.1768   30.05700   -0.00331
  0.5000    6.07800  127.65500   38.8580  155.1026   29.68200    0.01701
  0.5083    6.24500  127.52000   38.9586  155.0285   29.23400    0.04266
  0.5167    6.41200  127.38600   39.0578  154.9547   28.77500    0.04426
  0.5250    6.58000  127.25100   39.1563  154.8809   28.20800    0.03731
  0.5333    6.74700  127.11700   39.2529  154.8079   27.70100    0.02076
  0.5417    6.91400  126.98200   39.3484  154.7356   27.20000    0.00197
  0.5500    7.08200  126.84700   39.4431  154.6631   26.66300   -0.02911
  0.5583    7.24900  126.71100   39.5363  154.5919   26.09700   -0.07395
  0.5667    7.41700  126.57600   39.6285  154.5204   25.52200   -0.12837
  0.5750    7.58500  126.44000   39.7197  154.4494   24.96700   -0.16945
  0.5833    7.75300  126.30400   39.8096  154.3790   24.59600   -0.20202
  0.5917    7.92100  126.16800   39.8984  154.3090   24.17500   -0.22508
  0.6000    8.08900  126.03200   39.9860  154.2395   23.78400   -0.25107
  0.6083    8.25700  125.89500   40.0726  154.1706   23.47500   -0.25841
  0.6167    8.42500  125.75800   40.1581  154.1022   23.32300   -0.25927
  0.6250    8.59400  125.62100   40.2428  154.0337   23.08100   -0.24600
  0.6333    8.76200  125.48400   40.3260  153.9662   22.98200   -0.22822
  0.6417    8.93000  125.34600   40.4083  153.8993   22.93800   -0.18314
  0.6500    9.09800  125.20800   40.4894  153.8329   23.00500   -0.13303
  0.6583    9.26700  125.07000   40.5699  153.7664   22.99800   -0.07825
  0.6667    9.43500  124.93100   40.6490  153.7011   23.01900   -0.01919
  0.6750    9.60400  124.79300   40.7274  153.6356   23.12600    0.04910
  0.6833    9.77300  124.65300   40.8049  153.5708   23.18600    0.13197
  0.6917    9.94200  124.51400   40.8813  153.5064   23.30900    0.20086
  0.7000   10.11100  124.37400   40.9568  153.4426   23.24500    0.26181
  0.7083   10.28000  124.23400   41.0313  153.3792   23.18000    0.29477
  0.7167   10.44900  124.09400   41.1049  153.3163   22.99600    0.31594
  0.7250   10.61800  123.95300   41.1775  153.2540   22.76500    0.31447
  0.7333   10.78700  123.81200   41.2493  153.1922   22.42700    0.29265
  0.7417   10.95600  123.67100   41.3200  153.1308   21.99700    0.24975
  0.7500   11.12500  123.52900   41.3900  153.0700   21.52200    0.19559
  0.7583   11.29500  123.38700   41.4593  153.0092   21.03100    0.13031
  0.7667   11.46400  123.24500   41.5275  152.9493   20.44600    0.06133
  0.7750   11.63300  123.10200   41.5948  152.8900   19.88000   -0.00419
  0.7833   11.80200  122.95900   41.6613  152.8311   19.37400   -0.05611
  0.7917   11.97000  122.81600   41.7266  152.7731   18.86900   -0.10458
  0.8000   12.13900  122.67200   41.7915  152.7153   18.32200   -0.14596
  0.8083   12.30800  122.52800   41.8555  152.6578   17.88300   -0.16876
  0.8167   12.47700  122.38300   41.9188  152.6010   17.56100   -0.17464
  0.8250   12.64600  122.23800   41.9813  152.5445   17.19400   -0.17276
  0.8333   12.81400  122.09300   42.0427  152.4889   16.87800   -0.18238
  0.8417   12.98300  121.94700   42.1037  152.4334   16.53700   -0.19106
  0.8500   13.15300  121.80100   42.1641  152.3779   16.26500   -0.19747
  0.8583   13.32200  121.65400   42.2237  152.3233   16.06100   -0.20826
  0.8667   13.49100  121.50700   42.2824  152.2692   15.77700   -0.20834
  0.8750   13.66000  121.36000   42.3404  152.2155   15.69000   -0.19837
  0.8833   13.82900  121.21200   42.3978  152.1623   15.65900   -0.18419
  0.8917   13.99800  121.06400   42.4545  152.1095   15.50100   -0.18109
  0.9000   14.16600  120.91500   42.5103  152.0576   15.40900   -0.16897
  0.9083   14.33500  120.76600   42.5656  152.0056   15.52600   -0.14272
  0.9167   14.50300  120.61600   42.6201  151.9546   15.54500   -0.11813
  0.9250   14.67200  120.46600   42.6742  151.9035   15.50400   -0.09738
  0.9333   14.84000  120.31600   42.7273  151.8533   15.64700   -0.08592
  0.9417   15.00800  120.16500   42.7799  151.8035   15.64100   -0.05649
  0.9500   15.17600  120.01300   42.8319  151.7541   15.77900   -0.04030
  0.9583   15.34400  119.86100   42.8833  151.7051   15.84100   -0.01514
  0.9667   15.51200  119.70900   42.9340  151.6565   15.91400    0.01422
  0.9750   15.67900  119.55600   42.9841  151.6087   16.07800    0.04829
  0.9833   15.84700  119.40200   43.0338  151.5610   16.16600    0.07592
  0.9917   16.01400  119.24800   43.0827  151.5140   16.16600    0.10545
  1.0000   16.18100  119.09400   43.1310  151.4673   16.30700    0.13304
  1.0083   16.34800  118.93900   43.1788  151.4210   16.33700    0.15908
  1.0167   16.51600  118.78400   43.2262  151.3747   16.27800    0.17789
  1.0250   16.68300  118.62800   43.2730  151.3292   16.31200    0.18701
  1.0333   16.85000  118.47100   43.3193  151.2841   16.20600    0.19557
  1.0417   17.01700  118.31400   43.3651  151.2393   16.08800    0.18886
  1.0500   17.18400  118.15600   43.4104  151.1949   15.95100    0.18062
  1.0583   17.35100  117.99800   43.4551  151.1509   15.77400    0.16575
  1.0667   17.51700  117.84000   43.4992  151.1074   15.54200    0.14752
  1.0750   17.68300  117.68000   43.5429  151.0645   15.32100    0.12910
  1.0833   17.84900  117.52000   43.5861  151.0218   15.08100    0.11175
  1.0917   18.01500  117.36000   43.6288  150.9794   14.79900    0.08199
  1.1000   18.18100  117.19900   43.6711  150.9374   14.44200    0.05198
  1.1083   18.34600  117.03700   43.7128  150.8961   14.16200    0.03773
  1.1167   18.51100  116.87500   43.7541  150.8550   13.96200    0.02904
  1.1250   18.67500  116.71200   43.7948  150.8146   13.61300    0.02085
  1.1333   18.84000  116.54800   43.8353  150.7743   13.31600    0.00264
  1.1417   19.00400  116.38400   43.8752  150.7345   13.02800   -0.00919
  1.1500   19.16700  116.22000   43.9145  150.6952   12.71500   -0.03084
  1.1583   19.33100  116.05400   43.9537  150.6561   12.35000   -0.05098
  1.1667   19.49400  115.88800   43.9923  150.6175   12.08000   -0.05193
  1.1750   19.65800  115.72200   44.0306  150.5788   11.91200   -0.04959
  1.1833   19.82200  115.55400   44.0687  150.5406   11.59300   -0.04882
  1.1917   19.98500  115.38700   44.1061  150.5027   11.34300   -0.06182
  1.2000   20.14800  115.21800   44.1433  150.4653   11.10900   -0.07302
  1.2083   20.31100  115.04900   44.1801  150.4281   10.83200   -0.09175
  1.2167   20.47300  114.87900   44.2164  150.3915   10.56400   -0.10864
  1.2250   20.63500  114.70900   44.2523  150.3551   10.38000   -0.11819
  1.2333   20.79700  114.53800   44.2879  150.3189   10.19300   -0.12526
  1.2417   20.95800  114.36600   44.3231  150.2834    9.99000   -0.13278
  1.2500   21.11900  114.19300   44.3581  150.2481    9.85700   -0.13455
  1.2583   21.28000  114.02000   44.3926  150.2130    9.75800   -0.12921
  1.2667   21.44000  113.84600   44.4267  150.1784    9.65600   -0.12930
  1.2750   21.60000  113.67100   44.4606  150.1441    9.54900   -0.13488
  1.2833   21.75900  113.49600   44.4940  150.1103    9.48000   -0.14424
  1.2917   21.91800  113.31900   44.5272  150.0767    9.42100   -0.16419
  1.3000   22.07700  113.14200   44.5601  150.0434    9.31100   -0.17912
  1.3083   22.23500  112.96500   44.5925  150.0104    9.34100   -0.19041
  1.3167   22.39300  112.78600   44.6248  149.9778    9.36700   -0.19212
  1.3250   22.55000  112.60700   44.6566  149.9456    9.38100   -0.19235
  1.3333   22.70600  112.42700   44.6881  149.9139    9.48100   -0.17992
  1.3417   22.86400  112.24600   44.7196  149.8819    9.64000   -0.14830
  1.3500   23.02100  112.06500   44.7506  149.8502    9.81900   -0.12113
  1.3583   23.17800  111.88300   44.7814  149.8188    9.92900   -0.08807
  1.3667   23.33400  111.70000   44.8119  149.7879   10.15800   -0.06888
  1.3750   23.49000  111.51700   44.8421  149.7571   10.27600   -0.04292
  1.3833   23.64600  111.33200   44.8721  149.7265   10.44700   -0.01819
  1.3917   23.80000  111.14700   44.9017  149.6966   10.67600    0.02113
  1.4000   23.95500  110.96100   44.9311  149.6666   10.88500    0.06485
  1.4083   24.10900  110.77400   44.9602  149.6371   11.07400    0.10194
  1.4167   24.26200  110.58700   44.9890  149.6079   11.24400    0.13397
  1.4250   24.41500  110.39800   45.0177  149.5789   11.39400    0.16248
  1.4333   24.56700  110.20900   45.0460  149.5503   11.51900    0.18703
  1.4417   24.71900  110.01900   45.0741  149.5219   11.62000    0.20515
  1.4500   24.87000  109.82800   45.1019  149.4939   11.67700    0.20789
  1.4583   25.02000  109.63600   45.1295  149.4663   11.65900    0.20107
  1.4667   25.17000  109.44300   45.1569  149.4388   11.65000    0.19535
  1.4750   25.31900  109.24900   45.1840  149.4117   11.66300    0.19007
  1.4833   25.46800  109.05500   45.2109  149.3847   11.59400    0.17589
  1.4917   25.61600  108.85900   45.2376  149.3581   11.47800    0.16100
  1.5000   25.76300  108.66300   45.2640  149.3318   11.43400    0.13478
  1.5083   25.91100  108.46600   45.2903  149.3055   11.24900    0.10956
  1.5167   26.05900  108.26900   45.3164  149.2792   11.09500    0.07252
  1.5250   26.20600  108.07100   45.3422  149.2533   10.94300    0.04121
  1.5333   26.35300  107.87100   45.3680  149.2275   10.75800    0.01575
  1.5417   26.49900  107.67100   45.3934  149.2020   10.61300   -0.00182
  1.5500   26.64400  107.47000   45.4187  149.1769   10.49300   -0.01225
  1.5583   26.78800  107.26800   45.4437  149.1521   10.34300   -0.02209
  1.5667   26.93200  107.06500   45.4686  149.1274   10.20400   -0.04018
  1.5750   27.07500  106.86100   45.4933  149.1031   10.04500   -0.06056
  1.5833   27.21800  106.65600   45.5178  149.0788    9.90100   -0.08023
  1.5917   27.36000  106.45100   45.5421  149.0548    9.79500   -0.10339
  1.6000   27.50100  106.24400   45.5662  149.0312    9.66100   -0.13618
  1.6083   27.64100  106.03600   45.5902  149.0079    9.52100   -0.17676
  1.6167   27.78000  105.82800   45.6139  148.9848    9.43700   -0.20928
  1.6250   27.91900  105.61800   45.6375  148.9619    9.41300   -0.23325
  1.6333   28.05700  105.40800   45.6609  148.9392    9.37800   -0.24592
  1.6417   28.19400  105.19700   45.6841  148.9168    9.41300   -0.26813
  1.6500   28.33000  104.98400   45.7072  148.8947    9.39000   -0.27455
  1.6583   28.46500  104.77100   45.7301  148.8729    9.49800   -0.27720
  1.6667   28.60000  104.55700   45.7529  148.8511    9.60400   -0.24078
  1.6750   28.73600  104.34200   45.7755  148.8292    9.84400   -0.18520
  1.6833   28.87100  104.12700   45.7980  148.8075   10.10000   -0.11234
  1.6917   29.00500  103.91000   45.8204  148.7861   10.34200   -0.04772
  1.7000   29.13800  103.69300   45.8425  148.7649   10.56500   -0.00503
  1.7083   29.27100  103.47400   45.8646  148.7439   10.71600    0.04178
  1.7167   29.40200  103.25500   45.8865  148.7232   10.97500    0.08689
  1.7250   29.53300  103.03500   45.9082  148.7026   11.17600    0.13109
  1.7333   29.66300  102.81300   45.9299  148.6822   11.30900    0.16299
  1.7417   29.79200  102.59100   45.9513  148.6621   11.48400    0.19728
  1.7500   29.92000  102.36800   45.9727  148.6422   11.67600    0.22947
  1.7583   30.04700  102.14300   45.9939  148.6226   11.76200    0.26848
  1.7667   30.17300  101.91800   46.0150  148.6032   11.92700    0.27667
  1.7750   30.29800  101.69200   46.0359  148.5840   11.89600    0.26632
  1.7833   30.42200  101.46400   46.0568  148.5650   11.82500    0.21190
  1.7917   30.54600  101.23600   46.0775  148.5461   11.70900    0.16170
  1.8000   30.66800  101.00700   46.0980  148.5275   11.65600    0.11966
  1.8083   30.78900  100.77700   46.1184  148.5092   11.58100    0.09683
  1.8167   30.90900  100.54600   46.1388  148.4911   11.51400    0.08129
  1.8250   31.02800  100.31400   46.1590  148.4732   11.45100    0.07337
  1.8333   31.14700  100.08100   46.1791  148.4553   11.37400    0.06239
  1.8417   31.26600   99.84700   46.1991  148.4373   11.25300    0.03892
  1.8500   31.38400   99.61300   46.2190  148.4196   11.08600    0.01729
  1.8583   31.50200   99.37700   46.2389  148.4019   10.98300    0.02009
  1.8667   31.61800   99.14100   46.2586  148.3845   10.95300    0.03951
  1.8750   31.73400   98.90400   46.2782  148.3672   10.84700    0.05036
  1.8833   31.84800   98.66500   46.2977  148.3502   10.67600    0.04536
  1.8917   31.96100   98.42600   46.3171  148.3334   10.53900    0.04521
  1.9000   32.07300   98.18600   46.3364  148.3168   10.42900    0.07443
  1.9083   32.18400   97.94500   46.3555  148.3003   10.37400    0.11519
  1.9167   32.29400   97.70300   46.3746  148.2840   10.26400    0.15549
  1.9250   32.40200   97.45900   46.3937  148.2681   10.12400    0.16793
  1.9333   32.51000   97.21500   46.4126  148.2522    9.90700    0.15412
  1.9417   32.61600   96.97000   46.4314  148.2366    9.64600    0.13077
  1.9500   32.72100   96.72400   46.4502  148.2211    9.43900    0.11015
  1.9583   32.82500   96.47800   46.4688  148.2058    9.22100    0.08338
  1.9667   32.92800   96.23000   46.4874  148.1907    8.91900    0.05445
  1.9750   33.03000   95.98100   46.5059  148.1757    8.69400    0.00522
  1.9833   33.13000   95.73100   46.5243  148.1610    8.37000   -0.03227
  1.9917   33.22900   95.48100   46.5426  148.1465    8.12100   -0.06353
  2.0000   33.32700   95.23000   46.5608  148.1321    7.92500   -0.08959
  2.0083   33.42600   94.97800   46.5790  148.1175    7.62800   -0.11494
  2.0167   33.52400   94.72500   46.5971  148.1030    7.39100   -0.12972
  2.0250   33.62100   94.47100   46.6152  148.0887    7.26100   -0.12011
  2.0333   33.71700   94.21700   46.6332  148.0745    7.09800   -0.10819
  2.0417   33.81100   93.96100   46.6511  148.0606    6.88400   -0.10944
  2.0500   33.90400   93.70500   46.6689  148.0468    6.70000   -0.10315
  2.0583   33.99600   93.44800   46.6867  148.0332    6.58500   -0.08328
  2.0667   34.08600   93.19000   46.7043  148.0198    6.45600   -0.04628
  2.0750   34.17500   92.93100   46.7220  148.0066    6.37100   -0.00544
  2.0833   34.26300   92.67100   46.7396  147.9935    6.29000    0.02877
  2.0917   34.34900   92.41100   46.7570  147.9807    6.14000    0.04968
  2.1000   34.43400   92.14900   46.7745  147.9680    6.00200    0.05536
  2.1083   34.51800   91.88700   46.7919  147.9554    5.85300    0.05573
  2.1167   34.60000   91.62400   46.8092  147.9431    5.67800    0.04501
  2.1250   34.68100   91.36100   46.8265  147.9309    5.48700    0.02930
  2.1333   34.76100   91.09600   46.8437  147.9188    5.31500    0.02228
  2.1417   34.83900   90.83100   46.8608  147.9070    5.17700    0.01713
  2.1500   34.91500   90.56500   46.8780  147.8954    4.98100    0.02394
  2.1583   34.99100   90.29800   46.8950  147.8838    4.84800    0.02503
  2.1667   35.06400   90.03100   46.9120  147.8726    4.66400    0.03439
  2.1750   35.14000   89.76300   46.9290  147.8608    4.48800    0.03829
  2.1833   35.21400   89.49400   46.9459  147.8493    4.30700    0.05301
  2.1917   35.28600   89.22500   46.9628  147.8380    4.15100    0.07633
  2.2000   35.35700   88.95500   46.9796  147.8268    3.99700    0.09163
  2.2083   35.42700   88.68400   46.9964  147.8157    3.76500    0.09415
  2.2167   35.49500   88.41300   47.0131  147.8049    3.53800    0.08149
  2.2250   35.56100   88.14100   47.0298  147.7943    3.30000    0.07362
  2.2333   35.62600   87.86800   47.0465  147.7838    3.07900    0.07651
  2.2417   35.69000   87.59500   47.0631  147.7734    2.89400    0.07020
  2.2500   35.75200   87.32100   47.0797  147.7632    2.60900    0.04468
  2.2583   35.81300   87.04600   47.0963  147.7532    2.29800   -0.00543
  2.2667   35.87200   86.77100   47.1128  147.7433    2.00500   -0.04392
  2.2750   35.92900   86.49600   47.1292  147.7337    1.78500   -0.06911
  2.2833   35.98500   86.21900   47.1457  147.7242    1.54900   -0.09215
  2.2917   36.04000   85.94300   47.1621  147.7147    1.28200   -0.12013
  2.3000   36.09200   85.66600   47.1785  147.7056    1.06300   -0.15779
  2.3083   36.14400   85.38800   47.1949  147.6965    0.81600   -0.18488
  2.3167   36.19300   85.11000   47.2112  147.6877    0.63800   -0.20564
  2.3250   36.24100   84.83100   47.2275  147.6790    0.48800   -0.21282
  2.3333   36.28800   84.55200   47.2438  147.6704    0.34500   -0.21077
  2.3417   36.33600   84.27300   47.2600  147.6615    0.25400   -0.20808
  2.3500   36.38200   83.99300   47.2762  147.6528    0.15500   -0.20203
  2.3583   36.42700   83.71300   47.2924  147.6442    0.07500   -0.20068
  2.3667   36.47100   83.43200   47.3086  147.6356    0.00900   -0.19037
  2.3750   36.51200   83.15100   47.3248  147.6275    0.00000   -0.16657
  2.3833   36.55200   82.86900   47.3409  147.6193    0.03200   -0.13299
  2.3917   36.59100   82.58800   47.3570  147.6113    0.06100   -0.09947
  2.4000   36.62800   82.30600   47.3731  147.6035    0.09700   -0.08102
  2.4083   36.66300   82.02300   47.3892  147.5958    0.10000   -0.07485
  2.4167   36.69600   81.74000   47.4053  147.5884    0.10800   -0.08038
  2.4250   36.72800   81.45800   47.4213  147.5811    0.12000   -0.08092
  2.4333   36.75900   81.17400   47.4374  147.5738    0.17500   -0.07137
  2.4417   36.78700   80.89100   47.4535  147.5669    0.25400   -0.05716
  2.4500   36.81400   80.60800   47.4695  147.5600    0.31000   -0.04205
  2.4583   36.83900   80.32400   47.4855  147.5534    0.38300   -0.02872
  2.4667   36.86300   80.04000   47.5015  147.5468    0.46100   -0.01249
  2.4750   36.88500   79.75600   47.5175  147.5404    0.53100    0.00286
  2.4833   36.90500   79.47200   47.5335  147.5342    0.59900    0.01948
  2.4917   36.92400   79.18800   47.5495  147.5281    0.68200    0.03182
  2.5000   36.94100   78.90400   47.5655  147.5221    0.72900    0.04863
  2.5083   36.95900   78.62000   47.5814  147.5160    0.81200    0.06270
  2.5167   36.97600   78.33500   47.5974  147.5098    0.86700    0.07971
  2.5250   36.99100   78.05100   47.6133  147.5038    0.91000    0.08504
  2.5333   37.00400   77.76600   47.6293  147.4981    0.92000    0.09141
  2.5417   37.01600   77.48100   47.6453  147.4924    0.96400    0.09384
  2.5500   37.02600   77.19700   47.6612  147.4869    0.97300    0.10338
  2.5583   37.03500   76.91200   47.6772  147.4815    1.00000    0.11089
  2.5667   37.04100   76.62800   47.6932  147.4764    1.01700    0.10813
  2.5750   37.04600   76.34300   47.7092  147.4714    0.96200    0.09276
  2.5833   37.05000   76.05900   47.7251  147.4664    0.91300    0.05393
  2.5917   37.05100   75.77500   47.7411  147.4617    0.80400    0.02341
  2.6000   37.05100   75.49200   47.7571  147.4572    0.77300   -0.00012
  2.6083   37.04900   75.20800   47.7731  147.4528    0.74600   -0.00706
  2.6167   37.04600   74.92500   47.7891  147.4485    0.71100   -0.01297
  2.6250   37.04000   74.64200   47.8051  147.4446    0.68200   -0.01726
  2.6333   37.03300   74.35900   47.8212  147.4407    0.66300   -0.02928
  2.6417   37.02400   74.07600   47.8373  147.4370    0.59300   -0.03639
  2.6500   37.01400   73.79400   47.8533  147.4333    0.59100   -0.05493
  2.6583   37.00200   73.51300   47.8694  147.4299    0.52700   -0.07182
  2.6667   36.98800   73.23100   47.8855  147.4267    0.47800   -0.08796
  2.6750   36.97600   72.94900   47.9016  147.4230    0.50000   -0.09186
  2.6833   36.96200   72.66800   47.9177  147.4195    0.51000   -0.08342
  2.6917   36.94700   72.38700   47.9338  147.4161    0.53100   -0.07843
  2.7000   36.92900   72.10600   47.9500  147.4130    0.54400   -0.06861
  2.7083   36.91000   71.82600   47.9661  147.4100    0.58300   -0.05567
  2.7167   36.89000   71.54600   47.9823  147.4071    0.62700   -0.03732
  2.7250   36.86700   71.26700   47.9985  147.4045    0.67800   -0.01925
  2.7333   36.84300   70.98800   48.0148  147.4020    0.72400    0.00285
  2.7417   36.81800   70.71000   48.0310  147.3995    0.79500    0.02578
  2.7500   36.79000   70.43200   48.0473  147.3974    0.85500    0.03889
  2.7583   36.76100   70.15500   48.0636  147.3953    0.86300    0.03700
  2.7667   36.73000   69.87900   48.0800  147.3935    0.86900    0.02855
  2.7750   36.69800   69.60300   48.0963  147.3918    0.89600    0.01966
  2.7833   36.66400   69.32800   48.1127  147.3902    0.89700    0.02232
  2.7917   36.62800   69.05400   48.1292  147.3889    0.94700    0.03691
  2.8000   36.59000   68.78000   48.1457  147.3878    1.02100    0.04040
  2.8083   36.55100   68.50700   48.1622  147.3867    0.96300    0.03513
  2.8167   36.51000   68.23500   48.1787  147.3859    0.96600    0.02326
  2.8250   36.46800   67.96400   48.1953  147.3852    1.00200    0.02930
  2.8333   36.42300   67.69300   48.2120  147.3848    1.01700    0.04164
  2.8417   36.38100   67.42200   48.2285  147.3839    1.04100    0.04026
  2.8500   36.33700   67.15200   48.2452  147.3831    1.00800    0.02652
  2.8583   36.29100   66.88200   48.2619  147.3826    0.96900   -0.00458
  2.8667   36.24400   66.61300   48.2786  147.3821    0.92600   -0.03020
  2.8750   36.19500   66.34500   48.2954  147.3819    0.93800   -0.04507
  2.8833   36.14400   66.07800   48.3123  147.3819    0.96500   -0.05578
  2.8917   36.09200   65.81200   48.3291  147.3820    0.95300   -0.06737
  2.9000   36.03800   65.54700   48.3460  147.3824    0.97100   -0.09498
  2.9083   35.98300   65.28300   48.3630  147.3828    0.93700   -0.12369
  2.9167   35.92600   65.01900   48.3800  147.3834    0.92900   -0.15252
  2.9250   35.86700   64.75700   48.3971  147.3843    0.95500   -0.15669
  2.9333   35.80700   64.49600   48.4142  147.3853    1.05500   -0.12573
  2.9417   35.74500   64.23500   48.4314  147.3865    1.24200   -0.07400
  2.9500   35.68200   63.97600   48.4486  147.3879    1.40300   -0.03394
  2.9583   35.61700   63.71800   48.4658  147.3895    1.47700   -0.02750
  2.9667   35.55000   63.46000   48.4832  147.3913    1.52700   -0.04004
  2.9750   35.48200   63.20400   48.5006  147.3932    1.61600   -0.04536
  2.9833   35.41200   62.94900   48.5181  147.3954    1.74000   -0.06121
  2.9917   35.34100   62.69500   48.5356  147.3977    1.76000   -0.07867
  3.0000   35.26800   62.44300   48.5532  147.4003    1.86000   -0.08045
  3.0083   35.19800   62.18900   48.5707  147.4022    2.07900   -0.05304
  3.0167   35.12500   61.93700   48.5884  147.4045    2.25200   -0.00939
  3.0250   35.05100   61.68600   48.6061  147.4070    2.43000    0.01774
  3.0333   34.97600   61.43600   48.6238  147.4096    2.55900    0.03653
  3.0417   34.89900   61.18700   48.6417  147.4124    2.67600    0.04725
  3.0500   34.82000   60.93900   48.6596  147.4156    2.80700    0.04913
  3.0583   34.74000   60.69300   48.6776  147.4188    2.89000    0.05789
  3.0667   34.65900   60.44700   48.6957  147.4222    3.03500    0.06280
  3.0750   34.57600   60.20300   48.7138  147.4258    3.14300    0.07485
  3.0833   34.49200   59.96000   48.7320  147.4296    3.25600    0.08821
  3.0917   34.40600   59.71900   48.7503  147.4337    3.39900    0.09283
  3.1000   34.31900   59.47800   48.7687  147.4379    3.44900    0.08758
  3.1083   34.23000   59.23900   48.7871  147.4424    3.49300    0.06129
  3.1167   34.14000   59.00200   48.8056  147.4471    3.51400    0.04125
  3.1250   34.04800   58.76500   48.8243  147.4520    3.57500    0.02866
  3.1333   33.95500   58.53000   48.8430  147.4571    3.64000    0.02162
  3.1417   33.86100   58.29700   48.8617  147.4623    3.67700    0.01338
  3.1500   33.76500   58.06400   48.8806  147.4678    3.72200    0.00850
  3.1583   33.66800   57.83300   48.8995  147.4736    3.79400    0.00963
  3.1667   33.56900   57.60400   48.9186  147.4796    3.85300    0.01603
  3.1750   33.47300   57.37300   48.9376  147.4850    3.91700    0.01907
  3.1833   33.37500   57.14400   48.9567  147.4908    3.96600    0.01219
  3.1917   33.27600   56.91600   48.9760  147.4966    3.97100   -0.00684
  3.2000   33.17500   56.69000   48.9953  147.5029    3.97600   -0.01984
  3.2083   33.07300   56.46500   49.0147  147.5093    4.05500   -0.02615
  3.2167   32.97000   56.24100   49.0343  147.5158    4.09200   -0.02221
  3.2250   32.86500   56.01900   49.0539  147.5228    4.14500   -0.02075
  3.2333   32.75900   55.79800   49.0737  147.5298    4.21200   -0.00616
  3.2417   32.65200   55.57800   49.0935  147.5371    4.31300    0.01081
  3.2500   32.54300   55.36000   49.1135  147.5447    4.37400    0.01966
  3.2583   32.43400   55.14400   49.1335  147.5524    4.39600    0.02146
  3.2667   32.32200   54.92800   49.1538  147.5605    4.45900    0.02329
  3.2750   32.21000   54.71500   49.1740  147.5688    4.52200    0.02064
  3.2833   32.09700   54.50200   49.1944  147.5772    4.52600    0.01618
  3.2917   31.98200   54.29200   49.2149  147.5860    4.58400    0.00618
  3.3000   31.86600   54.08200   49.2355  147.5950    4.62300    0.00634
  3.3083   31.74800   53.87400   49.2563  147.6044    4.68000   -0.00180
  3.3167   31.63000   53.66800   49.2772  147.6139    4.69700   -0.01259
  3.3250   31.51000   53.46300   49.2982  147.6237    4.71800   -0.01944
  3.3333   31.39000   53.26000   49.3192  147.6336    4.79200   -0.02388
  3.3417   31.27100   53.05600   49.3404  147.6433    4.82200   -0.02367
  3.3500   31.15100   52.85300   49.3616  147.6531    4.87100   -0.02561
  3.3583   31.03000   52.65100   49.3831  147.6632    4.94100   -0.02519
  3.3667   30.90700   52.45100   49.4047  147.6737    4.99300   -0.02038
  3.3750   30.78400   52.25200   49.4263  147.6842    5.07600   -0.01995
  3.3833   30.65900   52.05500   49.4482  147.6952    5.13200   -0.02116
  3.3917   30.53300   51.86000   49.4701  147.7065    5.18200   -0.03297
  3.4000   30.40700   51.66600   49.4921  147.7179    5.21800   -0.04137
  3.4083   30.27900   51.47300   49.5144  147.7296    5.30300   -0.04762
  3.4167   30.14900   51.28200   49.5368  147.7419    5.37800   -0.05171
  3.4250   30.01900   51.09200   49.5594  147.7542    5.44100   -0.04707
  3.4333   29.88800   50.90400   49.5820  147.7668    5.58700   -0.03912
  3.4417   29.75600   50.71800   49.6048  147.7797    5.69200   -0.02888
  3.4500   29.62200   50.53300   49.6279  147.7931    5.77700   -0.03307
  3.4583   29.48800   50.34900   49.6510  147.8065    5.85500   -0.03627
  3.4667   29.35300   50.16700   49.6743  147.8203    5.97200   -0.04059
  3.4750   29.21600   49.98700   49.6978  147.8346    6.06100   -0.04240
  3.4833   29.07900   49.80800   49.7214  147.8490    6.16400   -0.03445
  3.4917   28.94000   49.63000   49.7453  147.8639    6.34800   -0.02022
  3.5000   28.80100   49.45400   49.7692  147.8790    6.48400   -0.00712
  3.5083   28.66400   49.27700   49.7932  147.8936    6.59300   -0.00462
  3.5167   28.52500   49.10200   49.8175  147.9088    6.72900   -0.00908
  3.5250   28.38600   48.92700   49.8419  147.9240    6.83400   -0.00895
  3.5333   28.24600   48.75500   49.8664  147.9396    6.97600   -0.02161
  3.5417   28.10400   48.58300   49.8912  147.9557    7.05000   -0.02486
  3.5500   27.96200   48.41400   49.9161  147.9721    7.21500   -0.03272
  3.5583   27.81900   48.24500   49.9413  147.9887    7.33800   -0.02843
  3.5667   27.67500   48.07900   49.9665  148.0058    7.48400   -0.02453
  3.5750   27.52900   47.91300   49.9922  148.0233    7.64800   -0.01878
  3.5833   27.38400   47.75000   50.0178  148.0410    7.78300   -0.00861
  3.5917   27.23700   47.58800   50.0437  148.0592    7.95600   -0.00320
  3.6000   27.08900   47.42700   50.0699  148.0778    8.09900    0.00710
  3.6083   26.94000   47.26800   50.0963  148.0968    8.26800    0.00802
  3.6167   26.79100   47.11000   50.1228  148.1160    8.39400    0.00674
  3.6250   26.64100   46.95400   50.1495  148.1356    8.53200    0.00218
  3.6333   26.48900   46.79900   50.1766  148.1559    8.68300   -0.00674
  3.6417   26.33800   46.64600   50.2037  148.1761    8.78200   -0.01286
  3.6500   26.18500   46.49400   50.2311  148.1971    8.92900   -0.00920
  3.6583   26.03100   46.34400   50.2588  148.2185    9.13200   -0.00252
  3.6667   25.87700   46.19500   50.2867  148.2401    9.24500    0.00896
  3.6750   25.72400   46.04500   50.3147  148.2615    9.41700    0.01611
  3.6833   25.57100   45.89600   50.3429  148.2831    9.59500    0.02945
  3.6917   25.41700   45.74900   50.3713  148.3053    9.74600    0.03571
  3.7000   25.26200   45.60300   50.4001  148.3279    9.88300    0.02954
  3.7083   25.10700   45.45900   50.4289  148.3508    9.99300    0.01121
  3.7167   24.95000   45.31600   50.4582  148.3744   10.07800   -0.01282
  3.7250   24.79300   45.17400   50.4877  148.3982   10.18600   -0.03067
  3.7333   24.63500   45.03400   50.5175  148.4227   10.33800   -0.04437
  3.7417   24.47600   44.89500   50.5475  148.4476   10.45000   -0.05265
  3.7500   24.31700   44.75800   50.5778  148.4728   10.59300   -0.05427
  3.7583   24.15700   44.62300   50.6082  148.4987   10.78800   -0.04716
  3.7667   23.99600   44.48800   50.6391  148.5250   10.95700   -0.03186
  3.7750   23.83500   44.35500   50.6702  148.5517   11.15300   -0.02010
  3.7833   23.67300   44.22400   50.7015  148.5790   11.32800   -0.00823
  3.7917   23.51000   44.09400   50.7332  148.6069   11.50400   -0.00534
  3.8000   23.34600   43.96600   50.7652  148.6355   11.65600   -0.00423
  3.8083   23.18200   43.83900   50.7975  148.6644   11.83600   -0.00610
  3.8167   23.01700   43.71300   50.8301  148.6938   12.00600   -0.00724
  3.8250   22.85200   43.58900   50.8629  148.7238   12.17100   -0.00474
  3.8333   22.68600   43.46600   50.8961  148.7543   12.37900   -0.00450
  3.8417   22.52200   43.34100   50.9294  148.7844   12.53800   -0.00192
  3.8500   22.35700   43.21800   50.9631  148.8152   12.71900   -0.00916
  3.8583   22.19100   43.09600   50.9973  148.8466   12.86400   -0.01292
  3.8667   22.02500   42.97600   51.0316  148.8785   13.04600   -0.01077
  3.8750   21.85800   42.85700   51.0663  148.9111   13.26400    0.00050
  3.8833   21.69100   42.73900   51.1013  148.9441   13.47000    0.00865
  3.8917   21.52300   42.62300   51.1367  148.9779   13.63000    0.00971
  3.9000   21.35500   42.50800   51.1723  149.0121   13.79900    0.00687
  3.9083   21.18600   42.39500   51.2084  149.0472   13.97200    0.00634
  3.9167   21.01600   42.28200   51.2450  149.0829   14.14200    0.00842
  3.9250   20.84600   42.17200   51.2817  149.1193   14.32500    0.01554
  3.9333   20.67500   42.06200   51.3190  149.1563   14.52700    0.02423
  3.9417   20.50300   41.95400   51.3567  149.1942   14.70200    0.02928
  3.9500   20.33200   41.84700   51.3945  149.2324   14.85400    0.03718
  3.9583   20.15900   41.74200   51.4330  149.2717   15.06500    0.03486
  3.9667   19.98600   41.63800   51.4718  149.3116   15.16400    0.03082
  3.9750   19.81300   41.53500   51.5109  149.3521   15.29800    0.01663
  3.9833   19.63900   41.43300   51.5506  149.3934   15.43800    0.01374
  3.9917   19.46500   41.33300   51.5905  149.4354   15.61100    0.01480
  4.0000   19.29000   41.23500   51.6309  149.4785   15.76800    0.01467
  4.0083   19.11700   41.13400   51.6716  149.5210   15.89700    0.00221
  4.0167   18.94300   41.03500   51.7128  149.5645   15.98400   -0.00971
  4.0250   18.76900   40.93700   51.7544  149.6087   16.14100   -0.02510
  4.0333   18.59500   40.84000   51.7963  149.6535   16.24300   -0.02289
  4.0417   18.42000   40.74400   51.8389  149.6993   16.45000   -0.02054
  4.0500   18.24400   40.65000   51.8819  149.7463   16.61000   -0.01319
  4.0583   18.06800   40.55700   51.9254  149.7939   16.75000   -0.01504
  4.0667   17.89200   40.46500   51.9692  149.8422   16.90100   -0.02033
  4.0750   17.71500   40.37500   52.0136  149.8917   17.04500   -0.02161
  4.0833   17.53800   40.28600   52.0585  149.9420   17.22200   -0.01282
  4.0917   17.36000   40.19800   52.1040  149.9933   17.45200   -0.01219
  4.1000   17.18200   40.11100   52.1499  150.0455   17.55000   -0.01560
  4.1083   17.00300   40.02600   52.1964  150.0989   17.71500   -0.02325
  4.1167   16.82400   39.94200   52.2433  150.1532   17.93000   -0.03027
  4.1250   16.64500   39.85900   52.2908  150.2083   18.04600   -0.03951
  4.1333   16.46500   39.77700   52.3389  150.2647   18.20300   -0.04074
  4.1417   16.28500   39.69700   52.3874  150.3221   18.47900   -0.03351
  4.1500   16.10500   39.61800   52.4364  150.3803   18.66300   -0.02521
  4.1583   15.92400   39.54000   52.4862  150.4399   18.83200   -0.02495
  4.1667   15.74300   39.46300   52.5364  150.5005   19.05100   -0.01778
  4.1750   15.56300   39.38400   52.5872  150.5612   19.28200    0.00047
  4.1833   15.38300   39.30600   52.6386  150.6228   19.54000    0.01117
  4.1917   15.20300   39.23000   52.6903  150.6856   19.70900    0.02963
  4.2000   15.02200   39.15500   52.7429  150.7498   20.01100    0.03597
  4.2083   14.84100   39.08100   52.7959  150.8151   20.18100    0.02807
  4.2167   14.66000   39.00800   52.8496  150.8814   20.25100    0.01876
  4.2250   14.47800   38.93700   52.9039  150.9494   20.54800    0.00447
  4.2333   14.29600   38.86600   52.9590  151.0184   20.68200   -0.00556
  4.2417   14.11400   38.79700   53.0145  151.0887   20.78600   -0.02746
  4.2500   13.93100   38.72900   53.0709  151.1607   20.99100   -0.03305
  4.2583   13.74800   38.66200   53.1278  151.2338   21.25800   -0.03277
  4.2667   13.56500   38.59600   53.1854  151.3082   21.40500   -0.02526
  4.2750   13.38100   38.53100   53.2439  151.3844   21.66500   -0.02736
  4.2833   13.19700   38.46700   53.3030  151.4618   21.84300   -0.01459
  4.2917   13.01300   38.40500   53.3627  151.5408   22.11500   -0.00633
  4.3000   12.82900   38.34400   53.4229  151.6211   22.34000    0.00251
  4.3083   12.64400   38.28300   53.4843  151.7032   22.53500    0.00663
  4.3167   12.45900   38.22400   53.5462  151.7868   22.76900    0.00680
  4.3250   12.27400   38.16600   53.6088  151.8719   22.97500    0.01321
  4.3333   12.08900   38.11000   53.6719  151.9588   23.23300    0.01063
  4.3417   11.90500   38.05100   53.7359  152.0458   23.40900    0.00119
  4.3500   11.72100   37.99300   53.8005  152.1344   23.56600   -0.01827
  4.3583   11.53600   37.93600   53.8662  152.2252   23.74300   -0.01385
  4.3667   11.35100   37.88100   53.9325  152.3177   24.12400   -0.02663
  4.3750   11.16600   37.82600   53.9996  152.4118   24.12700   -0.01638
  4.3833   10.98100   37.77300   54.0674  152.5076   24.49900   -0.03404
  4.3917   10.79500   37.72000   54.1363  152.6057   24.63200   -0.01952
  4.4000   10.61000   37.66900   54.2055  152.7051   24.91800   -0.02139
  4.4083   10.42400   37.61900   54.2758  152.8069   25.15000    0.00441
  4.4167   10.23800   37.57000   54.3469  152.9106   25.52800    0.01757
  4.4250   10.05100   37.52200   54.4191  153.0168   25.70800    0.02676
  4.4333    9.86500   37.47500   54.4918  153.1243   25.91100    0.02246
  4.4417    9.67800   37.42900   54.5656  153.2344   26.18000    0.00922
  4.4500    9.49100   37.38400   54.6402  153.3466   26.27600    0.00310
  4.4583    9.30300   37.34000   54.7159  153.4616   26.55400   -0.01448
  4.4667    9.11600   37.29700   54.7921  153.5780   26.71800   -0.00856
  4.4750    8.92900   37.25500   54.8692  153.6967   27.03600   -0.01249
  4.4833    8.74100   37.21400   54.9474  153.8182   27.21700   -0.00484
  4.4917    8.55300   37.17400   55.0265  153.9420   27.48000   -0.00298
  4.5000    8.36500   37.13500   55.1065  154.0682   27.73100   -0.00103
  4.5083    8.17800   37.09500   55.1871  154.1956   27.90300    0.00210
  4.5167    7.99100   37.05500   55.2687  154.3252   28.17600   -0.00181
  4.5250    7.80400   37.01600   55.3512  154.4572   28.36800    0.01121
  4.5333    7.61700   36.97800   55.4345  154.5917   28.69900    0.01688
  4.5417    7.43000   36.94100   55.5187  154.7288   28.89900    0.02364
  4.5500    7.24200   36.90500   55.6042  154.8693   29.09800    0.02144
  4.5583    7.05400   36.87100   55.6904  155.0128   29.33100    0.00891
  4.5667    6.86600   36.83700   55.7777  155.1587   29.43600    0.00449
  4.5750    6.67800   36.80400   55.8658  155.3075   29.71600   -0.00271
  4.5833    6.49000   36.77200   55.9547  155.4591   29.93000    0.00562
  4.5917    6.30200   36.74100   56.0446  155.6136   30.17900    0.01818
  4.6000    6.11300   36.71100   56.1358  155.7720   30.47700    0.01767
  4.6083    5.92500   36.68200   56.2274  155.9326   30.54400    0.00731
  4.6167    5.73600   36.65400   56.3204  156.0973   30.71500   -0.00933
  4.6250    5.54700   36.62600   56.4144  156.2648   30.94900   -0.01727
  4.6333    5.35800   36.60000   56.5091  156.4359   31.02900   -0.00544
  4.6417    5.16900   36.57500   56.6047  156.6103   31.42100    0.00000

 14.8500    5.23900  319.02802   55.8254  127.7715    0.24200    0.00000
 14.8583    5.43000  319.03400   55.7438  127.9654    0.21000   -0.00448
 14.8667    5.62000  319.03900   55.6632  128.1548    0.21300   -0.00653
 14.8750    5.81100  319.04300   55.5828  128.3417    0.31100   -0.00443
 14.8833    6.00100  319.04599   55.5034  128.5241    0.32400    0.00627
 14.8917    6.19100  319.04800   55.4246  128.7032    0.37700    0.00925
 14.9000    6.38200  319.04999   55.3462  128.8801    0.40500    0.00992
 14.9083    6.57200  319.04999   55.2687  129.0527    0.36100    0.00969
 14.9167    6.76300  319.04999   55.1915  129.2231    0.38200    0.01300
 14.9250    6.95300  319.04901   55.1155  129.3896    0.44200    0.02664
 14.9333    7.14400  319.04599   55.0394  129.5536    0.49200    0.02399
 14.9417    7.33400  319.04300   54.9647  129.7140    0.37600    0.01828
 14.9500    7.52500  319.04001   54.8903  129.8724    0.41700    0.00139
 14.9583    7.71500  319.03500   54.8168  130.0269    0.36000   -0.00211
 14.9667    7.90600  319.02899   54.7436  130.1794    0.35900   -0.00903
 14.9750    8.09600  319.02200   54.6714  130.3282    0.35400   -0.00672
 14.9833    8.28700  319.01501   54.5997  130.4754    0.36900    0.00097
 14.9917    8.47700  319.00601   54.5288  130.6189    0.40900   -0.00236
 15.0000    8.66800  318.99701   54.4584  130.7606    0.29800    0.00408
 15.0083    8.85900  318.98901   54.3889  130.9002    0.39600    0.00865
 15.0167    9.05000  318.98099   54.3203  131.0374    0.40800    0.02723
 15.0250    9.24200  318.97198   54.2519  131.1729    0.41700    0.03391
 15.0333    9.43300  318.96201   54.1845  131.3052    0.40500    0.02932
 15.0417    9.62500  318.95001   54.1174  131.4355    0.32100    0.02198
 15.0500    9.81600  318.93799   54.0513  131.5630    0.30400    0.00871
 15.0583   10.00800  318.92499   53.9856  131.6888    0.24100    0.00103
 15.0667   10.19900  318.91101   53.9208  131.8117    0.20200   -0.00250
 15.0750   10.39000  318.89600   53.8567  131.9324    0.22000   -0.00576
 15.0833   10.58200  318.88000   53.7929  132.0515    0.16100   -0.00809
 15.0917   10.77300  318.86301   53.7301  132.1679    0.13200   -0.01635
 15.1000   10.96400  318.84601   53.6680  132.2824    0.09800   -0.01641
 15.1083   11.15500  318.82700   53.6065  132.3946    0.10600   -0.01334
 15.1167   11.34600  318.80701   53.5455  132.5049    0.10200   -0.01362
 15.1250   11.53700  318.78601   53.4852  132.6131    0.04500   -0.01389
 15.1333   11.72800  318.76401   53.4255  132.7195    0.06200   -0.02106
 15.1417   11.91900  318.74100   53.3664  132.8240    0.01000   -0.01686
 15.1500   12.11000  318.71701   53.3079  132.9266    0.05300   -0.01717
 15.1583   12.30000  318.69199   53.2503  133.0269    0.03400   -0.00741
 15.1667   12.49100  318.66599   53.1930  133.1260    0.06700   -0.00717
 15.1750   12.68300  318.64200   53.1364  133.2244    0.03700   -0.00139
 15.1833   12.87500  318.61700   53.0803  133.3210    0.06900   -0.00362
 15.1917   13.06600  318.59100   53.0251  133.4155    0.04000    0.00077
 15.2000   13.25800  318.56400   52.9702  133.5088    0.06300    0.00834
 15.2083   13.44900  318.53601   52.9161  133.6000    0.12300    0.01309
 15.2167   13.64100  318.50699   52.8623  133.6902    0.07500    0.00630
 15.2250   13.83200  318.47699   52.8093  133.7782    0.01300    0.00017
 15.2333   14.02300  318.44601   52.7569  133.8649    0.07900   -0.00841
 15.2417   14.21500  318.41299   52.7047  133.9503    0.01300   -0.00090
 15.2500   14.40600  318.38000   52.6533  134.0340    0.07400   -0.00410
 15.2583   14.59700  318.34500   52.6024  134.1161    0.05600   -0.00062
 15.2667   14.78700  318.31000   52.5524  134.1965    0.04000   -0.00800
 15.2750   14.97800  318.27301   52.5025  134.2759    0.02000   -0.00964
 15.2833   15.16900  318.23499   52.4531  134.3540    0.04800   -0.00489
 15.2917   15.35900  318.19601   52.4045  134.4303    0.08200    0.00356
 15.3000   15.54900  318.15601   52.3563  134.5054    0.08600    0.00535
 15.3083   15.73900  318.11499   52.3087  134.5793    0.06000    0.00464
 15.3167   15.92900  318.07300   52.2615  134.6519    0.07400   -0.00153
 15.3250   16.11900  318.02899   52.2147  134.7232    0.03900   -0.00006
 15.3333   16.30900  317.98499   52.1685  134.7935    0.06800   -0.00179
 15.3417   16.50000  317.94199   52.1227  134.8633    0.05600    0.00613
 15.3500   16.69000  317.89801   52.0776  134.9317    0.09200    0.01152
 15.3583   16.88100  317.85400   52.0328  134.9994    0.10800    0.01928
 15.3667   17.07200  317.80801   51.9884  135.0659    0.11900    0.01201
 15.3750   17.26200  317.76001   51.9446  135.1309    0.04900   -0.00281
 15.3833   17.45200  317.71201   51.9012  135.1949    0.01300   -0.01366
 15.3917   17.64200  317.66299   51.8583  135.2580    0.06000   -0.02019
 15.4000   17.83200  317.61200   51.8157  135.3199    0.03000   -0.02500
 15.4083   18.02200  317.56000   51.7736  135.3809    0.01700   -0.03975
 15.4167   18.21100  317.50699   51.7320  135.4406    0.00000   -0.04606
 15.4250   18.40000  317.45200   51.6908  135.4992    0.03500   -0.04381
 15.4333   18.58900  317.39700   51.6500  135.5571    0.08500   -0.03636
 15.4417   18.77800  317.34000   51.6096  135.6139    0.10400   -0.02384
 15.4500   18.96700  317.28201   51.5695  135.6699    0.17300   -0.01456
 15.4583   19.15500  317.22299   51.5300  135.7247    0.20300   -0.00557
 15.4667   19.34300  317.16199   51.4908  135.7786    0.22800    0.00533
 15.4750   19.53100  317.10001   51.4520  135.8317    0.31700    0.01537
 15.4833   19.71900  317.03699   51.4135  135.8840    0.34800    0.02329
 15.4917   19.90600  316.97299   51.3756  135.9352    0.36800    0.01594
 15.5000   20.09300  316.90701   51.3380  135.9855    0.36900    0.01253
 15.5083   20.28200  316.84399   51.3006  136.0362    0.43700   -0.00034
 15.5167   20.47000  316.77899   51.2637  136.0857    0.39700   -0.01130
 15.5250   20.65800  316.71301   51.2272  136.1346    0.41200   -0.02554
 15.5333   20.84600  316.64600   51.1909  136.1826    0.46000   -0.03300
 15.5417   21.03400  316.57700   51.1550  136.2300    0.46800   -0.03941
 15.5500   21.22100  316.50699   51.1195  136.2763    0.49300   -0.03881
 15.5583   21.40800  316.43600   51.0843  136.3220    0.58700   -0.02713
 15.5667   21.59500  316.36301   51.0494  136.3670    0.66600   -0.00563
 15.5750   21.78100  316.28900   51.0149  136.4110    0.74900    0.00649
 15.5833   21.96800  316.21301   50.9805  136.4546    0.77800    0.01123
 15.5917   22.15400  316.13699   50.9466  136.4974    0.80300    0.01266
 15.6000   22.33900  316.05801   50.9131  136.5392    0.85800    0.02377
 15.6083   22.52400  315.97900   50.8799  136.5805    0.94000    0.03543
 15.6167   22.70900  315.89801   50.8469  136.6212    0.95700    0.05185
 15.6250   22.89400  315.81601   50.8142  136.6613    1.03200    0.06344
 15.6333   23.07800  315.73199   50.7818  136.7005    1.07300    0.07351
 15.6417   23.26200  315.64700   50.7497  136.7392    1.07200    0.07353
 15.6500   23.44500  315.56100   50.7180  136.7772    1.07100    0.06916
 15.6583   23.62800  315.47299   50.6866  136.8145    1.07200    0.06335
 15.6667   23.81100  315.38300   50.6552  136.8513    1.05600    0.04528
 15.6750   23.99500  315.29599   50.6243  136.8883    0.97800    0.02148
 15.6833   24.17900  315.20700   50.5936  136.9247    0.94600   -0.01161
 15.6917   24.36200  315.11700   50.5633  136.9603    0.87300   -0.03309
 15.7000   24.54500  315.02600   50.5332  136.9956    0.86900   -0.05334
 15.7083   24.72800  314.93301   50.5033  137.0303    0.84600   -0.06117
 15.7167   24.91100  314.83801   50.4735  137.0644    0.85100   -0.07294
 15.7250   25.09300  314.74200   50.4441  137.0979    0.82800   -0.07683
 15.7333   25.27400  314.64401   50.4150  137.1308    0.86100   -0.07339
 15.7417   25.45500  314.54501   50.3862  137.1631    0.92100   -0.06629
 15.7500   25.63600  314.44501   50.3575  137.1952    0.93300   -0.05800
 15.7583   25.81600  314.34299   50.3291  137.2265    0.99100   -0.05275
 15.7667   25.99600  314.23901   50.3009  137.2574    1.05400   -0.04296
 15.7750   26.17500  314.13400   50.2730  137.2876    1.11600   -0.03737
 15.7833   26.35400  314.02802   50.2453  137.3176    1.17300   -0.03782
 15.7917   26.53200  313.91901   50.2178  137.3468    1.22400   -0.03691
 15.8000   26.71000  313.81000   50.1905  137.3758    1.31300   -0.03974
 15.8083   26.88700  313.69800   50.1635  137.4041    1.36800   -0.04175
 15.8167   27.06400  313.58600   50.1367  137.4321    1.43800   -0.04118
 15.8250   27.24100  313.47101   50.1100  137.4597    1.55200   -0.03814
 15.8333   27.41600  313.35501   50.0836  137.4865    1.62500   -0.03219
 15.8417   27.59400  313.24100   50.0574  137.5140    1.71600   -0.02895
 15.8500   27.77100  313.12601   50.0314  137.5409    1.82000   -0.01213
 15.8583   27.94700  313.00800   50.0056  137.5672    1.97100    0.00442
 15.8667   28.12300  312.88901   49.9799  137.5932    2.05900    0.02124
 15.8750   28.29800  312.76901   49.9545  137.6187    2.16100    0.03723
 15.8833   28.47300  312.64700   49.9293  137.6439    2.30300    0.04473
 15.8917   28.64700  312.52301   49.9042  137.6686    2.34300    0.04832
 15.9000   28.82100  312.39700   49.8793  137.6929    2.42400    0.03721
 15.9083   28.99400  312.26999   49.8546  137.7169    2.48500    0.03358
 15.9167   29.16600  312.14200   49.8302  137.7403    2.56200    0.03510
 15.9250   29.33800  312.01099   49.8058  137.7635    2.66200    0.03476
 15.9333   29.50900  311.87900   49.7817  137.7862    2.70500    0.02711
 15.9417   29.68000  311.74500   49.7577  137.8086    2.73100    0.01167
 15.9500   29.85000  311.60999   49.7339  137.8306    2.77900    0.00015
 15.9583   30.01900  311.47299   49.7103  137.8522    2.83300    0.00159
 15.9667   30.18800  311.33401   49.6868  137.8736    2.91800    0.01217
 15.9750   30.35600  311.19400   49.6635  137.8945    3.00800    0.02489
 15.9833   30.52300  311.05099   49.6403  137.9149    3.06600    0.02684
 15.9917   30.68900  310.90701   49.6174  137.9350    3.09300    0.01627
 16.0000   30.85500  310.76199   49.5946  137.9549    3.11300    0.00887
 16.0083   31.02300  310.61801   49.5719  137.9752    3.18300    0.00443
 16.0167   31.19000  310.47198   49.5493  137.9950    3.22000    0.00413
 16.0250   31.35600  310.32501   49.5269  138.0145    3.25700    0.00324
 16.0333   31.52100  310.17499   49.5047  138.0336    3.32300    0.00077
 16.0417   31.68600  310.02399   49.4825  138.0524    3.35000    0.00490
 16.0500   31.85000  309.87201   49.4606  138.0710    3.41700    0.00529
 16.0583   32.01300  309.71701   49.4388  138.0891    3.45400    0.01585
 16.0667   32.17500  309.56100   49.4172  138.1070    3.52000    0.02295
 16.0750   32.33700  309.40302   49.3956  138.1246    3.55700    0.03262
 16.0833   32.49800  309.24301   49.3742  138.1419    3.59800    0.03694
 16.0917   32.65800  309.08099   49.3529  138.1588    3.63100    0.03535
 16.1000   32.81700  308.91699   49.3317  138.1754    3.63600    0.03834
 16.1083   32.97600  308.75201   49.3107  138.1919    3.69700    0.04135
 16.1167   33.13300  308.58499   49.2898  138.2079    3.72300    0.05041
 16.1250   33.29000  308.41599   49.2690  138.2237    3.74700    0.04859
 16.1333   33.44600  308.24500   49.2484  138.2392    3.74100    0.03727
 16.1417   33.60100  308.07300   49.2279  138.2545    3.71000    0.01979
 16.1500   33.75500  307.89801   49.2074  138.2694    3.69400    0.00159
 16.1583   33.90800  307.72198   49.1872  138.2841    3.67800   -0.00040
 16.1667   34.06000  307.54401   49.1670  138.2984    3.72100    0.01426
 16.1750   34.21400  307.36700   49.1469  138.3132    3.78200    0.02845
 16.1833   34.36700  307.18900   49.1270  138.3276    3.76300    0.02664
 16.1917   34.51900  307.00800   49.1071  138.3418    3.72800    0.00628
 16.2000   34.67000  306.82599   49.0874  138.3557    3.70100   -0.01395
 16.2083   34.82100  306.64200   49.0677  138.3695    3.68400   -0.03055
 16.2167   34.97000  306.45599   49.0482  138.3829    3.67200   -0.04099
 16.2250   35.11800  306.26801   49.0288  138.3960    3.68300   -0.04852
 16.2333   35.26600  306.07800   49.0094  138.4090    3.69100   -0.05505
 16.2417   35.41200  305.88599   48.9902  138.4216    3.69600   -0.06425
 16.2500   35.55700  305.69299   48.9712  138.4341    3.70500   -0.06414
 16.2583   35.70100  305.49701   48.9521  138.4462    3.76400   -0.05778
 16.2667   35.84500  305.29999   48.9332  138.4583    3.80400   -0.04762
 16.2750   35.98700  305.10101   48.9144  138.4700    3.83700   -0.04031
 16.2833   36.12800  304.89999   48.8956  138.4814    3.89000   -0.03196
 16.2917   36.26800  304.69699   48.8770  138.4927    3.94000   -0.02417
 16.3000   36.40700  304.49200   48.8584  138.5037    3.97400   -0.01377
 16.3083   36.54400  304.28500   48.8400  138.5144    4.04100   -0.00087
 16.3167   36.68100  304.07599   48.8216  138.5250    4.10500    0.02181
 16.3250   36.81700  303.86600   48.8033  138.5354    4.18600    0.04406
 16.3333   36.95100  303.65302   48.7851  138.5455    4.25100    0.06218
 16.3417   37.08700  303.44199   48.7670  138.5559    4.29100    0.06856
 16.3500   37.22200  303.22900   48.7489  138.5662    4.31000    0.06431
 16.3583   37.35600  303.01401   48.7309  138.5762    4.31700    0.05188
 16.3667   37.48800  302.79700   48.7131  138.5860    4.31300    0.03925
 16.3750   37.62000  302.57800   48.6952  138.5957    4.32600    0.02799
 16.3833   37.75000  302.35699   48.6775  138.6050    4.33700    0.02495
 16.3917   37.87900  302.13400   48.6598  138.6142    4.36800    0.02277
 16.4000   38.00700  301.91000   48.6422  138.6232    4.38200    0.01679
 16.4083   38.13300  301.68301   48.6247  138.6319    4.37000    0.00248
 16.4167   38.25900  301.45499   48.6073  138.6406    4.35800   -0.01490
 16.4250   38.38300  301.22400   48.5899  138.6490    4.35300   -0.03300
 16.4333   38.50500  300.99200   48.5726  138.6571    4.33600   -0.04270
 16.4417   38.62700  300.75800   48.5553  138.6652    4.36200   -0.04621
 16.4500   38.74700  300.52200   48.5382  138.6729    4.38700   -0.03734
 16.4583   38.86500  300.28400   48.5211  138.6804    4.42500   -0.02649
 16.4667   38.98300  300.04501   48.5041  138.6879    4.45800   -0.01134
 16.4750   39.09900  299.80301   48.4871  138.6951    4.49500    0.00424
 16.4833   39.21300  299.56000   48.4702  138.7021    4.52800    0.02319
 16.4917   39.32600  299.31500   48.4534  138.7089    4.56800    0.03720
 16.5000   39.43800  299.06799   48.4366  138.7156    4.57900    0.05207
 16.5083   39.55200  298.82199   48.4198  138.7227    4.61200    0.06277
 16.5167   39.66400  298.57401   48.4031  138.7295    4.62900    0.07501
 16.5250   39.77500  298.32501   48.3866  138.7362    4.63800    0.07708
 16.5333   39.88400  298.07300   48.3700  138.7426    4.61400    0.07931
 16.5417   39.99200  297.82001   48.3535  138.7489    4.61600    0.07057
 16.5500   40.09800  297.56500   48.3371  138.7549    4.56000    0.06759
 16.5583   40.20300  297.30801   48.3206  138.7608    4.54300    0.05897
 16.5667   40.30700  297.04901   48.3043  138.7667    4.50200    0.06184
 16.5750   40.40900  296.78799   48.2879  138.7722    4.48000    0.06389
 16.5833   40.50900  296.52600   48.2717  138.7776    4.44600    0.06464
 16.5917   40.60800  296.26199   48.2555  138.7829    4.38700    0.05771
 16.6000   40.70500  295.99600   48.2394  138.7879    4.32000    0.04566
 16.6083   40.80100  295.72900   48.2233  138.7928    4.25400    0.03119
 16.6167   40.89500  295.45999   48.2072  138.7975    4.17800    0.01520
 16.6250   40.98800  295.18900   48.1912  138.8021    4.09900   -0.00584
 16.6333   41.07900  294.91599   48.1752  138.8065    4.01100   -0.02792
 16.6417   41.16800  294.64200   48.1593  138.8107    3.93300   -0.04177
 16.6500   41.25600  294.36700   48.1434  138.8148    3.89700   -0.04972
 16.6583   41.34200  294.08899   48.1276  138.8186    3.84100   -0.05572
 16.6667   41.42700  293.81000   48.1117  138.8224    3.78200   -0.06624
 16.6750   41.51300  293.53201   48.0960  138.8265    3.74000   -0.07423
 16.6833   41.59800  293.25299   48.0803  138.8305    3.71200   -0.08553
 16.6917   41.68000  292.97101   48.0646  138.8342    3.65800   -0.10077
 16.7000   41.76200  292.68799   48.0489  138.8379    3.62000   -0.11283
 16.7083   41.84100  292.40399   48.0333  138.8413    3.62700   -0.11622
 16.7167   41.91900  292.11801   48.0177  138.8446    3.63000   -0.11186
 16.7250   41.99500  291.82999   48.0022  138.8477    3.64200   -0.10569
 16.7333   42.07000  291.54099   47.9866  138.8508    3.66900   -0.08711
 16.7417   42.14300  291.25000   47.9711  138.8537    3.73300   -0.06174
 16.7500   42.21400  290.95901   47.9557  138.8564    3.78100   -0.03241
 16.7583   42.28300  290.66501   47.9403  138.8589    3.83200   -0.00250
 16.7667   42.35000  290.37000   47.9249  138.8612    3.90400    0.02986
 16.7750   42.41600  290.07401   47.9095  138.8635    3.96600    0.06140
 16.7833   42.48000  289.77701   47.8942  138.8656    4.01500    0.08148
 16.7917   42.54200  289.47800   47.8788  138.8675    4.03800    0.08878
 16.8000   42.60200  289.17801   47.8636  138.8693    4.04300    0.08679
 16.8083   42.66100  288.87701   47.8483  138.8710    4.04800    0.07521
 16.8167   42.71800  288.57401   47.8330  138.8726    4.02500    0.06625
 16.8250   42.77200  288.27100   47.8179  138.8738    4.03200    0.05843
 16.8333   42.82600  287.96600   47.8027  138.8752    4.03200    0.05266
 16.8417   42.88000  287.66101   47.7875  138.8766    4.00700    0.04198
 16.8500   42.93300  287.35599   47.7723  138.8781    3.98200    0.02562
 16.8583   42.98400  287.04901   47.7572  138.8794    3.94600    0.01041
 16.8667   43.03300  286.74200   47.7421  138.8805    3.91500   -0.00104
 16.8750   43.08000  286.43301   47.7270  138.8814    3.90000   -0.00891
 16.8833   43.12600  286.12299   47.7119  138.8824    3.87700   -0.01569
 16.8917   43.16900  285.81201   47.6969  138.8830    3.85100   -0.02438
 16.9000   43.21100  285.50000   47.6818  138.8836    3.82900   -0.02779
 16.9083   43.25100  285.18701   47.6668  138.8841    3.82900   -0.02992
 16.9167   43.28800  284.87299   47.6518  138.8843    3.81000   -0.03394
 16.9250   43.32400  284.55801   47.6368  138.8844    3.78400   -0.04004
 16.9333   43.35800  284.24200   47.6218  138.8845    3.78100   -0.04251
 16.9417   43.39100  283.92599   47.6068  138.8845    3.78600   -0.03619
 16.9500   43.42100  283.60800   47.5918  138.8842    3.80600   -0.02800
 16.9583   43.44900  283.29001   47.5769  138.8838    3.81900   -0.02095
 16.9667   43.47500  282.97198   47.5620  138.8832    3.82600   -0.02369
 16.9750   43.50000  282.65201   47.5470  138.8826    3.81200   -0.02867
 16.9833   43.52200  282.33200   47.5321  138.8818    3.82400   -0.03308
 16.9917   43.54300  282.01099   47.5171  138.8809    3.84200   -0.03009
 17.0000   43.56100  281.69000   47.5022  138.8798    3.86700   -0.02833
 17.0083   43.58200  281.36899   47.4873  138.8792    3.88200   -0.02206
 17.0167   43.60000  281.04700   47.4724  138.8783    3.92400   -0.01555
 17.0250   43.61600  280.72501   47.4575  138.8773    3.95300   -0.01174
 17.0333   43.63000  280.40302   47.4426  138.8762    3.95700   -0.01171
 17.0417   43.64200  280.07901   47.4277  138.8749    3.98300   -0.01028
 17.0500   43.65300  279.75601   47.4128  138.8736    4.01800   -0.00394
 17.0583   43.66100  279.43201   47.3979  138.8720    4.04400    0.00920
 17.0667   43.66800  279.10699   47.3830  138.8704    4.09900    0.02243
 17.0750   43.67200  278.78299   47.3682  138.8686    4.13300    0.03542
 17.0833   43.67400  278.45700   47.3532  138.8666    4.15300    0.03632
 17.0917   43.67500  278.13199   47.3383  138.8646    4.15100    0.03522
 17.1000   43.67400  277.80600   47.3234  138.8625    4.16700    0.03423
 17.1083   43.67000  277.48099   47.3085  138.8602    4.17900    0.03661
 17.1167   43.66500  277.15399   47.2936  138.8578    4.18400    0.04259
 17.1250   43.65800  276.82800   47.2787  138.8553    4.21000    0.04866
 17.1333   43.64800  276.50201   47.2638  138.8525    4.21600    0.05228
 17.1417   43.63700  276.17599   47.2488  138.8497    4.20400    0.05049
 17.1500   43.62400  275.84900   47.2339  138.8468    4.20000    0.04315
 17.1583   43.60900  275.52301   47.2189  138.8438    4.17600    0.02920
 17.1667   43.59200  275.19699   47.2040  138.8406    4.13200    0.00806
 17.1750   43.57600  274.87100   47.1890  138.8377    4.09800   -0.00754
 17.1833   43.55900  274.54501   47.1740  138.8347    4.10100   -0.02015
 17.1917   43.53900  274.22000   47.1590  138.8316    4.07400   -0.02836
 17.2000   43.51800  273.89401   47.1440  138.8284    4.06300   -0.04238
 17.2083   43.49400  273.56900   47.1290  138.8249    4.04500   -0.05425
 17.2167   43.46900  273.24301   47.1140  138.8214    4.03100   -0.06395
 17.2250   43.44200  272.91800   47.0989  138.8178    4.03600   -0.07398
 17.2333   43.41300  272.59299   47.0838  138.8141    4.02700   -0.07705
 17.2417   43.38200  272.26901   47.0688  138.8102    4.05400   -0.07648
 17.2500   43.34900  271.94400   47.0536  138.8062    4.08600   -0.06438
 17.2583   43.31400  271.62100   47.0386  138.8021    4.13700   -0.05358
 17.2667   43.27700  271.29700   47.0234  138.7978    4.16800   -0.04193
 17.2750   43.23800  270.97400   47.0082  138.7934    4.20900   -0.03518
 17.2833   43.19800  270.65100   46.9930  138.7889    4.24100   -0.02638
 17.2917   43.15500  270.32901   46.9778  138.7842    4.28200   -0.00800
 17.3000   43.11100  270.00699   46.9626  138.7795    4.36300    0.01851
 17.3083   43.06500  269.68600   46.9473  138.7746    4.42800    0.04638
 17.3167   43.01700  269.36499   46.9320  138.7696    4.47200    0.06642
 17.3250   42.96700  269.04501   46.9167  138.7645    4.51600    0.08054
 17.3333   42.91500  268.72601   46.9014  138.7592    4.55200    0.09210
 17.3417   42.86500  268.40701   46.8860  138.7543    4.57600    0.09171
 17.3500   42.81300  268.08899   46.8706  138.7492    4.56000    0.08181
 17.3583   42.75900  267.77100   46.8552  138.7440    4.54500    0.06804
 17.3667   42.70300  267.45401   46.8398  138.7386    4.54600    0.05219
 17.3750   42.64500  267.13800   46.8243  138.7331    4.51500    0.03713
 17.3833   42.58600  266.82300   46.8088  138.7276    4.49600    0.01849
 17.3917   42.52400  266.50800   46.7932  138.7217    4.47500    0.00360
 17.4000   42.46100  266.19400   46.7777  138.7159    4.45400   -0.00364
 17.4083   42.39600  265.88101   46.7621  138.7099    4.46500   -0.01932
 17.4167   42.33000  265.56799   46.7464  138.7039    4.40700   -0.03654
 17.4250   42.26100  265.25699   46.7307  138.6976    4.38000   -0.05752
 17.4333   42.19100  264.94601   46.7149  138.6912    4.37900   -0.06533
 17.4417   42.12000  264.63699   46.6992  138.6848    4.38400   -0.07047
 17.4500   42.04600  264.32800   46.6834  138.6782    4.37800   -0.07394
 17.4583   41.97100  264.01999   46.6675  138.6715    4.39500   -0.07034
 17.4667   41.89400  263.71301   46.6516  138.6646    4.44300   -0.06474
 17.4750   41.81500  263.40701   46.6357  138.6575    4.45900   -0.05447
 17.4833   41.73500  263.10199   46.6197  138.6505    4.50600   -0.04798
 17.4917   41.65300  262.79800   46.6036  138.6432    4.54400   -0.03961
 17.5000   41.57000  262.49600   46.5876  138.6359    4.57600   -0.03249
 17.5083   41.48800  262.19400   46.5715  138.6289    4.62800   -0.02572
 17.5167   41.40400  261.89301   46.5553  138.6216    4.67500   -0.01502
 17.5250   41.31800  261.59299   46.5391  138.6142    4.73100   -0.00423
 17.5333   41.23100  261.29401   46.5229  138.6068    4.79100    0.01243
 17.5417   41.14300  260.99600   46.5066  138.5992    4.87200    0.02445
 17.5500   41.05200  260.69901   46.4902  138.5914    4.91500    0.02304
 17.5583   40.96000  260.40302   46.4738  138.5835    4.92000    0.01213
 17.5667   40.86700  260.10901   46.4573  138.5756    4.95700    0.00153
 17.5750   40.77200  259.81500   46.4408  138.5675    4.99600    0.00204
 17.5833   40.67500  259.52301   46.4242  138.5592    5.04100    0.00186
 17.5917   40.57700  259.23199   46.4075  138.5508    5.06900    0.00263
 17.6000   40.47700  258.94199   46.3908  138.5422    5.10700    0.01073
 17.6083   40.37600  258.65399   46.3740  138.5336    5.18100    0.02784
 17.6167   40.27400  258.36600   46.3572  138.5249    5.24800    0.04638
 17.6250   40.17000  258.07999   46.3403  138.5160    5.29500    0.05166
 17.6333   40.06400  257.79501   46.3233  138.5069    5.31800    0.03581
 17.6417   39.95700  257.51199   46.3063  138.4977    5.30500    0.00378
 17.6500   39.84900  257.22900   46.2892  138.4884    5.29700   -0.04068
 17.6583   39.73900  256.94800   46.2720  138.4789    5.28100   -0.07814
 17.6667   39.62800  256.66901   46.2548  138.4694    5.31200   -0.11184
 17.6750   39.51800  256.38901   46.2375  138.4600    5.33100   -0.13279
 17.6833   39.40700  256.11200   46.2202  138.4506    5.37900   -0.14174
 17.6917   39.29400  255.83501   46.2027  138.4409    5.46500   -0.13004
 17.7000   39.18000  255.56000   46.1852  138.4312    5.57500   -0.10230
 17.7083   39.06500  255.28600   46.1677  138.4214    5.69400   -0.06274
 17.7167   38.94800  255.01300   46.1500  138.4114    5.83700   -0.01969
 17.7250   38.83000  254.74200   46.1323  138.4012    5.97400    0.01780
 17.7333   38.71100  254.47200   46.1145  138.3910    6.08500    0.04953
 17.7417   38.59000  254.20300   46.0966  138.3805    6.22000    0.06457
 17.7500   38.46800  253.93600   46.0786  138.3699    6.29500    0.06476
 17.7583   38.34500  253.66901   46.0605  138.3593    6.34800    0.04534
 17.7667   38.22000  253.40500   46.0423  138.3483    6.39800    0.02313
 17.7750   38.09500  253.14101   46.0241  138.3375    6.45900    0.00456
 17.7833   37.96800  252.87900   46.0057  138.3263    6.52200   -0.00582
 17.7917   37.84000  252.61900   45.9874  138.3150    6.60400   -0.00315
 17.8000   37.71000  252.35899   45.9688  138.3036    6.71900    0.01173
 17.8083   37.58000  252.10100   45.9502  138.2921    6.83200    0.02408
 17.8167   37.44800  251.84399   45.9314  138.2803    6.89300    0.03020
 17.8250   37.31500  251.58900   45.9126  138.2684    6.96700    0.02862
 17.8333   37.18100  251.33501   45.8937  138.2565    7.03300    0.02203
 17.8417   37.04900  251.08200   45.8748  138.2448    7.06200    0.00887
 17.8500   36.91500  250.83000   45.8557  138.2328    7.10300   -0.00643
 17.8583   36.78000  250.57899   45.8365  138.2208    7.16000   -0.00306
 17.8667   36.64400  250.33000   45.8172  138.2086    7.28300    0.00812
 17.8750   36.50700  250.08200   45.7979  138.1963    7.37200    0.01989
 17.8833   36.36800  249.83501   45.7783  138.1836    7.44600    0.01235
 17.8917   36.22900  249.59000   45.7587  138.1710    7.49000   -0.01099
 17.9000   36.08900  249.34599   45.7390  138.1583    7.51500   -0.04574
 17.9083   35.94700  249.10300   45.7191  138.1452    7.54600   -0.08365
 17.9167   35.80500  248.86200   45.6992  138.1321    7.58600   -0.11650
 17.9250   35.66100  248.62199   45.6791  138.1188    7.64700   -0.13971
 17.9333   35.51700  248.38300   45.6589  138.1054    7.73400   -0.13792
 17.9417   35.37100  248.14600   45.6386  138.0917    7.90000   -0.11321
 17.9500   35.22500  247.91000   45.6182  138.0780    8.07100   -0.06716
 17.9583   35.07800  247.67500   45.5976  138.0642    8.25900   -0.02124
 17.9667   34.92900  247.44200   45.5769  138.0500    8.42600    0.01527
 17.9750   34.78000  247.21001   45.5560  138.0358    8.56000    0.04412
 17.9833   34.63000  246.97900   45.5351  138.0215    8.72300    0.06248
 17.9917   34.47900  246.75000   45.5140  138.0069    8.85200    0.07636
 18.0000   34.32800  246.52100   45.4927  137.9924    8.97500    0.07513
 18.0083   34.17700  246.29401   45.4714  137.9778    9.06900    0.05727
 18.0167   34.02500  246.06700   45.4499  137.9631    9.12000    0.03151
 18.0250   33.87300  245.84200   45.4283  137.9483    9.20200    0.00703
 18.0333   33.72000  245.61900   45.4067  137.9333    9.30100   -0.00429
 18.0417   33.56500  245.39600   45.3847  137.9180    9.41400   -0.00558
 18.0500   33.41000  245.17500   45.3627  137.9027    9.54400   -0.00449
 18.0583   33.25500  244.95500   45.3405  137.8873    9.65300   -0.00660
 18.0667   33.09800  244.73599   45.3181  137.8715    9.74400   -0.01525
 18.0750   32.94100  244.51801   45.2956  137.8558    9.83500   -0.03860
 18.0833   32.78200  244.30200   45.2729  137.8396    9.86700   -0.05484
 18.0917   32.62300  244.08701   45.2501  137.8233    9.99700   -0.06706
 18.1000   32.46400  243.87300   45.2271  137.8071   10.11700   -0.05509
 18.1083   32.30300  243.66000   45.2039  137.7905   10.28000   -0.03096
 18.1167   32.14200  243.44901   45.1806  137.7737   10.47900   -0.00352
 18.1250   31.98000  243.23900   45.1571  137.7568   10.61800    0.01476
 18.1333   31.81800  243.03000   45.1334  137.7397   10.73500    0.01255
 18.1417   31.65400  242.82201   45.1095  137.7224   10.82700    0.00270
 18.1500   31.49000  242.61501   45.0854  137.7049   10.92600    0.00241
 18.1583   31.32600  242.40900   45.0612  137.6874   11.09300    0.01334
 18.1667   31.16100  242.20500   45.0368  137.6696   11.24900    0.02788
 18.1750   30.99700  242.00101   45.0122  137.6519   11.37000    0.03289
 18.1833   30.83200  241.79800   44.9875  137.6340   11.48700    0.03374
 18.1917   30.66600  241.59700   44.9626  137.6158   11.61200    0.02843
 18.2000   30.50000  241.39600   44.9374  137.5976   11.68800    0.03011
 18.2083   30.33400  241.19701   44.9122  137.5793   11.82800    0.02659
 18.2167   30.16600  240.99899   44.8866  137.5605   11.91800    0.02503
 18.2250   29.99800  240.80200   44.8609  137.5417   12.00700    0.01914
 18.2333   29.83000  240.60600   44.8350  137.5227   12.13600    0.01371
 18.2417   29.66100  240.41100   44.8088  137.5035   12.24300    0.00234
 18.2500   29.49100  240.21700   44.7824  137.4840   12.31300   -0.01771
 18.2583   29.32100  240.02400   44.7558  137.4644   12.40500   -0.04736
 18.2667   29.15000  239.83200   44.7289  137.4445   12.47600   -0.07872
 18.2750   28.97900  239.64200   44.7019  137.4245   12.55600   -0.11557
 18.2833   28.80700  239.45200   44.6746  137.4042   12.64500   -0.14235
 18.2917   28.63500  239.26401   44.6471  137.3838   12.78900   -0.15631
 18.3000   28.46200  239.07600   44.6193  137.3631   12.95500   -0.14647
 18.3083   28.28900  238.88901   44.5913  137.3423   13.18400   -0.12109
 18.3167   28.11500  238.70399   44.5630  137.3212   13.42800   -0.09300
 18.3250   27.94100  238.51900   44.5345  137.2999   13.62600   -0.07358
 18.3333   27.76600  238.33600   44.5057  137.2783   13.82400   -0.04381
 18.3417   27.59300  238.15300   44.4769  137.2570   14.14200   -0.00990
 18.3500   27.41900  237.97099   44.4477  137.2354   14.37900    0.03848
 18.3583   27.24400  237.78900   44.4182  137.2135   14.67900    0.05756
 18.3667   27.06900  237.60899   44.3885  137.1914   14.85200    0.05835
 18.3750   26.89400  237.42999   44.3585  137.1691   15.00000    0.03677
 18.3833   26.71800  237.25200   44.3282  137.1465   15.17400    0.02895
 18.3917   26.54200  237.07401   44.2977  137.1238   15.41400    0.03594
 18.4000   26.36500  236.89799   44.2668  137.1007   15.62700    0.04436
 18.4083   26.18800  236.72200   44.2356  137.0775   15.78800    0.04561
 18.4167   26.01000  236.54800   44.2042  137.0539   15.97000    0.04149
 18.4250   25.83300  236.37399   44.1725  137.0303   16.13200    0.05689
 18.4333   25.65400  236.20100   44.1403  137.0062   16.38500    0.07881
 18.4417   25.47600  236.02901   44.1080  136.9821   16.57400    0.10199
 18.4500   25.29700  235.85800   44.0753  136.9577   16.71900    0.10362
 18.4583   25.11800  235.68800   44.0424  136.9330   16.82300    0.08841
 18.4667   24.93800  235.51900   44.0090  136.9080   16.90200    0.06297
 18.4750   24.75900  235.35001   43.9754  136.8830   16.97500    0.04036
 18.4833   24.57900  235.18201   43.9414  136.8576   17.08300    0.03047
 18.4917   24.39800  235.01601   43.9070  136.8317   17.22500    0.02519
 18.5000   24.21800  234.84900   43.8724  136.8060   17.31500    0.01918
 18.5083   24.03800  234.68401   43.8375  136.7800   17.41100    0.00129
 18.5167   23.85800  234.51900   43.8022  136.7539   17.46700   -0.01713
 18.5250   23.67800  234.35500   43.7666  136.7275   17.53900   -0.03726
 18.5333   23.49700  234.19200   43.7305  136.7007   17.61300   -0.03891
 18.5417   23.31600  234.02901   43.6941  136.6738   17.78200   -0.03205
 18.5500   23.13500  233.86800   43.6574  136.6466   17.91200   -0.02177
 18.5583   22.95400  233.70700   43.6203  136.6192   18.01900   -0.01903
 18.5667   22.77200  233.54601   43.5826  136.5914   18.15100   -0.01950
 18.5750   22.59000  233.38699   43.5447  136.5632   18.26900   -0.01895
 18.5833   22.40800  233.22800   43.5063  136.5350   18.38700   -0.02150
 18.5917   22.22600  233.07001   43.4676  136.5064   18.50300   -0.02661
 18.6000   22.04300  232.91299   43.4283  136.4774   18.61300   -0.02606
 18.6083   21.86000  232.75600   43.3886  136.4482   18.77600   -0.02183
 18.6167   21.67800  232.60001   43.3487  136.4190   18.92700   -0.01881
 18.6250   21.49400  232.44501   43.3081  136.3890   19.03500   -0.00917
 18.6333   21.31100  232.29100   43.2672  136.3590   19.24400   -0.00278
 18.6417   21.12800  232.13699   43.2259  136.3288   19.37600    0.00769
 18.6500   20.94400  231.98300   43.1839  136.2981   19.51300    0.01042
 18.6583   20.76100  231.83099   43.1418  136.2673   19.67000    0.00978
 18.6667   20.57700  231.67900   43.0989  136.2361   19.77600    0.01014
 18.6750   20.39400  231.52699   43.0558  136.2048   19.91800    0.00870
 18.6833   20.21100  231.37601   43.0122  136.1733   20.06200    0.01126
 18.6917   20.02700  231.22600   42.9679  136.1413   20.19000    0.01610
 18.7000   19.84400  231.07700   42.9234  136.1092   20.33900    0.02210
 18.7083   19.66000  230.92799   42.8782  136.0766   20.48200    0.03321
 18.7167   19.47600  230.77901   42.8325  136.0437   20.63100    0.04004
 18.7250   19.29300  230.63100   42.7864  136.0108   20.73900    0.03884
 18.7333   19.10900  230.48399   42.7397  135.9773   20.81400    0.03379
 18.7417   18.92500  230.33701   42.6924  135.9436   20.92900    0.03315
 18.7500   18.74000  230.19099   42.6444  135.9093   21.06000    0.03414
 18.7583   18.55600  230.04601   42.5961  135.8748   21.13900    0.03158
 18.7667   18.37200  229.90100   42.5471  135.8401   21.22500    0.02428
 18.7750   18.18700  229.75600   42.4974  135.8049   21.31900    0.01574
 18.7833   18.00300  229.61200   42.4474  135.7697   21.38600    0.00035
 18.7917   17.81800  229.46899   42.3965  135.7337   21.41700   -0.01002
 18.8000   17.63400  229.32600   42.3453  135.6978   21.53600   -0.01704
 18.8083   17.44900  229.18300   42.2932  135.6613   21.62100   -0.01592
 18.8167   17.26500  229.04100   42.2407  135.6247   21.70700   -0.01929
 18.8250   17.08000  228.89999   42.1874  135.5875   21.79300   -0.02084
 18.8333   16.89500  228.75900   42.1334  135.5499   21.88500   -0.01419
 18.8417   16.71100  228.61800   42.0790  135.5124   22.02300   -0.00081
 18.8500   16.52700  228.47800   42.0239  135.4745   22.14800    0.01590
 18.8583   16.34300  228.33900   41.9682  135.4361   22.25400    0.02737
 18.8667   16.15900  228.19901   41.9117  135.3976   22.34300    0.03019
 18.8750   15.97500  228.06100   41.8547  135.3586   22.39800    0.03985
 18.8833   15.79100  227.92300   41.7969  135.3192   22.54900    0.04548
 18.8917   15.60700  227.78500   41.7383  135.2795   22.60300    0.05672
 18.9000   15.42300  227.64700   41.6790  135.2396   22.69200    0.05675
 18.9083   15.23800  227.50999   41.6187  135.1989   22.75400    0.05230
 18.9167   15.05400  227.37399   41.5580  135.1580   22.76800    0.03735
 18.9250   14.87000  227.23801   41.4964  135.1168   22.76900    0.01910
 18.9333   14.68600  227.10201   41.4341  135.0753   22.79000    0.00300
 18.9417   14.50200  226.96700   41.3710  135.0334   22.80600   -0.00528
 18.9500   14.31800  226.83200   41.3070  134.9911   22.85300   -0.01265
 18.9583   14.13400  226.69701   41.2422  134.9485   22.87300   -0.01114
 18.9667   13.95000  226.56300   41.1767  134.9054   22.94700   -0.01207
 18.9750   13.76600  226.42900   41.1102  134.8619   22.96400   -0.00203
 18.9833   13.58300  226.29500   41.0431  134.8185   23.05900    0.00659
 18.9917   13.39900  226.16200   40.9750  134.7742   23.11000    0.02059
 19.0000   13.21500  226.02901   40.9058  134.7296   23.16100    0.02196
 19.0083   13.03200  225.89700   40.8362  134.6849   23.14600    0.02675
 19.0167   12.84900  225.76500   40.7656  134.6398   23.22300    0.02415
 19.0250   12.66700  225.63300   40.6944  134.5946   23.20900    0.02945
 19.0333   12.48400  225.50101   40.6219  134.5488   23.25200    0.03159
 19.0417   12.30100  225.37000   40.5485  134.5025   23.28900    0.03481
 19.0500   12.11800  225.24001   40.4741  134.4556   23.26700    0.03862
 19.0583   11.93600  225.10899   40.3990  134.4089   23.30000    0.03558
 19.0667   11.75300  224.97900   40.3226  134.3614   23.25800    0.03533
 19.0750   11.57100  224.84900   40.2456  134.3138   23.23800    0.03211
 19.0833   11.38800  224.71899   40.1671  134.2655   23.22000    0.04053
 19.0917   11.20600  224.59000   40.0879  134.2170   23.25500    0.04601
 19.1000   11.02400  224.46100   40.0077  134.1682   23.18900    0.05426
 19.1083   10.84200  224.33200   39.9264  134.1190   23.16800    0.04981
 19.1167   10.66000  224.20300   39.8440  134.0694   23.07000    0.04876
 19.1250   10.47900  224.07500   39.7609  134.0196   23.00400    0.05122
 19.1333   10.29700  223.94600   39.6762  133.9693   22.98800    0.05202
 19.1417   10.11600  223.81799   39.5908  133.9188   22.84700    0.05384
 19.1500    9.93500  223.69099   39.5043  133.8678   22.76100    0.05297
 19.1583    9.75400  223.56300   39.4166  133.8166   22.69600    0.04989
 19.1667    9.57300  223.43600   39.3277  133.7648   22.51400    0.05335
 19.1750    9.39300  223.30901   39.2380  133.7131   22.46600    0.03966
 19.1833    9.21200  223.18201   39.1467  133.6606   22.22500    0.04334
 19.1917    9.03200  223.05600   39.0547  133.6079   22.17100    0.03255
 19.2000    8.85200  222.92999   38.9613  133.5549   21.97500    0.03068
 19.2083    8.67200  222.80400   38.8668  133.5015   21.80000    0.02276
 19.2167    8.49300  222.67799   38.7713  133.4482   21.67300    0.00767
 19.2250    8.31300  222.55200   38.6741  133.3941   21.39200    0.00278
 19.2333    8.13400  222.42700   38.5762  133.3398   21.29100    0.00143
 19.2417    7.95500  222.30099   38.4768  133.2854   21.18800    0.01195
 19.2500    7.77600  222.17599   38.3762  133.2305   21.00700    0.01345
 19.2583    7.59700  222.05099   38.2742  133.1752   20.81300    0.00570
 19.2667    7.41800  221.92599   38.1708  133.1195   20.61800    0.00443
 19.2750    7.24000  221.80099   38.0665  133.0640   20.48800    0.01077
 19.2833    7.06200  221.67700   37.9609  133.0079   20.36000    0.01125
 19.2917    6.88400  221.55200   37.8538  132.9517   20.10200    0.00468
 19.3000    6.70600  221.42799   37.7454  132.8949   19.90400   -0.00292
 19.3083    6.52900  221.30299   37.6359  132.8385   19.76600    0.00529
 19.3167    6.35100  221.17900   37.5246  132.7811   19.65300    0.00551
 19.3250    6.17500  221.05499   37.4128  132.7243   19.38800    0.01022
 19.3333    5.99800  220.93100   37.2991  132.6667   19.28200    0.00470
 19.3417    5.82100  220.80701   37.1838  132.6088   19.06700    0.00721
 19.3500    5.64500  220.68401   37.0677  132.5509   18.87300    0.00130
 19.3583    5.46900  220.56000   36.9500  132.4929   18.69300   -0.00164
 19.3667    5.29300  220.43700   36.8309  132.4344   18.48300    0.00247
 19.3750    5.11800  220.31400   36.7108  132.3761   18.34700    0.00075
 19.3833    4.94200  220.19099   36.5886  132.3170   18.11500    0.00000

