hmax        =    300
wind_bottom =      2
wind_top    =     10
critlon     =      0
tbeg, h     =   0.00
tend, h     =  24.00
c_ionex     =      0
c_vert      =      1
time, gamma, az, latp, lonp, tec, tec_filtered
  1.3083    8.03600  138.95599   38.3775  151.8643   27.87200    0.00000
  1.3167    8.21800  138.84200   38.4773  151.8090   27.15900   -0.01857
  1.3250    8.40000  138.72900   38.5756  151.7539   27.48000   -0.03690
  1.3333    8.58200  138.61501   38.6726  151.6995   27.27900    0.01657
  1.3417    8.76400  138.50000   38.7684  151.6456   27.13600    0.02418
  1.3500    8.94600  138.38600   38.8628  151.5919   26.92400    0.04669
  1.3583    9.12900  138.27100   38.9565  151.5384   26.73400    0.06315
  1.3667    9.31200  138.15700   39.0487  151.4851   26.47600    0.07331
  1.3750    9.49500  138.04201   39.1399  151.4324   26.17600    0.06528
  1.3833    9.67800  137.92700   39.2297  151.3801   25.82900    0.04097
  1.3917    9.86200  137.81200   39.3187  151.3278   25.47800    0.01589
  1.4000   10.04500  137.69600   39.4062  151.2765   25.22400   -0.01372
  1.4083   10.22900  137.58099   39.4928  151.2251   24.87600   -0.03826
  1.4167   10.41300  137.46500   39.5784  151.1741   24.58000   -0.06652
  1.4250   10.59700  137.35001   39.6626  151.1235   24.27600   -0.08899
  1.4333   10.78100  137.23399   39.7458  151.0734   23.98900   -0.10737
  1.4417   10.96600  137.11800   39.8282  151.0233   23.74300   -0.10975
  1.4500   11.15000  137.00101   39.9092  150.9742   23.59800   -0.10593
  1.4583   11.33500  136.88499   39.9893  150.9250   23.39000   -0.09126
  1.4667   11.52000  136.76801   40.0685  150.8763   23.27100   -0.08222
  1.4750   11.70500  136.65100   40.1465  150.8280   23.11900   -0.06909
  1.4833   11.89000  136.53400   40.2235  150.7801   22.98800   -0.06491
  1.4917   12.07500  136.41701   40.2995  150.7326   22.83400   -0.05960
  1.5000   12.26000  136.29900   40.3744  150.6857   22.72800   -0.05870
  1.5083   12.44600  136.18100   40.4487  150.6387   22.59000   -0.04760
  1.5167   12.63200  136.06200   40.5221  150.5924   22.53500   -0.03559
  1.5250   12.81800  135.94299   40.5945  150.5464   22.43700   -0.01802
  1.5333   13.00400  135.82500   40.6658  150.5006   22.32800    0.00413
  1.5417   13.19000  135.70500   40.7363  150.4556   22.28600    0.03697
  1.5500   13.37600  135.58600   40.8058  150.4107   22.23800    0.08330
  1.5583   13.56300  135.46600   40.8747  150.3661   22.19400    0.13209
  1.5667   13.75000  135.34599   40.9427  150.3218   22.12200    0.18287
  1.5750   13.93600  135.22600   41.0094  150.2782   22.03900    0.21760
  1.5833   14.12300  135.10500   41.0757  150.2348   21.82200    0.22688
  1.5917   14.31000  134.98399   41.1410  150.1918   21.50600    0.21667
  1.6000   14.49700  134.86301   41.2055  150.1491   21.22700    0.18983
  1.6083   14.68400  134.74200   41.2691  150.1068   20.84400    0.15882
  1.6167   14.87100  134.62000   41.3320  150.0649   20.46800    0.11650
  1.6250   15.05800  134.49800   41.3940  150.0234   20.08300    0.05900
  1.6333   15.24500  134.37500   41.4552  149.9824   19.56900    0.00233
  1.6417   15.43200  134.25200   41.5157  149.9418   19.18900   -0.06165
  1.6500   15.62000  134.12900   41.5756  149.9011   18.74900   -0.10455
  1.6583   15.80700  134.00600   41.6345  149.8611   18.40600   -0.14761
  1.6667   15.99400  133.88200   41.6927  149.8216   18.05300   -0.18907
  1.6750   16.18200  133.75700   41.7505  149.7822   17.67200   -0.22536
  1.6833   16.37000  133.63200   41.8075  149.7432   17.43300   -0.25171
  1.6917   16.55800  133.50700   41.8637  149.7044   17.23200   -0.26485
  1.7000   16.74600  133.38100   41.9193  149.6661   17.03700   -0.27399
  1.7083   16.93400  133.25500   41.9742  149.6282   16.92100   -0.28425
  1.7167   17.12200  133.12900   42.0284  149.5905   16.81600   -0.28274
  1.7250   17.31000  133.00200   42.0819  149.5532   16.81100   -0.27946
  1.7333   17.49900  132.87500   42.1350  149.5160   16.81700   -0.26135
  1.7417   17.68700  132.74699   42.1873  149.4795   16.91700   -0.23990
  1.7500   17.87500  132.61900   42.2389  149.4432   17.02500   -0.20868
  1.7583   18.06300  132.49100   42.2899  149.4073   17.18000   -0.17503
  1.7667   18.25100  132.36200   42.3403  149.3717   17.36100   -0.12715
  1.7750   18.43900  132.23199   42.3901  149.3365   17.61400   -0.07958
  1.7833   18.62800  132.10201   42.4395  149.3014   17.79100   -0.02120
  1.7917   18.81600  131.97200   42.4881  149.2668   18.05500    0.03570
  1.8000   19.00400  131.84100   42.5362  149.2325   18.29000    0.10598
  1.8083   19.19200  131.70900   42.5837  149.1986   18.53200    0.17497
  1.8167   19.38000  131.57700   42.6307  149.1650   18.74500    0.23609
  1.8250   19.56700  131.44501   42.6769  149.1319   18.86900    0.28732
  1.8333   19.75500  131.31200   42.7228  149.0989   18.98000    0.32483
  1.8417   19.94400  131.17799   42.7684  149.0660   19.02500    0.34072
  1.8500   20.13200  131.04401   42.8132  149.0336   18.92400    0.34491
  1.8583   20.32100  130.91000   42.8577  149.0011   18.87000    0.33041
  1.8667   20.50900  130.77499   42.9015  148.9693   18.70600    0.30367
  1.8750   20.69700  130.63901   42.9449  148.9378   18.44100    0.25706
  1.8833   20.88500  130.50301   42.9878  148.9065   18.18100    0.20261
  1.8917   21.07400  130.36600   43.0304  148.8753   17.89600    0.14670
  1.9000   21.26200  130.22900   43.0723  148.8446   17.55700    0.09562
  1.9083   21.45000  130.09100   43.1139  148.8142   17.27500    0.04008
  1.9167   21.63800  129.95200   43.1549  148.7840   16.91800   -0.01236
  1.9250   21.82500  129.81300   43.1954  148.7544   16.57100   -0.06739
  1.9333   22.01300  129.67300   43.2356  148.7248   16.25400   -0.11192
  1.9417   22.20100  129.53300   43.2754  148.6953   15.95800   -0.14570
  1.9500   22.38800  129.39200   43.3145  148.6664   15.68700   -0.16163
  1.9583   22.57500  129.25000   43.3534  148.6378   15.50400   -0.16307
  1.9667   22.76200  129.10800   43.3917  148.6094   15.32900   -0.16557
  1.9750   22.94900  128.96500   43.4298  148.5813   15.08700   -0.16011
  1.9833   23.13600  128.82100   43.4674  148.5534   14.99200   -0.14803
  1.9917   23.32300  128.67700   43.5046  148.5257   14.90100   -0.12644
  2.0000   23.50900  128.53200   43.5414  148.4984   14.76400   -0.11724
  2.0083   23.69600  128.38600   43.5779  148.4712   14.63900   -0.10720
  2.0167   23.88300  128.24001   43.6140  148.4442   14.59600   -0.09236
  2.0250   24.07000  128.09300   43.6498  148.4174   14.52600   -0.06619
  2.0333   24.25700  127.94500   43.6853  148.3909   14.49600   -0.04470
  2.0417   24.44300  127.79700   43.7202  148.3647   14.43600   -0.01838
  2.0500   24.63000  127.64800   43.7550  148.3386   14.39300    0.00366
  2.0583   24.81600  127.49800   43.7893  148.3129   14.32900    0.04053
  2.0667   25.00200  127.34700   43.8233  148.2874   14.34500    0.07970
  2.0750   25.18800  127.19600   43.8569  148.2621   14.29500    0.12837
  2.0833   25.37300  127.04300   43.8902  148.2372   14.26100    0.15959
  2.0917   25.55900  126.89000   43.9233  148.2123   14.14700    0.18896
  2.1000   25.74400  126.73700   43.9558  148.1878   14.05900    0.19872
  2.1083   25.92800  126.58200   43.9881  148.1637   13.87900    0.19365
  2.1167   26.11300  126.42600   44.0202  148.1396   13.64500    0.16850
  2.1250   26.29700  126.27000   44.0518  148.1158   13.40800    0.13567
  2.1333   26.48100  126.11300   44.0832  148.0922   13.15400    0.10494
  2.1417   26.66500  125.95500   44.1143  148.0688   12.90400    0.07153
  2.1500   26.84800  125.79600   44.1451  148.0458   12.62300    0.04183
  2.1583   27.03100  125.63600   44.1756  148.0230   12.36400    0.01381
  2.1667   27.21400  125.47600   44.2058  148.0002   12.09900   -0.00838
  2.1750   27.39800  125.31400   44.2359  147.9776   11.83500   -0.02908
  2.1833   27.58100  125.15200   44.2656  147.9552   11.57200   -0.04469
  2.1917   27.76400  124.99000   44.2950  147.9329   11.33400   -0.06244
  2.2000   27.94700  124.82600   44.3242  147.9108   11.06500   -0.07362
  2.2083   28.12900  124.66100   44.3531  147.8891   10.85400   -0.09111
  2.2167   28.31100  124.49500   44.3818  147.8676   10.60100   -0.09938
  2.2250   28.49300  124.32900   44.4102  147.8461   10.40100   -0.10440
  2.2333   28.67400  124.16100   44.4383  147.8250   10.22500   -0.09994
  2.2417   28.85500  123.99300   44.4662  147.8040   10.03700   -0.09192
  2.2500   29.03600  123.82300   44.4939  147.7832    9.87200   -0.07985
  2.2583   29.21600  123.65200   44.5213  147.7627    9.73200   -0.05928
  2.2667   29.39600  123.48100   44.5485  147.7423    9.60400   -0.03075
  2.2750   29.57600  123.30800   44.5755  147.7221    9.48900   -0.00150
  2.2833   29.75500  123.13500   44.6021  147.7021    9.35600    0.03300
  2.2917   29.93300  122.96000   44.6286  147.6825    9.25200    0.05646
  2.3000   30.11100  122.78400   44.6548  147.6630    9.07300    0.07180
  2.3083   30.28900  122.60800   44.6808  147.6435    8.88800    0.07399
  2.3167   30.46600  122.43000   44.7066  147.6244    8.70400    0.08654
  2.3250   30.64300  122.25100   44.7323  147.6054    8.56600    0.10031
  2.3333   30.81900  122.07100   44.7576  147.5867    8.37300    0.11555
  2.3417   30.99600  121.89100   44.7828  147.5679    8.18400    0.11501
  2.3500   31.17300  121.70900   44.8079  147.5492    7.95100    0.10226
  2.3583   31.34900  121.52700   44.8327  147.5307    7.68600    0.07386
  2.3667   31.52500  121.34300   44.8574  147.5124    7.41000    0.04085
  2.3750   31.70100  121.15800   44.8819  147.4942    7.15000    0.00596
  2.3833   31.87500  120.97200   44.9060  147.4763    6.87500   -0.03054
  2.3917   32.05000  120.78500   44.9302  147.4585    6.59700   -0.07121
  2.4000   32.22400  120.59600   44.9541  147.4409    6.32600   -0.10752
  2.4083   32.39700  120.40700   44.9777  147.4235    6.08200   -0.13116
  2.4167   32.56900  120.21600   45.0012  147.4064    5.87300   -0.14314
  2.4250   32.74100  120.02400   45.0245  147.3893    5.66500   -0.13435
  2.4333   32.91300  119.83100   45.0477  147.3723    5.53700   -0.11878
  2.4417   33.08400  119.63700   45.0707  147.3556    5.37700   -0.09428
  2.4500   33.25400  119.44100   45.0935  147.3391    5.23100   -0.07549
  2.4583   33.42400  119.24500   45.1161  147.3227    5.09000   -0.04498
  2.4667   33.59300  119.04700   45.1385  147.3065    5.00400   -0.01970
  2.4750   33.76100  118.84700   45.1609  147.2905    4.85200    0.00357
  2.4833   33.92900  118.64700   45.1830  147.2746    4.72200    0.00581
  2.4917   34.09600  118.44500   45.2050  147.2589    4.55500    0.00208
  2.5000   34.26200  118.24200   45.2268  147.2434    4.39300    0.00483
  2.5083   34.43000  118.03800   45.2486  147.2277    4.31500    0.00627
  2.5167   34.59600  117.83300   45.2701  147.2123    4.15900   -0.00460
  2.5250   34.76200  117.62700   45.2915  147.1970    3.95900   -0.03157
  2.5333   34.92800  117.41900   45.3129  147.1817    3.82500   -0.06550
  2.5417   35.09200  117.21100   45.3340  147.1667    3.66000   -0.08667
  2.5500   35.25600  117.00000   45.3550  147.1519    3.54300   -0.11176
  2.5583   35.42000  116.78900   45.3759  147.1370    3.41500   -0.13117
  2.5667   35.58200  116.57600   45.3966  147.1225    3.30800   -0.16058
  2.5750   35.74400  116.36200   45.4172  147.1081    3.18600   -0.18243
  2.5833   35.90500  116.14600   45.4377  147.0938    3.13900   -0.19974
  2.5917   36.06500  115.92900   45.4580  147.0797    3.09400   -0.19622
  2.6000   36.22400  115.71100   45.4781  147.0658    3.10400   -0.18793
  2.6083   36.38300  115.49100   45.4982  147.0519    3.11500   -0.18231
  2.6167   36.54000  115.27000   45.5181  147.0384    3.09800   -0.18316
  2.6250   36.69700  115.04700   45.5379  147.0249    3.12300   -0.17891
  2.6333   36.85300  114.82300   45.5576  147.0115    3.19500   -0.15535
  2.6417   37.00800  114.59800   45.5772  146.9983    3.30200   -0.10603
  2.6500   37.16200  114.37100   45.5966  146.9853    3.47400   -0.05623
  2.6583   37.31500  114.14200   45.6159  146.9724    3.57700   -0.01854
  2.6667   37.46800  113.91300   45.6352  146.9595    3.65300   -0.01033
  2.6750   37.62100  113.68200   45.6543  146.9467    3.70900   -0.00260
  2.6833   37.77400  113.45000   45.6734  146.9338    3.82200    0.01215
  2.6917   37.92500  113.21700   45.6923  146.9212    3.93700    0.04426
  2.7000   38.07600  112.98200   45.7111  146.9087    4.07400    0.06128
  2.7083   38.22600  112.74600   45.7298  146.8963    4.11300    0.07105
  2.7167   38.37500  112.50800   45.7485  146.8840    4.18000    0.07297
  2.7250   38.52200  112.26900   45.7669  146.8720    4.25700    0.08953
  2.7333   38.66900  112.02900   45.7853  146.8600    4.32700    0.11580
  2.7417   38.81500  111.78600   45.8037  146.8481    4.40200    0.14005
  2.7500   38.96000  111.54300   45.8219  146.8364    4.43300    0.16667
  2.7583   39.10300  111.29700   45.8400  146.8250    4.48100    0.19257
  2.7667   39.24600  111.05100   45.8580  146.8135    4.51200    0.21404
  2.7750   39.38800  110.80200   45.8760  146.8022    4.47900    0.22133
  2.7833   39.52800  110.55300   45.8937  146.7911    4.41300    0.20918
  2.7917   39.66800  110.30100   45.9115  146.7800    4.31300    0.19334
  2.8000   39.80600  110.04900   45.9291  146.7691    4.22200    0.17267
  2.8083   39.94300  109.79400   45.9467  146.7584    4.09800    0.16621
  2.8167   40.07900  109.53800   45.9642  146.7478    4.02300    0.15694
  2.8250   40.21400  109.28100   45.9816  146.7373    3.88300    0.14709
  2.8333   40.34700  109.02200   45.9988  146.7270    3.72400    0.11016
  2.8417   40.48200  108.76300   46.0161  146.7164    3.50300    0.07284
  2.8500   40.61500  108.50200   46.0332  146.7060    3.33700    0.02789
  2.8583   40.74800  108.23900   46.0504  146.6956    3.12900   -0.00666
  2.8667   40.87900  107.97500   46.0674  146.6855    2.94600   -0.04145
  2.8750   41.00900  107.70900   46.0844  146.6755    2.78300   -0.07050
  2.8833   41.13800  107.44200   46.1012  146.6655    2.60800   -0.09956
  2.8917   41.26500  107.17300   46.1180  146.6558    2.43700   -0.12412
  2.9000   41.39100  106.90300   46.1347  146.6461    2.30600   -0.14407
  2.9083   41.51600  106.63100   46.1514  146.6366    2.16300   -0.14938
  2.9167   41.64000  106.35700   46.1680  146.6271    2.06400   -0.15547
  2.9250   41.76200  106.08200   46.1845  146.6179    1.94100   -0.14219
  2.9333   41.88300  105.80600   46.2009  146.6087    1.89500   -0.12186
  2.9417   42.00300  105.52800   46.2173  146.5996    1.84300   -0.08509
  2.9500   42.12100  105.24900   46.2336  146.5907    1.80600   -0.04633
  2.9583   42.23800  104.96800   46.2498  146.5818    1.78100   -0.00629
  2.9667   42.35300  104.68500   46.2660  146.5732    1.74700    0.03913
  2.9750   42.46700  104.40100   46.2822  146.5647    1.74600    0.06832
  2.9833   42.58000  104.11600   46.2982  146.5562    1.66600    0.07208
  2.9917   42.69100  103.82900   46.3142  146.5479    1.54000    0.05019
  3.0000   42.80000  103.54100   46.3301  146.5398    1.44000    0.03399
  3.0083   42.91100  103.25200   46.3460  146.5314    1.38900    0.01991
  3.0167   43.02100  102.96100   46.3619  146.5230    1.27000    0.01196
  3.0250   43.12800  102.66900   46.3777  146.5150    1.19400   -0.00912
  3.0333   43.23500  102.37600   46.3934  146.5068    1.08500   -0.02152
  3.0417   43.34000  102.08100   46.4091  146.4989    1.00000   -0.02746
  3.0500   43.44300  101.78500   46.4247  146.4911    0.94800   -0.02237
  3.0583   43.54500  101.48700   46.4403  146.4834    0.87900   -0.00165
  3.0667   43.64500  101.18800   46.4558  146.4758    0.85400    0.00638
  3.0750   43.74400  100.88700   46.4713  146.4684    0.74800   -0.00547
  3.0833   43.84100  100.58500   46.4868  146.4610    0.60400   -0.02755
  3.0917   43.93700  100.28200   46.5022  146.4538    0.54600   -0.04006
  3.1000   44.03100   99.97700   46.5175  146.4466    0.49100   -0.04029
  3.1083   44.12300   99.67200   46.5328  146.4397    0.40800   -0.03543
  3.1167   44.21400   99.36400   46.5480  146.4328    0.38400   -0.03208
  3.1250   44.30300   99.05600   46.5632  146.4260    0.33600   -0.03670
  3.1333   44.39000   98.74600   46.5784  146.4194    0.23400   -0.05287
  3.1417   44.47600   98.43500   46.5935  146.4129    0.17500   -0.07465
  3.1500   44.56000   98.12300   46.6086  146.4064    0.11000   -0.08391
  3.1583   44.64200   97.80900   46.6236  146.4002    0.07000   -0.08241
  3.1667   44.72200   97.49500   46.6386  146.3941    0.07200   -0.07497
  3.1750   44.80400   97.17900   46.6536  146.3876    0.05300   -0.07083
  3.1833   44.88400   96.86300   46.6685  146.3813    0.01800   -0.07151
  3.1917   44.96200   96.54500   46.6834  146.3752    0.01500   -0.06620
  3.2000   45.03900   96.22600   46.6983  146.3690    0.03500   -0.05526
  3.2083   45.11400   95.90600   46.7132  146.3630    0.03500   -0.04439
  3.2167   45.18700   95.58500   46.7280  146.3572    0.04300   -0.05169
  3.2250   45.25800   95.26300   46.7427  146.3515    0.00000   -0.05403
  3.2333   45.32700   94.93900   46.7575  146.3459    0.03500   -0.04784
  3.2417   45.39500   94.61500   46.7722  146.3403    0.09000   -0.02936
  3.2500   45.46000   94.29000   46.7868  146.3351    0.10500   -0.01394
  3.2583   45.52400   93.96400   46.8015  146.3298    0.13000   -0.00150
  3.2667   45.58600   93.63600   46.8161  146.3246    0.17300    0.01866
  3.2750   45.64600   93.30800   46.8307  146.3196    0.22100    0.02843
  3.2833   45.70500   92.97900   46.8453  146.3146    0.20600    0.02999
  3.2917   45.76100   92.65000   46.8598  146.3098    0.21600    0.02024
  3.3000   45.81600   92.31900   46.8743  146.3051    0.21700    0.02570
  3.3083   45.86800   91.98800   46.8888  146.3006    0.26200    0.03631
  3.3167   45.91900   91.65500   46.9033  146.2961    0.28900    0.04389
  3.3250   45.96700   91.32300   46.9177  146.2918    0.27200    0.03707
  3.3333   46.01400   90.98900   46.9321  146.2875    0.25300    0.02144
  3.3417   46.06200   90.65500   46.9465  146.2830    0.24000    0.01394
  3.3500   46.10800   90.32000   46.9609  146.2787    0.25200    0.01820
  3.3583   46.15200   89.98500   46.9753  146.2744    0.27300    0.02350
  3.3667   46.19500   89.64800   46.9897  146.2702    0.26000    0.02389
  3.3750   46.23500   89.31200   47.0040  146.2662    0.25100    0.00909
  3.3833   46.27300   88.97400   47.0183  146.2623    0.21500   -0.00861
  3.3917   46.31000   88.63600   47.0326  146.2584    0.19100   -0.02477
  3.4000   46.34400   88.29800   47.0469  146.2547    0.18800   -0.02855
  3.4083   46.37600   87.95900   47.0612  146.2512    0.20200   -0.02915
  3.4167   46.40700   87.62000   47.0755  146.2476    0.19600   -0.02948
  3.4250   46.43500   87.28100   47.0897  146.2443    0.20200   -0.04011
  3.4333   46.46100   86.94100   47.1039  146.2411    0.18300   -0.04837
  3.4417   46.48600   86.60100   47.1181  146.2379    0.19300   -0.05308
  3.4500   46.50800   86.26100   47.1323  146.2349    0.21900   -0.04633
  3.4583   46.52800   85.92000   47.1466  146.2321    0.25000   -0.04191
  3.4667   46.54600   85.58000   47.1607  146.2293    0.25800   -0.03764
  3.4750   46.56300   85.23900   47.1749  146.2266    0.28900   -0.03653
  3.4833   46.57700   84.89800   47.1891  146.2241    0.31400   -0.02815
  3.4917   46.58900   84.55700   47.2032  146.2217    0.35100   -0.01749
  3.5000   46.59900   84.21700   47.2174  146.2194    0.39000    0.00225
  3.5083   46.61000   83.87500   47.2316  146.2168    0.44700    0.02522
  3.5167   46.61900   83.53400   47.2457  146.2144    0.49500    0.04550
  3.5250   46.62700   83.19200   47.2599  146.2120    0.52100    0.05439
  3.5333   46.63200   82.85100   47.2740  146.2098    0.52900    0.06465
  3.5417   46.63500   82.51000   47.2881  146.2077    0.57600    0.06560
  3.5500   46.63600   82.16900   47.3023  146.2057    0.55800    0.07461
  3.5583   46.63500   81.82800   47.3164  146.2038    0.59200    0.06517
  3.5667   46.63200   81.48800   47.3305  146.2021    0.56400    0.05494
  3.5750   46.62700   81.14700   47.3447  146.2004    0.54300    0.03216
  3.5833   46.62000   80.80700   47.3588  146.1989    0.52900    0.01198
  3.5917   46.61100   80.46800   47.3730  146.1975    0.51000   -0.00608
  3.6000   46.60000   80.12900   47.3871  146.1962    0.49700   -0.02654
  3.6083   46.58700   79.79000   47.4012  146.1950    0.47500   -0.04822
  3.6167   46.57100   79.45200   47.4154  146.1940    0.45500   -0.07405
  3.6250   46.55400   79.11400   47.4296  146.1931    0.42800   -0.09456
  3.6333   46.53500   78.77800   47.4437  146.1922    0.43100   -0.09645
  3.6417   46.51300   78.44100   47.4579  146.1916    0.48700   -0.08334
  3.6500   46.49000   78.10600   47.4720  146.1910    0.52300   -0.05998
  3.6583   46.46400   77.77100   47.4862  146.1907    0.56800   -0.04508
  3.6667   46.43600   77.43700   47.5004  146.1904    0.59400   -0.02368
  3.6750   46.41000   77.10200   47.5146  146.1898    0.66000    0.00246
  3.6833   46.38200   76.76800   47.5288  146.1893    0.72900    0.02605
  3.6917   46.35200   76.43500   47.5430  146.1889    0.74900    0.04249
  3.7000   46.32000   76.10200   47.5572  146.1887    0.79000    0.05351
  3.7083   46.28500   75.77100   47.5715  146.1887    0.83900    0.06191
  3.7167   46.24900   75.44000   47.5857  146.1887    0.85000    0.05840
  3.7250   46.21100   75.11100   47.5999  146.1888    0.84100    0.04485
  3.7333   46.17100   74.78200   47.6142  146.1891    0.84600    0.03227
  3.7417   46.12800   74.45400   47.6286  146.1896    0.85600    0.02430
  3.7500   46.08400   74.12800   47.6428  146.1901    0.86400    0.02310
  3.7583   46.03800   73.80200   47.6572  146.1907    0.89600    0.01489
  3.7667   45.99000   73.47800   47.6715  146.1915    0.87900    0.00273
  3.7750   45.94000   73.15500   47.6858  146.1924    0.87500   -0.02260
  3.7833   45.88800   72.83300   47.7002  146.1935    0.85700   -0.04295
  3.7917   45.83300   72.51200   47.7146  146.1948    0.86200   -0.06272
  3.8000   45.77700   72.19200   47.7291  146.1961    0.86000   -0.07393
  3.8083   45.72000   71.87400   47.7435  146.1974    0.87900   -0.08034
  3.8167   45.66000   71.55700   47.7579  146.1990    0.90700   -0.07843
  3.8250   45.59800   71.24200   47.7724  146.2008    0.94000   -0.06260
  3.8333   45.53400   70.92800   47.7869  146.2027    1.01500   -0.03594
  3.8417   45.47200   70.61400   47.8014  146.2042    1.08900   -0.00014
  3.8500   45.40800   70.30000   47.8160  146.2059    1.16900    0.02122
  3.8583   45.34200   69.98900   47.8305  146.2078    1.20000    0.03047
  3.8667   45.27400   69.67800   47.8451  146.2097    1.24000    0.02325
  3.8750   45.20500   69.36900   47.8597  146.2118    1.26600    0.01477
  3.8833   45.13300   69.06200   47.8744  146.2141    1.30300   -0.00279
  3.8917   45.06000   68.75600   47.8891  146.2164    1.31800   -0.03340
  3.9000   44.98500   68.45200   47.9038  146.2189    1.30100   -0.06918
  3.9083   44.90800   68.14900   47.9185  146.2215    1.32300   -0.08726
  3.9167   44.82900   67.84800   47.9333  146.2243    1.41000   -0.07447
  3.9250   44.74800   67.54800   47.9481  146.2273    1.51200   -0.04281
  3.9333   44.66600   67.25100   47.9629  146.2304    1.60200   -0.01834
  3.9417   44.58200   66.95400   47.9778  146.2336    1.65300    0.00172
  3.9500   44.49600   66.66000   47.9927  146.2369    1.73500    0.01545
  3.9583   44.40800   66.36700   48.0077  146.2405    1.80000    0.04179
  3.9667   44.31900   66.07700   48.0226  146.2441    1.90100    0.06653
  3.9750   44.22800   65.78800   48.0376  146.2479    1.97400    0.08200
  3.9833   44.13500   65.50000   48.0527  146.2519    2.00000    0.08247
  3.9917   44.04000   65.21500   48.0677  146.2561    2.04100    0.06302
  4.0000   43.94400   64.93200   48.0828  146.2603    2.02900    0.04589
  4.0083   43.85000   64.64700   48.0980  146.2642    2.05500    0.03160
  4.0167   43.75300   64.36500   48.1132  146.2684    2.09400    0.03329
  4.0250   43.65500   64.08400   48.1284  146.2726    2.13900    0.03668
  4.0333   43.55600   63.80500   48.1437  146.2770    2.16600    0.03018
  4.0417   43.45500   63.52900   48.1590  146.2815    2.16100    0.01494
  4.0500   43.35200   63.25400   48.1744  146.2863    2.16500   -0.00225
  4.0583   43.24700   62.98000   48.1898  146.2912    2.18000   -0.01026
  4.0667   43.14100   62.70900   48.2053  146.2962    2.21100   -0.02076
  4.0750   43.03400   62.44000   48.2208  146.3014    2.20400   -0.03349
  4.0833   42.92500   62.17300   48.2363  146.3067    2.21200   -0.04827
  4.0917   42.81400   61.90700   48.2519  146.3123    2.23400   -0.05149
  4.1000   42.70200   61.64400   48.2676  146.3179    2.27400   -0.04453
  4.1083   42.58800   61.38300   48.2833  146.3238    2.32000   -0.02882
  4.1167   42.47300   61.12300   48.2990  146.3298    2.37600   -0.00915
  4.1250   42.35600   60.86600   48.3148  146.3360    2.43500    0.01110
  4.1333   42.23800   60.61100   48.3307  146.3423    2.49000    0.02703
  4.1417   42.11800   60.35700   48.3466  146.3488    2.53600    0.03544
  4.1500   41.99700   60.10600   48.3626  146.3555    2.56600    0.03656
  4.1583   41.87400   59.85700   48.3786  146.3625    2.59200    0.02564
  4.1667   41.75000   59.61000   48.3947  146.3695    2.58700    0.00915
  4.1750   41.62800   59.36200   48.4108  146.3762    2.59300   -0.00824
  4.1833   41.50400   59.11600   48.4270  146.3831    2.61000   -0.01524
  4.1917   41.37900   58.87200   48.4433  146.3902    2.64100   -0.00805
  4.2000   41.25300   58.63000   48.4596  146.3974    2.69900    0.01027
  4.2083   41.12500   58.39000   48.4760  146.4049    2.75400    0.03595
  4.2167   40.99600   58.15200   48.4924  146.4125    2.80700    0.04893
  4.2250   40.86500   57.91700   48.5089  146.4204    2.80100    0.05687
  4.2333   40.73300   57.68300   48.5255  146.4284    2.82900    0.05681
  4.2417   40.60000   57.45100   48.5422  146.4365    2.84500    0.05334
  4.2500   40.46600   57.22200   48.5588  146.4448    2.82500    0.03856
  4.2583   40.33000   56.99400   48.5756  146.4534    2.80600    0.01679
  4.2667   40.19300   56.76900   48.5925  146.4622    2.79500   -0.00041
  4.2750   40.05500   56.54500   48.6094  146.4711    2.79800   -0.01891
  4.2833   39.91500   56.32400   48.6264  146.4803    2.77500   -0.03541
  4.2917   39.77400   56.10500   48.6435  146.4897    2.77300   -0.05158
  4.3000   39.63200   55.88800   48.6607  146.4993    2.77700   -0.05726
  4.3083   39.48900   55.67300   48.6779  146.5090    2.80400   -0.05760
  4.3167   39.34500   55.46000   48.6952  146.5189    2.83000   -0.05727
  4.3250   39.19900   55.24900   48.7126  146.5291    2.84400   -0.05727
  4.3333   39.05300   55.04100   48.7300  146.5395    2.87700   -0.05536
  4.3417   38.90800   54.83100   48.7475  146.5495    2.92200   -0.05032
  4.3500   38.76200   54.62300   48.7651  146.5598    2.96200   -0.04146
  4.3583   38.61500   54.41700   48.7828  146.5703    3.02300   -0.03326
  4.3667   38.46700   54.21300   48.8006  146.5809    3.07600   -0.02494
  4.3750   38.31700   54.01100   48.8185  146.5919    3.12600   -0.01595
  4.3833   38.16700   53.81200   48.8364  146.6030    3.19900   -0.01234
  4.3917   38.01500   53.61400   48.8545  146.6144    3.23600   -0.00808
  4.4000   37.86300   53.41800   48.8726  146.6259    3.29700   -0.00701
  4.4083   37.70900   53.22500   48.8909  146.6378    3.36500   -0.00570
  4.4167   37.55500   53.03300   48.9092  146.6497    3.41200   -0.00630
  4.4250   37.39900   52.84400   48.9276  146.6621    3.47400   -0.00896
  4.4333   37.24200   52.65600   48.9461  146.6746    3.54100   -0.01369
  4.4417   37.08500   52.47100   48.9647  146.6873    3.58600   -0.02416
  4.4500   36.92600   52.28700   48.9834  146.7003    3.62800   -0.03770
  4.4583   36.76600   52.10600   49.0023  146.7136    3.68700   -0.04406
  4.4667   36.60600   51.92700   49.0211  146.7270    3.77100   -0.04696
  4.4750   36.44400   51.74900   49.0402  146.7408    3.83600   -0.04269
  4.4833   36.28200   51.57400   49.0593  146.7547    3.93400   -0.04052
  4.4917   36.11800   51.40100   49.0785  146.7690    4.01300   -0.03176
  4.5000   35.95400   51.22900   49.0979  146.7835    4.11300   -0.02360
  4.5083   35.79200   51.05600   49.1173  146.7976    4.21300   -0.01401
  4.5167   35.62800   50.88600   49.1368  146.8122    4.30400   -0.00739
  4.5250   35.46400   50.71700   49.1565  146.8268    4.39500   -0.00048
  4.5333   35.29900   50.54900   49.1763  146.8417    4.50100    0.00547
  4.5417   35.13300   50.38400   49.1962  146.8570    4.59300    0.01183
  4.5500   34.96600   50.22100   49.2162  146.8725    4.68800    0.01425
  4.5583   34.79900   50.06000   49.2363  146.8882    4.77600    0.01293
  4.5667   34.63000   49.90100   49.2566  146.9044    4.85000    0.00973
  4.5750   34.46100   49.74300   49.2770  146.9207    4.93700    0.00994
  4.5833   34.29100   49.58800   49.2974  146.9373    5.04100    0.01168
  4.5917   34.12000   49.43400   49.3181  146.9543    5.12000    0.01298
  4.6000   33.94800   49.28200   49.3389  146.9716    5.20300    0.00914
  4.6083   33.77600   49.13200   49.3598  146.9890    5.28000    0.00702
  4.6167   33.60200   48.98500   49.3808  147.0070    5.36700   -0.00018
  4.6250   33.42800   48.83900   49.4020  147.0252    5.42400   -0.00677
  4.6333   33.25400   48.69400   49.4233  147.0435    5.50300   -0.00830
  4.6417   33.07800   48.55200   49.4448  147.0624    5.61400   -0.00649
  4.6500   32.90200   48.41200   49.4663  147.0815    5.68800   -0.00420
  4.6583   32.72600   48.27300   49.4880  147.1008    5.77100   -0.00914
  4.6667   32.54800   48.13600   49.5100  147.1206    5.84500   -0.00917
  4.6750   32.37300   47.99800   49.5319  147.1400    5.94400   -0.01095
  4.6833   32.19600   47.86100   49.5541  147.1599    6.01800   -0.00694
  4.6917   32.01900   47.72600   49.5764  147.1800    6.12700   -0.00563
  4.7000   31.84100   47.59300   49.5989  147.2006    6.21800   -0.00524
  4.7083   31.66300   47.46100   49.6215  147.2213    6.29600   -0.01071
  4.7167   31.48400   47.33200   49.6443  147.2425    6.38300   -0.01543
  4.7250   31.30400   47.20400   49.6673  147.2641    6.48200   -0.01833
  4.7333   31.12400   47.07800   49.6904  147.2859    6.57400   -0.02700
  4.7417   30.94300   46.95300   49.7137  147.3082    6.63500   -0.03260
  4.7500   30.76200   46.83100   49.7371  147.3308    6.75900   -0.04183
  4.7583   30.58000   46.71000   49.7607  147.3538    6.83800   -0.03656
  4.7667   30.39700   46.59000   49.7846  147.3772    6.98000   -0.03048
  4.7750   30.21400   46.47300   49.8085  147.4009    7.11300   -0.01927
  4.7833   30.03000   46.35700   49.8327  147.4252    7.22400   -0.01090
  4.7917   29.84600   46.24300   49.8570  147.4497    7.35800   -0.01302
  4.8000   29.66100   46.13100   49.8815  147.4747    7.44300   -0.01253
  4.8083   29.47500   46.02000   49.9063  147.5002    7.57700   -0.01435
  4.8167   29.29000   45.91100   49.9311  147.5259    7.70700   -0.00717
  4.8250   29.10300   45.80400   49.9563  147.5523    7.84900   -0.00713
  4.8333   28.91600   45.69800   49.9816  147.5790    7.95400   -0.01549
  4.8417   28.73100   45.59000   50.0070  147.6054    8.04700   -0.01954
  4.8500   28.54500   45.48400   50.0327  147.6323    8.21700   -0.02553
  4.8583   28.35900   45.38000   50.0586  147.6596    8.31400   -0.02385
  4.8667   28.17300   45.27700   50.0846  147.6872    8.45200   -0.02268
  4.8750   27.98500   45.17600   50.1110  147.7157    8.62100   -0.01666
  4.8833   27.79800   45.07600   50.1374  147.7442    8.75000   -0.01026
  4.8917   27.61000   44.97800   50.1642  147.7734    8.89100   -0.00923
  4.9000   27.42100   44.88200   50.1911  147.8031    9.03100    0.00039
  4.9083   27.23200   44.78700   50.2183  147.8333    9.20700    0.00593
  4.9167   27.04300   44.69300   50.2457  147.8638    9.32600    0.01064
  4.9250   26.85300   44.60100   50.2734  147.8950    9.46500    0.01047
  4.9333   26.66200   44.51100   50.3013  147.9268    9.61600    0.01476
  4.9417   26.47200   44.42200   50.3294  147.9589    9.76500    0.01378
  4.9500   26.28100   44.33500   50.3577  147.9916    9.87700    0.01454
  4.9583   26.08900   44.25000   50.3863  148.0251   10.03900    0.00470
  4.9667   25.89700   44.16500   50.4153  148.0589   10.12900   -0.00536
  4.9750   25.70500   44.08300   50.4443  148.0933   10.24300   -0.01456
  4.9833   25.51300   44.00200   50.4736  148.1281   10.41500   -0.02162
  4.9917   25.32000   43.92200   50.5032  148.1636   10.51900   -0.02602
  5.0000   25.12600   43.84400   50.5332  148.1999   10.64800   -0.02759
  5.0083   24.93500   43.76300   50.5633  148.2357   10.83600   -0.02581
  5.0167   24.74300   43.68500   50.5936  148.2723   10.96100   -0.02013
  5.0250   24.55000   43.60700   50.6244  148.3095   11.11400   -0.02240
  5.0333   24.35800   43.53100   50.6552  148.3472   11.25800   -0.01367
  5.0417   24.16500   43.45600   50.6865  148.3855   11.45100   -0.00235
  5.0500   23.97100   43.38300   50.7181  148.4247   11.62500    0.00884
  5.0583   23.77700   43.31200   50.7499  148.4646   11.77200    0.01547
  5.0667   23.58300   43.24100   50.7821  148.5049   11.94300    0.01063
  5.0750   23.38900   43.17200   50.8145  148.5459   12.05200    0.00422
  5.0833   23.19400   43.10500   50.8472  148.5878   12.19500   -0.00243
  5.0917   22.99900   43.03900   50.8803  148.6302   12.36900   -0.00617
  5.1000   22.80400   42.97400   50.9136  148.6733   12.49900   -0.00429
  5.1083   22.60900   42.91000   50.9473  148.7170   12.68100   -0.00973
  5.1167   22.41300   42.84800   50.9813  148.7617   12.81300   -0.01424
  5.1250   22.21700   42.78800   51.0156  148.8072   12.95300   -0.02301
  5.1333   22.02100   42.72800   51.0503  148.8532   13.10600   -0.02319
  5.1417   21.82400   42.67000   51.0854  148.9003   13.29300   -0.02027
  5.1500   21.62700   42.61400   51.1207  148.9482   13.45300   -0.01555
  5.1583   21.43000   42.55800   51.1565  148.9967   13.62600   -0.01346
  5.1667   21.23300   42.50400   51.1925  149.0460   13.80700   -0.01513
  5.1750   21.03800   42.44800   51.2288  149.0952   13.95400   -0.01303
  5.1833   20.84200   42.39300   51.2655  149.1454   14.16200   -0.01665
  5.1917   20.64500   42.33900   51.3028  149.1966   14.31200   -0.01124
  5.2000   20.44900   42.28700   51.3403  149.2485   14.52900   -0.02080
  5.2083   20.25200   42.23600   51.3782  149.3015   14.64600   -0.02703
  5.2167   20.05500   42.18600   51.4165  149.3552   14.82900   -0.03823
  5.2250   19.85800   42.13700   51.4552  149.4098   15.02000   -0.03697
  5.2333   19.66100   42.09000   51.4942  149.4654   15.22600   -0.02958
  5.2417   19.46300   42.04400   51.5338  149.5222   15.45900   -0.02020
  5.2500   19.26600   41.99900   51.5736  149.5795   15.66800   -0.01307
  5.2583   19.06800   41.95500   51.6140  149.6381   15.86500   -0.00936
  5.2667   18.87000   41.91300   51.6547  149.6978   16.07700   -0.00489
  5.2750   18.67200   41.87100   51.6959  149.7583   16.30000   -0.00191
  5.2833   18.47300   41.83100   51.7376  149.8202   16.49400    0.00104
  5.2917   18.27500   41.79300   51.7795  149.8829   16.71400    0.00258
  5.3000   18.07600   41.75500   51.8221  149.9469   16.93700   -0.00420
  5.3083   17.87700   41.71900   51.8650  150.0120   17.08300   -0.00047
  5.3167   17.67800   41.68300   51.9085  150.0781   17.38300   -0.00793
  5.3250   17.47900   41.64900   51.9523  150.1455   17.52300   -0.01124
  5.3333   17.28000   41.61600   51.9966  150.2139   17.69700   -0.01935
  5.3417   17.08200   41.58100   52.0415  150.2828   17.96300   -0.01637
  5.3500   16.88400   41.54700   52.0867  150.3528   18.18700   -0.00596
  5.3583   16.68600   41.51400   52.1325  150.4239   18.40800   -0.00518
  5.3667   16.48800   41.48300   52.1787  150.4964   18.60000    0.00531
  5.3750   16.28900   41.45200   52.2256  150.5704   18.89000    0.01590
  5.3833   16.09100   41.42300   52.2728  150.6454   19.11600    0.02218
  5.3917   15.89200   41.39500   52.3206  150.7221   19.27300    0.01776
  5.4000   15.69300   41.36700   52.3691  150.8000   19.47600    0.01748
  5.4083   15.49500   41.34100   52.4177  150.8790   19.73300    0.02393
  5.4167   15.29600   41.31600   52.4672  150.9597   19.93800    0.03199
  5.4250   15.09600   41.29200   52.5173  151.0424   20.15300    0.01531
  5.4333   14.89700   41.27000   52.5677  151.1261   20.21100    0.01072
  5.4417   14.69800   41.24800   52.6187  151.2112   20.50400   -0.00012
  5.4500   14.49900   41.22700   52.6703  151.2979   20.66600    0.01426
  5.4583   14.29900   41.20800   52.7226  151.3866   20.91200    0.00756
  5.4667   14.10000   41.18900   52.7753  151.4764   21.03100    0.00511
  5.4750   13.90000   41.17200   52.8287  151.5684   21.21300    0.00810
  5.4833   13.70100   41.15600   52.8824  151.6615   21.49500    0.00827
  5.4917   13.50100   41.14000   52.9371  151.7567   21.57700    0.01132
  5.5000   13.30100   41.12600   52.9923  151.8538   21.77400    0.01101
  5.5083   13.10300   41.11000   53.0478  151.9511   22.01100    0.02321
  5.5167   12.90400   41.09400   53.1043  152.0506   22.19400    0.03049
  5.5250   12.70600   41.08000   53.1611  152.1516   22.34200    0.03101
  5.5333   12.50700   41.06600   53.2188  152.2547   22.52900    0.03680
  5.5417   12.30800   41.05400   53.2771  152.3599   22.74400    0.02677
  5.5500   12.10900   41.04200   53.3361  152.4669   22.76400    0.02033
  5.5583   11.91000   41.03200   53.3956  152.5761   22.97600    0.00031
  5.5667   11.71100   41.02300   53.4557  152.6873   23.08300    0.00067
  5.5750   11.51200   41.01400   53.5166  152.8004   23.27100   -0.01987
  5.5833   11.31300   41.00700   53.5781  152.9157   23.31300   -0.02632
  5.5917   11.11400   41.00100   53.6402  153.0333   23.53800   -0.04152
  5.6000   10.91500   40.99500   53.7030  153.1529   23.65400   -0.02927
  5.6083   10.71600   40.99100   53.7664  153.2749   23.92500   -0.03272
  5.6167   10.51700   40.98700   53.8306  153.3991   24.01500   -0.02242
  5.6250   10.31800   40.98500   53.8953  153.5258   24.24800   -0.02829
  5.6333   10.11900   40.98300   53.9608  153.6547   24.39000   -0.00613
  5.6417    9.92000   40.98300   54.0269  153.7863   24.73100   -0.01132
  5.6500    9.72100   40.98300   54.0938  153.9202   24.73800    0.00900
  5.6583    9.52200   40.98400   54.1613  154.0566   25.10100    0.00367
  5.6667    9.32300   40.98600   54.2295  154.1957   25.23200    0.01889
  5.6750    9.12500   40.98600   54.2985  154.3362   25.42700    0.00422
  5.6833    8.92700   40.98700   54.3681  154.4793   25.53900   -0.00038
  5.6917    8.72900   40.98900   54.4384  154.6252   25.75400   -0.00730
  5.7000    8.53100   40.99200   54.5095  154.7739   25.92800    0.00251
  5.7083    8.33300   40.99600   54.5812  154.9255   26.18400    0.00126
  5.7167    8.13500   41.00100   54.6535  155.0800   26.29100    0.00979
  5.7250    7.93700   41.00600   54.7267  155.2372   26.53500   -0.00239
  5.7333    7.73900   41.01300   54.8005  155.3978   26.59100    0.01547
  5.7417    7.54100   41.02000   54.8750  155.5612   26.95700    0.01968
  5.7500    7.34300   41.02800   54.9503  155.7278   27.06900    0.04504
  5.7583    7.14500   41.03700   55.0262  155.8976   27.29800    0.04996
  5.7667    6.94700   41.04700   55.1027  156.0707   27.45600    0.05657
  5.7750    6.74900   41.05800   55.1800  156.2472   27.55300    0.05026
  5.7833    6.55100   41.07000   55.2578  156.4271   27.73800    0.03436
  5.7917    6.35300   41.08300   55.3364  156.6105   27.78200    0.02112
  5.8000    6.15600   41.09600   55.4153  156.7963   27.88900    0.01144
  5.8083    5.95800   41.11100   55.4951  156.9868   28.05300    0.01210
  5.8167    5.76000   41.12600   55.5756  157.1809   28.13300    0.02103
  5.8250    5.56300   41.14200   55.6564  157.3777   28.27500    0.01404
  5.8333    5.36500   41.15900   55.7382  157.5793   28.26300    0.00592
  5.8417    5.16800   41.17300   55.8208  157.7829   28.23300    0.00000

 16.0167    5.19300  325.69901   56.9563  129.4836    1.44800    0.00000
 16.0250    5.38000  325.67200   56.8570  129.6483    1.48100   -0.00024
 16.0333    5.56700  325.64301   56.7586  129.8095    1.57800    0.00284
 16.0417    5.75400  325.61401   56.6612  129.9679    1.61800    0.00270
 16.0500    5.94000  325.58401   56.5653  130.1224    1.61100    0.00376
 16.0583    6.12600  325.55200   56.4701  130.2736    1.68400    0.00702
 16.0667    6.31300  325.51999   56.3756  130.4231    1.73300    0.01256
 16.0750    6.49900  325.48700   56.2825  130.5688    1.77400    0.00265
 16.0833    6.68500  325.45300   56.1903  130.7118    1.70100   -0.00527
 16.0917    6.87100  325.41699   56.0989  130.8517    1.74200   -0.00637
 16.1000    7.05600  325.38101   56.0091  130.9885    1.82500   -0.00065
 16.1083    7.24200  325.34399   55.9197  131.1234    1.84200    0.01109
 16.1167    7.42800  325.30600   55.8312  131.2558    1.93900    0.01711
 16.1250    7.61300  325.26599   55.7440  131.3847    1.97000    0.01821
 16.1333    7.79800  325.22601   55.6578  131.5114    1.94700    0.01777
 16.1417    7.98300  325.18500   55.5725  131.6357    2.04300   -0.00271
 16.1500    8.16800  325.14200   55.4880  131.7574    1.90300   -0.01616
 16.1583    8.35200  325.09900   55.4049  131.8764    1.95600   -0.04258
 16.1667    8.53700  325.05499   55.3223  131.9939    1.95000   -0.05167
 16.1750    8.72300  325.01199   55.2404  132.1103    1.98300   -0.05878
 16.1833    8.90800  324.96899   55.1599  132.2241    2.06400   -0.06050
 16.1917    9.09400  324.92401   55.0798  132.3362    2.11100   -0.05677
 16.2000    9.27900  324.87900   55.0011  132.4458    2.19500   -0.04945
 16.2083    9.46400  324.83200   54.9230  132.5532    2.31400   -0.03050
 16.2167    9.64900  324.78500   54.8460  132.6588    2.46900   -0.00998
 16.2250    9.83400  324.73599   54.7697  132.7623    2.57700    0.00597
 16.2333   10.01900  324.68600   54.6942  132.8638    2.66600    0.01730
 16.2417   10.20300  324.63599   54.6200  132.9631    2.78700    0.02063
 16.2500   10.38800  324.58401   54.5462  133.0610    2.83100    0.01942
 16.2583   10.57200  324.53101   54.4735  133.1565    2.89400    0.01387
 16.2667   10.75600  324.47699   54.4016  133.2504    2.99700    0.00858
 16.2750   10.93900  324.42099   54.3308  133.3417    3.06200    0.00501
 16.2833   11.12300  324.36499   54.2604  133.4322    3.15300   -0.00694
 16.2917   11.30600  324.30801   54.1912  133.5205    3.18700   -0.00245
 16.3000   11.48900  324.24899   54.1227  133.6071    3.38500   -0.01410
 16.3083   11.67100  324.19000   54.0553  133.6918    3.31500   -0.02311
 16.3167   11.85400  324.12900   53.9882  133.7753    3.34800   -0.04230
 16.3250   12.03600  324.06699   53.9222  133.8569    3.42900   -0.02244
 16.3333   12.21700  324.00400   53.8572  133.9365    3.66000    0.01847
 16.3417   12.40100  323.94299   53.7923  134.0168    3.83100    0.06688
 16.3500   12.58400  323.88101   53.7284  134.0952    3.93900    0.11235
 16.3583   12.76700  323.81799   53.6652  134.1723    4.11200    0.14294
 16.3667   12.94900  323.75299   53.6029  134.2474    4.13400    0.16196
 16.3750   13.13200  323.68799   53.5410  134.3218    4.13400    0.15289
 16.3833   13.31400  323.62100   53.4801  134.3943    4.05300    0.13880
 16.3917   13.49600  323.55301   53.4197  134.4656    4.02500    0.10427
 16.4000   13.67700  323.48401   53.3604  134.5353    3.84700    0.06875
 16.4083   13.85900  323.41400   53.3013  134.6042    3.76700    0.01183
 16.4167   14.04000  323.34201   53.2431  134.6713    3.56000   -0.03597
 16.4250   14.22000  323.26999   53.1859  134.7371    3.44600   -0.07349
 16.4333   14.40000  323.19601   53.1291  134.8016    3.42900   -0.08801
 16.4417   14.58100  323.12100   53.0727  134.8655    3.38600   -0.08055
 16.4500   14.76000  323.04501   53.0175  134.9275    3.43400   -0.08629
 16.4583   14.94000  322.96701   52.9624  134.9887    3.31100   -0.08247
 16.4667   15.11900  322.88901   52.9083  135.0487    3.35800   -0.08980
 16.4750   15.29700  322.80899   52.8549  135.1071    3.33400   -0.06538
 16.4833   15.47500  322.72800   52.8020  135.1647    3.47400   -0.04303
 16.4917   15.65300  322.64499   52.7496  135.2212    3.50800   -0.01008
 16.5000   15.83100  322.56201   52.6978  135.2769    3.56900    0.00498
 16.5083   16.01000  322.48001   52.6465  135.3324    3.56100    0.02034
 16.5167   16.18900  322.39700   52.5957  135.3871    3.57100    0.04219
 16.5250   16.36700  322.31299   52.5456  135.4405    3.64900    0.07756
 16.5333   16.54500  322.22800   52.4960  135.4931    3.71300    0.12484
 16.5417   16.72300  322.14099   52.4469  135.5448    3.80100    0.16656
 16.5500   16.90000  322.05301   52.3985  135.5953    3.81900    0.19418
 16.5583   17.07700  321.96399   52.3505  135.6450    3.76200    0.19157
 16.5667   17.25400  321.87299   52.3029  135.6938    3.60300    0.16994
 16.5750   17.43000  321.78201   52.2561  135.7417    3.46300    0.11983
 16.5833   17.60600  321.68900   52.2097  135.7888    3.17900    0.03991
 16.5917   17.78100  321.59399   52.1639  135.8346    2.78600   -0.02919
 16.6000   17.95600  321.49899   52.1185  135.8799    2.70500   -0.06491
 16.6083   18.13100  321.40201   52.0736  135.9244    2.63900   -0.06067
 16.6167   18.30500  321.30301   52.0291  135.9678    2.51200   -0.06006
 16.6250   18.47800  321.20401   51.9854  136.0104    2.38400   -0.06324
 16.6333   18.65100  321.10300   51.9420  136.0523    2.27400   -0.05202
 16.6417   18.82400  321.00101   51.8990  136.0935    2.23900   -0.03245
 16.6500   18.99600  320.89700   51.8565  136.1337    2.17200   -0.00795
 16.6583   19.16700  320.79199   51.8146  136.1731    2.10700   -0.00820
 16.6667   19.33800  320.68600   51.7730  136.2119    1.91900   -0.02569
 16.6750   19.51100  320.58099   51.7316  136.2510    1.76900   -0.05134
 16.6833   19.68400  320.47601   51.6907  136.2897    1.68600   -0.05808
 16.6917   19.85500  320.36899   51.6504  136.3271    1.65600   -0.05308
 16.7000   20.02700  320.26001   51.6102  136.3643    1.60100   -0.04833
 16.7083   20.19800  320.14999   51.5706  136.4006    1.53100   -0.04348
 16.7167   20.36800  320.03900   51.5314  136.4361    1.52200   -0.04096
 16.7250   20.53800  319.92599   51.4926  136.4711    1.46200   -0.03827
 16.7333   20.70700  319.81201   51.4542  136.5053    1.40100   -0.04536
 16.7417   20.87600  319.69699   51.4162  136.5391    1.33000   -0.04521
 16.7500   21.04400  319.57999   51.3785  136.5720    1.33500   -0.03733
 16.7583   21.21200  319.46201   51.3412  136.6045    1.34800   -0.03023
 16.7667   21.37900  319.34201   51.3043  136.6362    1.29700   -0.02009
 16.7750   21.54500  319.22101   51.2679  136.6672    1.33600   -0.01626
 16.7833   21.71100  319.09799   51.2317  136.6978    1.31300   -0.00358
 16.7917   21.87600  318.97400   51.1959  136.7277    1.32400   -0.00566
 16.8000   22.04100  318.84900   51.1604  136.7572    1.27200   -0.00835
 16.8083   22.20500  318.72198   51.1253  136.7860    1.25300   -0.01832
 16.8167   22.36800  318.59399   51.0906  136.8142    1.22300   -0.01489
 16.8250   22.53100  318.46500   51.0561  136.8420    1.26400   -0.00554
 16.8333   22.69300  318.33401   51.0221  136.8692    1.28500    0.00955
 16.8417   22.85700  318.20401   50.9881  136.8968    1.28900    0.01718
 16.8500   23.02000  318.07300   50.9545  136.9238    1.27600    0.01518
 16.8583   23.18300  317.94101   50.9211  136.9505    1.22700    0.01314
 16.8667   23.34500  317.80701   50.8881  136.9765    1.22300    0.01730
 16.8750   23.50600  317.67200   50.8555  137.0020    1.24100    0.02898
 16.8833   23.66700  317.53500   50.8230  137.0271    1.23800    0.03535
 16.8917   23.82700  317.39700   50.7910  137.0517    1.19900    0.03578
 16.9000   23.98600  317.25699   50.7592  137.0757    1.17800    0.03503
 16.9083   24.14500  317.11600   50.7276  137.0994    1.15800    0.03436
 16.9167   24.30300  316.97400   50.6964  137.1227    1.11000    0.02527
 16.9250   24.46000  316.82901   50.6654  137.1452    1.02900    0.01295
 16.9333   24.61600  316.68399   50.6348  137.1674    0.98700   -0.00178
 16.9417   24.77200  316.53699   50.6044  137.1893    0.92700   -0.00675
 16.9500   24.92600  316.38800   50.5743  137.2104    0.90700   -0.00341
 16.9583   25.08000  316.23801   50.5445  137.2313    0.91300   -0.00232
 16.9667   25.23400  316.08600   50.5147  137.2519    0.83700   -0.00994
 16.9750   25.38600  315.93301   50.4854  137.2719    0.76800   -0.02830
 16.9833   25.53800  315.77802   50.4563  137.2915    0.71900   -0.04077
 16.9917   25.68900  315.62201   50.4274  137.3108    0.68800   -0.04696
 17.0000   25.83800  315.46399   50.3989  137.3294    0.66700   -0.04524
 17.0083   25.99000  315.30801   50.3704  137.3487    0.67900   -0.04290
 17.0167   26.14200  315.14999   50.3419  137.3678    0.66600   -0.04500
 17.0250   26.29200  314.99100   50.3139  137.3862    0.63100   -0.05462
 17.0333   26.44100  314.82999   50.2862  137.4042    0.60500   -0.05811
 17.0417   26.59000  314.66800   50.2585  137.4221    0.63000   -0.05072
 17.0500   26.73800  314.50400   50.2311  137.4395    0.66400   -0.03380
 17.0583   26.88400  314.33801   50.2040  137.4562    0.70100   -0.01835
 17.0667   27.03000  314.17099   50.1771  137.4728    0.72800   -0.00149
 17.0750   27.17600  314.00299   50.1503  137.4893    0.77400    0.01824
 17.0833   27.32000  313.83301   50.1238  137.5052    0.82500    0.03578
 17.0917   27.46300  313.66101   50.0975  137.5206    0.83100    0.04472
 17.1000   27.60500  313.48801   50.0714  137.5358    0.81800    0.04413
 17.1083   27.74700  313.31299   50.0454  137.5507    0.81000    0.04006
 17.1167   27.88700  313.13599   50.0197  137.5651    0.79700    0.04708
 17.1250   28.02600  312.95901   49.9943  137.5792    0.84500    0.05460
 17.1333   28.16500  312.77899   49.9689  137.5931    0.83300    0.06362
 17.1417   28.30200  312.59799   49.9438  137.6065    0.81500    0.06051
 17.1500   28.43900  312.41599   49.9188  137.6199    0.78200    0.04741
 17.1583   28.57400  312.23099   49.8940  137.6326    0.70000    0.02622
 17.1667   28.70900  312.04599   49.8694  137.6453    0.62600    0.00350
 17.1750   28.84500  311.86200   49.8449  137.6582    0.57500   -0.00477
 17.1833   28.98000  311.67599   49.8206  137.6709    0.56900   -0.00079
 17.1917   29.11500  311.48801   49.7963  137.6834    0.56100    0.00452
 17.2000   29.24800  311.29901   49.7723  137.6954    0.51700    0.00430
 17.2083   29.38000  311.10800   49.7484  137.7072    0.47700   -0.00674
 17.2167   29.51200  310.91599   49.7246  137.7188    0.40800   -0.01898
 17.2250   29.64200  310.72198   49.7011  137.7300    0.35900   -0.03477
 17.2333   29.77100  310.52701   49.6777  137.7409    0.30500   -0.03960
 17.2417   29.89900  310.32999   49.6545  137.7516    0.30500   -0.04488
 17.2500   30.02600  310.13199   49.6314  137.7620    0.26600   -0.04146
 17.2583   30.15100  309.93201   49.6086  137.7719    0.27500   -0.04133
 17.2667   30.27600  309.73001   49.5857  137.7818    0.26900   -0.04280
 17.2750   30.39900  309.52701   49.5632  137.7912    0.23000   -0.04725
 17.2833   30.52100  309.32199   49.5407  137.8004    0.22900   -0.04875
 17.2917   30.64200  309.11600   49.5183  137.8093    0.24500   -0.03956
 17.3000   30.76200  308.90900   49.4962  137.8181    0.26900   -0.03354
 17.3083   30.88100  308.69901   49.4740  137.8265    0.25700   -0.02406
 17.3167   30.99800  308.48901   49.4522  137.8347    0.29600   -0.01623
 17.3250   31.11500  308.27600   49.4303  137.8427    0.31300    0.00314
 17.3333   31.23000  308.06299   49.4087  137.8504    0.36300    0.01976
 17.3417   31.34700  307.85001   49.3870  137.8585    0.38500    0.03838
 17.3500   31.46200  307.63599   49.3656  137.8663    0.41000    0.04895
 17.3583   31.57700  307.42001   49.3442  137.8740    0.41400    0.05582
 17.3667   31.69000  307.20300   49.3230  137.8813    0.41300    0.05339
 17.3750   31.80200  306.98401   49.3018  137.8884    0.38400    0.04875
 17.3833   31.91300  306.76401   49.2808  137.8954    0.36900    0.03887
 17.3917   32.02300  306.54199   49.2598  137.9021    0.33600    0.03176
 17.4000   32.13100  306.31900   49.2391  137.9085    0.31700    0.02775
 17.4083   32.23800  306.09399   49.2184  137.9147    0.31500    0.02135
 17.4167   32.34300  305.86801   49.1979  137.9205    0.26400    0.01591
 17.4250   32.44700  305.64001   49.1774  137.9262    0.24500    0.00371
 17.4333   32.55000  305.41101   49.1571  137.9317    0.20400   -0.00927
 17.4417   32.65200  305.17999   49.1368  137.9370    0.14900   -0.02693
 17.4500   32.75200  304.94800   49.1166  137.9420    0.10800   -0.04002
 17.4583   32.85100  304.71500   49.0966  137.9468    0.09600   -0.04710
 17.4667   32.94800  304.48001   49.0767  137.9513    0.07700   -0.04827
 17.4750   33.04400  304.24399   49.0569  137.9557    0.07500   -0.04633
 17.4833   33.13900  304.00601   49.0371  137.9598    0.08400   -0.04456
 17.4917   33.23200  303.76700   49.0175  137.9637    0.06900   -0.04283
 17.5000   33.32300  303.52701   48.9980  137.9673    0.07000   -0.04012
 17.5083   33.41700  303.28699   48.9784  137.9715    0.08800   -0.03054
 17.5167   33.50900  303.04700   48.9591  137.9754    0.11400   -0.02045
 17.5250   33.60000  302.80399   48.9397  137.9791    0.12300   -0.00590
 17.5333   33.69000  302.56100   48.9204  137.9828    0.16900    0.00408
 17.5417   33.77700  302.31601   48.9013  137.9859    0.17500    0.02120
 17.5500   33.86400  302.06900   48.8821  137.9891    0.22000    0.02670
 17.5583   33.94900  301.82199   48.8631  137.9920    0.20600    0.03324
 17.5667   34.03200  301.57300   48.8442  137.9946    0.21300    0.03083
 17.5750   34.11400  301.32199   48.8253  137.9971    0.21000    0.03290
 17.5833   34.19500  301.07101   48.8065  137.9995    0.21400    0.03777
 17.5917   34.27300  300.81799   48.7879  138.0014    0.23200    0.03831
 17.6000   34.35100  300.56400   48.7692  138.0033    0.20300    0.03657
 17.6083   34.42700  300.30899   48.7507  138.0050    0.19300    0.02914
 17.6167   34.50100  300.05200   48.7322  138.0064    0.17800    0.02223
 17.6250   34.57300  299.79401   48.7138  138.0076    0.14900    0.01123
 17.6333   34.64500  299.53500   48.6954  138.0088    0.11300   -0.00102
 17.6417   34.71400  299.27499   48.6772  138.0096    0.08900   -0.01147
 17.6500   34.78200  299.01401   48.6590  138.0102    0.06600   -0.02179
 17.6583   34.84800  298.75201   48.6409  138.0107    0.03200   -0.02570
 17.6667   34.91300  298.48901   48.6229  138.0110    0.04200   -0.02994
 17.6750   34.98000  298.22601   48.6048  138.0118    0.02000   -0.02577
 17.6833   35.04500  297.96201   48.5867  138.0124    0.03100   -0.02646
 17.6917   35.10800  297.69699   48.5688  138.0127    0.02200   -0.02238
 17.7000   35.17000  297.43100   48.5509  138.0129    0.03000   -0.02613
 17.7083   35.23000  297.16400   48.5331  138.0128    0.01000   -0.03186
 17.7167   35.28900  296.89600   48.5153  138.0127    0.00000   -0.03795
 17.7250   35.34600  296.62701   48.4976  138.0124    0.01300   -0.03883
 17.7333   35.40100  296.35599   48.4799  138.0117    0.02400   -0.03007
 17.7417   35.45500  296.08499   48.4622  138.0111    0.06400   -0.02124
 17.7500   35.50700  295.81299   48.4447  138.0101    0.07900   -0.01000
 17.7583   35.55700  295.54001   48.4272  138.0090    0.10200   -0.00102
 17.7667   35.60500  295.26501   48.4097  138.0076    0.12700    0.01197
 17.7750   35.65200  294.98999   48.3922  138.0061    0.16000    0.02349
 17.7833   35.69700  294.71500   48.3749  138.0044    0.17300    0.03721
 17.7917   35.74100  294.43799   48.3576  138.0026    0.20900    0.04171
 17.8000   35.78300  294.16000   48.3402  138.0006    0.19700    0.04508
 17.8083   35.82300  293.88199   48.3230  137.9984    0.20400    0.04077
 17.8167   35.86100  293.60300   48.3058  137.9960    0.20300    0.03524
 17.8250   35.89800  293.32300   48.2887  137.9935    0.18300    0.02560
 17.8333   35.93200  293.04199   48.2715  137.9906    0.16900    0.00700
 17.8417   35.96900  292.76199   48.2544  137.9884    0.12400   -0.00316
 17.8500   36.00400  292.48099   48.2373  137.9859    0.14400   -0.01430
 17.8583   36.03800  292.20001   48.2202  137.9834    0.12400   -0.01758
 17.8667   36.06900  291.91800   48.2032  137.9805    0.11500   -0.02759
 17.8750   36.09900  291.63501   48.1862  137.9775    0.10100   -0.03507
 17.8833   36.12700  291.35101   48.1692  137.9743    0.09500   -0.03604
 17.8917   36.15300  291.06699   48.1522  137.9709    0.11800   -0.03367
 17.9000   36.17800  290.78201   48.1353  137.9675    0.12300   -0.02927
 17.9083   36.20000  290.49600   48.1184  137.9637    0.13000   -0.02352
 17.9167   36.22100  290.20999   48.1016  137.9598    0.16500   -0.01622
 17.9250   36.24100  289.92300   48.0847  137.9559    0.18500   -0.01152
 17.9333   36.25800  289.63599   48.0679  137.9516    0.18400   -0.00885
 17.9417   36.27400  289.34900   48.0511  137.9472    0.21300   -0.00828
 17.9500   36.28800  289.06000   48.0343  137.9427    0.22500   -0.00096
 17.9583   36.30000  288.77200   48.0176  137.9379    0.25900    0.00144
 17.9667   36.31000  288.48300   48.0009  137.9329    0.26800    0.00366
 17.9750   36.31900  288.19400   47.9842  137.9279    0.28100    0.00474
 17.9833   36.32600  287.90399   47.9675  137.9227    0.31100    0.01002
 17.9917   36.33100  287.61401   47.9508  137.9173    0.34100    0.01414
 18.0000   36.33400  287.32401   47.9342  137.9116    0.34800    0.01346
 18.0083   36.33900  287.03400   47.9174  137.9065    0.35400    0.00883
 18.0167   36.34300  286.74399   47.9008  137.9013    0.36300    0.00554
 18.0250   36.34400  286.45401   47.8841  137.8957    0.37500    0.00031
 18.0333   36.34400  286.16299   47.8674  137.8901    0.37300   -0.00249
 18.0417   36.34200  285.87201   47.8508  137.8842    0.39300   -0.00337
 18.0500   36.33800  285.58099   47.8342  137.8782    0.41400   -0.00216
 18.0583   36.33200  285.29001   47.8176  137.8720    0.42100    0.00131
 18.0667   36.32500  284.99799   47.8009  137.8657    0.45200    0.00028
 18.0750   36.31600  284.70599   47.7843  137.8592    0.45000   -0.00058
 18.0833   36.30500  284.41501   47.7677  137.8525    0.45600   -0.00743
 18.0917   36.29200  284.12299   47.7511  137.8456    0.45900   -0.01148
 18.1000   36.27800  283.83099   47.7345  137.8386    0.47400   -0.00888
 18.1083   36.26200  283.53900   47.7178  137.8314    0.51600   -0.00571
 18.1167   36.24400  283.24701   47.7012  137.8241    0.52700   -0.00609
 18.1250   36.22400  282.95499   47.6846  137.8165    0.52900   -0.01008
 18.1333   36.20200  282.66299   47.6680  137.8087    0.55600   -0.01023
 18.1417   36.17900  282.37100   47.6514  137.8009    0.58600   -0.01501
 18.1500   36.15400  282.07999   47.6348  137.7928    0.56700   -0.02051
 18.1583   36.12800  281.78799   47.6181  137.7847    0.58900   -0.02308
 18.1667   36.09900  281.49701   47.6015  137.7762    0.63100   -0.01464
 18.1750   36.07200  281.20599   47.5848  137.7682    0.66300   -0.00220
 18.1833   36.04400  280.91501   47.5681  137.7602    0.70600    0.01107
 18.1917   36.01400  280.62399   47.5514  137.7519    0.75100    0.02032
 18.2000   35.98200  280.33401   47.5347  137.7434    0.76300    0.02488
 18.2083   35.94800  280.04300   47.5180  137.7347    0.78300    0.02676
 18.2167   35.91200  279.75299   47.5012  137.7258    0.81700    0.03036
 18.2250   35.87500  279.46301   47.4845  137.7168    0.83700    0.01915
 18.2333   35.83600  279.17401   47.4677  137.7076    0.78900    0.00676
 18.2417   35.79600  278.88400   47.4509  137.6983    0.81800   -0.00799
 18.2500   35.75400  278.59500   47.4341  137.6888    0.82700   -0.00673
 18.2583   35.71000  278.30600   47.4172  137.6791    0.85200   -0.00883
 18.2667   35.66400  278.01801   47.4004  137.6692    0.86000   -0.00903
 18.2750   35.61600  277.73001   47.3835  137.6590    0.87400   -0.01059
 18.2833   35.56700  277.44299   47.3666  137.6488    0.89000   -0.00494
 18.2917   35.51700  277.15601   47.3497  137.6385    0.93200   -0.00285
 18.3000   35.46400  276.86899   47.3327  137.6278    0.93000    0.00399
 18.3083   35.41100  276.58301   47.3157  137.6172    0.96800    0.00346
 18.3167   35.35500  276.29700   47.2987  137.6062    0.97700    0.00381
 18.3250   35.29800  276.01199   47.2817  137.5952    0.98100    0.00136
 18.3333   35.23900  275.72699   47.2646  137.5839    1.00900   -0.00536
 18.3417   35.18200  275.44299   47.2474  137.5730    0.99800   -0.00726
 18.3500   35.12300  275.15900   47.2303  137.5620    1.02500   -0.00757
 18.3583   35.06200  274.87601   47.2131  137.5506    1.06100   -0.00476
 18.3667   35.00000  274.59399   47.1959  137.5392    1.06800   -0.00005
 18.3750   34.93600  274.31100   47.1785  137.5275    1.10900   -0.00115
 18.3833   34.87100  274.03000   47.1612  137.5158    1.12200   -0.00598
 18.3917   34.80400  273.74899   47.1438  137.5038    1.11500   -0.01479
 18.4000   34.73600  273.46899   47.1265  137.4917    1.14400   -0.02179
 18.4083   34.66600  273.18900   47.1090  137.4794    1.17600   -0.02801
 18.4167   34.59400  272.91000   47.0915  137.4668    1.18800   -0.04363
 18.4250   34.52100  272.63199   47.0739  137.4541    1.18500   -0.05912
 18.4333   34.44600  272.35400   47.0563  137.4412    1.23000   -0.06776
 18.4417   34.37000  272.07800   47.0387  137.4281    1.28300   -0.06477
 18.4500   34.29200  271.80099   47.0210  137.4148    1.34900   -0.06754
 18.4583   34.21300  271.52600   47.0033  137.4014    1.37900   -0.07123
 18.4667   34.13200  271.25101   46.9854  137.3877    1.43900   -0.07133
 18.4750   34.05000  270.97800   46.9676  137.3739    1.53200   -0.05942
 18.4833   33.96600  270.70401   46.9496  137.3598    1.62600   -0.03160
 18.4917   33.88100  270.43201   46.9317  137.3457    1.77200   -0.01658
 18.5000   33.79500  270.16101   46.9137  137.3314    1.81300   -0.00511
 18.5083   33.71000  269.89001   46.8956  137.3173    1.91000   -0.01487
 18.5167   33.62300  269.61899   46.8774  137.3030    1.97300   -0.00562
 18.5250   33.53500  269.35001   46.8592  137.2886    2.11900    0.00728
 18.5333   33.44600  269.08099   46.8408  137.2740    2.24300    0.00732
 18.5417   33.35500  268.81299   46.8225  137.2592    2.25400   -0.00679
 18.5500   33.26300  268.54599   46.8040  137.2442    2.34600   -0.04172
 18.5583   33.16900  268.28000   46.7855  137.2289    2.37400   -0.06284
 18.5667   33.07400  268.01501   46.7670  137.2135    2.45400   -0.06861
 18.5750   32.97800  267.75101   46.7483  137.1979    2.61900   -0.04356
 18.5833   32.88000  267.48700   46.7295  137.1821    2.80000   -0.01004
 18.5917   32.78100  267.22501   46.7108  137.1661    2.92000   -0.00796
 18.6000   32.68100  266.96301   46.6919  137.1499    2.92400    0.00103
 18.6083   32.57900  266.70200   46.6729  137.1335    3.13100    0.02048
 18.6167   32.47600  266.44199   46.6538  137.1168    3.29000    0.06145
 18.6250   32.37200  266.18301   46.6346  137.1001    3.39200    0.07864
 18.6333   32.26600  265.92499   46.6154  137.0829    3.46600    0.08165
 18.6417   32.15900  265.66800   46.5961  137.0657    3.55000    0.08733
 18.6500   32.05100  265.41199   46.5767  137.0482    3.66100    0.09112
 18.6583   31.94200  265.15701   46.5572  137.0306    3.72100    0.09223
 18.6667   31.83100  264.90302   46.5376  137.0127    3.77600    0.07874
 18.6750   31.72200  264.64899   46.5178  136.9951    3.79700    0.06668
 18.6833   31.61200  264.39600   46.4981  136.9775    3.85800    0.04226
 18.6917   31.50000  264.14401   46.4782  136.9594    3.84200    0.01987
 18.7000   31.38700  263.89401   46.4582  136.9411    3.86200   -0.01645
 18.7083   31.27300  263.64401   46.4381  136.9227    3.83400   -0.03377
 18.7167   31.15800  263.39499   46.4179  136.9041    3.91000   -0.04273
 18.7250   31.04100  263.14700   46.3976  136.8852    3.97300   -0.03631
 18.7333   30.92400  262.89999   46.3772  136.8662    4.02300   -0.04055
 18.7417   30.80500  262.65399   46.3566  136.8468    4.04200   -0.03532
 18.7500   30.68500  262.40900   46.3360  136.8272    4.15300   -0.02947
 18.7583   30.56400  262.16501   46.3152  136.8075    4.21300   -0.02322
 18.7667   30.44200  261.92200   46.2943  136.7875    4.24100   -0.02649
 18.7750   30.31800  261.67999   46.2733  136.7671    4.31500   -0.03321
 18.7833   30.19400  261.43900   46.2521  136.7467    4.37100   -0.03129
 18.7917   30.06800  261.19901   46.2309  136.7258    4.46700   -0.02662
 18.8000   29.94200  260.95999   46.2095  136.7050    4.57400   -0.03017
 18.8083   29.81400  260.72198   46.1879  136.6837    4.60000   -0.03547
 18.8167   29.68600  260.48499   46.1663  136.6624    4.69700   -0.04979
 18.8250   29.55600  260.24899   46.1444  136.6407    4.77000   -0.05456
 18.8333   29.42600  260.01401   46.1225  136.6189    4.86200   -0.06112
 18.8417   29.29600  259.77899   46.1004  136.5971    4.96100   -0.05969
 18.8500   29.16600  259.54599   46.0782  136.5752    5.08700   -0.05682
 18.8583   29.03500  259.31299   46.0559  136.5532    5.20000   -0.04523
 18.8667   28.90300  259.08200   46.0334  136.5309    5.36000   -0.03313
 18.8750   28.76900  258.85101   46.0107  136.5081    5.50200   -0.03047
 18.8833   28.63500  258.62201   45.9880  136.4852    5.57400   -0.02776
 18.8917   28.50000  258.39301   45.9650  136.4621    5.74900   -0.02372
 18.9000   28.36400  258.16599   45.9419  136.4387    5.91100   -0.01306
 18.9083   28.22700  257.93900   45.9186  136.4151    6.03900   -0.01466
 18.9167   28.08900  257.71399   45.8952  136.3911    6.16400   -0.02472
 18.9250   27.95000  257.48901   45.8715  136.3669    6.29800   -0.03270
 18.9333   27.81000  257.26599   45.8478  136.3423    6.45000   -0.04154
 18.9417   27.66900  257.04300   45.8237  136.3176    6.57600   -0.03944
 18.9500   27.52700  256.82101   45.7995  136.2924    6.76900   -0.03951
 18.9583   27.38500  256.60101   45.7752  136.2672    6.90600   -0.03098
 18.9667   27.24200  256.38101   45.7507  136.2417    7.08400   -0.03190
 18.9750   27.09800  256.16299   45.7260  136.2159    7.23700   -0.01964
 18.9833   26.95300  255.94501   45.7011  136.1897    7.46700   -0.00365
 18.9917   26.80700  255.72800   45.6759  136.1632    7.68400    0.01399
 19.0000   26.66100  255.51300   45.6507  136.1366    7.86400    0.01802
 19.0083   26.51600  255.29800   45.6253  136.1102    8.02600    0.00244
 19.0167   26.37000  255.08299   45.5996  136.0835    8.13900   -0.03082
 19.0250   26.22300  254.87000   45.5737  136.0564    8.22100   -0.06463
 19.0333   26.07500  254.65700   45.5476  136.0289    8.38700   -0.08677
 19.0417   25.92700  254.44600   45.5214  136.0013    8.57700   -0.07531
 19.0500   25.77800  254.23500   45.4948  135.9734    8.86300   -0.04735
 19.0583   25.62800  254.02600   45.4682  135.9451    9.13700   -0.01370
 19.0667   25.47700  253.81700   45.4411  135.9164    9.36900    0.00877
 19.0750   25.32600  253.61000   45.4140  135.8876    9.60000    0.00126
 19.0833   25.17400  253.40300   45.3866  135.8584    9.70700   -0.00556
 19.0917   25.02100  253.19701   45.3588  135.8288    9.95300   -0.02763
 19.1000   24.86800  252.99200   45.3310  135.7991   10.10900   -0.03208
 19.1083   24.71300  252.78799   45.3027  135.7687   10.34100   -0.03670
 19.1167   24.55900  252.58501   45.2743  135.7384   10.60400   -0.04176
 19.1250   24.40300  252.38300   45.2456  135.7074   10.77000   -0.04633
 19.1333   24.24700  252.18201   45.2167  135.6763   11.01000   -0.04679
 19.1417   24.09100  251.98199   45.1876  135.6450   11.30300   -0.03437
 19.1500   23.93300  251.78200   45.1580  135.6130   11.55500   -0.01758
 19.1583   23.77500  251.58400   45.1282  135.5808   11.83200   -0.01522
 19.1667   23.61700  251.38600   45.0982  135.5484   12.05500   -0.01305
 19.1750   23.46000  251.18900   45.0680  135.5162   12.32600   -0.02057
 19.1833   23.30200  250.99200   45.0374  135.4835   12.57100   -0.03625
 19.1917   23.14300  250.79700   45.0066  135.4503   12.76200   -0.05756
 19.2000   22.98400  250.60201   44.9755  135.4170   13.00900   -0.06931
 19.2083   22.82500  250.40800   44.9441  135.3834   13.31400   -0.06461
 19.2167   22.66500  250.21500   44.9124  135.3494   13.60900   -0.04743
 19.2250   22.50400  250.02299   44.8803  135.3148   13.93600   -0.03156
 19.2333   22.34200  249.83200   44.8479  135.2797   14.23300   -0.01582
 19.2417   22.18100  249.64200   44.8153  135.2447   14.52600    0.00741
 19.2500   22.01800  249.45200   44.7822  135.2090   14.90200    0.04164
 19.2583   21.85500  249.26300   44.7488  135.1729   15.27700    0.06629
 19.2667   21.69200  249.07500   44.7151  135.1367   15.52700    0.06965
 19.2750   21.52800  248.88800   44.6811  135.0999   15.78400    0.03885
 19.2833   21.36400  248.70200   44.6467  135.0628   15.95400    0.00690
 19.2917   21.19900  248.51601   44.6119  135.0252   16.20800   -0.02276
 19.3000   21.03400  248.33099   44.5767  134.9874   16.49400   -0.04326
 19.3083   20.86800  248.14700   44.5411  134.9489   16.72800   -0.06179
 19.3167   20.70200  247.96400   44.5052  134.9102   16.99300   -0.08452
 19.3250   20.53600  247.78200   44.4690  134.8712   17.24600   -0.08808
 19.3333   20.36900  247.60001   44.4323  134.8316   17.61000   -0.06443
 19.3417   20.20300  247.41901   44.3954  134.7921   18.05800   -0.04174
 19.3500   20.03700  247.23801   44.3580  134.7523   18.29900   -0.02234
 19.3583   19.87000  247.05800   44.3202  134.7119   18.63600   -0.00808
 19.3667   19.70300  246.87900   44.2820  134.6712   19.05200    0.02738
 19.3750   19.53500  246.70100   44.2433  134.6298   19.44500    0.04479
 19.3833   19.36800  246.52299   44.2043  134.5885   19.65800    0.04552
 19.3917   19.19900  246.34599   44.1647  134.5462   19.95500    0.03900
 19.4000   19.03100  246.17000   44.1248  134.5039   20.28700    0.05885
 19.4083   18.86200  245.99400   44.0844  134.4610   20.67700    0.08476
 19.4167   18.69200  245.82001   44.0435  134.4173   20.99800    0.09030
 19.4250   18.52200  245.64600   44.0021  134.3733   21.15800    0.08647
 19.4333   18.35200  245.47200   43.9602  134.3291   21.44600    0.07941
 19.4417   18.18200  245.29900   43.9179  134.2844   21.71100    0.08847
 19.4500   18.01100  245.12700   43.8750  134.2390   21.95000    0.08640
 19.4583   17.84000  244.95599   43.8317  134.1933   22.12000    0.09095
 19.4667   17.66900  244.78500   43.7878  134.1472   22.39500    0.08499
 19.4750   17.49800  244.61501   43.7435  134.1007   22.53100    0.08940
 19.4833   17.32600  244.44600   43.6986  134.0534   22.74800    0.08199
 19.4917   17.15400  244.27699   43.6531  134.0058   22.90200    0.07756
 19.5000   16.98200  244.10899   43.6072  133.9578   23.02000    0.06054
 19.5083   16.81000  243.94099   43.5606  133.9094   23.11700    0.05053
 19.5167   16.63900  243.77400   43.5138  133.8609   23.30300    0.03083
 19.5250   16.46700  243.60699   43.4662  133.8118   23.33700    0.02492
 19.5333   16.29500  243.44099   43.4181  133.7622   23.52700    0.00584
 19.5417   16.12200  243.27600   43.3693  133.7117   23.61000   -0.00194
 19.5500   15.95000  243.11099   43.3200  133.6613   23.72200   -0.01874
 19.5583   15.77700  242.94701   43.2701  133.6100   23.83800   -0.02894
 19.5667   15.60400  242.78300   43.2195  133.5583   23.96200   -0.04632
 19.5750   15.43000  242.62000   43.1681  133.5058   24.01900   -0.05543
 19.5833   15.25700  242.45700   43.1163  133.4532   24.19600   -0.05746
 19.5917   15.08300  242.29500   43.0637  133.3997   24.37400   -0.04804
 19.6000   14.90900  242.13400   43.0105  133.3458   24.51900   -0.02276
 19.6083   14.73500  241.97301   42.9566  133.2914   24.82300   -0.00063
 19.6167   14.56100  241.81300   42.9021  133.2365   24.97700    0.01686
 19.6250   14.38700  241.65300   42.8468  133.1812   25.09100    0.02383
 19.6333   14.21200  241.49400   42.7907  133.1249   25.30700    0.02954
 19.6417   14.03700  241.33501   42.7339  133.0682   25.45200    0.04208
 19.6500   13.86300  241.17700   42.6767  133.0113   25.60900    0.04820
 19.6583   13.68800  241.01900   42.6184  132.9536   25.77200    0.04327
 19.6667   13.51300  240.86200   42.5595  132.8953   25.82200    0.04128
 19.6750   13.33900  240.70500   42.5000  132.8370   25.99600    0.03981
 19.6833   13.16400  240.54800   42.4394  132.7778   26.14400    0.04409
 19.6917   12.99000  240.39200   42.3784  132.7185   26.20800    0.05209
 19.7000   12.81500  240.23700   42.3164  132.6582   26.37900    0.05033
 19.7083   12.64000  240.08200   42.2536  132.5974   26.41000    0.05854
 19.7167   12.46600  239.92700   42.1902  132.5365   26.52800    0.04722
 19.7250   12.29100  239.77299   42.1257  132.4746   26.50500    0.05488
 19.7333   12.11600  239.62000   42.0605  132.4121   26.66000    0.06469
 19.7417   11.94000  239.46700   41.9942  132.3486   26.76300    0.08378
 19.7500   11.76500  239.31400   41.9271  132.2851   26.79300    0.08847
 19.7583   11.59000  239.16200   41.8593  132.2210   26.79900    0.08018
 19.7667   11.41500  239.00999   41.7905  132.1563   26.76700    0.06972
 19.7750   11.23900  238.85800   41.7205  132.0907   26.75300    0.05069
 19.7833   11.06400  238.70700   41.6499  132.0249   26.66300    0.04388
 19.7917   10.88800  238.55600   41.5780  131.9581   26.71300    0.03043
 19.8000   10.71300  238.40601   41.5056  131.8912   26.61400    0.02109
 19.8083   10.53700  238.25600   41.4318  131.8232   26.54300    0.00815
 19.8167   10.36200  238.10600   41.3573  131.7552   26.53900    0.00375
 19.8250   10.18600  237.95700   41.2815  131.6861   26.49300   -0.00181
 19.8333   10.01100  237.80800   41.2050  131.6169   26.38600    0.00094
 19.8417    9.83600  237.66000   41.1276  131.5470   26.43500    0.00720
 19.8500    9.66100  237.51199   41.0491  131.4766   26.40500    0.02232
 19.8583    9.48600  237.36400   40.9695  131.4057   26.35700    0.02525
 19.8667    9.31100  237.21600   40.8888  131.3342   26.28600    0.02533
 19.8750    9.13700  237.06900   40.8074  131.2626   26.21100    0.02971
 19.8833    8.96200  236.92300   40.7246  131.1898   26.18500    0.03684
 19.8917    8.78700  236.77600   40.6406  131.1166   26.12000    0.04633
 19.9000    8.61200  236.63000   40.5555  131.0427   26.04900    0.05386
 19.9083    8.43700  236.48399   40.4692  130.9682   25.99000    0.05853
 19.9167    8.26200  236.33900   40.3818  130.8931   25.88100    0.05965
 19.9250    8.08700  236.19400   40.2932  130.8174   25.76100    0.04792
 19.9333    7.91300  236.04900   40.2038  130.7418   25.56300    0.04560
 19.9417    7.73800  235.90401   40.1127  130.6650   25.51500    0.03924
 19.9500    7.56300  235.75999   40.0204  130.5876   25.33400    0.03197
 19.9583    7.38900  235.61600   39.9273  130.5101   25.10700    0.02393
 19.9667    7.21400  235.47200   39.8325  130.4316   25.03000    0.01465
 19.9750    7.04000  235.32800   39.7368  130.3532   24.82000    0.01664
 19.9833    6.86600  235.18500   39.6399  130.2740   24.68500    0.01113
 19.9917    6.69200  235.04201   39.5416  130.1943   24.52600    0.01498
 20.0000    6.51800  234.89900   39.4420  130.1142   24.39600    0.01375
 20.0083    6.34400  234.75700   39.3411  130.0333   24.20700    0.00997
 20.0167    6.17100  234.61501   39.2394  129.9525   24.01700   -0.00095
 20.0250    5.99700  234.47301   39.1357  129.8706   23.80400   -0.00994
 20.0333    5.82400  234.33099   39.0312  129.7888   23.63200   -0.01831
 20.0417    5.65100  234.18900   38.9252  129.7066   23.43900   -0.01516
 20.0500    5.47800  234.04800   38.8179  129.6236   23.31900   -0.00563
 20.0583    5.30500  233.90700   38.7091  129.5402   23.21300   -0.00082
 20.0667    5.13200  233.76601   38.5989  129.4563   23.03000    0.00010
 20.0750    4.95900  233.62601   38.4874  129.3718   22.92100    0.00000

