hmax        =    300
wind_bottom =      2
wind_top    =     10
critlon     =      0
tbeg, h     =   0.00
tend, h     =  24.00
c_ionex     =      0
c_vert      =      1
time, gamma, az, latp, lonp, tec, tec_filtered
  3.8083   23.56900  -46.35700   40.8559  121.9428   12.50900    0.00000
  3.8167   23.75400  -46.38500   40.8289  121.9795   12.51000    0.00550
  3.8250   23.94000  -46.41300   40.8020  122.0160   12.44800    0.00891
  3.8333   24.12500  -46.44300   40.7753  122.0518   12.34700    0.02218
  3.8417   24.31200  -46.47100   40.7488  122.0877   12.33500    0.01755
  3.8500   24.49800  -46.49900   40.7227  122.1230   12.14000    0.01889
  3.8583   24.68500  -46.52900   40.6966  122.1580   12.06600    0.00865
  3.8667   24.87200  -46.56000   40.6707  122.1926   11.96200    0.01664
  3.8750   25.05800  -46.59200   40.6451  122.2265   11.86200    0.01968
  3.8833   25.24400  -46.62600   40.6197  122.2599   11.76200    0.02398
  3.8917   25.43100  -46.66100   40.5943  122.2931   11.66200    0.02045
  3.9000   25.61700  -46.69700   40.5692  122.3257   11.54500    0.00993
  3.9083   25.80400  -46.73400   40.5442  122.3580   11.39100   -0.00092
  3.9167   25.99000  -46.77300   40.5194  122.3897   11.28000   -0.01303
  3.9250   26.17600  -46.81200   40.4949  122.4211   11.14700   -0.00604
  3.9333   26.36300  -46.85400   40.4702  122.4521   11.10000   -0.00180
  3.9417   26.54900  -46.89600   40.4460  122.4826   10.96900    0.00027
  3.9500   26.73500  -46.94000   40.4219  122.5127   10.82600   -0.00200
  3.9583   26.92100  -46.98500   40.3979  122.5424   10.75300   -0.00218
  3.9667   27.10700  -47.03100   40.3741  122.5718   10.63300    0.00496
  3.9750   27.29300  -47.07900   40.3504  122.6008   10.52800    0.01120
  3.9833   27.47900  -47.12800   40.3269  122.6294   10.44700    0.01035
  3.9917   27.66400  -47.17800   40.3036  122.6575   10.28800    0.00819
  4.0000   27.85000  -47.23000   40.2804  122.6853   10.17800   -0.00404
  4.0083   28.03600  -47.27900   40.2575  122.7131   10.04700   -0.00764
  4.0167   28.22300  -47.33000   40.2346  122.7407    9.93700   -0.00650
  4.0250   28.41000  -47.38200   40.2119  122.7680    9.85700   -0.00077
  4.0333   28.59600  -47.43600   40.1894  122.7947    9.75100   -0.00075
  4.0417   28.78200  -47.49100   40.1670  122.8211    9.61300   -0.00980
  4.0500   28.96800  -47.54700   40.1448  122.8472    9.48600   -0.01782
  4.0583   29.15500  -47.60500   40.1226  122.8731    9.38600   -0.02171
  4.0667   29.34100  -47.66400   40.1006  122.8985    9.26700   -0.02299
  4.0750   29.52600  -47.72500   40.0789  122.9235    9.14900   -0.01266
  4.0833   29.71200  -47.78700   40.0571  122.9483    9.10700   -0.00367
  4.0917   29.89800  -47.85100   40.0355  122.9728    8.98100    0.01281
  4.1000   30.08300  -47.91600   40.0141  122.9969    8.90600    0.01279
  4.1083   30.26800  -47.98200   39.9928  123.0207    8.77900    0.02235
  4.1167   30.45400  -48.05000   39.9715  123.0443    8.70400    0.03106
  4.1250   30.63800  -48.12000   39.9505  123.0673    8.62300    0.03695
  4.1333   30.82300  -48.19100   39.9295  123.0903    8.48000    0.02680
  4.1417   31.00800  -48.26300   39.9087  123.1129    8.32500    0.00274
  4.1500   31.19200  -48.33700   39.8880  123.1352    8.17700   -0.02141
  4.1583   31.37600  -48.41300   39.8674  123.1572    8.04200   -0.03601
  4.1667   31.56000  -48.49000   39.8469  123.1789    7.93800   -0.03118
  4.1750   31.74500  -48.56500   39.8267  123.2007    7.88800   -0.01788
  4.1833   31.93000  -48.64100   39.8065  123.2223    7.79000   -0.01253
  4.1917   32.11500  -48.71900   39.7865  123.2436    7.64600   -0.01861
  4.2000   32.30000  -48.79900   39.7665  123.2647    7.54200   -0.03427
  4.2083   32.48400  -48.88000   39.7467  123.2854    7.40400   -0.03104
  4.2167   32.66800  -48.96300   39.7269  123.3058    7.36400   -0.02277
  4.2250   32.85200  -49.04800   39.7073  123.3260    7.29500   -0.00660
  4.2333   33.03600  -49.13400   39.6877  123.3460    7.20900   -0.00722
  4.2417   33.21900  -49.22200   39.6684  123.3656    7.09500   -0.02378
  4.2500   33.40300  -49.31100   39.6490  123.3851    6.95500   -0.04577
  4.2583   33.58600  -49.40200   39.6298  123.4043    6.84500   -0.05707
  4.2667   33.76800  -49.49500   39.6107  123.4231    6.79000   -0.04604
  4.2750   33.95100  -49.58900   39.5917  123.4419    6.76500   -0.02282
  4.2833   34.13300  -49.68600   39.5727  123.4603    6.72300   -0.00781
  4.2917   34.31400  -49.78400   39.5540  123.4784    6.63700   -0.00233
  4.3000   34.49600  -49.88300   39.5352  123.4964    6.57100   -0.00001
  4.3083   34.67700  -49.98500   39.5166  123.5141    6.51700   -0.00336
  4.3167   34.85800  -50.08800   39.4980  123.5316    6.40200   -0.00564
  4.3250   35.03900  -50.19200   39.4796  123.5489    6.34500   -0.01364
  4.3333   35.21900  -50.29900   39.4612  123.5659    6.27300   -0.00521
  4.3417   35.40000  -50.40400   39.4430  123.5830    6.25000   -0.01034
  4.3500   35.58100  -50.51000   39.4250  123.6000    6.13800   -0.01207
  4.3583   35.76200  -50.61800   39.4069  123.6167    6.08700   -0.01488
  4.3667   35.94300  -50.72800   39.3889  123.6333    6.05600   -0.01214
  4.3750   36.12300  -50.84000   39.3711  123.6496    5.97000   -0.01160
  4.3833   36.30200  -50.95400   39.3533  123.6656    5.90800   -0.02129
  4.3917   36.48200  -51.07000   39.3356  123.6815    5.83300   -0.02632
  4.4000   36.66100  -51.18700   39.3180  123.6972    5.77300   -0.02474
  4.4083   36.83900  -51.30600   39.3005  123.7126    5.74600   -0.01459
  4.4167   37.01800  -51.42800   39.2830  123.7280    5.71600   -0.00371
  4.4250   37.19500  -51.55100   39.2656  123.7429    5.65900    0.00982
  4.4333   37.37300  -51.67600   39.2483  123.7579    5.64400    0.00812
  4.4417   37.55000  -51.80300   39.2311  123.7725    5.53900    0.01075
  4.4500   37.72600  -51.93200   39.2139  123.7869    5.49900    0.00409
  4.4583   37.90200  -52.06300   39.1968  123.8012    5.44000    0.01384
  4.4667   38.07800  -52.19600   39.1798  123.8153    5.41100    0.01539
  4.4750   38.25300  -52.33100   39.1629  123.8292    5.33700    0.01934
  4.4833   38.42700  -52.46800   39.1460  123.8429    5.29000    0.02497
  4.4917   38.60100  -52.60600   39.1293  123.8564    5.26600    0.02938
  4.5000   38.77500  -52.74700   39.1125  123.8698    5.18300    0.02367
  4.5083   38.95000  -52.88600   39.0959  123.8833    5.08500    0.00434
  4.5167   39.12400  -53.02800   39.0794  123.8966    4.99500   -0.00964
  4.5250   39.29800  -53.17100   39.0629  123.9098    4.93400   -0.01135
  4.5333   39.47200  -53.31600   39.0465  123.9228    4.89000   -0.00542
  4.5417   39.64400  -53.46400   39.0302  123.9355    4.83400    0.00264
  4.5500   39.81700  -53.61300   39.0139  123.9483    4.77900    0.00633
  4.5583   39.98800  -53.76500   38.9977  123.9607    4.71400    0.00261
  4.5667   40.15900  -53.91900   38.9815  123.9729    4.62600    0.00524
  4.5750   40.33000  -54.07500   38.9654  123.9851    4.59800   -0.00060
  4.5833   40.50000  -54.23300   38.9494  123.9971    4.49700   -0.00276
  4.5917   40.66900  -54.39300   38.9334  124.0088    4.42700   -0.01205
  4.6000   40.83800  -54.55600   38.9175  124.0205    4.37400   -0.01221
  4.6083   41.00600  -54.72000   38.9017  124.0320    4.31800   -0.01908
  4.6167   41.17400  -54.88700   38.8858  124.0433    4.22400   -0.02299
  4.6250   41.34000  -55.05600   38.8701  124.0544    4.18400   -0.02687
  4.6333   41.50700  -55.22800   38.8543  124.0655    4.12700   -0.01783
  4.6417   41.67200  -55.40100   38.8387  124.0763    4.08800   -0.01677
  4.6500   41.83700  -55.57700   38.8231  124.0870    4.02000   -0.00913
  4.6583   42.00100  -55.75500   38.8076  124.0976    3.99500   -0.01182
  4.6667   42.16400  -55.93600   38.7921  124.1079    3.91700   -0.01218
  4.6750   42.32800  -56.11400   38.7768  124.1185    3.86200   -0.01185
  4.6833   42.49200  -56.29600   38.7614  124.1289    3.84500   -0.00012
  4.6917   42.65600  -56.47900   38.7461  124.1393    3.81700   -0.00323
  4.7000   42.81800  -56.66500   38.7309  124.1494    3.70200   -0.01138
  4.7083   42.98000  -56.85300   38.7157  124.1594    3.66700   -0.02234
  4.7167   43.14000  -57.04400   38.7006  124.1691    3.63100   -0.00971
  4.7250   43.30100  -57.23700   38.6855  124.1789    3.61500   -0.00163
  4.7333   43.46000  -57.43200   38.6705  124.1885    3.56100    0.00336
  4.7417   43.61800  -57.63000   38.6555  124.1979    3.51100    0.00361
  4.7500   43.77600  -57.83100   38.6405  124.2072    3.47500    0.00704
  4.7583   43.93300  -58.03300   38.6256  124.2164    3.43300    0.00731
  4.7667   44.08800  -58.23800   38.6107  124.2253    3.36700    0.00697
  4.7750   44.24300  -58.44600   38.5959  124.2342    3.32500    0.01157
  4.7833   44.39800  -58.65600   38.5810  124.2431    3.30200    0.01825
  4.7917   44.55100  -58.86800   38.5663  124.2517    3.24500    0.02202
  4.8000   44.70300  -59.08300   38.5516  124.2602    3.19100    0.02088
  4.8083   44.85400  -59.30100   38.5369  124.2685    3.14200    0.02373
  4.8167   45.00500  -59.52100   38.5223  124.2768    3.09500    0.02180
  4.8250   45.15400  -59.74300   38.5077  124.2849    3.01600    0.01928
  4.8333   45.30200  -59.96800   38.4932  124.2928    2.96200    0.01089
  4.8417   45.45200  -60.19200   38.4787  124.3010    2.89000    0.01257
  4.8500   45.60100  -60.41800   38.4642  124.3091    2.85000    0.01040
  4.8583   45.74800  -60.64700   38.4499  124.3170    2.77700    0.01389
  4.8667   45.89500  -60.87800   38.4355  124.3248    2.72200    0.01424
  4.8750   46.04100  -61.11200   38.4211  124.3326    2.66500    0.01161
  4.8833   46.18500  -61.34900   38.4068  124.3401    2.57800    0.00224
  4.8917   46.32900  -61.58800   38.3926  124.3476    2.49700   -0.00704
  4.9000   46.47100  -61.83000   38.3783  124.3549    2.44000   -0.00833
  4.9083   46.61200  -62.07400   38.3641  124.3621    2.38800   -0.00053
  4.9167   46.75200  -62.32100   38.3500  124.3691    2.34500   -0.00038
  4.9250   46.89100  -62.57100   38.3358  124.3761    2.26100   -0.00933
  4.9333   47.02900  -62.82300   38.3217  124.3830    2.17200   -0.02473
  4.9417   47.16600  -63.07700   38.3076  124.3898    2.10400   -0.03107
  4.9500   47.30100  -63.33500   38.2936  124.3964    2.05700   -0.03121
  4.9583   47.43500  -63.59500   38.2795  124.4029    1.99800   -0.02465
  4.9667   47.56800  -63.85700   38.2656  124.4094    1.96200   -0.02452
  4.9750   47.70000  -64.12300   38.2515  124.4157    1.89700   -0.01536
  4.9833   47.83100  -64.39000   38.2376  124.4220    1.88000   -0.01418
  4.9917   47.96000  -64.66100   38.2237  124.4280    1.81800   -0.01250
  5.0000   48.08800  -64.93400   38.2098  124.4340    1.75800   -0.02305
  5.0083   48.21700  -65.20600   38.1959  124.4402    1.69500   -0.03336
  5.0167   48.34500  -65.48100   38.1821  124.4463    1.64000   -0.03780
  5.0250   48.47100  -65.75800   38.1684  124.4522    1.61000   -0.02672
  5.0333   48.59600  -66.03800   38.1546  124.4581    1.61400   -0.01941
  5.0417   48.72000  -66.32100   38.1409  124.4639    1.54900   -0.01185
  5.0500   48.84200  -66.60700   38.1272  124.4695    1.52400   -0.00877
  5.0583   48.96300  -66.89500   38.1135  124.4750    1.51500   -0.00389
  5.0667   49.08300  -67.18600   38.0998  124.4805    1.46000   -0.00056
  5.0750   49.20100  -67.47900   38.0861  124.4859    1.43100   -0.01226
  5.0833   49.31800  -67.77500   38.0725  124.4912    1.36700   -0.01335
  5.0917   49.43300  -68.07400   38.0588  124.4963    1.35700   -0.01680
  5.1000   49.54700  -68.37500   38.0452  124.5014    1.32400   -0.01203
  5.1083   49.65900  -68.67900   38.0317  124.5063    1.29300   -0.00907
  5.1167   49.77000  -68.98500   38.0181  124.5112    1.27200    0.00087
  5.1250   49.87900  -69.29400   38.0045  124.5160    1.26100    0.00751
  5.1333   49.98600  -69.60500   37.9910  124.5206    1.21600    0.01903
  5.1417   50.09200  -69.91900   37.9775  124.5252    1.21300    0.01807
  5.1500   50.19700  -70.23500   37.9640  124.5298    1.15500    0.02237
  5.1583   50.30000  -70.55400   37.9505  124.5342    1.12900    0.02062
  5.1667   50.40100  -70.87600   37.9370  124.5384    1.10800    0.02457
  5.1750   50.50300  -71.19700   37.9236  124.5429    1.07300    0.01817
  5.1833   50.60400  -71.52000   37.9102  124.5474    1.01000    0.00131
  5.1917   50.70200  -71.84600   37.8968  124.5516    0.95000   -0.02181
  5.2000   50.80000  -72.17400   37.8834  124.5559    0.89500   -0.02816
  5.2083   50.89500  -72.50500   37.8701  124.5599    0.89900   -0.03462
  5.2167   50.98900  -72.83900   37.8567  124.5640    0.84200   -0.03370
  5.2250   51.08100  -73.17400   37.8434  124.5679    0.81500   -0.04208
  5.2333   51.17200  -73.51300   37.8300  124.5718    0.78800   -0.03548
  5.2417   51.26000  -73.85300   37.8167  124.5756    0.78800   -0.03566
  5.2500   51.34700  -74.19600   37.8033  124.5793    0.73900   -0.03296
  5.2583   51.43200  -74.54100   37.7900  124.5829    0.72100   -0.03060
  5.2667   51.51500  -74.88900   37.7767  124.5864    0.72200   -0.01709
  5.2750   51.59700  -75.23800   37.7634  124.5899    0.71900    0.00225
  5.2833   51.67600  -75.59000   37.7501  124.5931    0.72800    0.01573
  5.2917   51.75400  -75.94400   37.7368  124.5964    0.70900    0.01798
  5.3000   51.83000  -76.30000   37.7235  124.5996    0.66500    0.02580
  5.3083   51.90300  -76.65900   37.7102  124.6026    0.69500    0.02242
  5.3167   51.97500  -77.01900   37.6970  124.6057    0.63800    0.02756
  5.3250   52.04600  -77.38100   37.6837  124.6087    0.62500    0.01205
  5.3333   52.11400  -77.74600   37.6704  124.6115    0.58000    0.00772
  5.3417   52.18300  -78.11000   37.6572  124.6145    0.56200    0.00424
  5.3500   52.25000  -78.47600   37.6440  124.6175    0.55100    0.00198
  5.3583   52.31500  -78.84400   37.6308  124.6203    0.50500    0.00161
  5.3667   52.37800  -79.21400   37.6176  124.6231    0.48700   -0.00144
  5.3750   52.43900  -79.58600   37.6043  124.6258    0.46000    0.00160
  5.3833   52.49800  -79.96000   37.5911  124.6284    0.43100    0.01423
  5.3917   52.55500  -80.33500   37.5779  124.6310    0.44500    0.02047
  5.4000   52.61000  -80.71300   37.5647  124.6334    0.39400    0.03161
  5.4083   52.66300  -81.09200   37.5515  124.6358    0.38500    0.02305
  5.4167   52.71400  -81.47300   37.5382  124.6381    0.33100    0.02026
  5.4250   52.76300  -81.85500   37.5250  124.6404    0.30500    0.00647
  5.4333   52.81000  -82.23900   37.5118  124.6426    0.26000   -0.00902
  5.4417   52.85500  -82.62500   37.4986  124.6447    0.20500   -0.02631
  5.4500   52.89800  -83.01200   37.4853  124.6467    0.17600   -0.05257
  5.4583   52.93800  -83.40000   37.4721  124.6486    0.10200   -0.06340
  5.4667   52.97700  -83.79000   37.4589  124.6505    0.10800   -0.06963
  5.4750   53.01300  -84.18100   37.4456  124.6523    0.09800   -0.05626
  5.4833   53.04700  -84.57400   37.4323  124.6540    0.09900   -0.04979
  5.4917   53.07900  -84.96800   37.4191  124.6556    0.08000   -0.03828
  5.5000   53.10900  -85.36200   37.4058  124.6572    0.09300   -0.02408
  5.5083   53.14000  -85.75700   37.3926  124.6590    0.10900   -0.00774
  5.5167   53.16800  -86.15200   37.3794  124.6606    0.10400   -0.00181
  5.5250   53.19500  -86.54900   37.3661  124.6623    0.08500    0.00029
  5.5333   53.21900  -86.94700   37.3528  124.6638    0.09100    0.00784
  5.5417   53.24100  -87.34600   37.3396  124.6652    0.11200    0.01195
  5.5500   53.26000  -87.74500   37.3263  124.6666    0.08300    0.01423
  5.5583   53.27800  -88.14600   37.3130  124.6679    0.08500    0.00670
  5.5667   53.29300  -88.54700   37.2997  124.6691    0.07200    0.00167
  5.5750   53.30600  -88.94900   37.2864  124.6703    0.05600    0.00628
  5.5833   53.31700  -89.35200   37.2731  124.6714    0.09400    0.00654
  5.5917   53.32600  -89.75600   37.2597  124.6725    0.06500    0.00650
  5.6000   53.33200  -90.16000   37.2464  124.6734    0.04700   -0.00625
  5.6083   53.33700  -90.56500   37.2330  124.6743    0.04100   -0.01667
  5.6167   53.33900  -90.97000   37.2196  124.6751    0.02200   -0.02833
  5.6250   53.33900  -91.37500   37.2062  124.6759    0.00000   -0.03499
  5.6333   53.33600  -91.78100   37.1928  124.6765    0.01400   -0.02587
  5.6417   53.33200  -92.18700   37.1794  124.6772    0.05400   -0.01417
  5.6500   53.32500  -92.59400   37.1659  124.6777    0.04500   -0.01241
  5.6583   53.31600  -93.00000   37.1525  124.6782    0.02400   -0.01141
  5.6667   53.30500  -93.40700   37.1390  124.6787    0.06200   -0.01111
  5.6750   53.29500  -93.81200   37.1256  124.6793    0.05200   -0.00305
  5.6833   53.28200  -94.21800   37.1121  124.6798    0.06200   -0.00403
  5.6917   53.26700  -94.62400   37.0986  124.6803    0.07200   -0.00390
  5.7000   53.25000  -95.03000   37.0851  124.6807    0.07000   -0.00125
  5.7083   53.23000  -95.43600   37.0716  124.6810    0.09300   -0.00217
  5.7167   53.20800  -95.84200   37.0580  124.6812    0.09200   -0.00099
  5.7250   53.18500  -96.24800   37.0444  124.6815    0.09800   -0.00816
  5.7333   53.15900  -96.65300   37.0309  124.6816    0.09100   -0.00860
  5.7417   53.13000  -97.05800   37.0172  124.6816    0.11600   -0.00988
  5.7500   53.10000  -97.46300   37.0036  124.6816    0.12000   -0.00571
  5.7583   53.06700  -97.86700   36.9899  124.6815    0.13300   -0.00139
  5.7667   53.03200  -98.27100   36.9762  124.6814    0.15800   -0.00030
  5.7750   52.99600  -98.67400   36.9625  124.6813    0.15200   -0.00161
  5.7833   52.95600  -99.07600   36.9488  124.6809    0.15800   -0.00703
  5.7917   52.91500  -99.47800   36.9350  124.6806    0.17000   -0.00617
  5.8000   52.87200  -99.87900   36.9212  124.6803    0.19000   -0.00151
  5.8083   52.82600 -100.28000   36.9074  124.6798    0.21300   -0.00334
  5.8167   52.77900 -100.68000   36.8935  124.6794    0.20700   -0.00908
  5.8250   52.72900 -101.07800   36.8797  124.6788    0.21800   -0.02207
  5.8333   52.67700 -101.47600   36.8658  124.6781    0.22100   -0.03094
  5.8417   52.62600 -101.87300   36.8519  124.6777    0.23500   -0.03760
  5.8500   52.57300 -102.26900   36.8379  124.6772    0.26200   -0.04434
  5.8583   52.51700 -102.66400   36.8240  124.6766    0.27300   -0.04877
  5.8667   52.46000 -103.05800   36.8100  124.6760    0.30600   -0.05403
  5.8750   52.40000 -103.45100   36.7960  124.6752    0.33800   -0.05883
  5.8833   52.33800 -103.84200   36.7819  124.6744    0.35900   -0.05893
  5.8917   52.27500 -104.23300   36.7679  124.6736    0.41500   -0.05629
  5.9000   52.20900 -104.62200   36.7537  124.6727    0.46400   -0.04911
  5.9083   52.14100 -105.01100   36.7396  124.6717    0.50800   -0.04752
  5.9167   52.07100 -105.39800   36.7254  124.6707    0.55000   -0.03203
  5.9250   51.99900 -105.78300   36.7112  124.6696    0.65600   -0.01785
  5.9333   51.92600 -106.16800   36.6969  124.6685    0.69900    0.00386
  5.9417   51.85000 -106.55000   36.6826  124.6673    0.77400    0.00890
  5.9500   51.77200 -106.93200   36.6682  124.6660    0.82200    0.02093
  5.9583   51.69300 -107.31200   36.6539  124.6648    0.89500    0.02286
  5.9667   51.61100 -107.69000   36.6395  124.6633    0.93700    0.02541
  5.9750   51.52800 -108.06700   36.6250  124.6619    0.99000    0.02155
  5.9833   51.44300 -108.44300   36.6105  124.6605    1.04000    0.01590
  5.9917   51.35600 -108.81700   36.5959  124.6590    1.07200    0.01072
  6.0000   51.26700 -109.18900   36.5814  124.6573    1.12200    0.00332
  6.0083   51.17800 -109.56000   36.5668  124.6558    1.15600    0.00611
  6.0167   51.08800 -109.92900   36.5522  124.6544    1.21800    0.00970
  6.0250   50.99600 -110.29700   36.5375  124.6528    1.26500    0.01657
  6.0333   50.90200 -110.66200   36.5228  124.6511    1.30700    0.03035
  6.0417   50.80600 -111.02700   36.5080  124.6494    1.39000    0.04201
  6.0500   50.70900 -111.38900   36.4932  124.6477    1.42500    0.04889
  6.0583   50.60900 -111.75000   36.4784  124.6458    1.45000    0.03945
  6.0667   50.50800 -112.10900   36.4635  124.6440    1.47600    0.01876
  6.0750   50.40600 -112.46600   36.4485  124.6421    1.47100   -0.00128
  6.0833   50.30100 -112.82200   36.4335  124.6401    1.49600   -0.02216
  6.0917   50.19500 -113.17500   36.4185  124.6381    1.51300   -0.02252
  6.1000   50.08700 -113.52700   36.4033  124.6360    1.58100   -0.02953
  6.1083   49.97800 -113.87700   36.3882  124.6339    1.57900   -0.03182
  6.1167   49.86700 -114.22500   36.3730  124.6317    1.61400   -0.03817
  6.1250   49.75400 -114.57100   36.3577  124.6294    1.66500   -0.01798
  6.1333   49.64000 -114.91500   36.3424  124.6271    1.76400    0.01412
  6.1417   49.52400 -115.25800   36.3270  124.6247    1.84400    0.03353
  6.1500   49.40600 -115.59800   36.3116  124.6222    1.84900    0.02690
  6.1583   49.28700 -115.93600   36.2961  124.6197    1.85300   -0.00228
  6.1667   49.16700 -116.27300   36.2805  124.6172    1.85300   -0.02065
  6.1750   49.04700 -116.60800   36.2650  124.6148    1.90800   -0.02679
  6.1833   48.92600 -116.94100   36.2494  124.6124    1.96300   -0.02369
  6.1917   48.80300 -117.27200   36.2337  124.6099    2.00600   -0.02422
  6.2000   48.67800 -117.60100   36.2180  124.6073    2.05200   -0.02330
  6.2083   48.55200 -117.92800   36.2022  124.6046    2.12000   -0.02924
  6.2167   48.42500 -118.25400   36.1863  124.6020    2.13700   -0.03644
  6.2250   48.29600 -118.57700   36.1704  124.5992    2.17800   -0.04244
  6.2333   48.16600 -118.89800   36.1544  124.5964    2.25200   -0.04107
  6.2417   48.03400 -119.21800   36.1383  124.5935    2.30700   -0.03414
  6.2500   47.90100 -119.53500   36.1222  124.5906    2.38300   -0.03449
  6.2583   47.76700 -119.85000   36.1060  124.5877    2.44100   -0.02758
  6.2667   47.63100 -120.16400   36.0897  124.5846    2.53200   -0.02998
  6.2750   47.49400 -120.47500   36.0734  124.5815    2.57900   -0.02722
  6.2833   47.35600 -120.78500   36.0570  124.5785    2.66500   -0.03330
  6.2917   47.21600 -121.09200   36.0405  124.5752    2.72800   -0.03254
  6.3000   47.07600 -121.39800   36.0240  124.5721    2.80800   -0.03785
  6.3083   46.93400 -121.70100   36.0074  124.5688    2.87700   -0.03083
  6.3167   46.79000 -122.00300   35.9907  124.5654    2.99500   -0.02643
  6.3250   46.64600 -122.30200   35.9739  124.5620    3.07000   -0.01513
  6.3333   46.50000 -122.60000   35.9570  124.5585    3.17000   -0.01512
  6.3417   46.35500 -122.89600   35.9402  124.5552    3.25000   -0.00645
  6.3500   46.20900 -123.19000   35.9232  124.5518    3.36400    0.00004
  6.3583   46.06200 -123.48300   35.9062  124.5484    3.46100    0.00403
  6.3667   45.91300 -123.77300   35.8891  124.5449    3.53500   -0.00277
  6.3750   45.76400 -124.06100   35.8719  124.5413    3.61200   -0.00786
  6.3833   45.61300 -124.34800   35.8546  124.5377    3.71900   -0.01543
  6.3917   45.46100 -124.63200   35.8373  124.5340    3.78700   -0.01921
  6.4000   45.30800 -124.91500   35.8198  124.5303    3.88200   -0.02345
  6.4083   45.15400 -125.19600   35.8023  124.5266    3.99100   -0.01679
  6.4167   44.99900 -125.47500   35.7847  124.5227    4.10500   -0.01337
  6.4250   44.84300 -125.75200   35.7670  124.5189    4.19100   -0.01208
  6.4333   44.68600 -126.02700   35.7492  124.5149    4.29300   -0.01271
  6.4417   44.52700 -126.30000   35.7312  124.5108    4.40300   -0.00997
  6.4500   44.36800 -126.57200   35.7132  124.5068    4.50600   -0.01466
  6.4583   44.20800 -126.84100   35.6952  124.5027    4.58400   -0.02059
  6.4667   44.04800 -127.10900   35.6770  124.4986    4.69200   -0.01975
  6.4750   43.88600 -127.37500   35.6588  124.4944    4.82700   -0.01596
  6.4833   43.72300 -127.63900   35.6404  124.4902    4.92000   -0.01518
  6.4917   43.56000 -127.90200   35.6219  124.4859    5.02100   -0.01454
  6.5000   43.39500 -128.16200   35.6033  124.4815    5.15800   -0.01622
  6.5083   43.23100 -128.42101   35.5847  124.4772    5.24600   -0.00978
  6.5167   43.06600 -128.67900   35.5660  124.4729    5.38400   -0.00841
  6.5250   42.90100 -128.93500   35.5472  124.4686    5.50400   -0.00207
  6.5333   42.73400 -129.18900   35.5283  124.4641    5.61700   -0.01000
  6.5417   42.56700 -129.44099   35.5093  124.4597    5.70200   -0.01661
  6.5500   42.39900 -129.69099   35.4901  124.4551    5.83600   -0.02674
  6.5583   42.23000 -129.94000   35.4709  124.4505    5.94000   -0.02605
  6.5667   42.06000 -130.18700   35.4515  124.4458    6.07700   -0.02884
  6.5750   41.89000 -130.43300   35.4320  124.4412    6.20200   -0.02588
  6.5833   41.71900 -130.67700   35.4125  124.4364    6.33800   -0.03363
  6.5917   41.54700 -130.91901   35.3928  124.4316    6.43800   -0.03923
  6.6000   41.37400 -131.15900   35.3729  124.4267    6.57800   -0.04251
  6.6083   41.20100 -131.39799   35.3530  124.4218    6.73100   -0.04001
  6.6167   41.02700 -131.63600   35.3329  124.4169    6.86100   -0.03279
  6.6250   40.85200 -131.87199   35.3127  124.4119    7.03000   -0.03074
  6.6333   40.67700 -132.10600   35.2924  124.4068    7.16700   -0.02586
  6.6417   40.50100 -132.33800   35.2720  124.4017    7.31700   -0.02620
  6.6500   40.32400 -132.56900   35.2514  124.3965    7.46900   -0.02001
  6.6583   40.14700 -132.79900   35.2308  124.3913    7.64200   -0.01131
  6.6667   39.96900 -133.02699   35.2099  124.3860    7.80800   -0.00713
  6.6750   39.79200 -133.25400   35.1891  124.3808    7.94600   -0.00296
  6.6833   39.61400 -133.47900   35.1680  124.3755    8.12400   -0.00290
  6.6917   39.43600 -133.70300   35.1469  124.3702    8.27700   -0.00162
  6.7000   39.25700 -133.92500   35.1257  124.3649    8.42600   -0.00779
  6.7083   39.07700 -134.14600   35.1042  124.3594    8.57500   -0.01064
  6.7167   38.89700 -134.36600   35.0826  124.3539    8.74500   -0.01062
  6.7250   38.71600 -134.58400   35.0609  124.3484    8.90800   -0.00526
  6.7333   38.53500 -134.80099   35.0390  124.3428    9.08300   -0.00456
  6.7417   38.35300 -135.01601   35.0170  124.3371    9.23400   -0.00814
  6.7500   38.17100 -135.23000   34.9949  124.3315    9.37700   -0.01079
  6.7583   37.98800 -135.44200   34.9726  124.3256    9.55300   -0.00854
  6.7667   37.80500 -135.65300   34.9502  124.3199    9.72400    0.00289
  6.7750   37.62100 -135.86301   34.9275  124.3140    9.90600    0.01476
  6.7833   37.43700 -136.07201   34.9047  124.3081   10.08400    0.01578
  6.7917   37.25300 -136.27901   34.8819  124.3022   10.20400    0.01701
  6.8000   37.06800 -136.48500   34.8588  124.2962   10.38500    0.01815
  6.8083   36.88200 -136.69000   34.8355  124.2900   10.56100    0.02743
  6.8167   36.69700 -136.89301   34.8121  124.2840   10.71400    0.03044
  6.8250   36.51100 -137.09500   34.7886  124.2778   10.86400    0.02076
  6.8333   36.32400 -137.29601   34.7648  124.2715   10.97900    0.01546
  6.8417   36.13800 -137.49600   34.7410  124.2654   11.15300    0.00447
  6.8500   35.95200 -137.69501   34.7170  124.2592   11.27600    0.00734
  6.8583   35.76500 -137.89200   34.6928  124.2528   11.45200    0.00040
  6.8667   35.57800 -138.08800   34.6684  124.2465   11.57600   -0.00493
  6.8750   35.39100 -138.28300   34.6439  124.2401   11.70700   -0.00678
  6.8833   35.20300 -138.47701   34.6192  124.2336   11.90200   -0.01685
  6.8917   35.01500 -138.67000   34.5943  124.2271   11.99200   -0.02015
  6.9000   34.82600 -138.86200   34.5691  124.2205   12.15700   -0.02674
  6.9083   34.63700 -139.05200   34.5438  124.2138   12.33900   -0.02457
  6.9167   34.44800 -139.24200   34.5183  124.2072   12.47500   -0.02153
  6.9250   34.25900 -139.42999   34.4927  124.2005   12.64800   -0.02785
  6.9333   34.06900 -139.61700   34.4668  124.1936   12.78700   -0.03112
  6.9417   33.87900 -139.80400   34.4406  124.1868   12.94000   -0.03033
  6.9500   33.68900 -139.98900   34.4144  124.1799   13.13800   -0.02361
  6.9583   33.49900 -140.17300   34.3879  124.1730   13.31500   -0.00771
  6.9667   33.30800 -140.35600   34.3612  124.1660   13.52100   -0.00072
  6.9750   33.11800 -140.53799   34.3344  124.1590   13.68100    0.00476
  6.9833   32.92700 -140.71899   34.3073  124.1519   13.85200    0.00045
  6.9917   32.73600 -140.89999   34.2799  124.1448   14.01000    0.00008
  7.0000   32.54400 -141.07899   34.2523  124.1375   14.19000   -0.00975
  7.0083   32.35300 -141.25700   34.2246  124.1303   14.31500   -0.01042
  7.0167   32.16200 -141.43401   34.1967  124.1231   14.52500   -0.01125
  7.0250   31.97100 -141.61099   34.1686  124.1158   14.71100    0.00151
  7.0333   31.77900 -141.78600   34.1402  124.1084   14.91100    0.01256
  7.0417   31.58800 -141.96001   34.1117  124.1010   15.11200    0.01173
  7.0500   31.39600 -142.13400   34.0828  124.0936   15.23600    0.00111
  7.0583   31.20400 -142.30701   34.0537  124.0860   15.38600   -0.01453
  7.0667   31.01200 -142.47900   34.0244  124.0785   15.56600   -0.02374
  7.0750   30.81900 -142.64999   33.9947  124.0708   15.72500   -0.02615
  7.0833   30.62700 -142.82001   33.9649  124.0631   15.91300   -0.02334
  7.0917   30.43400 -142.98900   33.9348  124.0553   16.12500   -0.01488
  7.1000   30.24100 -143.15700   33.9044  124.0474   16.32100   -0.00818
  7.1083   30.04900 -143.32500   33.8739  124.0397   16.50600   -0.01679
  7.1167   29.85600 -143.49200   33.8430  124.0318   16.64000   -0.01749
  7.1250   29.66300 -143.65800   33.8119  124.0238   16.87900   -0.01900
  7.1333   29.47000 -143.82401   33.7805  124.0159   17.06400   -0.00640
  7.1417   29.27700 -143.98801   33.7488  124.0078   17.28200   -0.01650
  7.1500   29.08400 -144.15199   33.7169  123.9997   17.40700   -0.02200
  7.1583   28.89100 -144.31500   33.6847  123.9915   17.62600   -0.03065
  7.1667   28.69700 -144.47800   33.6520  123.9833   17.83300   -0.02315
  7.1750   28.50500 -144.63901   33.6194  123.9751   18.05500   -0.01889
  7.1833   28.31200 -144.80000   33.5864  123.9668   18.26000   -0.01060
  7.1917   28.11900 -144.96001   33.5530  123.9585   18.49300   -0.01347
  7.2000   27.92600 -145.11900   33.5194  123.9501   18.66100   -0.01731
  7.2083   27.73300 -145.27800   33.4855  123.9416   18.86900   -0.01970
  7.2167   27.54000 -145.43600   33.4512  123.9331   19.11700   -0.02365
  7.2250   27.34700 -145.59300   33.4167  123.9246   19.27800   -0.01955
  7.2333   27.15300 -145.75000   33.3817  123.9159   19.53700   -0.01944
  7.2417   26.96000 -145.90601   33.3465  123.9072   19.76600   -0.00707
  7.2500   26.76700 -146.06100   33.3110  123.8985   20.00300   -0.00570
  7.2583   26.57400 -146.21600   33.2752  123.8897   20.20000   -0.00570
  7.2667   26.38100 -146.37000   33.2390  123.8809   20.42500   -0.00502
  7.2750   26.18800 -146.52400   33.2024  123.8721   20.66500    0.00523
  7.2833   25.99500 -146.67700   33.1656  123.8631   20.92000    0.01045
  7.2917   25.80200 -146.82899   33.1284  123.8541   21.11700    0.01303
  7.3000   25.60900 -146.98100   33.0908  123.8451   21.34300    0.00826
  7.3083   25.41600 -147.13200   33.0528  123.8359   21.55500    0.00280
  7.3167   25.22400 -147.28300   33.0147  123.8269   21.74600    0.00278
  7.3250   25.03100 -147.43401   32.9759  123.8178   22.00600    0.00109
  7.3333   24.83900 -147.58400   32.9370  123.8087   22.21300    0.00648
  7.3417   24.64600 -147.73199   32.8976  123.7993   22.45300   -0.00030
  7.3500   24.45400 -147.88100   32.8578  123.7900   22.64800   -0.00558
  7.3583   24.26200 -148.02800   32.8178  123.7806   22.86200   -0.01505
  7.3667   24.07000 -148.17599   32.7773  123.7712   23.07800   -0.02101
  7.3750   23.87800 -148.32201   32.7364  123.7617   23.29500   -0.03233
  7.3833   23.68600 -148.46899   32.6951  123.7522   23.48500   -0.04258
  7.3917   23.49400 -148.61501   32.6533  123.7426   23.71300   -0.04531
  7.4000   23.30200 -148.75999   32.6111  123.7329   23.98200   -0.02741
  7.4083   23.11000 -148.90500   32.5685  123.7232   24.30300   -0.01510
  7.4167   22.91900 -149.05000   32.5256  123.7136   24.50000    0.00244
  7.4250   22.72700 -149.19400   32.4821  123.7038   24.79800   -0.00981
  7.4333   22.53600 -149.33800   32.4383  123.6940   24.93300   -0.00259
  7.4417   22.34500 -149.48100   32.3940  123.6842   25.25400   -0.00386
  7.4500   22.15400 -149.62399   32.3492  123.6743   25.51000    0.01672
  7.4583   21.96300 -149.76601   32.3040  123.6643   25.79000    0.01837
  7.4667   21.77300 -149.90900   32.2585  123.6545   26.00200    0.01848
  7.4750   21.58200 -150.05099   32.2123  123.6445   26.25200    0.01173
  7.4833   21.39200 -150.19200   32.1658  123.6344   26.49600    0.00628
  7.4917   21.20200 -150.33299   32.1187  123.6243   26.71800   -0.01477
  7.5000   21.01200 -150.47400   32.0712  123.6143   26.86800   -0.02675
  7.5083   20.82200 -150.61400   32.0231  123.6040   27.17200   -0.04250
  7.5167   20.63200 -150.75301   31.9746  123.5937   27.38100   -0.03162
  7.5250   20.44300 -150.89200   31.9256  123.5834   27.71900   -0.04101
  7.5333   20.25300 -151.03101   31.8760  123.5730   27.90600   -0.03446
  7.5417   20.06400 -151.17000   31.8259  123.5627   28.23200   -0.05197
  7.5500   19.87500 -151.30800   31.7753  123.5523   28.42800   -0.05110
  7.5583   19.68700 -151.44600   31.7244  123.5420   28.76000   -0.05286
  7.5667   19.49800 -151.58299   31.6727  123.5314   29.08600   -0.05883
  7.5750   19.31000 -151.72000   31.6206  123.5209   29.27600   -0.06994
  7.5833   19.12100 -151.85699   31.5676  123.5102   29.59900   -0.08053
  7.5917   18.93400 -151.99400   31.5145  123.4998   29.96200   -0.08279
  7.6000   18.74600 -152.13100   31.4606  123.4893   30.23700   -0.07387
  7.6083   18.55800 -152.26700   31.4060  123.4785   30.66300   -0.07157
  7.6167   18.37100 -152.40300   31.3511  123.4679   31.00800   -0.05900
  7.6250   18.18400 -152.53900   31.2954  123.4573   31.38300   -0.05217
  7.6333   17.99700 -152.67500   31.2392  123.4466   31.79900   -0.06110
  7.6417   17.81100 -152.81000   31.1825  123.4360   32.05700   -0.05911
  7.6500   17.62500 -152.94501   31.1252  123.4253   32.53700   -0.06410
  7.6583   17.43900 -153.08000   31.0672  123.4146   32.93000   -0.04635
  7.6667   17.25300 -153.21500   31.0084  123.4038   33.38100   -0.05093
  7.6750   17.06700 -153.34900   30.9490  123.3929   33.72300   -0.04058
  7.6833   16.88200 -153.48199   30.8893  123.3820   34.24700   -0.03777
  7.6917   16.69700 -153.61600   30.8287  123.3712   34.65100   -0.02419
  7.7000   16.51200 -153.74899   30.7674  123.3603   35.08500   -0.02205
  7.7083   16.32700 -153.88200   30.7054  123.3493   35.52800   -0.01430
  7.7167   16.14300 -154.01401   30.6430  123.3383   35.99100   -0.00525
  7.7250   15.95900 -154.14700   30.5798  123.3275   36.45000    0.00227
  7.7333   15.77500 -154.28000   30.5157  123.3166   36.89600    0.00855
  7.7417   15.59100 -154.41200   30.4510  123.3055   37.36000    0.00989
  7.7500   15.40800 -154.54401   30.3857  123.2946   37.78400    0.01430
  7.7583   15.22500 -154.67700   30.3196  123.2838   38.26700   -0.00293
  7.7667   15.04200 -154.80901   30.2527  123.2728   38.57500   -0.01397
  7.7750   14.86000 -154.94000   30.1854  123.2618   39.05400   -0.03372
  7.7833   14.67800 -155.07201   30.1171  123.2510   39.47700   -0.02272
  7.7917   14.49600 -155.20399   30.0481  123.2401   40.03100   -0.03034
  7.8000   14.31400 -155.33600   29.9781  123.2293   40.37900   -0.02641
  7.8083   14.13300 -155.46700   29.9077  123.2184   40.89700   -0.03707
  7.8167   13.95200 -155.59900   29.8363  123.2077   41.34900   -0.04333
  7.8250   13.77200 -155.73000   29.7645  123.1969   41.74700   -0.04226
  7.8333   13.59200 -155.86099   29.6917  123.1862   42.33700   -0.03184
  7.8417   13.41200 -155.99200   29.6181  123.1755   42.87000   -0.03441
  7.8500   13.23200 -156.12199   29.5435  123.1646   43.17400   -0.02555
  7.8583   13.05200 -156.25200   29.4681  123.1537   43.86700   -0.03525
  7.8667   12.87300 -156.38200   29.3920  123.1429   44.27300   -0.02073
  7.8750   12.69400 -156.51199   29.3150  123.1322   44.79600   -0.03169
  7.8833   12.51600 -156.64200   29.2374  123.1216   45.31100   -0.02225
  7.8917   12.33700 -156.77200   29.1585  123.1109   45.90200   -0.01009
  7.9000   12.16000 -156.90100   29.0794  123.1003   46.46200   -0.01013
  7.9083   11.98200 -157.03101   28.9988  123.0898   46.90400   -0.02691
  7.9167   11.80500 -157.16100   28.9177  123.0794   47.37800   -0.05507
  7.9250   11.62800 -157.29100   28.8355  123.0690   47.87500   -0.08042
  7.9333   11.45200 -157.42101   28.7527  123.0588   48.36700   -0.08657
  7.9417   11.27500 -157.55000   28.6685  123.0483   49.04800   -0.07663
  7.9500   11.10000 -157.67999   28.5841  123.0384   49.72200   -0.06309
  7.9583   10.92400 -157.81000   28.4981  123.0283   50.28900   -0.07705
  7.9667   10.75000 -157.94000   28.4120  123.0186   50.78100   -0.11485
  7.9750   10.57500 -158.07001   28.3244  123.0087   51.29900   -0.12143
  7.9833   10.40100 -158.20000   28.2361  122.9991   52.19500   -0.13691
  7.9917   10.22700 -158.33000   28.1467  122.9895   52.67100   -0.12989
  8.0000   10.05400 -158.46001   28.0567  122.9801   53.47500   -0.15531
  8.0083    9.88000 -158.58800   27.9651  122.9702   54.15900   -0.14230
  8.0167    9.70700 -158.71700   27.8729  122.9607   55.06000   -0.16236
  8.0250    9.53400 -158.84599   27.7795  122.9513   55.63400   -0.15805
  8.0333    9.36200 -158.97501   27.6855  122.9421   56.60100   -0.17215
  8.0417    9.19000 -159.10400   27.5903  122.9330   57.40700   -0.16672
  8.0500    9.01800 -159.23300   27.4939  122.9240   58.24800   -0.15241
  8.0583    8.84700 -159.36200   27.3969  122.9152   59.40300   -0.15044
  8.0667    8.67600 -159.49100   27.2986  122.9064   60.18400   -0.11474
  8.0750    8.50600 -159.62100   27.1997  122.8981   61.42500   -0.12900
  8.0833    8.33600 -159.75000   27.0996  122.8898   62.21200   -0.12328
  8.0917    8.16600 -159.87900   26.9982  122.8815   63.29200   -0.15300
  8.1000    7.99700 -160.00900   26.8962  122.8737   64.29300   -0.16679
  8.1083    7.82900 -160.13800   26.7935  122.8659   65.32800   -0.17377
  8.1167    7.66000 -160.26801   26.6890  122.8583   66.53900   -0.16444
  8.1250    7.49300 -160.39799   26.5844  122.8512   67.77700   -0.14865
  8.1333    7.32500 -160.52800   26.4779  122.8440   68.94500   -0.12473
  8.1417    7.15800 -160.65800   26.3708  122.8371   70.07600   -0.09776
  8.1500    6.99200 -160.78799   26.2630  122.8306   71.43300   -0.06930
  8.1583    6.82600 -160.91800   26.1539  122.8242   72.75000   -0.01835
  8.1667    6.66000 -161.04900   26.0435  122.8181   74.26000    0.00300
  8.1750    6.49500 -161.17799   25.9325  122.8119   75.44900    0.02065
  8.1833    6.32900 -161.30701   25.8197  122.8057   76.86200   -0.00694
  8.1917    6.16400 -161.43700   25.7060  122.8000   78.00700   -0.00021
  8.2000    6.00000 -161.56599   25.5918  122.7945   79.42600    0.00000

 13.2417   11.61500 -262.43500   35.5579  138.1419   10.14100    0.00000
 13.2500   11.71800 -262.62100   35.5977  138.0948   10.11200   -0.00398
 13.2583   11.82200 -262.80801   35.6373  138.0475    9.79800    0.01426
 13.2667   11.92400 -262.99600   35.6765  138.0013    9.87000    0.02022
 13.2750   12.02700 -263.18301   35.7154  137.9548    9.59900    0.03793
 13.2833   12.12800 -263.37100   35.7538  137.9095    9.30800    0.04079
 13.2917   12.23000 -263.56000   35.7921  137.8639    9.13200    0.04926
 13.3000   12.33100 -263.74799   35.8298  137.8190    8.90000    0.06131
 13.3083   12.43100 -263.93701   35.8672  137.7747    8.62700    0.04682
 13.3167   12.53100 -264.12601   35.9043  137.7305    8.26200    0.00328
 13.3250   12.63000 -264.31601   35.9411  137.6871    7.84100   -0.03044
 13.3333   12.72900 -264.50601   35.9776  137.6438    7.71100   -0.04450
 13.3417   12.82900 -264.69601   36.0139  137.6001    7.52200   -0.05915
 13.3500   12.92900 -264.88699   36.0500  137.5565    7.09200   -0.08413
 13.3583   13.02800 -265.07700   36.0855  137.5136    6.88200   -0.11067
 13.3667   13.12600 -265.26901   36.1209  137.4714    6.68100   -0.10845
 13.3750   13.22400 -265.45999   36.1559  137.4293    6.50800   -0.10672
 13.3833   13.32100 -265.65201   36.1906  137.3878    6.31600   -0.10575
 13.3917   13.41800 -265.84399   36.2250  137.3464    6.14800   -0.09457
 13.4000   13.51500 -266.03601   36.2591  137.3052    6.12200   -0.07887
 13.4083   13.61100 -266.22900   36.2930  137.2646    6.05100   -0.05723
 13.4167   13.70600 -266.42200   36.3266  137.2245    6.01000   -0.07160
 13.4250   13.80100 -266.61600   36.3600  137.1846    5.76000   -0.10274
 13.4333   13.89500 -266.81000   36.3930  137.1453    5.61800   -0.14931
 13.4417   13.98900 -267.00400   36.4258  137.1061    5.51400   -0.18319
 13.4500   14.08200 -267.19901   36.4584  137.0675    5.42300   -0.21586
 13.4583   14.17400 -267.39301   36.4905  137.0294    5.33900   -0.21049
 13.4667   14.26600 -267.58899   36.5226  136.9914    5.57700   -0.17426
 13.4750   14.35800 -267.78400   36.5543  136.9535    5.77700   -0.11821
 13.4833   14.44900 -267.98001   36.5859  136.9162    5.89300   -0.06203
 13.4917   14.53900 -268.17599   36.6171  136.8794    6.17500   -0.01911
 13.5000   14.62800 -268.37299   36.6482  136.8432    6.30300    0.00925
 13.5083   14.71900 -268.57001   36.6791  136.8061    6.33900    0.01262
 13.5167   14.80900 -268.76700   36.7097  136.7696    6.47300   -0.00113
 13.5250   14.89800 -268.96399   36.7401  136.7336    6.52200   -0.01021
 13.5333   14.98700 -269.16199   36.7703  136.6977    6.65000   -0.04423
 13.5417   15.07500 -269.35999   36.8002  136.6623    6.64000   -0.05789
 13.5500   15.16300 -269.55899   36.8301  136.6269    6.87600   -0.05963
 13.5583   15.25000 -269.75699   36.8595  136.5921    7.11300   -0.04426
 13.5667   15.33600 -269.95599   36.8888  136.5578    7.23300   -0.03778
 13.5750   15.42200 -270.15601   36.9180  136.5235    7.39300   -0.05462
 13.5833   15.50700 -270.35599   36.9470  136.4898    7.43300   -0.04493
 13.5917   15.59100 -270.55600   36.9757  136.4565    7.72500   -0.02353
 13.6000   15.67500 -270.75601   37.0042  136.4232    7.94100    0.02263
 13.6083   15.75800 -270.95700   37.0325  136.3905    8.14100    0.06618
 13.6167   15.84000 -271.15799   37.0607  136.3582    8.38900    0.10328
 13.6250   15.92200 -271.35999   37.0887  136.3259    8.53300    0.15474
 13.6333   16.00300 -271.56201   37.1165  136.2942    8.80400    0.19304
 13.6417   16.08300 -271.76401   37.1441  136.2628    8.90200    0.23135
 13.6500   16.16300 -271.96600   37.1715  136.2315    8.99900    0.23823
 13.6583   16.24100 -272.16901   37.1988  136.2011    8.99500    0.20111
 13.6667   16.31900 -272.37201   37.2259  136.1707    8.74200    0.14503
 13.6750   16.39800 -272.57501   37.2529  136.1399    8.66500    0.09727
 13.6833   16.47700 -272.77899   37.2797  136.1091    8.67700    0.08385
 13.6917   16.55500 -272.98300   37.3064  136.0788    8.62600    0.06199
 13.7000   16.63200 -273.18701   37.3328  136.0488    8.42100    0.03448
 13.7083   16.70800 -273.39200   37.3592  136.0193    8.33500   -0.00079
 13.7167   16.78400 -273.59698   37.3854  135.9898    8.16400   -0.00507
 13.7250   16.85800 -273.80200   37.4114  135.9612    8.14100    0.01005
 13.7333   16.93300 -274.00699   37.4372  135.9321    8.14900    0.04644
 13.7417   17.00600 -274.21301   37.4630  135.9039    8.10200    0.07526
 13.7500   17.07800 -274.41901   37.4886  135.8760    8.00700    0.07418
 13.7583   17.15000 -274.62601   37.5141  135.8481    7.78600    0.07576
 13.7667   17.22100 -274.83200   37.5394  135.8207    7.74300    0.05138
 13.7750   17.29100 -275.04001   37.5647  135.7936    7.42700    0.04258
 13.7833   17.36100 -275.24701   37.5898  135.7665    7.30200    0.02716
 13.7917   17.42900 -275.45401   37.6147  135.7402    7.20300    0.02845
 13.8000   17.49700 -275.66199   37.6395  135.7138    7.01600    0.02117
 13.8083   17.56400 -275.87000   37.6642  135.6879    6.82700    0.02142
 13.8167   17.63000 -276.07901   37.6889  135.6623    6.77600    0.02012
 13.8250   17.69500 -276.28799   37.7134  135.6370    6.56700    0.01308
 13.8333   17.76000 -276.49701   37.7378  135.6117    6.33300   -0.01216
 13.8417   17.82500 -276.70599   37.7621  135.5864    6.16300   -0.05119
 13.8500   17.89000 -276.91501   37.7862  135.5611    5.86400   -0.07834
 13.8583   17.95400 -277.12500   37.8102  135.5361    5.73600   -0.09280
 13.8667   18.01700 -277.33499   37.8342  135.5115    5.67000   -0.08681
 13.8750   18.08000 -277.54501   37.8580  135.4869    5.53400   -0.08012
 13.8833   18.14100 -277.75601   37.8818  135.4629    5.42400   -0.07589
 13.8917   18.20200 -277.96701   37.9055  135.4390    5.35300   -0.06620
 13.9000   18.26100 -278.17801   37.9290  135.4157    5.26900   -0.04925
 13.9083   18.32000 -278.38901   37.9524  135.3924    5.22100   -0.02420
 13.9167   18.37800 -278.60101   37.9759  135.3694    5.22200   -0.01061
 13.9250   18.43600 -278.81201   37.9991  135.3463    5.07700   -0.00382
 13.9333   18.49200 -279.02399   38.0223  135.3240    5.01100   -0.00625
 13.9417   18.54700 -279.23700   38.0455  135.3020    4.97200   -0.00988
 13.9500   18.60100 -279.44901   38.0685  135.2802    4.84100   -0.00441
 13.9583   18.65500 -279.66199   38.0916  135.2584    4.85100   -0.01096
 13.9667   18.70800 -279.87500   38.1145  135.2370    4.73900   -0.01147
 13.9750   18.75900 -280.08801   38.1373  135.2162    4.66400   -0.02297
 13.9833   18.81000 -280.30099   38.1601  135.1953    4.60300   -0.03019
 13.9917   18.86000 -280.51501   38.1828  135.1747    4.52500   -0.03737
 14.0000   18.90800 -280.72800   38.2054  135.1547    4.44900   -0.03274
 14.0083   18.95900 -280.94199   38.2279  135.1337    4.48000   -0.02839
 14.0167   19.00800 -281.15601   38.2504  135.1133    4.40900   -0.01781
 14.0250   19.05600 -281.37000   38.2728  135.0932    4.38400   -0.01431
 14.0333   19.10400 -281.58499   38.2952  135.0730    4.37100   -0.00787
 14.0417   19.15000 -281.79999   38.3175  135.0534    4.32200    0.00048
 14.0500   19.19600 -282.01501   38.3398  135.0338    4.32100   -0.00382
 14.0583   19.24000 -282.23001   38.3620  135.0148    4.22500   -0.00746
 14.0667   19.28400 -282.44501   38.3841  134.9957    4.18900   -0.01554
 14.0750   19.32600 -282.66000   38.4062  134.9772    4.16400   -0.00510
 14.0833   19.36800 -282.87601   38.4283  134.9587    4.20800    0.00193
 14.0917   19.40900 -283.09100   38.4502  134.9404    4.15100   -0.00110
 14.1000   19.44800 -283.30701   38.4722  134.9227    4.05800   -0.00677
 14.1083   19.48700 -283.52301   38.4942  134.9050    4.07600   -0.01272
 14.1167   19.52400 -283.73901   38.5161  134.8878    4.02300   -0.00436
 14.1250   19.56100 -283.95499   38.5379  134.8706    4.03100   -0.00509
 14.1333   19.59700 -284.17099   38.5598  134.8536    3.99300   -0.00696
 14.1417   19.63100 -284.38699   38.5816  134.8372    3.93400   -0.00868
 14.1500   19.66500 -284.60400   38.6034  134.8208    3.94500    0.00378
 14.1583   19.69700 -284.82001   38.6251  134.8049    4.00000    0.00516
 14.1667   19.72900 -285.03699   38.6469  134.7889    3.86200    0.00464
 14.1750   19.76200 -285.25400   38.6686  134.7725    3.86000   -0.01533
 14.1833   19.79400 -285.47101   38.6902  134.7563    3.78600   -0.00397
 14.1917   19.82500 -285.68799   38.7118  134.7404    3.86500    0.00096
 14.2000   19.85500 -285.90500   38.7333  134.7247    3.81800    0.02126
 14.2083   19.88400 -286.12201   38.7549  134.7093    3.84800    0.01592
 14.2167   19.91200 -286.33899   38.7764  134.6941    3.75500    0.01189
 14.2250   19.93900 -286.55600   38.7979  134.6791    3.72100   -0.01286
 14.2333   19.96400 -286.77399   38.8195  134.6647    3.61000   -0.01181
 14.2417   19.98900 -286.99100   38.8410  134.6502    3.68300   -0.00556
 14.2500   20.01300 -287.20801   38.8625  134.6360    3.68300    0.00211
 14.2583   20.03600 -287.42599   38.8840  134.6219    3.58200   -0.00053
 14.2667   20.05700 -287.64301   38.9055  134.6084    3.60000   -0.01220
 14.2750   20.07800 -287.85999   38.9270  134.5948    3.53700   -0.00960
 14.2833   20.09700 -288.07800   38.9486  134.5818    3.53700   -0.00180
 14.2917   20.11500 -288.29501   38.9701  134.5690    3.57800    0.00714
 14.3000   20.13300 -288.51199   38.9916  134.5561    3.52300    0.00586
 14.3083   20.14900 -288.73001   39.0132  134.5437    3.45300   -0.01080
 14.3167   20.16400 -288.94699   39.0347  134.5315    3.39900   -0.01632
 14.3250   20.17800 -289.16400   39.0563  134.5196    3.42400   -0.01855
 14.3333   20.19100 -289.38101   39.0779  134.5079    3.37500    0.00208
 14.3417   20.20500 -289.59799   39.0993  134.4958    3.47400    0.00778
 14.3500   20.21900 -289.81601   39.1208  134.4835    3.39300    0.02357
 14.3583   20.23100 -290.03299   39.1423  134.4718    3.41100    0.00891
 14.3667   20.24200 -290.25000   39.1639  134.4603    3.30300    0.00428
 14.3750   20.25300 -290.46799   39.1854  134.4487    3.28900   -0.00072
 14.3833   20.26200 -290.68500   39.2070  134.4376    3.30100    0.00166
 14.3917   20.27000 -290.90201   39.2286  134.4268    3.24000    0.01500
 14.4000   20.27700 -291.11899   39.2502  134.4161    3.30200    0.01675
 14.4083   20.28200 -291.33499   39.2719  134.4060    3.23800    0.01935
 14.4167   20.28700 -291.55200   39.2936  134.3958    3.18000    0.00603
 14.4250   20.29100 -291.76901   39.3153  134.3857    3.12500   -0.00493
 14.4333   20.29300 -291.98499   39.3371  134.3763    3.07000    0.00111
 14.4417   20.29400 -292.20099   39.3589  134.3670    3.11400    0.01243
 14.4500   20.29500 -292.41699   39.3807  134.3576    3.08700    0.01855
 14.4583   20.29400 -292.63300   39.4026  134.3488    2.98800    0.01758
 14.4667   20.29200 -292.84900   39.4246  134.3401    2.97700    0.01674
 14.4750   20.28900 -293.06400   39.4465  134.3317    2.94600    0.03005
 14.4833   20.28400 -293.28000   39.4687  134.3237    2.93100    0.03335
 14.4917   20.27900 -293.49500   39.4907  134.3157    2.84800    0.04110
 14.5000   20.27200 -293.70999   39.5129  134.3082    2.84000    0.03991
 14.5083   20.26700 -293.92499   39.5349  134.3000    2.76700    0.03205
 14.5167   20.26100 -294.14001   39.5570  134.2919    2.64300    0.00757
 14.5250   20.25400 -294.35501   39.5792  134.2841    2.52300   -0.01004
 14.5333   20.24600 -294.57001   39.6014  134.2764    2.49500   -0.02413
 14.5417   20.23700 -294.78400   39.6236  134.2690    2.39600   -0.02554
 14.5500   20.22600 -294.99799   39.6459  134.2621    2.36700   -0.03465
 14.5583   20.21500 -295.21201   39.6683  134.2551    2.29100   -0.03546
 14.5667   20.20200 -295.42599   39.6908  134.2486    2.24700   -0.04289
 14.5750   20.18800 -295.63901   39.7133  134.2423    2.17300   -0.04026
 14.5833   20.17300 -295.85300   39.7360  134.2362    2.15900   -0.03066
 14.5917   20.15700 -296.06500   39.7586  134.2304    2.15600   -0.01715
 14.6000   20.14000 -296.27802   39.7814  134.2247    2.11100   -0.00519
 14.6083   20.12200 -296.48999   39.8041  134.2193    2.09700    0.00497
 14.6167   20.10200 -296.70200   39.8271  134.2144    2.09700    0.01741
 14.6250   20.08100 -296.91400   39.8502  134.2097    2.07600    0.02476
 14.6333   20.06000 -297.12500   39.8732  134.2049    2.03300    0.02974
 14.6417   20.03700 -297.33600   39.8964  134.2006    2.01900    0.02694
 14.6500   20.01300 -297.54599   39.9196  134.1966    1.94400    0.01003
 14.6583   19.98700 -297.75601   39.9430  134.1931    1.81100   -0.01545
 14.6667   19.96100 -297.96600   39.9665  134.1895    1.73800   -0.02265
 14.6750   19.93700 -298.17599   39.9897  134.1851    1.78700   -0.02364
 14.6833   19.91100 -298.38599   40.0132  134.1812    1.69100   -0.00464
 14.6917   19.88400 -298.59601   40.0368  134.1776    1.75400    0.00005
 14.7000   19.85600 -298.80499   40.0604  134.1742    1.70100    0.00986
 14.7083   19.82700 -299.01401   40.0842  134.1710    1.63700    0.00424
 14.7167   19.79700 -299.22198   40.1080  134.1680    1.59000   -0.00258
 14.7250   19.76600 -299.42999   40.1319  134.1653    1.52900    0.00362
 14.7333   19.73300 -299.63800   40.1561  134.1630    1.55600    0.00001
 14.7417   19.70000 -299.84500   40.1802  134.1608    1.44800    0.00175
 14.7500   19.66500 -300.05099   40.2044  134.1590    1.43400   -0.00620
 14.7583   19.62900 -300.25800   40.2289  134.1575    1.39300   -0.00084
 14.7667   19.59200 -300.46301   40.2534  134.1562    1.38300   -0.00664
 14.7750   19.55400 -300.66901   40.2781  134.1551    1.28800   -0.00578
 14.7833   19.51500 -300.87399   40.3029  134.1543    1.30000   -0.01334
 14.7917   19.47500 -301.07800   40.3278  134.1537    1.23100   -0.01007
 14.8000   19.43300 -301.28201   40.3529  134.1537    1.21400   -0.00994
 14.8083   19.39100 -301.48499   40.3780  134.1536    1.20700   -0.01142
 14.8167   19.34700 -301.68799   40.4034  134.1541    1.12400   -0.01083
 14.8250   19.30300 -301.89001   40.4287  134.1545    1.13000   -0.02546
 14.8333   19.25700 -302.09201   40.4543  134.1554    1.02100   -0.01314
 14.8417   19.21300 -302.29401   40.4798  134.1556    1.13100   -0.01121
 14.8500   19.16700 -302.49600   40.5055  134.1564    1.06400    0.00729
 14.8583   19.12100 -302.69699   40.5312  134.1571    1.07200    0.00771
 14.8667   19.07400 -302.89801   40.5571  134.1580    1.05900    0.00378
 14.8750   19.02600 -303.09799   40.5831  134.1592    0.96400   -0.00329
 14.8833   18.97600 -303.29800   40.6095  134.1609    0.95100   -0.01256
 14.8917   18.92500 -303.49701   40.6359  134.1630    0.92300    0.00002
 14.9000   18.87400 -303.69601   40.6624  134.1649    0.98600    0.00542
 14.9083   18.82100 -303.89401   40.6891  134.1675    0.92300    0.00745
 14.9167   18.76700 -304.09100   40.7160  134.1703    0.88000    0.00384
 14.9250   18.71200 -304.28799   40.7431  134.1734    0.90000   -0.00429
 14.9333   18.65600 -304.48499   40.7704  134.1767    0.81100   -0.00253
 14.9417   18.59900 -304.67999   40.7977  134.1805    0.83500   -0.01053
 14.9500   18.54000 -304.87500   40.8254  134.1847    0.79200   -0.01121
 14.9583   18.48100 -305.07001   40.8532  134.1889    0.75600   -0.01602
 14.9667   18.42100 -305.26300   40.8811  134.1935    0.75200   -0.00977
 14.9750   18.35900 -305.45599   40.9093  134.1986    0.78400   -0.01355
 14.9833   18.29700 -305.64899   40.9376  134.2037    0.67400   -0.00910
 14.9917   18.23300 -305.84100   40.9662  134.2094    0.72900   -0.00980
 15.0000   18.16800 -306.03201   40.9950  134.2154    0.72500    0.00444
 15.0083   18.10600 -306.22400   41.0236  134.2203    0.72100    0.01211
 15.0167   18.04200 -306.41501   41.0524  134.2259    0.73100    0.02602
 15.0250   17.97700 -306.60501   41.0814  134.2318    0.76400    0.02339
 15.0333   17.91100 -306.79501   41.1107  134.2379    0.64800    0.01704
 15.0417   17.84400 -306.98499   41.1403  134.2443    0.63500   -0.00561
 15.0500   17.77600 -307.17300   41.1699  134.2512    0.56400   -0.00479
 15.0583   17.70700 -307.36099   41.1998  134.2583    0.61500   -0.00170
 15.0667   17.63700 -307.54800   41.2299  134.2658    0.61800   -0.00057
 15.0750   17.56500 -307.73499   41.2605  134.2738    0.53200   -0.00837
 15.0833   17.49300 -307.92099   41.2911  134.2819    0.51700   -0.01256
 15.0917   17.42000 -308.10599   41.3219  134.2904    0.53700   -0.03154
 15.1000   17.34600 -308.29001   41.3529  134.2992    0.33700   -0.02209
 15.1083   17.27100 -308.47400   41.3842  134.3083    0.52900   -0.01255
 15.1167   17.19400 -308.65701   41.4159  134.3182    0.55500    0.01797
 15.1250   17.11700 -308.83899   41.4477  134.3281    0.51100    0.01913
 15.1333   17.03900 -309.01999   41.4797  134.3384    0.48700    0.01417
 15.1417   16.95900 -309.20099   41.5122  134.3493    0.46600    0.01667
 15.1500   16.87900 -309.38101   41.5448  134.3603    0.47100    0.01365
 15.1583   16.79800 -309.56000   41.5776  134.3717    0.40500    0.00510
 15.1667   16.71500 -309.73801   41.6109  134.3838    0.34000   -0.00150
 15.1750   16.63500 -309.91699   41.6439  134.3948    0.35700    0.01196
 15.1833   16.55400 -310.09601   41.6772  134.4061    0.44600    0.02357
 15.1917   16.47100 -310.27399   41.7110  134.4182    0.36300    0.02397
 15.2000   16.38800 -310.45099   41.7449  134.4303    0.29800    0.00367
 15.2083   16.30400 -310.62701   41.7790  134.4429    0.22100    0.00412
 15.2167   16.21800 -310.80200   41.8136  134.4562    0.29200   -0.00370
 15.2250   16.13200 -310.97699   41.8484  134.4696    0.16900   -0.00197
 15.2333   16.04500 -311.15100   41.8835  134.4833    0.16500   -0.01392
 15.2417   15.95700 -311.32401   41.9190  134.4976    0.13900   -0.02261
 15.2500   15.86800 -311.49600   41.9547  134.5123    0.04500   -0.02662
 15.2583   15.77700 -311.66800   41.9910  134.5277    0.08400   -0.03004
 15.2667   15.68600 -311.83801   42.0273  134.5434    0.06200   -0.01804
 15.2750   15.59400 -312.00800   42.0641  134.5594    0.09000   -0.01831
 15.2833   15.50200 -312.17700   42.1010  134.5755    0.04900   -0.02508
 15.2917   15.40800 -312.34500   42.1385  134.5925    0.00000   -0.02609
 15.3000   15.31300 -312.51300   42.1763  134.6099    0.08000   -0.02823
 15.3083   15.21700 -312.67899   42.2145  134.6279    0.03300   -0.02383
 15.3167   15.12100 -312.84500   42.2529  134.6460    0.03800   -0.03066
 15.3250   15.02300 -313.01001   42.2919  134.6649    0.04500   -0.03022
 15.3333   14.92500 -313.17300   42.3309  134.6841    0.06600   -0.02949
 15.3417   14.82800 -313.33801   42.3702  134.7028    0.07400   -0.01955
 15.3500   14.73100 -313.50299   42.4098  134.7215    0.15200    0.00126
 15.3583   14.63200 -313.66599   42.4498  134.7412    0.26100    0.02269
 15.3667   14.53300 -313.82800   42.4901  134.7611    0.28400    0.02625
 15.3750   14.43300 -313.98999   42.5308  134.7814    0.23300    0.00944
 15.3833   14.33200 -314.15100   42.5719  134.8023    0.18300    0.00366
 15.3917   14.23000 -314.31100   42.6135  134.8238    0.29700    0.01056
 15.4000   14.12700 -314.47000   42.6555  134.8459    0.34300    0.01572
 15.4083   14.02400 -314.62799   42.6977  134.8681    0.28200    0.00070
 15.4167   13.91900 -314.78601   42.7407  134.8913    0.23100   -0.01732
 15.4250   13.81400 -314.94199   42.7838  134.9148    0.24800   -0.01057
 15.4333   13.70800 -315.09799   42.8275  134.9388    0.37400    0.00413
 15.4417   13.60100 -315.25201   42.8715  134.9636    0.37400    0.02025
 15.4500   13.49300 -315.40601   42.9161  134.9888    0.38900    0.02162
 15.4583   13.38400 -315.55899   42.9612  135.0148    0.39300    0.03028
 15.4667   13.27400 -315.71100   43.0069  135.0414    0.44300    0.02835
 15.4750   13.16400 -315.86200   43.0527  135.0683    0.36300    0.03326
 15.4833   13.05300 -316.01300   43.0992  135.0957    0.40700    0.03102
 15.4917   12.94100 -316.16199   43.1461  135.1239    0.39500    0.02722
 15.5000   12.82800 -316.31100   43.1937  135.1528    0.31600    0.01599
 15.5083   12.71700 -316.45999   43.2411  135.1809    0.30700    0.01113
 15.5167   12.60500 -316.60901   43.2891  135.2096    0.34000    0.00849
 15.5250   12.49300 -316.75699   43.3375  135.2386    0.25700    0.01672
 15.5333   12.37900 -316.90399   43.3867  135.2688    0.32300   -0.00719
 15.5417   12.26500 -317.04999   43.4361  135.2993    0.08600   -0.02015
 15.5500   12.15000 -317.19501   43.4862  135.3306    0.09500   -0.03725
 15.5583   12.03400 -317.34000   43.5369  135.3625    0.13500   -0.02607
 15.5667   11.91800 -317.48300   43.5879  135.3949    0.11300    0.00552
 15.5750   11.80000 -317.62601   43.6399  135.4284    0.29300    0.02096
 15.5833   11.68200 -317.76700   43.6921  135.4624    0.19800    0.02391
 15.5917   11.56300 -317.90799   43.7451  135.4971    0.07200   -0.00745
 15.6000   11.44400 -318.04800   43.7984  135.5322    0.01600   -0.02157
 15.6083   11.32300 -318.18701   43.8527  135.5686    0.05100   -0.01340
 15.6167   11.20200 -318.32501   43.9073  135.6055    0.03700   -0.00183
 15.6250   11.08000 -318.46201   43.9627  135.6432    0.11900    0.00000

