hmax        =    300
wind_bottom =      2
wind_top    =     10
critlon     =      0
tbeg, h     =   0.00
tend, h     =  24.00
c_ionex     =      0
c_vert      =      1
time, gamma, az, latp, lonp, tec, tec_filtered
 13.6417    8.94000 -157.16600   27.5778  122.5110   19.81600    0.00000
 13.6500    9.14800 -157.14400   27.6861  122.5517   19.77400    0.00622
 13.6583    9.35600 -157.12000   27.7928  122.5915   19.68700    0.00531
 13.6667    9.56500 -157.09700   27.8984  122.6312   19.47700   -0.01318
 13.6750    9.77400 -157.07401   28.0024  122.6705   19.38700   -0.02593
 13.6833    9.98300 -157.05099   28.1048  122.7093   19.37400   -0.00793
 13.6917   10.19300 -157.02699   28.2063  122.7476   19.42300    0.00311
 13.7000   10.40300 -157.00301   28.3061  122.7854   19.24700    0.01111
 13.7083   10.61300 -156.97701   28.4046  122.8224   19.21900    0.00460
 13.7167   10.82400 -156.95200   28.5020  122.8593   19.17900    0.00310
 13.7250   11.03500 -156.92500   28.5980  122.8955   19.06000   -0.01332
 13.7333   11.24600 -156.89799   28.6926  122.9311   18.88400   -0.02581
 13.7417   11.45700 -156.87100   28.7857  122.9664   18.88800   -0.03401
 13.7500   11.66800 -156.84300   28.8775  123.0010   18.81800   -0.03872
 13.7583   11.88000 -156.81400   28.9684  123.0352   18.68600   -0.03543
 13.7667   12.09200 -156.78500   29.0579  123.0690   18.76500   -0.02513
 13.7750   12.30400 -156.75500   29.1460  123.1022   18.75200   -0.00777
 13.7833   12.51600 -156.72400   29.2330  123.1348   18.68700   -0.01175
 13.7917   12.72900 -156.69299   29.3190  123.1672   18.59400   -0.01604
 13.8000   12.94200 -156.66100   29.4037  123.1991   18.59300   -0.01330
 13.8083   13.15500 -156.62900   29.4872  123.2305   18.58600   -0.00035
 13.8167   13.36800 -156.59599   29.5695  123.2614   18.59000   -0.00280
 13.8250   13.58200 -156.56200   29.6509  123.2920   18.47000   -0.00661
 13.8333   13.79500 -156.52800   29.7308  123.3220   18.45900   -0.01657
 13.8417   14.01000 -156.49500   29.8102  123.3521   18.41200   -0.01391
 13.8500   14.22400 -156.46100   29.8880  123.3815   18.38600    0.00548
 13.8583   14.43900 -156.42700   29.9651  123.4108   18.49300    0.01847
 13.8667   14.65400 -156.39200   30.0410  123.4395   18.38100    0.03971
 13.8750   14.87000 -156.35600   30.1162  123.4679   18.41200    0.03473
 13.8833   15.08500 -156.32001   30.1900  123.4958   18.30500    0.04743
 13.8917   15.30100 -156.28300   30.2630  123.5233   18.31200    0.05241
 13.9000   15.51700 -156.24600   30.3350  123.5506   18.25400    0.06625
 13.9083   15.73300 -156.20799   30.4060  123.5773   18.19400    0.06547
 13.9167   15.95000 -156.16901   30.4762  123.6038   18.07500    0.06131
 13.9250   16.16600 -156.13000   30.5452  123.6298   17.98500    0.04974
 13.9333   16.38300 -156.09000   30.6135  123.6554   17.85500    0.05426
 13.9417   16.60000 -156.05000   30.6808  123.6808   17.83300    0.05391
 13.9500   16.81700 -156.00800   30.7472  123.7056   17.68900    0.05515
 13.9583   17.03500 -155.96700   30.8129  123.7304   17.55200    0.03719
 13.9667   17.25200 -155.92500   30.8774  123.7546   17.38000    0.00841
 13.9750   17.47000 -155.88200   30.9413  123.7786   17.14500   -0.01521
 13.9833   17.68800 -155.83800   31.0044  123.8021   17.04100   -0.02052
 13.9917   17.90600 -155.79401   31.0665  123.8254   16.99800   -0.01448
 14.0000   18.12500 -155.75000   31.1281  123.8485   16.84500   -0.01762
 14.0083   18.34400 -155.70599   31.1887  123.8714   16.68000   -0.03231
 14.0167   18.56400 -155.66200   31.2488  123.8942   16.56700   -0.03836
 14.0250   18.78300 -155.61600   31.3079  123.9163   16.48300   -0.04108
 14.0333   19.00300 -155.57100   31.3663  123.9384   16.34900   -0.04717
 14.0417   19.22300 -155.52400   31.4240  123.9600   16.21500   -0.05118
 14.0500   19.44300 -155.47800   31.4809  123.9815   16.16000   -0.05365
 14.0583   19.66400 -155.42999   31.5373  124.0026   16.05800   -0.04758
 14.0667   19.88400 -155.38200   31.5927  124.0234   16.00200   -0.04649
 14.0750   20.10500 -155.33299   31.6476  124.0439   15.92100   -0.03606
 14.0833   20.32600 -155.28400   31.7017  124.0643   15.88600   -0.01762
 14.0917   20.54800 -155.23399   31.7554  124.0844   15.88900   -0.00130
 14.1000   20.76900 -155.18300   31.8082  124.1040   15.80600    0.00794
 14.1083   20.99100 -155.13200   31.8605  124.1236   15.72700    0.00163
 14.1167   21.21200 -155.08000   31.9119  124.1427   15.62900    0.00718
 14.1250   21.43400 -155.02800   31.9628  124.1618   15.62000    0.01961
 14.1333   21.65600 -154.97501   32.0131  124.1805   15.58300    0.03281
 14.1417   21.87900 -154.92101   32.0630  124.1990   15.48500    0.03465
 14.1500   22.10100 -154.86700   32.1120  124.2173   15.39700    0.03716
 14.1583   22.32400 -154.81200   32.1606  124.2353   15.35600    0.03715
 14.1667   22.54700 -154.75700   32.2086  124.2532   15.23300    0.05186
 14.1750   22.77000 -154.70200   32.2559  124.2709   15.22600    0.05139
 14.1833   22.99400 -154.64600   32.3029  124.2884   15.08000    0.05201
 14.1917   23.21800 -154.59000   32.3492  124.3057   14.95300    0.02733
 14.2000   23.44200 -154.53300   32.3950  124.3228   14.78600    0.01371
 14.2083   23.66700 -154.47600   32.4404  124.3398   14.70700    0.00125
 14.2167   23.89100 -154.41800   32.4851  124.3564   14.58500    0.00006
 14.2250   24.11600 -154.35899   32.5294  124.3729   14.48700   -0.01616
 14.2333   24.34100 -154.30000   32.5732  124.3892   14.31300   -0.02301
 14.2417   24.56600 -154.24001   32.6165  124.4053   14.24800   -0.03242
 14.2500   24.79100 -154.17900   32.6592  124.4211   14.13200   -0.02614
 14.2583   25.01700 -154.11800   32.7016  124.4368   14.05000   -0.03774
 14.2667   25.24200 -154.05600   32.7434  124.4523   13.88000   -0.03719
 14.2750   25.46800 -153.99400   32.7848  124.4676   13.84200   -0.03238
 14.2833   25.69400 -153.93100   32.8257  124.4828   13.79700   -0.02115
 14.2917   25.92000 -153.86700   32.8661  124.4977   13.67500   -0.00513
 14.3000   26.14600 -153.80299   32.9061  124.5125   13.67500   -0.01031
 14.3083   26.37300 -153.73801   32.9458  124.5271   13.51500   -0.01174
 14.3167   26.59900 -153.67300   32.9848  124.5416   13.42800   -0.02545
 14.3250   26.82600 -153.60699   33.0236  124.5559   13.36500   -0.02704
 14.3333   27.05300 -153.53999   33.0620  124.5700   13.28600   -0.02976
 14.3417   27.28000 -153.47301   33.0998  124.5840   13.20000   -0.02758
 14.3500   27.50800 -153.40601   33.1375  124.5979   13.17700   -0.03077
 14.3583   27.73600 -153.33800   33.1746  124.6117   13.07100   -0.02672
 14.3667   27.96400 -153.27000   33.2114  124.6253   13.02600   -0.02098
 14.3750   28.19300 -153.20100   33.2479  124.6388   13.01200   -0.00680
 14.3833   28.42100 -153.13100   33.2839  124.6521   12.95300    0.00133
 14.3917   28.65000 -153.06000   33.3196  124.6652   12.87900    0.00135
 14.4000   28.87800 -152.98900   33.3548  124.6782   12.82100    0.00758
 14.4083   29.10700 -152.91701   33.3898  124.6911   12.80000    0.01889
 14.4167   29.33600 -152.84500   33.4244  124.7038   12.75600    0.02696
 14.4250   29.56500 -152.77100   33.4586  124.7163   12.68300    0.01899
 14.4333   29.79500 -152.69800   33.4926  124.7289   12.57400    0.00659
 14.4417   30.02400 -152.62300   33.5261  124.7412   12.50700    0.00190
 14.4500   30.25400 -152.54800   33.5594  124.7534   12.47400    0.00636
 14.4583   30.48400 -152.47200   33.5923  124.7655   12.41500    0.00720
 14.4667   30.71300 -152.39600   33.6248  124.7774   12.32500   -0.00006
 14.4750   30.94300 -152.31900   33.6570  124.7892   12.24800   -0.00848
 14.4833   31.17300 -152.24100   33.6890  124.8009   12.18100   -0.00594
 14.4917   31.40400 -152.16299   33.7207  124.8126   12.14700    0.00023
 14.5000   31.63400 -152.08400   33.7520  124.8240   12.08100   -0.00133
 14.5083   31.86500 -152.00500   33.7831  124.8355   11.97100   -0.00262
 14.5167   32.09600 -151.92500   33.8139  124.8468   11.93800   -0.00470
 14.5250   32.32800 -151.84399   33.8445  124.8580   11.87200    0.00636
 14.5333   32.55900 -151.76300   33.8746  124.8691   11.83000    0.00845
 14.5417   32.79100 -151.68100   33.9046  124.8802   11.75000    0.01357
 14.5500   33.02300 -151.59801   33.9344  124.8911   11.69800    0.00660
 14.5583   33.25500 -151.51500   33.9638  124.9019   11.59600    0.00957
 14.5667   33.48700 -151.43100   33.9929  124.9126   11.56800   -0.00489
 14.5750   33.71900 -151.34599   34.0218  124.9232   11.43000   -0.00398
 14.5833   33.95100 -151.25999   34.0504  124.9336   11.40400   -0.01188
 14.5917   34.18400 -151.17400   34.0788  124.9441   11.33300   -0.00708
 14.6000   34.41600 -151.08701   34.1069  124.9543   11.25700   -0.00521
 14.6083   34.64900 -151.00000   34.1347  124.9646   11.21600   -0.00082
 14.6167   34.88100 -150.91100   34.1623  124.9747   11.15300   -0.00071
 14.6250   35.11400 -150.82201   34.1897  124.9847   11.05400   -0.00139
 14.6333   35.34700 -150.73199   34.2168  124.9947   11.00400    0.00245
 14.6417   35.58000 -150.64200   34.2437  125.0046   10.96000    0.01251
 14.6500   35.81300 -150.55099   34.2704  125.0143   10.88700    0.01969
 14.6583   36.04600 -150.45900   34.2968  125.0240   10.82700    0.02105
 14.6667   36.28000 -150.36600   34.3231  125.0337   10.75600    0.01878
 14.6750   36.51400 -150.27299   34.3491  125.0433   10.66800    0.01785
 14.6833   36.74800 -150.17900   34.3749  125.0528   10.60900    0.01790
 14.6917   36.98200 -150.08400   34.4005  125.0622   10.53700    0.01726
 14.7000   37.21700 -149.98900   34.4260  125.0716   10.43800    0.00800
 14.7083   37.45100 -149.89200   34.4511  125.0808   10.33700   -0.00407
 14.7167   37.68600 -149.79500   34.4762  125.0901   10.25200   -0.00811
 14.7250   37.92000 -149.69701   34.5009  125.0992   10.19100    0.00064
 14.7333   38.15500 -149.59801   34.5255  125.1082   10.14600    0.01281
 14.7417   38.39000 -149.49899   34.5499  125.1172   10.07500    0.02142
 14.7500   38.62500 -149.39799   34.5741  125.1261    9.99600    0.01235
 14.7583   38.86000 -149.29700   34.5982  125.1350    9.87100   -0.00072
 14.7667   39.09500 -149.19501   34.6220  125.1438    9.78000   -0.02146
 14.7750   39.33000 -149.09300   34.6456  125.1526    9.66800   -0.02400
 14.7833   39.56500 -148.98900   34.6690  125.1612    9.62700   -0.02274
 14.7917   39.80000 -148.88499   34.6922  125.1698    9.55900   -0.01330
 14.8000   40.03500 -148.78000   34.7153  125.1783    9.48900   -0.01272
 14.8083   40.27100 -148.67400   34.7382  125.1869    9.41300   -0.00990
 14.8167   40.50600 -148.56700   34.7609  125.1952    9.35800   -0.01444
 14.8250   40.74200 -148.46001   34.7835  125.2037    9.25900   -0.01768
 14.8333   40.97700 -148.35201   34.8058  125.2120    9.19300   -0.03299
 14.8417   41.21300 -148.24200   34.8281  125.2202    9.09400   -0.03667
 14.8500   41.45000 -148.13200   34.8502  125.2285    9.05600   -0.03931
 14.8583   41.68600 -148.02100   34.8721  125.2367    9.00600   -0.03653
 14.8667   41.92300 -147.90900   34.8940  125.2449    8.93600   -0.03765
 14.8750   42.15900 -147.79601   34.9155  125.2529    8.88500   -0.03789
 14.8833   42.39600 -147.68201   34.9370  125.2610    8.84000   -0.03022
 14.8917   42.63200 -147.56700   34.9583  125.2689    8.80600   -0.01915
 14.9000   42.86900 -147.45100   34.9795  125.2768    8.76900   -0.00757
 14.9083   43.10500 -147.33400   35.0005  125.2847    8.72500    0.00304
 14.9167   43.34200 -147.21700   35.0213  125.2926    8.68600    0.01826
 14.9250   43.57900 -147.09801   35.0421  125.3003    8.67000    0.03052
 14.9333   43.81600 -146.97900   35.0626  125.3081    8.61400    0.03682
 14.9417   44.05300 -146.85800   35.0831  125.3158    8.55100    0.03872
 14.9500   44.28900 -146.73700   35.1033  125.3235    8.51900    0.03894
 14.9583   44.52600 -146.61501   35.1234  125.3311    8.45900    0.03567
 14.9667   44.76300 -146.49200   35.1434  125.3387    8.38500    0.02317
 14.9750   45.00000 -146.36800   35.1633  125.3463    8.31600   -0.00056
 14.9833   45.23700 -146.24200   35.1830  125.3537    8.21400   -0.02250
 14.9917   45.47400 -146.11600   35.2026  125.3612    8.15400   -0.04464
 15.0000   45.71100 -145.98900   35.2221  125.3687    8.09200   -0.05931
 15.0083   45.94900 -145.86099   35.2415  125.3761    8.02600   -0.06994
 15.0167   46.18600 -145.73100   35.2607  125.3835    7.98600   -0.06810
 15.0250   46.42400 -145.60001   35.2799  125.3908    7.97800   -0.06723
 15.0333   46.66100 -145.46800   35.2989  125.3981    7.91200   -0.06473
 15.0417   46.89900 -145.33501   35.3178  125.4054    7.88200   -0.06713
 15.0500   47.13700 -145.20000   35.3366  125.4126    7.85900   -0.05478
 15.0583   47.37400 -145.06500   35.3552  125.4198    7.85900   -0.03111
 15.0667   47.61200 -144.92900   35.3737  125.4270    7.88300   -0.00494
 15.0750   47.84900 -144.79100   35.3921  125.4341    7.87500    0.01709
 15.0833   48.08700 -144.65199   35.4104  125.4412    7.86200    0.02608
 15.0917   48.32500 -144.51300   35.4286  125.4484    7.83600    0.03066
 15.1000   48.56200 -144.37199   35.4466  125.4554    7.81300    0.03190
 15.1083   48.80000 -144.22900   35.4646  125.4624    7.78600    0.03009
 15.1167   49.03700 -144.08600   35.4824  125.4694    7.74800    0.03083
 15.1250   49.27500 -143.94200   35.5002  125.4765    7.73300    0.03778
 15.1333   49.51200 -143.79601   35.5178  125.4834    7.72900    0.04599
 15.1417   49.75000 -143.64900   35.5354  125.4904    7.69000    0.03969
 15.1500   49.98700 -143.50101   35.5527  125.4973    7.61200    0.02807
 15.1583   50.22500 -143.35201   35.5701  125.5042    7.57800    0.01561
 15.1667   50.46200 -143.20200   35.5873  125.5111    7.52800    0.01392
 15.1750   50.70000 -143.04900   35.6044  125.5180    7.48800    0.01003
 15.1833   50.93800 -142.89400   35.6215  125.5247    7.44600    0.00909
 15.1917   51.17500 -142.73900   35.6384  125.5315    7.41000    0.00145
 15.2000   51.41300 -142.58200   35.6553  125.5383    7.34800   -0.00473
 15.2083   51.65100 -142.42300   35.6721  125.5451    7.31300   -0.01714
 15.2167   51.88800 -142.26300   35.6887  125.5518    7.24900   -0.02282
 15.2250   52.12600 -142.10201   35.7053  125.5586    7.20600   -0.03593
 15.2333   52.36300 -141.93900   35.7218  125.5653    7.14100   -0.04382
 15.2417   52.60000 -141.77499   35.7381  125.5719    7.09800   -0.03894
 15.2500   52.83800 -141.60899   35.7545  125.5786    7.10300   -0.02127
 15.2583   53.07500 -141.44200   35.7707  125.5853    7.08300    0.00670
 15.2667   53.31200 -141.27299   35.7868  125.5919    7.07600    0.03335
 15.2750   53.54900 -141.10300   35.8028  125.5986    7.07400    0.05355
 15.2833   53.78600 -140.93100   35.8187  125.6052    7.02900    0.04747
 15.2917   54.02300 -140.75800   35.8346  125.6118    6.92500    0.03401
 15.3000   54.26000 -140.58299   35.8504  125.6184    6.89700    0.02232
 15.3083   54.49700 -140.40700   35.8660  125.6250    6.85900    0.02311
 15.3167   54.73300 -140.22900   35.8816  125.6316    6.80200    0.01768
 15.3250   54.97000 -140.05000   35.8971  125.6382    6.75000    0.00974
 15.3333   55.20600 -139.86900   35.9125  125.6447    6.69900    0.00388
 15.3417   55.44300 -139.68401   35.9279  125.6513    6.64500    0.00059
 15.3500   55.67900 -139.49699   35.9432  125.6578    6.60000   -0.00411
 15.3583   55.91600 -139.30800   35.9585  125.6643    6.54100   -0.00713
 15.3667   56.15200 -139.11800   35.9737  125.6708    6.49100   -0.01031
 15.3750   56.38800 -138.92599   35.9887  125.6772    6.45000   -0.01185
 15.3833   56.62400 -138.73100   36.0038  125.6837    6.40600   -0.01727
 15.3917   56.86000 -138.53500   36.0187  125.6902    6.35300   -0.03729
 15.4000   57.09600 -138.33701   36.0336  125.6967    6.26800   -0.05879
 15.4083   57.33100 -138.13699   36.0483  125.7031    6.22500   -0.07156
 15.4167   57.56700 -137.93500   36.0631  125.7096    6.20800   -0.06225
 15.4250   57.80200 -137.73100   36.0777  125.7160    6.20300   -0.05982
 15.4333   58.03700 -137.52499   36.0922  125.7225    6.13800   -0.05976
 15.4417   58.27200 -137.31700   36.1067  125.7290    6.11500   -0.05261
 15.4500   58.50700 -137.10600   36.1211  125.7354    6.13800   -0.02890
 15.4583   58.74200 -136.89400   36.1355  125.7419    6.13500    0.00335
 15.4667   58.97600 -136.67900   36.1498  125.7483    6.14700    0.02993
 15.4750   59.21000 -136.46201   36.1640  125.7547    6.15300    0.04143
 15.4833   59.44400 -136.24300   36.1781  125.7612    6.10000    0.04521
 15.4917   59.67800 -136.02200   36.1922  125.7677    6.08300    0.03686
 15.5000   59.91200 -135.79800   36.2062  125.7741    6.04700    0.02794
 15.5083   60.14500 -135.56900   36.2201  125.7805    5.99100    0.01744
 15.5167   60.37900 -135.33701   36.2341  125.7869    5.96800    0.01567
 15.5250   60.61200 -135.10201   36.2480  125.7933    5.95800    0.02444
 15.5333   60.84500 -134.86501   36.2618  125.7997    5.93200    0.04617
 15.5417   61.07800 -134.62500   36.2755  125.8061    5.94400    0.05353
 15.5500   61.31000 -134.38300   36.2892  125.8125    5.87800    0.04506
 15.5583   61.54200 -134.13699   36.3028  125.8189    5.79300    0.01039
 15.5667   61.77400 -133.88901   36.3163  125.8253    5.71800   -0.00225
 15.5750   62.00600 -133.63699   36.3298  125.8318    5.72600    0.00438
 15.5833   62.23700 -133.38300   36.3432  125.8382    5.70500    0.00819
 15.5917   62.46800 -133.12601   36.3566  125.8446    5.61700   -0.00658
 15.6000   62.69900 -132.86600   36.3699  125.8510    5.56000   -0.02279
 15.6083   62.93000 -132.60201   36.3832  125.8575    5.52900   -0.03541
 15.6167   63.16000 -132.33600   36.3964  125.8639    5.44700   -0.02561
 15.6250   63.39000 -132.06599   36.4095  125.8704    5.45700   -0.01108
 15.6333   63.61900 -131.79300   36.4225  125.8768    5.44000    0.02628
 15.6417   63.84900 -131.51700   36.4356  125.8834    5.43400    0.04362
 15.6500   64.07700 -131.23700   36.4485  125.8898    5.38300    0.04558
 15.6583   64.30600 -130.95300   36.4614  125.8963    5.31800    0.03112
 15.6667   64.53400 -130.66701   36.4742  125.9028    5.25900    0.01824
 15.6750   64.76200 -130.37100   36.4871  125.9093    5.21400   -0.00224
 15.6833   64.98900 -130.07201   36.4999  125.9157    5.12700   -0.01926
 15.6917   65.21600 -129.76900   36.5126  125.9221    5.08300   -0.03638
 15.7000   65.44300 -129.46201   36.5253  125.9286    5.04400   -0.03541
 15.7083   65.66900 -129.15100   36.5379  125.9351    5.01700   -0.04058
 15.7167   65.89500 -128.83501   36.5505  125.9416    4.95400   -0.04087
 15.7250   66.12000 -128.51500   36.5630  125.9481    4.92500   -0.03318
 15.7333   66.34500 -128.19000   36.5755  125.9546    4.92200   -0.01687
 15.7417   66.56900 -127.86100   36.5879  125.9611    4.88700   -0.00792
 15.7500   66.79300 -127.52700   36.6003  125.9677    4.83700   -0.00676
 15.7583   67.01700 -127.18900   36.6126  125.9743    4.80900   -0.00500
 15.7667   67.24000 -126.84500   36.6249  125.9808    4.77600    0.01532
 15.7750   67.46200 -126.49600   36.6371  125.9874    4.78400    0.02349
 15.7833   67.68400 -126.14300   36.6493  125.9940    4.71900    0.03894
 15.7917   67.90500 -125.78400   36.6614  126.0006    4.70700    0.03772
 15.8000   68.12600 -125.41900   36.6735  126.0072    4.65800    0.04207
 15.8083   68.34600 -125.04900   36.6855  126.0139    4.60800    0.04285
 15.8167   68.56600 -124.67400   36.6975  126.0206    4.58600    0.04365
 15.8250   68.78500 -124.29300   36.7094  126.0272    4.54100    0.02909
 15.8333   69.00300 -123.90500   36.7213  126.0339    4.44500    0.00575
 15.8417   69.22100 -123.50600   36.7332  126.0406    4.39600   -0.02441
 15.8500   69.43700 -123.10000   36.7450  126.0472    4.32900   -0.02563
 15.8583   69.65300 -122.68700   36.7568  126.0538    4.32000   -0.03455
 15.8667   69.86900 -122.26800   36.7686  126.0605    4.24100   -0.05320
 15.8750   70.08300 -121.84100   36.7803  126.0672    4.13800   -0.06711
 15.8833   70.29700 -121.40700   36.7920  126.0739    4.14600   -0.04860
 15.8917   70.51000 -120.96600   36.8036  126.0807    4.17400   -0.00825
 15.9000   70.72200 -120.51800   36.8152  126.0874    4.14600    0.01948
 15.9083   70.93300 -120.06100   36.8267  126.0941    4.11700    0.02410
 15.9167   71.14400 -119.59600   36.8382  126.1010    4.07800    0.01996
 15.9250   71.35400 -119.12400   36.8496  126.1078    4.02700    0.00227
 15.9333   71.56200 -118.64200   36.8610  126.1146    3.96100   -0.02836
 15.9417   71.77000 -118.15300   36.8724  126.1215    3.88300   -0.05132
 15.9500   71.97700 -117.65400   36.8837  126.1283    3.86000   -0.05187
 15.9583   72.18300 -117.14600   36.8950  126.1352    3.86900   -0.03411
 15.9667   72.38800 -116.62900   36.9062  126.1422    3.85200   -0.00850
 15.9750   72.59100 -116.10200   36.9174  126.1491    3.85300    0.00252
 15.9833   72.79400 -115.56500   36.9285  126.1560    3.81300    0.01784
 15.9917   72.99600 -115.01900   36.9396  126.1631    3.80600    0.01535
 16.0000   73.19600 -114.46100   36.9507  126.1700    3.75200    0.01012
 16.0083   73.39500 -113.88500   36.9618  126.1770    3.70800    0.00667
 16.0167   73.59200 -113.29800   36.9728  126.1840    3.71200    0.00601
 16.0250   73.78800 -112.69900   36.9838  126.1910    3.66600    0.00086
 16.0333   73.98200 -112.08700   36.9948  126.1979    3.60300   -0.00271
 16.0417   74.17500 -111.46400   37.0057  126.2050    3.60500    0.00466
 16.0500   74.36700 -110.82800   37.0166  126.2120    3.59000    0.02223
 16.0583   74.55700 -110.17900   37.0274  126.2191    3.55100    0.02891
 16.0667   74.74600 -109.51600   37.0383  126.2262    3.51200    0.04196
 16.0750   74.93300 -108.84000   37.0490  126.2333    3.50800    0.07201
 16.0833   75.11800 -108.15000   37.0598  126.2405    3.51800    0.09676
 16.0917   75.30200 -107.44500   37.0705  126.2477    3.45900    0.07179
 16.1000   75.48400 -106.72600   37.0811  126.2549    3.29900    0.03032
 16.1083   75.66400 -105.99100   37.0917  126.2621    3.25600    0.00109
 16.1167   75.84200 -105.24100   37.1023  126.2694    3.23500    0.01651
 16.1250   76.01900 -104.47500   37.1128  126.2767    3.21100    0.01238
 16.1333   76.19300 -103.69300   37.1233  126.2840    3.10400   -0.00376
 16.1417   76.36500 -102.89400   37.1338  126.2913    3.04300   -0.02679
 16.1500   76.53600 -102.07700   37.1442  126.2988    3.00000   -0.03746
 16.1583   76.70400 -101.24400   37.1546  126.3062    2.93500   -0.04883
 16.1667   76.86900 -100.39200   37.1649  126.3136    2.87200   -0.04811
 16.1750   77.03100  -99.51200   37.1753  126.3209    2.86500   -0.04546
 16.1833   77.19000  -98.61300   37.1857  126.3283    2.80900   -0.03791
 16.1917   77.34700  -97.69500   37.1960  126.3357    2.76700   -0.04378
 16.2000   77.50100  -96.75700   37.2062  126.3432    2.72200   -0.04949
 16.2083   77.65200  -95.79900   37.2165  126.3506    2.66400   -0.04340
 16.2167   77.80100  -94.82100   37.2267  126.3582    2.65700   -0.01921
 16.2250   77.94600  -93.82200   37.2369  126.3657    2.67000    0.01707
 16.2333   78.08900  -92.80300   37.2470  126.3733    2.65600    0.04365
 16.2417   78.22800  -91.76200   37.2571  126.3809    2.62600    0.05419
 16.2500   78.36400  -90.69900   37.2672  126.3885    2.59400    0.04003
 16.2583   78.49600  -89.61600   37.2772  126.3961    2.50600    0.02564
 16.2667   78.62600  -88.51000   37.2872  126.4039    2.47700    0.00536
 16.2750   78.75100  -87.38300   37.2972  126.4116    2.43100   -0.00748
 16.2833   78.87300  -86.23400   37.3071  126.4193    2.37000   -0.03349
 16.2917   78.99100  -85.06400   37.3170  126.4271    2.30300   -0.04926
 16.3000   79.10600  -83.87100   37.3268  126.4350    2.28800   -0.04195
 16.3083   79.21600  -82.65700   37.3366  126.4429    2.29300   -0.02047
 16.3167   79.32200  -81.42200   37.3464  126.4507    2.26300   -0.01374
 16.3250   79.42400  -80.16600   37.3561  126.4587    2.19600   -0.01066
 16.3333   79.52100  -78.88900   37.3658  126.4666    2.18700   -0.00473
 16.3417   79.61200  -77.58200   37.3756  126.4745    2.16800    0.02129
 16.3500   79.69800  -76.25600   37.3853  126.4824    2.16700    0.03490
 16.3583   79.78000  -74.91100   37.3950  126.4904    2.12400    0.03444
 16.3667   79.85600  -73.54800   37.4047  126.4984    2.06400    0.02898
 16.3750   79.92800  -72.16700   37.4143  126.5064    2.05200    0.01515
 16.3833   79.99500  -70.77000   37.4239  126.5145    1.98700    0.00483
 16.3917   80.05600  -69.35700   37.4335  126.5226    1.93900   -0.01703
 16.4000   80.11300  -67.93000   37.4430  126.5307    1.88800   -0.02783
 16.4083   80.16400  -66.48900   37.4525  126.5389    1.85600   -0.02965
 16.4167   80.21000  -65.03700   37.4619  126.5471    1.83400   -0.01603
 16.4250   80.25000  -63.57400   37.4714  126.5553    1.83000   -0.01219
 16.4333   80.28500  -62.10200   37.4808  126.5636    1.76600   -0.01207
 16.4417   80.31500  -60.62100   37.4901  126.5719    1.73300   -0.00958
 16.4500   80.33900  -59.13500   37.4994  126.5803    1.73600   -0.00121
 16.4583   80.35800  -57.64400   37.5087  126.5887    1.68900    0.01510
 16.4667   80.37100  -56.14900   37.5180  126.5971    1.68100    0.00933
 16.4750   80.37800  -54.65300   37.5272  126.6056    1.62100    0.00454
 16.4833   80.38000  -53.15600   37.5364  126.6141    1.58500   -0.01093
 16.4917   80.37700  -51.66100   37.5456  126.6227    1.55000   -0.01521
 16.5000   80.36800  -50.17000   37.5547  126.6312    1.52700   -0.01191
 16.5083   80.35100  -48.68000   37.5638  126.6398    1.51300   -0.00395
 16.5167   80.32800  -47.19700   37.5730  126.6483    1.49300   -0.01316
 16.5250   80.30000  -45.72300   37.5821  126.6569    1.41900   -0.03070
 16.5333   80.26600  -44.25800   37.5912  126.6655    1.38200   -0.04519
 16.5417   80.22800  -42.80400   37.6003  126.6742    1.37200   -0.03520
 16.5500   80.18400  -41.36300   37.6093  126.6829    1.37200   -0.01388
 16.5583   80.13500  -39.93500   37.6183  126.6917    1.37100    0.00175
 16.5667   80.08100  -38.52200   37.6273  126.7005    1.34400    0.01009
 16.5750   80.02200  -37.12500   37.6362  126.7093    1.32400    0.00934
 16.5833   79.95800  -35.74400   37.6451  126.7182    1.29400    0.00957
 16.5917   79.89000  -34.38100   37.6540  126.7271    1.26900    0.00965
 16.6000   79.81700  -33.03600   37.6628  126.7361    1.24600    0.01868
 16.6083   79.74000  -31.71000   37.6716  126.7451    1.24400    0.02270
 16.6167   79.65900  -30.40400   37.6803  126.7541    1.20600    0.02776
 16.6250   79.57300  -29.11700   37.6891  126.7632    1.18600    0.02609
 16.6333   79.48300  -27.85100   37.6978  126.7724    1.15900    0.02185
 16.6417   79.39000  -26.60600   37.7064  126.7815    1.10700    0.02226
 16.6500   79.29200  -25.38200   37.7151  126.7908    1.09600    0.01392
 16.6583   79.19100  -24.17900   37.7237  126.8000    1.03900    0.01702
 16.6667   79.08600  -22.99700   37.7322  126.8093    1.01700    0.01641
 16.6750   78.97500  -21.84200   37.7409  126.8186    0.99000    0.02192
 16.6833   78.86000  -20.70900   37.7495  126.8278    0.94600    0.03021
 16.6917   78.74300  -19.59800   37.7580  126.8372    0.92800    0.02784
 16.7000   78.62200  -18.50700   37.7666  126.8466    0.86600    0.02267
 16.7083   78.49800  -17.43900   37.7751  126.8560    0.81300    0.01876
 16.7167   78.37100  -16.39100   37.7836  126.8654    0.80000    0.01496
 16.7250   78.24200  -15.36400   37.7920  126.8749    0.74000    0.01573
 16.7333   78.10900  -14.35700   37.8005  126.8845    0.70200   -0.00373
 16.7417   77.97500  -13.37100   37.8088  126.8941    0.63000   -0.02220
 16.7500   77.83800  -12.40500   37.8172  126.9037    0.57600   -0.04896
 16.7583   77.69800  -11.45800   37.8255  126.9134    0.51600   -0.05960
 16.7667   77.55700  -10.53100   37.8338  126.9231    0.49500   -0.06237
 16.7750   77.41300   -9.62200   37.8421  126.9329    0.46600   -0.05337
 16.7833   77.26700   -8.73100   37.8503  126.9428    0.44700   -0.04435
 16.7917   77.11900   -7.85900   37.8585  126.9526    0.43300   -0.03965
 16.8000   76.97000   -7.00400   37.8666  126.9626    0.39800   -0.03728
 16.8083   76.81800   -6.16600   37.8748  126.9725    0.37700   -0.03454
 16.8167   76.66500   -5.34500   37.8828  126.9826    0.36800   -0.02319
 16.8250   76.51000   -4.54000   37.8909  126.9926    0.36500   -0.01611
 16.8333   76.35400   -3.75100   37.8989  127.0028    0.33700   -0.01836
 16.8417   76.19300   -2.98600   37.9070  127.0128    0.30700   -0.02615
 16.8500   76.03100   -2.23600   37.9151  127.0229    0.29300   -0.02223
 16.8583   75.86800   -1.50100   37.9231  127.0331    0.30600   -0.00923
 16.8667   75.70300   -0.78000   37.9311  127.0433    0.30600    0.00592
 16.8750   75.53700   -0.07300   37.9391  127.0535    0.30200    0.00773
 16.8833   75.37000    0.62100   37.9471  127.0638    0.27800    0.00467
 16.8917   75.20200    1.30200   37.9550  127.0742    0.26800   -0.00912
 16.9000   75.03300    1.96900   37.9628  127.0845    0.23700   -0.01857
 16.9083   74.86200    2.62500   37.9707  127.0950    0.23000   -0.02688
 16.9167   74.69100    3.26800   37.9785  127.1055    0.22800   -0.02923
 16.9250   74.51900    3.90000   37.9863  127.1161    0.21800   -0.03159
 16.9333   74.34600    4.52100   37.9940  127.1266    0.21300   -0.03780
 16.9417   74.17200    5.13000   38.0017  127.1373    0.19700   -0.03274
 16.9500   73.99700    5.72900   38.0094  127.1480    0.21900   -0.02395
 16.9583   73.82200    6.31700   38.0171  127.1588    0.22300   -0.00959
 16.9667   73.64600    6.89600   38.0247  127.1696    0.22400    0.01283
 16.9750   73.46900    7.46400   38.0322  127.1804    0.27100    0.02912
 16.9833   73.29200    8.02400   38.0398  127.1914    0.25900    0.04793
 16.9917   73.11400    8.57400   38.0473  127.2023    0.27000    0.04805
 17.0000   72.93500    9.11500   38.0547  127.2134    0.25900    0.04193
 17.0083   72.75300    9.63900   38.0623  127.2243    0.22500    0.02606
 17.0167   72.57100   10.15500   38.0699  127.2353    0.20100    0.01410
 17.0250   72.38900   10.66200   38.0774  127.2464    0.20100    0.00836
 17.0333   72.20600   11.16200   38.0848  127.2575    0.18400    0.00468
 17.0417   72.02200   11.65500   38.0923  127.2687    0.16600    0.00008
 17.0500   71.83900   12.14000   38.0996  127.2799    0.16000    0.00762
 17.0583   71.65500   12.61800   38.1070  127.2912    0.17500    0.01687
 17.0667   71.47000   13.08900   38.1144  127.3025    0.15800    0.01842
 17.0750   71.28500   13.55300   38.1217  127.3139    0.12400    0.00994
 17.0833   71.10000   14.01000   38.1289  127.3254    0.10900   -0.01064
 17.0917   70.91500   14.46200   38.1361  127.3369    0.05600   -0.01690
 17.1000   70.72900   14.90700   38.1433  127.3484    0.07100   -0.02206
 17.1083   70.54300   15.34600   38.1505  127.3600    0.06400   -0.01399
 17.1167   70.35700   15.78000   38.1576  127.3717    0.05800   -0.01834
 17.1250   70.17100   16.20700   38.1647  127.3834    0.03900   -0.03381
 17.1333   69.98500   16.63000   38.1717  127.3952    0.00000   -0.04432
 17.1417   69.79800   17.04700   38.1788  127.4071    0.01000   -0.04831
 17.1500   69.61100   17.45900   38.1857  127.4190    0.01200   -0.03873
 17.1583   69.42500   17.86500   38.1926  127.4309    0.01900   -0.03467
 17.1667   69.23800   18.26700   38.1995  127.4429    0.01800   -0.03379
 17.1750   69.04800   18.65700   38.2066  127.4549    0.01700   -0.02772
 17.1833   68.85900   19.04100   38.2135  127.4669    0.04800   -0.01441
 17.1917   68.67000   19.42200   38.2205  127.4790    0.07500    0.00041
 17.2000   68.48000   19.79800   38.2274  127.4911    0.08300   -0.00005
 17.2083   68.29100   20.17000   38.2342  127.5033    0.06900   -0.00917
 17.2167   68.10100   20.53800   38.2411  127.5155    0.07300   -0.01900
 17.2250   67.91200   20.90200   38.2479  127.5278    0.08200   -0.02286
 17.2333   67.72200   21.26300   38.2546  127.5402    0.08700   -0.01380
 17.2417   67.53200   21.61900   38.2614  127.5527    0.13100   -0.01183
 17.2500   67.34300   21.97200   38.2680  127.5651    0.11500    0.00723
 17.2583   67.15300   22.32200   38.2747  127.5777    0.17500    0.01439
 17.2667   66.96400   22.66800   38.2813  127.5903    0.17800    0.03193
 17.2750   66.77400   23.01100   38.2879  127.6030    0.19400    0.03874
 17.2833   66.58500   23.35000   38.2944  127.6157    0.21600    0.04103
 17.2917   66.39600   23.68700   38.3009  127.6285    0.20500    0.03980
 17.3000   66.20600   24.02000   38.3074  127.6414    0.20900    0.02459
 17.3083   66.01700   24.35100   38.3138  127.6543    0.18700    0.01518
 17.3167   65.82800   24.67800   38.3201  127.6672    0.19500   -0.00142
 17.3250   65.63900   25.00300   38.3265  127.6803    0.17400   -0.00534
 17.3333   65.45000   25.32500   38.3328  127.6934    0.19000   -0.01512
 17.3417   65.25900   25.63700   38.3392  127.7065    0.17200   -0.00846
 17.3500   65.06900   25.94600   38.3456  127.7195    0.20000   -0.00825
 17.3583   64.87800   26.25300   38.3519  127.7327    0.19100    0.00290
 17.3667   64.68800   26.55800   38.3582  127.7460    0.20500    0.00069
 17.3750   64.49700   26.86000   38.3645  127.7593    0.18700    0.01110
 17.3833   64.30700   27.16000   38.3707  127.7726    0.21700    0.02042
 17.3917   64.11700   27.45800   38.3769  127.7861    0.22800    0.03213
 17.4000   63.92700   27.75400   38.3831  127.7996    0.21700    0.02592
 17.4083   63.73700   28.04800   38.3892  127.8132    0.18800    0.01612
 17.4167   63.54800   28.33900   38.3952  127.8268    0.18700    0.00499
 17.4250   63.35900   28.62900   38.4012  127.8404    0.17400    0.00842
 17.4333   63.16900   28.91600   38.4073  127.8542    0.19300   -0.00014
 17.4417   62.98000   29.20200   38.4132  127.8680    0.15300   -0.00223
 17.4500   62.79100   29.48600   38.4191  127.8819    0.16000   -0.01053
 17.4583   62.60300   29.76800   38.4249  127.8959    0.16000   -0.01466
 17.4667   62.41400   30.04800   38.4308  127.9099    0.13300   -0.02099
 17.4750   62.22600   30.32700   38.4366  127.9240    0.13200   -0.02806
 17.4833   62.03800   30.60400   38.4423  127.9381    0.12700   -0.02526
 17.4917   61.85000   30.87900   38.4480  127.9523    0.13500   -0.01627
 17.5000   61.66300   31.15300   38.4536  127.9666    0.15700   -0.00977
 17.5083   61.47300   31.41800   38.4594  127.9809    0.14800   -0.00498
 17.5167   61.28400   31.68200   38.4652  127.9952    0.15200   -0.00438
 17.5250   61.09500   31.94500   38.4709  128.0096    0.16200    0.00059
 17.5333   60.90700   32.20600   38.4765  128.0240    0.16800    0.00263
 17.5417   60.71800   32.46600   38.4822  128.0385    0.16200    0.00492
 17.5500   60.53000   32.72500   38.4877  128.0531    0.17400   -0.00166
 17.5583   60.34200   32.98300   38.4932  128.0678    0.15100   -0.00090
 17.5667   60.15400   33.23900   38.4987  128.0825    0.17000   -0.00193
 17.5750   59.96700   33.49400   38.5042  128.0973    0.17500    0.00851
 17.5833   59.77900   33.74800   38.5096  128.1122    0.18900    0.01909
 17.5917   59.59200   34.00000   38.5149  128.1271    0.20700    0.02153
 17.6000   59.40600   34.25200   38.5202  128.1421    0.18100    0.01986
 17.6083   59.21900   34.50200   38.5255  128.1572    0.17900    0.01174
 17.6167   59.03300   34.75100   38.5307  128.1723    0.17200    0.01430
 17.6250   58.84700   34.99900   38.5359  128.1875    0.18200    0.01454
 17.6333   58.66100   35.24700   38.5410  128.2028    0.17200    0.00699
 17.6417   58.47600   35.49300   38.5461  128.2181    0.14100    0.00403
 17.6500   58.29000   35.73800   38.5512  128.2336    0.16700    0.00042
 17.6583   58.10500   35.98200   38.5562  128.2491    0.15600   -0.00115
 17.6667   57.92100   36.22500   38.5611  128.2646    0.13100   -0.01229
 17.6750   57.73500   36.46200   38.5662  128.2802    0.12300   -0.01947
 17.6833   57.54900   36.69700   38.5712  128.2958    0.12500   -0.02793
 17.6917   57.36300   36.93200   38.5762  128.3115    0.09700   -0.02853
 17.7000   57.17700   37.16600   38.5812  128.3273    0.12000   -0.02531
 17.7083   56.99200   37.39900   38.5861  128.3431    0.13700   -0.01491
 17.7167   56.80700   37.63200   38.5909  128.3591    0.13500   -0.01261
 17.7250   56.62300   37.86300   38.5957  128.3750    0.13200   -0.00737
 17.7333   56.43900   38.09400   38.6005  128.3910    0.16200   -0.00448
 17.7417   56.25400   38.32400   38.6052  128.4072    0.15400   -0.00030
 17.7500   56.07100   38.55400   38.6099  128.4234    0.15600   -0.00554
 17.7583   55.88700   38.78300   38.6145  128.4397    0.15500   -0.00394
 17.7667   55.70400   39.01100   38.6191  128.4561    0.17400    0.00046
 17.7750   55.52100   39.23900   38.6236  128.4725    0.18900    0.00412
 17.7833   55.33800   39.46600   38.6281  128.4890    0.18700    0.00052
 17.7917   55.15600   39.69200   38.6325  128.5056    0.18100   -0.00144
 17.8000   54.97400   39.91800   38.6368  128.5222    0.20300    0.00200
 17.8083   54.79200   40.14300   38.6412  128.5390    0.22200    0.00296
 17.8167   54.61100   40.36700   38.6454  128.5558    0.20700   -0.00436
 17.8250   54.43000   40.59100   38.6497  128.5726    0.20000   -0.01082
 17.8333   54.24900   40.81400   38.6538  128.5896    0.22300   -0.01258
 17.8417   54.06700   41.03200   38.6581  128.6066    0.22900   -0.01449
 17.8500   53.88500   41.24900   38.6624  128.6236    0.22300   -0.01540
 17.8583   53.70300   41.46500   38.6666  128.6407    0.25000   -0.01576
 17.8667   53.52100   41.68100   38.6708  128.6580    0.25800   -0.00816
 17.8750   53.34000   41.89700   38.6749  128.6752    0.28300   -0.00535
 17.8833   53.15900   42.11200   38.6790  128.6926    0.29400   -0.00892
 17.8917   52.97900   42.32700   38.6830  128.7100    0.28000   -0.00953
 17.9000   52.79900   42.54100   38.6870  128.7275    0.31700   -0.00848
 17.9083   52.61900   42.75500   38.6909  128.7451    0.33800   -0.00130
 17.9167   52.43900   42.96800   38.6947  128.7628    0.35000   -0.00036
 17.9250   52.26000   43.18200   38.6985  128.7805    0.36700   -0.00275
 17.9333   52.08100   43.39400   38.7023  128.7984    0.37900   -0.00814
 17.9417   51.90200   43.60700   38.7060  128.8163    0.38200   -0.01028
 17.9500   51.72300   43.81900   38.7096  128.8344    0.41200   -0.01330
 17.9583   51.54500   44.03000   38.7132  128.8524    0.41900   -0.01112
 17.9667   51.36700   44.24200   38.7168  128.8706    0.44200   -0.01272
 17.9750   51.19000   44.45300   38.7202  128.8888    0.46100   -0.00926
 17.9833   51.01300   44.66300   38.7236  128.9071    0.49000   -0.00705
 17.9917   50.83600   44.87300   38.7270  128.9255    0.50800   -0.00146
 18.0000   50.65900   45.08300   38.7303  128.9440    0.53800    0.00716
 18.0083   50.48100   45.28800   38.7338  128.9625    0.57600    0.01108
 18.0167   50.30400   45.49200   38.7372  128.9810    0.57600    0.01008
 18.0250   50.12600   45.69700   38.7406  128.9998    0.58600    0.00477
 18.0333   49.94900   45.90100   38.7438  129.0185    0.60400    0.00808
 18.0417   49.77200   46.10400   38.7471  129.0374    0.63300    0.01846
 18.0500   49.59600   46.30800   38.7503  129.0563    0.66600    0.03232
 18.0583   49.42000   46.51100   38.7534  129.0753    0.69700    0.03194
 18.0667   49.24400   46.71400   38.7565  129.0944    0.67000    0.03211
 18.0750   49.06800   46.91700   38.7595  129.1136    0.70200    0.02472
 18.0833   48.89300   47.12000   38.7624  129.1329    0.70000    0.02643
 18.0917   48.71800   47.32200   38.7653  129.1523    0.70400    0.02071
 18.1000   48.54300   47.52500   38.7682  129.1717    0.70600    0.00848
 18.1083   48.36900   47.72700   38.7709  129.1913    0.67600   -0.00477
 18.1167   48.19500   47.92800   38.7737  129.2108    0.67400   -0.01318
 18.1250   48.02100   48.13000   38.7763  129.2306    0.69000   -0.00625
 18.1333   47.84800   48.33100   38.7789  129.2503    0.71600    0.00128
 18.1417   47.67500   48.53300   38.7814  129.2702    0.71300    0.00032
 18.1500   47.50200   48.73400   38.7839  129.2902    0.69600   -0.00143
 18.1583   47.32900   48.93400   38.7864  129.3103    0.71900   -0.00158
 18.1667   47.15700   49.13500   38.7887  129.3304    0.72300    0.00698
 18.1750   46.98400   49.33100   38.7912  129.3506    0.74000    0.00337
 18.1833   46.81000   49.52700   38.7936  129.3709    0.71500   -0.00155
 18.1917   46.63800   49.72300   38.7960  129.3912    0.71700   -0.01342
 18.2000   46.46500   49.91900   38.7983  129.4118    0.70900   -0.01530
 18.2083   46.29300   50.11400   38.8006  129.4323    0.72600   -0.01280
 18.2167   46.12100   50.31000   38.8028  129.4530    0.74400   -0.00729
 18.2250   45.94900   50.50500   38.8049  129.4737    0.74800   -0.00278
 18.2333   45.77800   50.70000   38.8070  129.4945    0.76500   -0.00479
 18.2417   45.60600   50.89500   38.8090  129.5155    0.76000   -0.00465
 18.2500   45.43600   51.09100   38.8109  129.5365    0.77600   -0.01035
 18.2583   45.26500   51.28600   38.8128  129.5577    0.76800   -0.00821
 18.2667   45.09500   51.48000   38.8146  129.5789    0.79800   -0.01108
 18.2750   44.92500   51.67500   38.8164  129.6002    0.79700   -0.01304
 18.2833   44.75500   51.87000   38.8180  129.6217    0.79900   -0.02065
 18.2917   44.58600   52.06400   38.8196  129.6431    0.81000   -0.02258
 18.3000   44.41700   52.25900   38.8212  129.6647    0.83400   -0.01425
 18.3083   44.24800   52.45300   38.8227  129.6864    0.88000   -0.01085
 18.3167   44.08000   52.64800   38.8240  129.7082    0.87200   -0.00594
 18.3250   43.91100   52.84200   38.8254  129.7301    0.90800   -0.01542
 18.3333   43.74300   53.03600   38.8267  129.7521    0.89800   -0.01606
 18.3417   43.57400   53.22600   38.8281  129.7742    0.93100   -0.01757
 18.3500   43.40600   53.41600   38.8295  129.7963    0.96500   -0.01231
 18.3583   43.23700   53.60600   38.8308  129.8186    0.98800   -0.00811
 18.3667   43.06900   53.79500   38.8320  129.8409    1.02000   -0.01093
 18.3750   42.90100   53.98500   38.8332  129.8634    1.02800   -0.01054
 18.3833   42.73400   54.17500   38.8342  129.8860    1.06400   -0.01387
 18.3917   42.56600   54.36500   38.8352  129.9087    1.08000   -0.00195
 18.4000   42.39900   54.55500   38.8362  129.9315    1.15200    0.00260
 18.4083   42.23200   54.74400   38.8371  129.9543    1.15700    0.00590
 18.4167   42.06600   54.93400   38.8378  129.9773    1.17000    0.00409
 18.4250   41.90000   55.12400   38.8385  130.0004    1.22000    0.01254
 18.4333   41.73400   55.31300   38.8392  130.0235    1.27000    0.01698
 18.4417   41.56800   55.50300   38.8398  130.0469    1.26500    0.01675
 18.4500   41.40300   55.69200   38.8403  130.0702    1.29400    0.00588
 18.4583   41.23800   55.88200   38.8407  130.0937    1.29900    0.00584
 18.4667   41.07300   56.07100   38.8411  130.1173    1.33900    0.00190
 18.4750   40.90800   56.26100   38.8414  130.1411    1.35100    0.00259
 18.4833   40.74400   56.45000   38.8416  130.1649    1.37200    0.00002
 18.4917   40.58000   56.64000   38.8417  130.1888    1.39800   -0.00444
 18.5000   40.41600   56.82900   38.8418  130.2128    1.40400   -0.00277
 18.5083   40.25200   57.01400   38.8420  130.2369    1.45400   -0.00435
 18.5167   40.08700   57.20000   38.8421  130.2612    1.46700   -0.00622
 18.5250   39.92300   57.38600   38.8422  130.2856    1.47300   -0.00720
 18.5333   39.75900   57.57100   38.8422  130.3100    1.53200   -0.01701
 18.5417   39.59500   57.75700   38.8421  130.3347    1.51500   -0.02632
 18.5500   39.43200   57.94300   38.8419  130.3593    1.53000   -0.03908
 18.5583   39.26900   58.12800   38.8416  130.3841    1.58100   -0.04267
 18.5667   39.10600   58.31400   38.8413  130.4091    1.61000   -0.03866
 18.5750   38.94300   58.50000   38.8409  130.4342    1.66500   -0.04197
 18.5833   38.78100   58.68600   38.8403  130.4593    1.69200   -0.04119
 18.5917   38.61900   58.87100   38.8398  130.4845    1.74600   -0.04578
 18.6000   38.45700   59.05700   38.8391  130.5099    1.78500   -0.03992
 18.6083   38.29500   59.24300   38.8384  130.5355    1.86400   -0.02920
 18.6167   38.13400   59.42900   38.8375  130.5611    1.94600   -0.01754
 18.6250   37.97300   59.61400   38.8367  130.5868    1.99300   -0.00828
 18.6333   37.81200   59.80000   38.8357  130.6127    2.06400   -0.00462
 18.6417   37.65200   59.98600   38.8345  130.6386    2.12300   -0.00179
 18.6500   37.49100   60.17100   38.8335  130.6647    2.16900    0.01021
 18.6583   37.33100   60.35700   38.8322  130.6909    2.28200    0.02043
 18.6667   37.17200   60.54300   38.8308  130.7172    2.33300    0.03411
 18.6750   37.01100   60.72500   38.8297  130.7437    2.39300    0.03420
 18.6833   36.85000   60.90800   38.8284  130.7704    2.44400    0.04013
 18.6917   36.69000   61.09000   38.8270  130.7970    2.52100    0.03065
 18.7000   36.53000   61.27300   38.8256  130.8239    2.50800    0.02008
 18.7083   36.37100   61.45500   38.8240  130.8508    2.55000    0.00788
 18.7167   36.21100   61.63800   38.8224  130.8780    2.61500    0.00737
 18.7250   36.05200   61.82000   38.8207  130.9052    2.65500    0.00381
 18.7333   35.89300   62.00300   38.8189  130.9325    2.68000   -0.00297
 18.7417   35.73400   62.18600   38.8170  130.9601    2.72400   -0.01088
 18.7500   35.57600   62.36800   38.8150  130.9876    2.74800   -0.00872
 18.7583   35.41700   62.55100   38.8130  131.0154    2.81200   -0.00154
 18.7667   35.25900   62.73400   38.8108  131.0433    2.87400    0.01199
 18.7750   35.10200   62.91700   38.8085  131.0712    2.92400    0.01809
 18.7833   34.94400   63.10000   38.8061  131.0995    2.95100    0.02015
 18.7917   34.78700   63.28200   38.8037  131.1277    2.99600    0.02661
 18.8000   34.63000   63.46500   38.8012  131.1561    3.07000    0.02882
 18.8083   34.47300   63.64800   38.7985  131.1846    3.07700    0.02783
 18.8167   34.31600   63.83100   38.7958  131.2134    3.10700    0.00582
 18.8250   34.16000   64.01400   38.7930  131.2421    3.08200   -0.00819
 18.8333   34.00300   64.19700   38.7901  131.2712    3.13400   -0.02493
 18.8417   33.84700   64.37600   38.7873  131.3002    3.15500   -0.03195
 18.8500   33.69000   64.55600   38.7844  131.3295    3.18100   -0.04242
 18.8583   33.53300   64.73600   38.7814  131.3590    3.21800   -0.04058
 18.8667   33.37700   64.91600   38.7783  131.3885    3.30400   -0.04072
 18.8750   33.22100   65.09600   38.7752  131.4182    3.32600   -0.04008
 18.8833   33.06500   65.27700   38.7718  131.4481    3.37300   -0.04378
 18.8917   32.90900   65.45700   38.7685  131.4782    3.44300   -0.04090
 18.9000   32.75400   65.63700   38.7649  131.5083    3.50400   -0.03218
 18.9083   32.59900   65.81700   38.7614  131.5385    3.59000   -0.02409
 18.9167   32.44400   65.99800   38.7576  131.5690    3.66600   -0.01923
 18.9250   32.28900   66.17800   38.7538  131.5996    3.72300   -0.01619
 18.9333   32.13400   66.35800   38.7500  131.6304    3.81000   -0.01494
 18.9417   31.98000   66.53900   38.7459  131.6613    3.88600   -0.01218
 18.9500   31.82600   66.71900   38.7418  131.6923    3.95500   -0.00325
 18.9583   31.67200   66.89900   38.7376  131.7235    4.07300   -0.00005
 18.9667   31.51800   67.08000   38.7332  131.7549    4.11900    0.00207
 18.9750   31.36500   67.26000   38.7288  131.7864    4.18300   -0.00346
 18.9833   31.21100   67.44100   38.7242  131.8182    4.26500   -0.00300
 18.9917   31.05800   67.62100   38.7196  131.8500    4.34500    0.00798
 19.0000   30.90500   67.80200   38.7148  131.8820    4.46200    0.02084
 19.0083   30.75200   67.97900   38.7102  131.9141    4.55500    0.02702
 19.0167   30.59800   68.15700   38.7054  131.9466    4.60100    0.02732
 19.0250   30.44500   68.33500   38.7005  131.9791    4.69100    0.00956
 19.0333   30.29200   68.51300   38.6955  132.0118    4.68600   -0.00601
 19.0417   30.13900   68.69100   38.6904  132.0447    4.74100   -0.02022
 19.0500   29.98700   68.86900   38.6851  132.0777    4.83900   -0.01594
 19.0583   29.83400   69.04700   38.6798  132.1110    4.93200   -0.00572
 19.0667   29.68200   69.22600   38.6742  132.1444    5.01500   -0.01003
 19.0750   29.53000   69.40400   38.6687  132.1780    5.02700   -0.00419
 19.0833   29.37800   69.58200   38.6630  132.2117    5.16600    0.00246
 19.0917   29.22700   69.76000   38.6571  132.2455    5.24600    0.02097
 19.1000   29.07500   69.93900   38.6511  132.2798    5.31900    0.01946
 19.1083   28.92400   70.11700   38.6451  132.3140    5.35000    0.02442
 19.1167   28.77300   70.29500   38.6389  132.3484    5.47100    0.03510
 19.1250   28.62200   70.47300   38.6326  132.3831    5.57600    0.03918
 19.1333   28.47100   70.65200   38.6261  132.4180    5.57500    0.02386
 19.1417   28.32100   70.83000   38.6195  132.4529    5.58700    0.00019
 19.1500   28.17000   71.00800   38.6129  132.4881    5.64500   -0.01453
 19.1583   28.02000   71.18700   38.6060  132.5235    5.69100   -0.02387
 19.1667   27.87000   71.36500   38.5990  132.5591    5.73300   -0.02575
 19.1750   27.71900   71.54100   38.5922  132.5950    5.83200   -0.01889
 19.1833   27.56900   71.71700   38.5851  132.6309    5.92700   -0.01180
 19.1917   27.41900   71.89300   38.5780  132.6671    5.97200   -0.02119
 19.2000   27.26900   72.06900   38.5707  132.7035    5.98100   -0.01747
 19.2083   27.11900   72.24500   38.5633  132.7402    6.14900   -0.01664
 19.2167   26.96900   72.42100   38.5558  132.7771    6.17900   -0.00592
 19.2250   26.81900   72.59800   38.5480  132.8142    6.25200   -0.01755
 19.2333   26.67000   72.77400   38.5402  132.8514    6.30200   -0.01562
 19.2417   26.52100   72.95000   38.5322  132.8887    6.42300   -0.01861
 19.2500   26.37200   73.12600   38.5242  132.9264    6.47600   -0.01154
 19.2583   26.22300   73.30300   38.5158  132.9643    6.59300   -0.01787
 19.2667   26.07400   73.47900   38.5075  133.0024    6.63500   -0.01252
 19.2750   25.92500   73.65500   38.4990  133.0408    6.75600   -0.01450
 19.2833   25.77700   73.83200   38.4902  133.0792    6.83100   -0.01423
 19.2917   25.62900   74.00800   38.4814  133.1178    6.88500   -0.01204
 19.3000   25.48000   74.18400   38.4725  133.1570    7.01300   -0.00906
 19.3083   25.33200   74.36100   38.4633  133.1961    7.08600    0.01325
 19.3167   25.18500   74.53700   38.4540  133.2353    7.25500    0.02335
 19.3250   25.03700   74.71300   38.4446  133.2750    7.31800    0.04038
 19.3333   24.88900   74.89000   38.4349  133.3149    7.44100    0.03256
 19.3417   24.74100   75.06400   38.4254  133.3551    7.46500    0.02992
 19.3500   24.59300   75.23800   38.4157  133.3955    7.55900    0.01431
 19.3583   24.44600   75.41200   38.4059  133.4360    7.60300    0.00447
 19.3667   24.29800   75.58700   38.3958  133.4770    7.66600   -0.01860
 19.3750   24.15100   75.76100   38.3856  133.5180    7.68300   -0.03983
 19.3833   24.00400   75.93500   38.3753  133.5592    7.74500   -0.05991
 19.3917   23.85600   76.11000   38.3647  133.6011    7.82000   -0.04518
 19.4000   23.70900   76.28400   38.3541  133.6429    8.05700   -0.03118
 19.4083   23.56300   76.45800   38.3432  133.6848    8.12300   -0.02097
 19.4167   23.41600   76.63300   38.3322  133.7272    8.17800   -0.03447
 19.4250   23.26900   76.80700   38.3210  133.7699    8.27100   -0.03987
 19.4333   23.12300   76.98100   38.3097  133.8126    8.39500   -0.03981
 19.4417   22.97600   77.15600   38.2981  133.8559    8.50400   -0.04270
 19.4500   22.83000   77.33000   38.2864  133.8992    8.59900   -0.03617
 19.4583   22.68400   77.50500   38.2744  133.9429    8.79900   -0.03805
 19.4667   22.53800   77.67900   38.2623  133.9868    8.87000   -0.02261
 19.4750   22.39200   77.85300   38.2501  134.0310    9.09300   -0.01515
 19.4833   22.24700   78.02700   38.2377  134.0752    9.25200   -0.01605
 19.4917   22.10100   78.20200   38.2250  134.1201    9.28100   -0.03955
 19.5000   21.95500   78.37600   38.2122  134.1652    9.36400   -0.04600
 19.5083   21.81000   78.54800   38.1994  134.2104    9.64400   -0.03010
 19.5167   21.66400   78.72100   38.1863  134.2561    9.82300   -0.00731
 19.5250   21.51800   78.89300   38.1732  134.3022    9.95700   -0.00879
 19.5333   21.37300   79.06500   38.1598  134.3483   10.08200   -0.01145
 19.5417   21.22800   79.23800   38.1461  134.3947   10.25200   -0.00379
 19.5500   21.08300   79.41000   38.1323  134.4415   10.44900    0.01377
 19.5583   20.93700   79.58300   38.1183  134.4889   10.63200    0.03967
 19.5667   20.79200   79.75500   38.1041  134.5363   10.84500    0.04778
 19.5750   20.64800   79.92800   38.0896  134.5838   10.91200    0.05377
 19.5833   20.50300   80.10000   38.0750  134.6319   11.07300    0.05156
 19.5917   20.35800   80.27200   38.0602  134.6803   11.21900    0.05980
 19.6000   20.21400   80.44500   38.0451  134.7288   11.33900    0.06369
 19.6083   20.06900   80.61700   38.0298  134.7780   11.44900    0.07097
 19.6167   19.92500   80.78900   38.0143  134.8271   11.60100    0.06476
 19.6250   19.78000   80.96200   37.9985  134.8770   11.61200    0.07252
 19.6333   19.63600   81.13400   37.9826  134.9269   11.79600    0.06190
 19.6417   19.49200   81.30600   37.9665  134.9771   11.80100    0.05046
 19.6500   19.34800   81.47800   37.9501  135.0278   11.78100    0.03388
 19.6583   19.20400   81.65000   37.9334  135.0787   11.91100    0.02622
 19.6667   19.06000   81.82200   37.9166  135.1301   11.95800    0.02799
 19.6750   18.91600   81.99200   37.8997  135.1818   11.99600    0.02525
 19.6833   18.77300   82.16300   37.8825  135.2336   12.08500    0.01450
 19.6917   18.62900   82.33300   37.8651  135.2861   12.06900    0.00322
 19.7000   18.48500   82.50400   37.8474  135.3389   12.09300   -0.00816
 19.7083   18.34100   82.67400   37.8295  135.3922   12.17300   -0.00816
 19.7167   18.19800   82.84400   37.8114  135.4455   12.21700   -0.01007
 19.7250   18.05400   83.01500   37.7929  135.4996   12.21400   -0.00908
 19.7333   17.91100   83.18500   37.7742  135.5537   12.29800   -0.01444
 19.7417   17.76800   83.35500   37.7553  135.6082   12.29400    0.00265
 19.7500   17.62500   83.52600   37.7360  135.6631   12.45000    0.02146
 19.7583   17.48100   83.69600   37.7165  135.7188   12.54300    0.04112
 19.7667   17.33800   83.86600   37.6968  135.7745   12.54500    0.05412
 19.7750   17.19500   84.03600   37.6768  135.8307   12.64800    0.05717
 19.7833   17.05300   84.20600   37.6565  135.8869   12.67000    0.03863
 19.7917   16.91000   84.37600   37.6359  135.9438   12.50700    0.01935
 19.8000   16.76700   84.54600   37.6150  136.0013   12.59400   -0.01037
 19.8083   16.62400   84.71600   37.5938  136.0592   12.52300   -0.00896
 19.8167   16.48100   84.88600   37.5723  136.1175   12.57500   -0.00141
 19.8250   16.33900   85.05500   37.5507  136.1758   12.70100    0.01050
 19.8333   16.19600   85.22500   37.5286  136.2350   12.65300    0.02615
 19.8417   16.05400   85.39300   37.5064  136.2942   12.72700    0.02366
 19.8500   15.91100   85.56100   37.4840  136.3543   12.70700    0.03744
 19.8583   15.76900   85.73000   37.4610  136.4145   12.77300    0.03227
 19.8667   15.62600   85.89800   37.4379  136.4755   12.69300    0.02763
 19.8750   15.48400   86.06600   37.4145  136.5366   12.67600    0.00769
 19.8833   15.34200   86.23400   37.3907  136.5981   12.61700   -0.01405
 19.8917   15.20000   86.40200   37.3666  136.6601   12.53400   -0.02220
 19.9000   15.05800   86.57000   37.3422  136.7226   12.62100   -0.01792
 19.9083   14.91500   86.73800   37.3174  136.7860   12.66100   -0.00307
 19.9167   14.77300   86.90600   37.2922  136.8495   12.65000    0.00630
 19.9250   14.63100   87.07400   37.2667  136.9135   12.68300    0.01093
 19.9333   14.48900   87.24100   37.2410  136.9779   12.68500    0.00420
 19.9417   14.34800   87.40900   37.2148  137.0424   12.57600    0.00031
 19.9500   14.20600   87.57600   37.1884  137.1078   12.63100   -0.02068
 19.9583   14.06400   87.74400   37.1614  137.1738   12.49100   -0.00867
 19.9667   13.92200   87.91100   37.1342  137.2403   12.65800    0.00094
 19.9750   13.78000   88.07900   37.1064  137.3072   12.70200    0.02206
 19.9833   13.63900   88.24600   37.0784  137.3743   12.65700    0.01564
 19.9917   13.49700   88.41300   37.0500  137.4423   12.58700    0.01041
 20.0000   13.35500   88.58000   37.0212  137.5109   12.62400    0.01412
 20.0083   13.21400   88.74600   36.9922  137.5795   12.63800    0.01617
 20.0167   13.07200   88.91100   36.9628  137.6492   12.54000    0.02128
 20.0250   12.93100   89.07700   36.9330  137.7189   12.59000    0.01381
 20.0333   12.79000   89.24300   36.9027  137.7891   12.49100    0.03770
 20.0417   12.64800   89.40900   36.8719  137.8604   12.65700    0.04676
 20.0500   12.50700   89.57400   36.8409  137.9317   12.57200    0.05732
 20.0583   12.36500   89.74000   36.8093  138.0042   12.47500    0.04024
 20.0667   12.22400   89.90500   36.7773  138.0766   12.39100    0.03304
 20.0750   12.08300   90.07000   36.7450  138.1497   12.37900    0.02897
 20.0833   11.94200   90.23500   36.7122  138.2233   12.28400    0.02122
 20.0917   11.80100   90.40100   36.6787  138.2974   12.13700    0.00917
 20.1000   11.65900   90.56600   36.6449  138.3727   12.07400    0.00544
 20.1083   11.51800   90.73000   36.6108  138.4481   12.04100    0.02085
 20.1167   11.37700   90.89500   36.5761  138.5240   12.05800    0.02794
 20.1250   11.23600   91.06000   36.5408  138.6005   11.89400    0.04174
 20.1333   11.09500   91.22500   36.5051  138.6776   11.90300    0.04770
 20.1417   10.95400   91.38900   36.4690  138.7553   11.83600    0.05379
 20.1500   10.81300   91.55300   36.4324  138.8336   11.66000    0.02897
 20.1583   10.67100   91.71700   36.3952  138.9132   11.37400   -0.00343
 20.1667   10.53000   91.88200   36.3574  138.9927   11.21200    0.00131
 20.1750   10.39000   92.04500   36.3195  139.0723   11.34300    0.02252
 20.1833   10.24900   92.20800   36.2809  139.1531   11.19200    0.05141
 20.1917   10.10800   92.37100   36.2418  139.2345   11.09000    0.04270
 20.2000    9.96700   92.53400   36.2021  139.3166   10.87300    0.05280
 20.2083    9.82600   92.69600   36.1620  139.3993   10.87300    0.06294
 20.2167    9.68600   92.85900   36.1213  139.4820   10.74200    0.05677
 20.2250    9.54500   93.02200   36.0798  139.5659   10.35100    0.03160
 20.2333    9.40400   93.18400   36.0380  139.6506   10.15400    0.00776
 20.2417    9.26300   93.34700   35.9954  139.7358   10.02600    0.00343
 20.2500    9.12300   93.50900   35.9525  139.8211    9.81400    0.00582
 20.2583    8.98200   93.67100   35.9088  139.9076    9.67000    0.01797
 20.2667    8.84100   93.83300   35.8645  139.9948    9.62000    0.02842
 20.2750    8.70000   93.99500   35.8196  140.0827    9.38100    0.03521
 20.2833    8.56000   94.15700   35.7742  140.1706    9.21100    0.01547
 20.2917    8.41900   94.31800   35.7282  140.2598    8.91300   -0.01113
 20.3000    8.27800   94.48000   35.6813  140.3497    8.60000   -0.03142
 20.3083    8.13700   94.64100   35.6340  140.4402    8.46200   -0.04640
 20.3167    7.99600   94.80200   35.5859  140.5314    8.24100   -0.04353
 20.3250    7.85500   94.96300   35.5372  140.6234    8.07500   -0.02861
 20.3333    7.71500   95.12400   35.4880  140.7152    8.00600   -0.00885
 20.3417    7.57400   95.28400   35.4380  140.8085    7.86200    0.00256
 20.3500    7.43400   95.44400   35.3876  140.9017    7.72000    0.00816
 20.3583    7.29300   95.60400   35.3362  140.9964    7.66400    0.00356
 20.3667    7.15300   95.76400   35.2843  141.0910    7.42200    0.00000

