hmax        =    300
wind_bottom =      2
wind_top    =     10
critlon     =      0
tbeg, h     =   0.00
tend, h     =  24.00
c_ionex     =      0
c_vert      =      1
time, gamma, az, latp, lonp, tec, tec_filtered
 12.5833   10.81200 -159.99699   28.3305  123.3935   23.94700    0.00000
 12.5917   11.01500 -159.99100   28.4234  123.4267   23.66600   -0.00565
 12.6000   11.21900 -159.98300   28.5154  123.4593   23.19500   -0.02169
 12.6083   11.42300 -159.97501   28.6061  123.4914   23.06000   -0.03316
 12.6167   11.62700 -159.96700   28.6955  123.5232   22.90700    0.00809
 12.6250   11.83200 -159.95799   28.7840  123.5545   22.83600    0.00946
 12.6333   12.03600 -159.94901   28.8709  123.5853   22.40500    0.00506
 12.6417   12.24100 -159.93900   28.9569  123.6157   22.19000   -0.02952
 12.6500   12.44700 -159.92799   29.0421  123.6457   21.89700   -0.01488
 12.6583   12.65200 -159.91701   29.1257  123.6752   21.91600   -0.01978
 12.6667   12.85800 -159.90601   29.2085  123.7045   21.57600   -0.02293
 12.6750   13.06500 -159.89500   29.2905  123.7335   21.25900   -0.04784
 12.6833   13.27200 -159.88400   29.3712  123.7622   21.13600   -0.05944
 12.6917   13.47900 -159.87300   29.4508  123.7905   20.93500   -0.06069
 12.7000   13.68600 -159.86099   29.5293  123.8183   20.72200   -0.06420
 12.7083   13.89400 -159.84900   29.6071  123.8459   20.58000   -0.05743
 12.7167   14.10200 -159.83501   29.6838  123.8729   20.46700   -0.05156
 12.7250   14.31000 -159.82201   29.7593  123.8996   20.25700   -0.04843
 12.7333   14.51800 -159.80800   29.8338  123.9259   20.12000   -0.03082
 12.7417   14.72700 -159.79300   29.9076  123.9519   20.12400   -0.01034
 12.7500   14.93600 -159.77800   29.9804  123.9775   19.95000    0.00372
 12.7583   15.14600 -159.76199   30.0525  124.0028   19.76700    0.01671
 12.7667   15.35500 -159.74600   30.1232  124.0277   19.77700    0.02346
 12.7750   15.56500 -159.73000   30.1933  124.0524   19.55800    0.03112
 12.7833   15.77600 -159.71201   30.2627  124.0766   19.39000    0.01498
 12.7917   15.98600 -159.69501   30.3309  124.1005   19.22500    0.00373
 12.8000   16.19700 -159.67700   30.3984  124.1241   19.04600    0.00469
 12.8083   16.40800 -159.65800   30.4650  124.1473   18.96700    0.00567
 12.8167   16.61900 -159.63901   30.5306  124.1703   18.79800    0.02191
 12.8250   16.83000 -159.61900   30.5954  124.1928   18.72000    0.01244
 12.8333   17.04200 -159.59900   30.6595  124.2152   18.43700    0.01007
 12.8417   17.25500 -159.58000   30.7231  124.2375   18.31400   -0.00273
 12.8500   17.46700 -159.56000   30.7854  124.2593   18.15700    0.01007
 12.8583   17.68000 -159.53999   30.8473  124.2810   18.06400    0.01515
 12.8667   17.89400 -159.51900   30.9085  124.3024   17.88900    0.01629
 12.8750   18.10700 -159.49800   30.9687  124.3235   17.71700    0.00164
 12.8833   18.32100 -159.47600   31.0283  124.3442   17.52700   -0.01466
 12.8917   18.53500 -159.45399   31.0871  124.3648   17.35100   -0.03866
 12.9000   18.75000 -159.43100   31.1454  124.3850   17.13800   -0.05849
 12.9083   18.96400 -159.40800   31.2026  124.4050   16.98400   -0.07330
 12.9167   19.17900 -159.38400   31.2594  124.4247   16.86400   -0.07801
 12.9250   19.39500 -159.35899   31.3157  124.4441   16.73600   -0.07625
 12.9333   19.61000 -159.33501   31.3709  124.4633   16.64500   -0.06711
 12.9417   19.82600 -159.30901   31.4257  124.4822   16.57800   -0.05994
 12.9500   20.04200 -159.28300   31.4798  124.5009   16.44600   -0.04224
 12.9583   20.25800 -159.25700   31.5331  124.5193   16.43700   -0.03263
 12.9667   20.47400 -159.23000   31.5858  124.5374   16.33600   -0.01874
 12.9750   20.69100 -159.20300   31.6380  124.5555   16.25000   -0.01418
 12.9833   20.90800 -159.17500   31.6896  124.5731   16.20000   -0.00071
 12.9917   21.12500 -159.14700   31.7405  124.5907   16.17500    0.00080
 13.0000   21.34300 -159.11800   31.7909  124.6079   16.02500    0.00148
 13.0083   21.56100 -159.09000   31.8407  124.6252   15.97700   -0.01452
 13.0167   21.77900 -159.06200   31.8898  124.6422   15.84800   -0.01594
 13.0250   21.99800 -159.03300   31.9386  124.6590   15.79500   -0.01728
 13.0333   22.21700 -159.00301   31.9868  124.6756   15.74700   -0.00077
 13.0417   22.43600 -158.97301   32.0343  124.6919   15.72900    0.00351
 13.0500   22.65600 -158.94299   32.0814  124.7082   15.59900    0.01363
 13.0583   22.87600 -158.91200   32.1280  124.7242   15.59200    0.01410
 13.0667   23.09600 -158.88000   32.1740  124.7399   15.51400    0.02007
 13.0750   23.31600 -158.84801   32.2194  124.7554   15.41400    0.01526
 13.0833   23.53700 -158.81599   32.2645  124.7709   15.33600    0.01196
 13.0917   23.75700 -158.78200   32.3088  124.7859   15.26800    0.00505
 13.1000   23.97800 -158.74899   32.3528  124.8010   15.15000   -0.00811
 13.1083   24.20000 -158.71500   32.3964  124.8159   15.03400   -0.01714
 13.1167   24.42100 -158.67999   32.4394  124.8304   14.99000   -0.01238
 13.1250   24.64300 -158.64500   32.4820  124.8449   14.95100    0.00702
 13.1333   24.86500 -158.61000   32.5241  124.8592   14.91900    0.01235
 13.1417   25.08700 -158.57401   32.5657  124.8733   14.78400    0.01188
 13.1500   25.30900 -158.53799   32.6068  124.8873   14.70400    0.00508
 13.1583   25.53200 -158.50101   32.6476  124.9011   14.63200    0.00964
 13.1667   25.75500 -158.46300   32.6879  124.9147   14.56600    0.00812
 13.1750   25.97900 -158.42700   32.7279  124.9284   14.45400    0.00982
 13.1833   26.20300 -158.38901   32.7674  124.9418   14.40200    0.00339
 13.1917   26.42700 -158.35100   32.8065  124.9551   14.29400    0.00522
 13.2000   26.65100 -158.31300   32.8452  124.9682   14.23400   -0.00228
 13.2083   26.87600 -158.27400   32.8835  124.9812   14.12700   -0.00432
 13.2167   27.10100 -158.23399   32.9215  124.9940   14.04100   -0.01878
 13.2250   27.32600 -158.19501   32.9590  125.0068   13.90500   -0.01516
 13.2333   27.55100 -158.15401   32.9960  125.0192   13.89600   -0.01110
 13.2417   27.77700 -158.11301   33.0329  125.0317   13.81200    0.00342
 13.2500   28.00300 -158.07201   33.0693  125.0440   13.73500    0.00389
 13.2583   28.22900 -158.03000   33.1053  125.0561   13.65300    0.01138
 13.2667   28.45500 -157.98700   33.1409  125.0680   13.61300    0.01691
 13.2750   28.68200 -157.94400   33.1763  125.0799   13.52900    0.01907
 13.2833   28.90900 -157.90100   33.2113  125.0917   13.43100    0.00575
 13.2917   29.13600 -157.85699   33.2459  125.1033   13.31400   -0.01084
 13.3000   29.36300 -157.81300   33.2802  125.1148   13.22100   -0.03734
 13.3083   29.59000 -157.76801   33.3140  125.1261   13.08300   -0.05523
 13.3167   29.81800 -157.72301   33.3477  125.1374   13.02100   -0.05892
 13.3250   30.04600 -157.67700   33.3810  125.1486   13.01500   -0.05009
 13.3333   30.27400 -157.63100   33.4140  125.1596   12.95100   -0.04357
 13.3417   30.50300 -157.58501   33.4467  125.1706   12.88600   -0.04746
 13.3500   30.73200 -157.53799   33.4791  125.1815   12.82500   -0.04681
 13.3583   30.96100 -157.49100   33.5111  125.1922   12.78500   -0.03953
 13.3667   31.19100 -157.44400   33.5430  125.2030   12.75800   -0.02888
 13.3750   31.42000 -157.39600   33.5744  125.2135   12.72400   -0.01735
 13.3833   31.65000 -157.34700   33.6056  125.2239   12.69900   -0.00927
 13.3917   31.88100 -157.29800   33.6366  125.2343   12.66300    0.00886
 13.4000   32.11100 -157.24800   33.6672  125.2445   12.68500    0.02803
 13.4083   32.34200 -157.19800   33.6976  125.2547   12.66200    0.04462
 13.4167   32.57300 -157.14700   33.7277  125.2647   12.60600    0.03556
 13.4250   32.80400 -157.09599   33.7575  125.2747   12.49200    0.02403
 13.4333   33.03500 -157.04500   33.7869  125.2846   12.45400    0.02371
 13.4417   33.26600 -156.99300   33.8162  125.2943   12.44900    0.03430
 13.4500   33.49800 -156.94000   33.8452  125.3040   12.38100    0.04928
 13.4583   33.73000 -156.88699   33.8740  125.3136   12.35400    0.05153
 13.4667   33.96200 -156.83299   33.9025  125.3230   12.27800    0.04915
 13.4750   34.19400 -156.77901   33.9307  125.3324   12.18200    0.03733
 13.4833   34.42700 -156.72501   33.9587  125.3418   12.10100    0.02931
 13.4917   34.66000 -156.67000   33.9865  125.3511   12.03400    0.02246
 13.5000   34.89300 -156.61400   34.0141  125.3603   11.94000    0.01509
 13.5083   35.12600 -156.55901   34.0413  125.3694   11.85400    0.00226
 13.5167   35.36000 -156.50200   34.0685  125.3784   11.76000   -0.01142
 13.5250   35.59400 -156.44600   34.0953  125.3875   11.65300   -0.02656
 13.5333   35.82900 -156.38800   34.1221  125.3964   11.55700   -0.02518
 13.5417   36.06300 -156.33000   34.1484  125.4052   11.53300   -0.01662
 13.5500   36.29800 -156.27200   34.1747  125.4140   11.45900   -0.00702
 13.5583   36.53300 -156.21300   34.2007  125.4226   11.36800   -0.00740
 13.5667   36.76800 -156.15401   34.2264  125.4313   11.30500    0.01150
 13.5750   37.00300 -156.09399   34.2520  125.4398   11.32500    0.00592
 13.5833   37.23900 -156.03300   34.2774  125.4483   11.12200    0.00427
 13.5917   37.47400 -155.97301   34.3025  125.4567   11.07700   -0.02236
 13.6000   37.71000 -155.91100   34.3275  125.4650   10.98700   -0.01590
 13.6083   37.94600 -155.84900   34.3522  125.4733   10.94200   -0.03075
 13.6167   38.18300 -155.78700   34.3768  125.4816   10.80700   -0.02810
 13.6250   38.41900 -155.72301   34.4012  125.4896   10.80000   -0.02620
 13.6333   38.65600 -155.66000   34.4254  125.4978   10.75300   -0.00577
 13.6417   38.89300 -155.59599   34.4494  125.5058   10.70700   -0.00070
 13.6500   39.13000 -155.53101   34.4732  125.5138   10.63500   -0.00322
 13.6583   39.36700 -155.46600   34.4968  125.5217   10.55500   -0.01922
 13.6667   39.60400 -155.40100   34.5202  125.5296   10.45300   -0.01990
 13.6750   39.84200 -155.33501   34.5435  125.5375   10.45300   -0.02358
 13.6833   40.08000 -155.26801   34.5666  125.5452   10.37000   -0.02109
 13.6917   40.31900 -155.20100   34.5896  125.5530   10.29800   -0.02449
 13.7000   40.55700 -155.13300   34.6123  125.5606   10.28200   -0.02792
 13.7083   40.79600 -155.06500   34.6350  125.5683   10.20500   -0.01321
 13.7167   41.03500 -154.99600   34.6574  125.5759   10.21600   -0.01119
 13.7250   41.27400 -154.92599   34.6797  125.5833   10.14200   -0.00376
 13.7333   41.51400 -154.85600   34.7019  125.5909   10.09100   -0.01156
 13.7417   41.75300 -154.78500   34.7238  125.5982   10.04400   -0.01881
 13.7500   41.99300 -154.71400   34.7456  125.6057    9.98200   -0.02280
 13.7583   42.23300 -154.64200   34.7673  125.6130    9.94700   -0.02379
 13.7667   42.47300 -154.57001   34.7887  125.6203    9.91600   -0.01442
 13.7750   42.71300 -154.49699   34.8101  125.6275    9.90000   -0.00390
 13.7833   42.95300 -154.42300   34.8312  125.6347    9.87400   -0.00246
 13.7917   43.19400 -154.34900   34.8523  125.6419    9.80500   -0.00845
 13.8000   43.43500 -154.27499   34.8732  125.6491    9.75100   -0.00483
 13.8083   43.67500 -154.20000   34.8939  125.6561    9.76100    0.01427
 13.8167   43.91600 -154.12399   34.9145  125.6632    9.75200    0.02720
 13.8250   44.15700 -154.04800   34.9349  125.6702    9.67500    0.02270
 13.8333   44.39900 -153.97099   34.9553  125.6772    9.61500    0.02348
 13.8417   44.64100 -153.89301   34.9755  125.6841    9.62700    0.02680
 13.8500   44.88300 -153.81500   34.9956  125.6911    9.56100    0.03696
 13.8583   45.12500 -153.73599   35.0155  125.6979    9.52900    0.02991
 13.8667   45.36800 -153.65601   35.0354  125.7048    9.47000    0.00902
 13.8750   45.61000 -153.57500   35.0550  125.7115    9.34800   -0.01363
 13.8833   45.85300 -153.49400   35.0746  125.7183    9.30900   -0.02946
 13.8917   46.09600 -153.41299   35.0941  125.7251    9.27800   -0.02452
 13.9000   46.33900 -153.33000   35.1134  125.7318    9.23500   -0.02033
 13.9083   46.58200 -153.24699   35.1325  125.7384    9.19000   -0.02683
 13.9167   46.82500 -153.16400   35.1516  125.7451    9.11800   -0.02304
 13.9250   47.06900 -153.07899   35.1706  125.7517    9.12000   -0.01127
 13.9333   47.31200 -152.99400   35.1893  125.7583    9.11200   -0.00294
 13.9417   47.55600 -152.90900   35.2080  125.7649    9.02900   -0.00181
 13.9500   47.80000 -152.82300   35.2266  125.7714    9.00500   -0.01180
 13.9583   48.04400 -152.73599   35.2451  125.7779    8.95300   -0.01014
 13.9667   48.28800 -152.64900   35.2634  125.7844    8.91600   -0.01517
 13.9750   48.53200 -152.56100   35.2816  125.7909    8.86400   -0.01689
 13.9833   48.77700 -152.47200   35.2998  125.7974    8.82300   -0.01363
 13.9917   49.02100 -152.38300   35.3178  125.8038    8.80100    0.00760
 14.0000   49.26600 -152.29300   35.3357  125.8102    8.81600    0.04075
 14.0083   49.51100 -152.20100   35.3535  125.8166    8.81500    0.06956
 14.0167   49.75600 -152.10800   35.3712  125.8229    8.76900    0.07965
 14.0250   50.00200 -152.01500   35.3889  125.8292    8.70600    0.06214
 14.0333   50.24700 -151.92101   35.4064  125.8355    8.59300    0.04732
 14.0417   50.49300 -151.82600   35.4238  125.8418    8.55500    0.02953
 14.0500   50.73900 -151.73100   35.4411  125.8481    8.47700    0.03311
 14.0583   50.98500 -151.63499   35.4584  125.8543    8.44300    0.02467
 14.0667   51.23100 -151.53799   35.4755  125.8605    8.35500    0.01767
 14.0750   51.47700 -151.44000   35.4925  125.8667    8.27700    0.00989
 14.0833   51.72400 -151.34100   35.5095  125.8729    8.23000    0.00686
 14.0917   51.97000 -151.24200   35.5263  125.8791    8.15100    0.00655
 14.1000   52.21600 -151.14200   35.5430  125.8852    8.07500   -0.00539
 14.1083   52.46300 -151.04100   35.5596  125.8914    7.98400   -0.00718
 14.1167   52.71000 -150.93900   35.5762  125.8976    7.94300   -0.00384
 14.1250   52.95600 -150.83701   35.5926  125.9037    7.88300    0.00452
 14.1333   53.20300 -150.73300   35.6090  125.9098    7.80700    0.00255
 14.1417   53.45000 -150.62900   35.6252  125.9159    7.72200    0.00111
 14.1500   53.69700 -150.52499   35.6414  125.9220    7.66200   -0.00519
 14.1583   53.94400 -150.41901   35.6575  125.9280    7.56500    0.00650
 14.1667   54.19100 -150.31300   35.6734  125.9341    7.54500    0.01516
 14.1750   54.43900 -150.20399   35.6894  125.9402    7.47500    0.03989
 14.1833   54.68700 -150.09399   35.7053  125.9462    7.43700    0.03907
 14.1917   54.93500 -149.98300   35.7211  125.9522    7.32800    0.02287
 14.2000   55.18300 -149.87100   35.7368  125.9582    7.20600   -0.00116
 14.2083   55.43100 -149.75800   35.7525  125.9642    7.14500   -0.01918
 14.2167   55.67900 -149.64400   35.7680  125.9701    7.06300   -0.03158
 14.2250   55.92700 -149.52901   35.7835  125.9761    6.96800   -0.05349
 14.2333   56.17600 -149.41299   35.7989  125.9821    6.88200   -0.06612
 14.2417   56.42400 -149.29601   35.8142  125.9880    6.84200   -0.06857
 14.2500   56.67300 -149.17799   35.8294  125.9940    6.78700   -0.07118
 14.2583   56.92100 -149.05901   35.8446  125.9999    6.70300   -0.07425
 14.2667   57.17000 -148.93900   35.8597  126.0059    6.66000   -0.06799
 14.2750   57.41800 -148.81900   35.8746  126.0118    6.64000   -0.04964
 14.2833   57.66700 -148.69701   35.8896  126.0178    6.60000   -0.02538
 14.2917   57.91600 -148.57300   35.9044  126.0237    6.58000   -0.00647
 14.3000   58.16400 -148.44901   35.9192  126.0296    6.54500    0.02166
 14.3083   58.41300 -148.32401   35.9339  126.0356    6.54200    0.04358
 14.3167   58.66200 -148.19800   35.9485  126.0415    6.50400    0.05672
 14.3250   58.91100 -148.07100   35.9631  126.0475    6.44000    0.05995
 14.3333   59.15900 -147.94200   35.9775  126.0534    6.40300    0.05712
 14.3417   59.40900 -147.81000   35.9920  126.0593    6.34900    0.04739
 14.3500   59.65800 -147.67599   36.0064  126.0652    6.26600    0.01859
 14.3583   59.90800 -147.54100   36.0208  126.0711    6.16800   -0.01214
 14.3667   60.15700 -147.40500   36.0350  126.0770    6.10900   -0.02777
 14.3750   60.40700 -147.26700   36.0492  126.0829    6.07700   -0.02713
 14.3833   60.65600 -147.12801   36.0634  126.0887    6.03100   -0.03955
 14.3917   60.90600 -146.98700   36.0775  126.0946    5.92100   -0.05065
 14.4000   61.15500 -146.84500   36.0914  126.1005    5.88900   -0.05693
 14.4083   61.40500 -146.70200   36.1054  126.1064    5.85700   -0.03728
 14.4167   61.65400 -146.55701   36.1192  126.1123    5.83500   -0.01966
 14.4250   61.90400 -146.41000   36.1331  126.1182    5.79500    0.00575
 14.4333   62.15300 -146.26300   36.1468  126.1241    5.78900    0.02679
 14.4417   62.40300 -146.11301   36.1605  126.1300    5.75400    0.04155
 14.4500   62.65200 -145.96201   36.1741  126.1359    5.69700    0.03626
 14.4583   62.90200 -145.80901   36.1877  126.1419    5.62600    0.02490
 14.4667   63.15100 -145.65500   36.2012  126.1478    5.56900    0.01975
 14.4750   63.40100 -145.49899   36.2146  126.1538    5.53300    0.01860
 14.4833   63.65000 -145.34200   36.2280  126.1597    5.47400    0.02463
 14.4917   63.90000 -145.18300   36.2413  126.1657    5.43900    0.02011
 14.5000   64.14900 -145.02200   36.2546  126.1717    5.36100    0.01742
 14.5083   64.39900 -144.85500   36.2678  126.1776    5.30200    0.00906
 14.5167   64.64900 -144.68600   36.2811  126.1835    5.24200    0.01330
 14.5250   64.89800 -144.51500   36.2942  126.1894    5.20200    0.02180
 14.5333   65.14800 -144.34200   36.3073  126.1954    5.15400    0.02270
 14.5417   65.39700 -144.16701   36.3203  126.2013    5.07000    0.01867
 14.5500   65.64700 -143.98900   36.3333  126.2072    5.01700    0.00442
 14.5583   65.89600 -143.81000   36.3462  126.2132    4.94100   -0.01006
 14.5667   66.14600 -143.62801   36.3591  126.2192    4.86200   -0.02871
 14.5750   66.39500 -143.44299   36.3719  126.2252    4.79700   -0.04502
 14.5833   66.64400 -143.25600   36.3847  126.2311    4.73100   -0.05586
 14.5917   66.89400 -143.06700   36.3975  126.2372    4.67300   -0.05566
 14.6000   67.14300 -142.87500   36.4101  126.2432    4.64900   -0.05710
 14.6083   67.39200 -142.67999   36.4227  126.2492    4.57800   -0.05444
 14.6167   67.64100 -142.48300   36.4353  126.2553    4.52800   -0.04420
 14.6250   67.89000 -142.28300   36.4478  126.2614    4.52400   -0.01321
 14.6333   68.13900 -142.08099   36.4603  126.2675    4.51500    0.02302
 14.6417   68.38700 -141.87500   36.4726  126.2735    4.48200    0.04083
 14.6500   68.63600 -141.66600   36.4850  126.2797    4.42000    0.04989
 14.6583   68.88400 -141.45500   36.4973  126.2858    4.38500    0.06383
 14.6667   69.13300 -141.24001   36.5096  126.2920    4.36900    0.08254
 14.6750   69.38100 -141.01601   36.5219  126.2980    4.32100    0.08469
 14.6833   69.62900 -140.78799   36.5341  126.3041    4.23200    0.05735
 14.6917   69.87700 -140.55701   36.5462  126.3102    4.12100    0.02870
 14.7000   70.12500 -140.32100   36.5584  126.3163    4.06600   -0.00392
 14.7083   70.37300 -140.08200   36.5705  126.3225    3.96000   -0.01258
 14.7167   70.62100 -139.83900   36.5825  126.3286    3.91700   -0.01311
 14.7250   70.86800 -139.59100   36.5945  126.3348    3.88500   -0.01383
 14.7333   71.11500 -139.33900   36.6065  126.3410    3.78100   -0.01755
 14.7417   71.36300 -139.08200   36.6184  126.3472    3.73500   -0.02991
 14.7500   71.61000 -138.82100   36.6303  126.3535    3.67600   -0.02891
 14.7583   71.85600 -138.55400   36.6421  126.3597    3.61200   -0.02918
 14.7667   72.10300 -138.28300   36.6538  126.3660    3.56000   -0.04025
 14.7750   72.34900 -138.00700   36.6655  126.3723    3.47200   -0.05679
 14.7833   72.59500 -137.72501   36.6772  126.3786    3.39800   -0.07734
 14.7917   72.84100 -137.43700   36.6889  126.3849    3.34200   -0.06124
 14.8000   73.08600 -137.14400   36.7004  126.3912    3.37300   -0.03172
 14.8083   73.33200 -136.84399   36.7120  126.3977    3.34300    0.01249
 14.8167   73.57700 -136.53799   36.7235  126.4040    3.33500    0.02248
 14.8250   73.82100 -136.22600   36.7350  126.4104    3.26300    0.02183
 14.8333   74.06600 -135.90700   36.7464  126.4169    3.20400    0.00239
 14.8417   74.31000 -135.57201   36.7579  126.4233    3.14400   -0.00746
 14.8500   74.55400 -135.22900   36.7693  126.4297    3.10800   -0.00915
 14.8583   74.79700 -134.87801   36.7806  126.4361    3.08300   -0.00965
 14.8667   75.04000 -134.51801   36.7920  126.4425    3.03200   -0.01508
 14.8750   75.28200 -134.14900   36.8033  126.4490    2.98500   -0.02517
 14.8833   75.52500 -133.77100   36.8145  126.4555    2.94400   -0.03201
 14.8917   75.76600 -133.38300   36.8257  126.4620    2.89900   -0.02913
 14.9000   76.00800 -132.98399   36.8369  126.4685    2.87700   -0.03370
 14.9083   76.24800 -132.57500   36.8480  126.4751    2.81500   -0.01194
 14.9167   76.48900 -132.15500   36.8591  126.4817    2.85200    0.00467
 14.9250   76.72900 -131.72301   36.8702  126.4883    2.81700    0.02804
 14.9333   76.96800 -131.27800   36.8812  126.4949    2.77500    0.02748
 14.9417   77.20600 -130.82001   36.8922  126.5015    2.73900    0.01905
 14.9500   77.44500 -130.34900   36.9031  126.5083    2.68000    0.01320
 14.9583   77.68200 -129.86301   36.9140  126.5150    2.64500    0.00702
 14.9667   77.91900 -129.36200   36.9249  126.5217    2.60600    0.01124
 14.9750   78.15500 -128.84500   36.9357  126.5285    2.57700    0.02634
 14.9833   78.39000 -128.31100   36.9465  126.5353    2.57300    0.02503
 14.9917   78.62500 -127.75900   36.9573  126.5422    2.48400    0.02080
 15.0000   78.85800 -127.18900   36.9680  126.5490    2.44200    0.00669
 15.0083   79.09000 -126.58400   36.9787  126.5558    2.40500    0.01353
 15.0167   79.32200 -125.95700   36.9894  126.5626    2.37500    0.02117
 15.0250   79.55200 -125.30700   37.0001  126.5694    2.33300    0.01904
 15.0333   79.78100 -124.63200   37.0108  126.5763    2.26400    0.00508
 15.0417   80.00900 -123.93100   37.0214  126.5832    2.19700   -0.00472
 15.0500   80.23600 -123.20200   37.0320  126.5901    2.16500   -0.00781
 15.0583   80.46200 -122.44400   37.0425  126.5971    2.11300   -0.00078
 15.0667   80.68600 -121.65300   37.0530  126.6041    2.07200    0.00541
 15.0750   80.90800 -120.82900   37.0635  126.6111    2.04100    0.01237
 15.0833   81.12900 -119.96900   37.0739  126.6182    1.99800    0.00949
 15.0917   81.34800 -119.07000   37.0843  126.6252    1.93800   -0.00328
 15.1000   81.56600 -118.13100   37.0947  126.6324    1.88200   -0.02470
 15.1083   81.78100 -117.14800   37.1050  126.6395    1.81900   -0.03773
 15.1167   81.99400 -116.11800   37.1153  126.6467    1.78900   -0.06463
 15.1250   82.20500 -115.03800   37.1256  126.6539    1.69800   -0.08796
 15.1333   82.41400 -113.90500   37.1359  126.6612    1.65000   -0.11029
 15.1417   82.61900 -112.71500   37.1460  126.6684    1.62700   -0.09771
 15.1500   82.82200 -111.46300   37.1562  126.6758    1.64400   -0.06976
 15.1583   83.02200 -110.14600   37.1664  126.6832    1.64200   -0.02602
 15.1667   83.21800 -108.76000   37.1764  126.6905    1.66500    0.00042
 15.1750   83.40900 -107.27600   37.1866  126.6978    1.63000    0.03313
 15.1833   83.59600 -105.71100   37.1967  126.7052    1.65000    0.04330
 15.1917   83.77800 -104.06000   37.2068  126.7125    1.61000    0.05538
 15.2000   83.95600 -102.31800   37.2169  126.7200    1.58400    0.05125
 15.2083   84.12800 -100.47900   37.2269  126.7274    1.56000    0.05002
 15.2167   84.29500  -98.53800   37.2369  126.7349    1.53400    0.04686
 15.2250   84.45500  -96.49000   37.2468  126.7424    1.50500    0.02727
 15.2333   84.60800  -94.33000   37.2568  126.7499    1.42800    0.00557
 15.2417   84.75400  -92.05400   37.2667  126.7575    1.38800   -0.00727
 15.2500   84.89200  -89.65900   37.2765  126.7652    1.37800   -0.01056
 15.2583   85.02100  -87.14200   37.2864  126.7728    1.32800   -0.00720
 15.2667   85.14100  -84.50400   37.2962  126.7805    1.30600   -0.00605
 15.2750   85.25100  -81.74500   37.3059  126.7883    1.29000   -0.00467
 15.2833   85.35100  -78.86800   37.3157  126.7961    1.23800    0.00457
 15.2917   85.43900  -75.87900   37.3254  126.8039    1.23600    0.00234
 15.3000   85.51500  -72.78800   37.3351  126.8118    1.18200   -0.00371
 15.3083   85.57800  -69.60400   37.3447  126.8197    1.11700   -0.02178
 15.3167   85.62800  -66.34300   37.3543  126.8276    1.08200   -0.02551
 15.3250   85.66500  -63.02100   37.3639  126.8356    1.07400   -0.00964
 15.3333   85.68800  -59.65600   37.3735  126.8436    1.06900    0.01209
 15.3417   85.69400  -56.26200   37.3831  126.8515    1.05200    0.02900
 15.3500   85.68600  -52.87100   37.3927  126.8595    1.03100    0.02696
 15.3583   85.66400  -49.50600   37.4022  126.8676    0.97200    0.00290
 15.3667   85.62800  -46.18600   37.4117  126.8756    0.89300   -0.01634
 15.3750   85.57900  -42.93000   37.4212  126.8837    0.88800   -0.02528
 15.3833   85.51600  -39.75400   37.4307  126.8919    0.86500   -0.02400
 15.3917   85.44200  -36.67300   37.4401  126.9001    0.82100   -0.03095
 15.4000   85.35500  -33.69600   37.4496  126.9083    0.79600   -0.04364
 15.4083   85.25800  -30.83300   37.4589  126.9166    0.75800   -0.05091
 15.4167   85.15000  -28.08800   37.4683  126.9249    0.72800   -0.04401
 15.4250   85.03200  -25.46500   37.4776  126.9332    0.74300   -0.02911
 15.4333   84.90600  -22.96300   37.4869  126.9417    0.72600   -0.00727
 15.4417   84.77100  -20.58300   37.4962  126.9501    0.71900    0.00143
 15.4500   84.62900  -18.32100   37.5054  126.9586    0.70200    0.01726
 15.4583   84.48000  -16.17400   37.5146  126.9671    0.71300    0.02323
 15.4667   84.32400  -14.13700   37.5238  126.9757    0.67900    0.02215
 15.4750   84.16200  -12.20600   37.5329  126.9843    0.63800    0.02137
 15.4833   83.99500  -10.37600   37.5420  126.9930    0.64900    0.01108
 15.4917   83.82400   -8.64100   37.5511  127.0017    0.58700    0.00410
 15.5000   83.64700   -6.99600   37.5602  127.0105    0.55800   -0.01036
 15.5083   83.46400   -5.45300   37.5693  127.0192    0.54700   -0.01071
 15.5167   83.27800   -3.99000   37.5784  127.0279    0.53000    0.00157
 15.5250   83.08800   -2.60100   37.5874  127.0367    0.54200    0.01230
 15.5333   82.89500   -1.28100   37.5965  127.0455    0.52800    0.01155
 15.5417   82.69900   -0.02600   37.6055  127.0544    0.47400   -0.01061
 15.5500   82.50100    1.16900   37.6145  127.0633    0.41800   -0.02816
 15.5583   82.30000    2.30700   37.6235  127.0723    0.41800   -0.04065
 15.5667   82.09700    3.39200   37.6324  127.0813    0.38000   -0.04104
 15.5750   81.89300    4.42800   37.6413  127.0903    0.36400   -0.03833
 15.5833   81.68600    5.41900   37.6502  127.0994    0.37600   -0.01811
 15.5917   81.47800    6.36600   37.6590  127.1086    0.39400    0.01252
 15.6000   81.26900    7.27300   37.6678  127.1178    0.41000    0.02538
 15.6083   81.05800    8.14300   37.6766  127.1271    0.36600    0.02321
 15.6167   80.84600    8.97800   37.6854  127.1364    0.33700    0.00551
 15.6250   80.63300    9.78000   37.6941  127.1457    0.30700   -0.00043
 15.6333   80.41800   10.55200   37.7028  127.1552    0.30500   -0.00547
 15.6417   80.20300   11.29400   37.7115  127.1646    0.28600   -0.00388
 15.6500   79.98700   12.00900   37.7201  127.1741    0.28100   -0.00434
 15.6583   79.77100   12.69900   37.7287  127.1837    0.27400   -0.00975
 15.6667   79.55300   13.36600   37.7373  127.1933    0.24000   -0.01550
 15.6750   79.33300   13.99400   37.7460  127.2029    0.23200   -0.02295
 15.6833   79.11200   14.60100   37.7546  127.2124    0.21600   -0.02663
 15.6917   78.89100   15.18900   37.7632  127.2221    0.19300   -0.02723
 15.7000   78.67000   15.75900   37.7718  127.2318    0.19800   -0.02001
 15.7083   78.44800   16.31100   37.7804  127.2415    0.21300   -0.00370
 15.7167   78.22500   16.84700   37.7889  127.2513    0.22100    0.00277
 15.7250   78.00300   17.36700   37.7974  127.2612    0.19600    0.00072
 15.7333   77.78000   17.87300   37.8059  127.2711    0.18300   -0.00467
 15.7417   77.55600   18.36500   37.8143  127.2811    0.18000   -0.00414
 15.7500   77.33300   18.84400   37.8227  127.2911    0.17300   -0.00474
 15.7583   77.10900   19.31100   37.8311  127.3012    0.15700   -0.00303
 15.7667   76.88500   19.76500   37.8395  127.3113    0.16100    0.00884
 15.7750   76.66100   20.20900   37.8478  127.3215    0.18500    0.02800
 15.7833   76.43700   20.64200   37.8561  127.3317    0.18900    0.03707
 15.7917   76.21300   21.06500   37.8644  127.3420    0.16100    0.03022
 15.8000   75.98900   21.47800   37.8726  127.3524    0.13400    0.01929
 15.8083   75.76500   21.88300   37.8808  127.3628    0.12600    0.01427
 15.8167   75.54000   22.27800   37.8890  127.3733    0.11600    0.00758
 15.8250   75.31600   22.66600   37.8972  127.3838    0.08500    0.00303
 15.8333   75.09200   23.04500   37.9053  127.3944    0.08600   -0.00905
 15.8417   74.86600   23.40500   37.9135  127.4049    0.05700   -0.02013
 15.8500   74.64000   23.75800   37.9217  127.4154    0.03300   -0.04018
 15.8583   74.41400   24.10500   37.9299  127.4261    0.00500   -0.04010
 15.8667   74.18800   24.44500   37.9380  127.4368    0.03400   -0.03510
 15.8750   73.96200   24.77900   37.9461  127.4475    0.02300   -0.02418
 15.8833   73.73600   25.10800   37.9542  127.4583    0.01500   -0.02874
 15.8917   73.51100   25.43100   37.9623  127.4692    0.00000   -0.02942
 15.9000   73.28500   25.74900   37.9703  127.4801    0.00500   -0.01872
 15.9083   73.06000   26.06200   37.9783  127.4911    0.03800    0.00147
 15.9167   72.83500   26.37000   37.9862  127.5021    0.05600    0.02043
 15.9250   72.61000   26.67300   37.9942  127.5132    0.06200    0.01670
 15.9333   72.38500   26.97300   38.0021  127.5244    0.02800   -0.00180
 15.9417   72.16000   27.26800   38.0100  127.5356    0.00600   -0.01887
 15.9500   71.93500   27.55800   38.0178  127.5469    0.01800   -0.02911
 15.9583   71.71100   27.84500   38.0256  127.5583    0.00700   -0.02817
 15.9667   71.48700   28.12900   38.0334  127.5697    0.02100   -0.02356
 15.9750   71.26300   28.40900   38.0411  127.5812    0.04800   -0.01107
 15.9833   71.03900   28.68500   38.0489  127.5927    0.06300   -0.00884
 15.9917   70.81500   28.95800   38.0566  127.6043    0.04300   -0.00288
 16.0000   70.59200   29.22800   38.0642  127.6160    0.07800    0.00233
 16.0083   70.36700   29.48500   38.0720  127.6276    0.08600    0.01193
 16.0167   70.14300   29.73900   38.0797  127.6393    0.08100    0.01095
 16.0250   69.91900   29.99000   38.0875  127.6510    0.08700    0.01246
 16.0333   69.69500   30.23900   38.0951  127.6628    0.10700    0.01543
 16.0417   69.47100   30.48600   38.1028  127.6747    0.10900    0.01965
 16.0500   69.24700   30.73000   38.1104  127.6866    0.11800    0.01601
 16.0583   69.02400   30.97200   38.1180  127.6986    0.11100    0.00940
 16.0667   68.80100   31.21100   38.1256  127.7107    0.09900    0.00176
 16.0750   68.57800   31.44900   38.1331  127.7228    0.10200   -0.01037
 16.0833   68.35500   31.68400   38.1407  127.7350    0.07900   -0.00896
 16.0917   68.13300   31.91800   38.1481  127.7473    0.10900    0.00048
 16.1000   67.91100   32.15000   38.1556  127.7596    0.13700    0.00948
 16.1083   67.68900   32.38000   38.1630  127.7720    0.11300    0.01568
 16.1167   67.46800   32.60800   38.1703  127.7845    0.13300    0.01350
 16.1250   67.24700   32.83500   38.1777  127.7971    0.13200    0.01133
 16.1333   67.02600   33.05900   38.1850  127.8096    0.10600    0.00171
 16.1417   66.80500   33.28300   38.1923  127.8223    0.10400   -0.00888
 16.1500   66.58500   33.50400   38.1995  127.8351    0.10300   -0.01138
 16.1583   66.36500   33.72500   38.2068  127.8479    0.10700   -0.01574
 16.1667   66.14500   33.94400   38.2140  127.8608    0.10200   -0.01270
 16.1750   65.92400   34.15300   38.2213  127.8736    0.12600   -0.01220
 16.1833   65.70400   34.36100   38.2285  127.8865    0.12200   -0.01623
 16.1917   65.48400   34.56700   38.2358  127.8995    0.10300   -0.02410
 16.2000   65.26400   34.77300   38.2430  127.9125    0.11500   -0.03141
 16.2083   65.04400   34.97800   38.2502  127.9257    0.11500   -0.02362
 16.2167   64.82500   35.18100   38.2573  127.9389    0.14700   -0.01460
 16.2250   64.60600   35.38400   38.2644  127.9521    0.16600   -0.00386
 16.2333   64.38700   35.58500   38.2715  127.9655    0.17300   -0.00312
 16.2417   64.16900   35.78600   38.2786  127.9789    0.17300   -0.00169
 16.2500   63.95000   35.98600   38.2856  127.9924    0.19500    0.00248
 16.2583   63.73300   36.18500   38.2926  128.0060    0.21200    0.00936
 16.2667   63.51500   36.38300   38.2996  128.0196    0.22200    0.01137
 16.2750   63.29800   36.58000   38.3065  128.0333    0.23000    0.01347
 16.2833   63.08100   36.77700   38.3134  128.0471    0.25000    0.01043
 16.2917   62.86500   36.97200   38.3202  128.0610    0.24500    0.00888
 16.3000   62.64900   37.16700   38.3270  128.0749    0.25600   -0.00115
 16.3083   62.43300   37.36200   38.3338  128.0890    0.24400   -0.00277
 16.3167   62.21700   37.55500   38.3406  128.1031    0.26200   -0.00523
 16.3250   62.00200   37.74800   38.3473  128.1172    0.26800    0.00074
 16.3333   61.78700   37.94100   38.3540  128.1315    0.28400    0.00499
 16.3417   61.57200   38.12500   38.3608  128.1457    0.29600    0.01141
 16.3500   61.35600   38.30900   38.3676  128.1600    0.30900    0.01734
 16.3583   61.14100   38.49200   38.3743  128.1744    0.32300    0.02150
 16.3667   60.92600   38.67500   38.3810  128.1888    0.32900    0.01803
 16.3750   60.71200   38.85700   38.3877  128.2033    0.31600    0.00675
 16.3833   60.49800   39.03900   38.3943  128.2180    0.30400   -0.01067
 16.3917   60.28400   39.22100   38.4009  128.2327    0.29200   -0.02252
 16.4000   60.07100   39.40200   38.4075  128.2474    0.30100   -0.02389
 16.4083   59.85800   39.58300   38.4140  128.2623    0.32800   -0.02297
 16.4167   59.64500   39.76400   38.4205  128.2772    0.32500   -0.01885
 16.4250   59.43200   39.94400   38.4270  128.2923    0.34400   -0.01917
 16.4333   59.22000   40.12400   38.4334  128.3074    0.35400   -0.01546
 16.4417   59.00900   40.30300   38.4398  128.3225    0.36200   -0.01657
 16.4500   58.79700   40.48200   38.4462  128.3378    0.36300   -0.01334
 16.4583   58.58600   40.66100   38.4525  128.3532    0.39000   -0.00727
 16.4667   58.37600   40.84000   38.4587  128.3686    0.41300    0.00506
 16.4750   58.16500   41.01800   38.4650  128.3842    0.44200    0.01613
 16.4833   57.95500   41.19600   38.4712  128.3998    0.46700    0.02325
 16.4917   57.74600   41.37300   38.4774  128.4154    0.47500    0.01783
 16.5000   57.53700   41.55100   38.4835  128.4312    0.45800    0.01026
 16.5083   57.32700   41.72100   38.4898  128.4469    0.47300   -0.00248
 16.5167   57.11700   41.89200   38.4960  128.4628    0.46000   -0.00825
 16.5250   56.90700   42.06200   38.5022  128.4788    0.46400   -0.00177
 16.5333   56.69800   42.23200   38.5084  128.4948    0.51800    0.01543
 16.5417   56.49000   42.40300   38.5145  128.5108    0.53900    0.03466
 16.5500   56.28100   42.57300   38.5206  128.5271    0.54500    0.04006
 16.5583   56.07300   42.74200   38.5266  128.5434    0.54500    0.03834
 16.5667   55.86600   42.91200   38.5326  128.5597    0.53600    0.03528
 16.5750   55.65800   43.08200   38.5386  128.5762    0.53300    0.03541
 16.5833   55.45100   43.25100   38.5445  128.5928    0.54200    0.02901
 16.5917   55.24500   43.42100   38.5504  128.6094    0.50900    0.02306
 16.6000   55.03900   43.59000   38.5562  128.6261    0.50800    0.00809
 16.6083   54.83300   43.76000   38.5620  128.6430    0.48500   -0.00064
 16.6167   54.62700   43.92900   38.5678  128.6599    0.47200   -0.01232
 16.6250   54.42200   44.09800   38.5735  128.6770    0.45600   -0.01492
 16.6333   54.21700   44.26700   38.5792  128.6941    0.46200   -0.01535
 16.6417   54.01300   44.43600   38.5849  128.7113    0.45700   -0.01782
 16.6500   53.80900   44.60500   38.5905  128.7285    0.43800   -0.02398
 16.6583   53.60500   44.77300   38.5961  128.7459    0.43400   -0.02492
 16.6667   53.40200   44.94200   38.6015  128.7634    0.45000   -0.02645
 16.6750   53.19800   45.10500   38.6072  128.7809    0.43200   -0.02335
 16.6833   52.99400   45.26800   38.6128  128.7985    0.44800   -0.02468
 16.6917   52.79100   45.43100   38.6184  128.8161    0.45400   -0.02880
 16.7000   52.58800   45.59400   38.6240  128.8339    0.43000   -0.03001
 16.7083   52.38500   45.75700   38.6295  128.8518    0.46100   -0.02704
 16.7167   52.18200   45.92000   38.6350  128.8698    0.48500   -0.01129
 16.7250   51.98000   46.08300   38.6404  128.8879    0.51000   -0.00343
 16.7333   51.77900   46.24600   38.6457  128.9060    0.51500   -0.00119
 16.7417   51.57800   46.41000   38.6510  128.9243    0.52200   -0.00045
 16.7500   51.37700   46.57300   38.6563  128.9427    0.54300   -0.00011
 16.7583   51.17600   46.73600   38.6616  128.9612    0.54900    0.00728
 16.7667   50.97600   46.90000   38.6668  128.9798    0.58200    0.01001
 16.7750   50.77600   47.06300   38.6719  128.9985    0.58800    0.00867
 16.7833   50.57700   47.22600   38.6770  129.0172    0.57900    0.00636
 16.7917   50.37700   47.39000   38.6821  129.0362    0.60900    0.00185
 16.8000   50.17900   47.55300   38.6871  129.0551    0.60400    0.00396
 16.8083   49.98000   47.71700   38.6921  129.0742    0.61800    0.00735
 16.8167   49.78200   47.88000   38.6970  129.0934    0.65200    0.00561
 16.8250   49.58500   48.04400   38.7019  129.1127    0.62700    0.00923
 16.8333   49.38700   48.20800   38.7067  129.1322    0.65900    0.00394
 16.8417   49.18900   48.36600   38.7117  129.1516    0.65800    0.00980
 16.8500   48.99200   48.52500   38.7166  129.1711    0.67600    0.00329
 16.8583   48.79400   48.68400   38.7215  129.1908    0.66200    0.00215
 16.8667   48.59700   48.84200   38.7264  129.2105    0.68400   -0.01147
 16.8750   48.40100   49.00100   38.7312  129.2303    0.65700   -0.01026
 16.8833   48.20400   49.16100   38.7360  129.2504    0.70400   -0.01110
 16.8917   48.00900   49.32000   38.7406  129.2704    0.72000   -0.01445
 16.9000   47.81300   49.47900   38.7453  129.2907    0.68500   -0.02920
 16.9083   47.61800   49.63900   38.7499  129.3110    0.69000   -0.03660
 16.9167   47.42300   49.79900   38.7545  129.3314    0.73600   -0.03201
 16.9250   47.22800   49.95800   38.7590  129.3520    0.75100   -0.02629
 16.9333   47.03400   50.11800   38.7635  129.3726    0.76300   -0.02138
 16.9417   46.84000   50.27800   38.7679  129.3934    0.81200   -0.01389
 16.9500   46.64700   50.43800   38.7722  129.4143    0.84100   -0.00889
 16.9583   46.45400   50.59800   38.7765  129.4353    0.85000   -0.00757
 16.9667   46.26100   50.75900   38.7808  129.4564    0.88800   -0.00650
 16.9750   46.06900   50.91900   38.7850  129.4776    0.91900   -0.00791
 16.9833   45.87700   51.08000   38.7891  129.4990    0.92200   -0.01075
 16.9917   45.68500   51.24000   38.7933  129.5205    0.95800   -0.01615
 17.0000   45.49400   51.40100   38.7973  129.5420    0.98300   -0.01392
 17.0083   45.30200   51.55700   38.8015  129.5637    1.01700   -0.00632
 17.0167   45.11100   51.71300   38.8056  129.5854    1.07600   -0.00426
 17.0250   44.91900   51.87000   38.8098  129.6073    1.08000   -0.00005
 17.0333   44.72800   52.02700   38.8138  129.6293    1.12500    0.00399
 17.0417   44.53800   52.18300   38.8178  129.6514    1.18600    0.00344
 17.0500   44.34800   52.34000   38.8217  129.6736    1.17200    0.00496
 17.0583   44.15800   52.49800   38.8256  129.6961    1.22800   -0.00483
 17.0667   43.96800   52.65500   38.8295  129.7186    1.24300   -0.00526
 17.0750   43.77900   52.81200   38.8332  129.7412    1.27200   -0.01333
 17.0833   43.59000   52.97000   38.8370  129.7640    1.29900   -0.01581
 17.0917   43.40200   53.12800   38.8406  129.7868    1.33900   -0.01711
 17.1000   43.21300   53.28600   38.8443  129.8099    1.37400   -0.01137
 17.1083   43.02600   53.44400   38.8478  129.8330    1.43000   -0.00494
 17.1167   42.83800   53.60200   38.8513  129.8563    1.47500   -0.00924
 17.1250   42.65100   53.76100   38.8547  129.8797    1.46400   -0.00567
 17.1333   42.46400   53.91900   38.8581  129.9032    1.55600   -0.01235
 17.1417   42.27800   54.07800   38.8614  129.9269    1.55700   -0.00223
 17.1500   42.09200   54.23700   38.8647  129.9507    1.62100   -0.00224
 17.1583   41.90600   54.39600   38.8679  129.9747    1.67000    0.00147
 17.1667   41.72100   54.55500   38.8710  129.9987    1.69000    0.00656
 17.1750   41.53500   54.71000   38.8743  130.0228    1.76000    0.00056
 17.1833   41.34900   54.86500   38.8776  130.0471    1.76100    0.00736
 17.1917   41.16400   55.02000   38.8808  130.0715    1.83400    0.00285
 17.2000   40.97900   55.17600   38.8839  130.0961    1.85100    0.01105
 17.2083   40.79400   55.33200   38.8870  130.1208    1.90800    0.00618
 17.2167   40.61000   55.48800   38.8899  130.1456    1.92300    0.01022
 17.2250   40.42600   55.64400   38.8929  130.1706    1.98300    0.00711
 17.2333   40.24200   55.80000   38.8958  130.1958    2.00400    0.01259
 17.2417   40.05900   55.95700   38.8986  130.2211    2.05400    0.01079
 17.2500   39.87600   56.11300   38.9013  130.2465    2.07900    0.00794
 17.2583   39.69300   56.27000   38.9040  130.2721    2.09500    0.00615
 17.2667   39.51100   56.42700   38.9067  130.2977    2.14900   -0.00378
 17.2750   39.32900   56.58400   38.9092  130.3236    2.13200    0.00018
 17.2833   39.14700   56.74200   38.9117  130.3497    2.20600    0.00222
 17.2917   38.96600   56.89900   38.9141  130.3758    2.24700    0.01919
 17.3000   38.78500   57.05700   38.9165  130.4021    2.29600    0.01461
 17.3083   38.60400   57.21500   38.9188  130.4286    2.27100    0.01029
 17.3167   38.42400   57.37300   38.9210  130.4552    2.31200    0.00788
 17.3250   38.24400   57.53100   38.9231  130.4819    2.36900    0.01846
 17.3333   38.06400   57.68900   38.9252  130.5089    2.40400    0.01674
 17.3417   37.88400   57.84300   38.9275  130.5358    2.39100    0.00515
 17.3500   37.70400   57.99800   38.9297  130.5630    2.40300   -0.00935
 17.3583   37.52400   58.15300   38.9318  130.5905    2.42700   -0.01625
 17.3667   37.34500   58.30800   38.9338  130.6179    2.45200   -0.02206
 17.3750   37.16600   58.46400   38.9358  130.6456    2.47400   -0.02643
 17.3833   36.98700   58.61900   38.9377  130.6735    2.50900   -0.03344
 17.3917   36.80900   58.77500   38.9395  130.7015    2.52800   -0.03256
 17.4000   36.63100   58.93100   38.9413  130.7296    2.59500   -0.03312
 17.4083   36.45300   59.08700   38.9430  130.7580    2.62700   -0.03329
 17.4167   36.27600   59.24400   38.9445  130.7865    2.65100   -0.04000
 17.4250   36.09900   59.40000   38.9461  130.8151    2.69100   -0.04630
 17.4333   35.92200   59.55700   38.9475  130.8440    2.73200   -0.03841
 17.4417   35.74600   59.71300   38.9489  130.8729    2.82800   -0.02746
 17.4500   35.57000   59.87000   38.9502  130.9021    2.88700   -0.00557
 17.4583   35.39400   60.02800   38.9514  130.9315    2.98200    0.00218
 17.4667   35.21800   60.18500   38.9526  130.9611    3.01500    0.01708
 17.4750   35.04300   60.34200   38.9537  130.9907    3.11300    0.01374
 17.4833   34.86800   60.50000   38.9547  131.0206    3.12500    0.02012
 17.4917   34.69400   60.65700   38.9556  131.0506    3.20900    0.01725
 17.5000   34.52000   60.81500   38.9564  131.0807    3.26300    0.01819
 17.5083   34.34500   60.97000   38.9574  131.1112    3.29700    0.00806
 17.5167   34.17000   61.12500   38.9583  131.1418    3.32900    0.00216
 17.5250   33.99600   61.28000   38.9592  131.1726    3.40300   -0.01132
 17.5333   33.82200   61.43500   38.9599  131.2036    3.39800   -0.01257
 17.5417   33.64900   61.59000   38.9606  131.2346    3.48500   -0.01260
 17.5500   33.47600   61.74600   38.9611  131.2659    3.56400   -0.00420
 17.5583   33.30300   61.90100   38.9617  131.2974    3.60000    0.00215
 17.5667   33.13000   62.05700   38.9621  131.3291    3.68200   -0.00470
 17.5750   32.95800   62.21300   38.9624  131.3610    3.69900   -0.00612
 17.5833   32.78600   62.37000   38.9626  131.3931    3.76400   -0.01209
 17.5917   32.61400   62.52600   38.9628  131.4254    3.82400   -0.01308
 17.6000   32.44200   62.68300   38.9629  131.4580    3.86900   -0.01634
 17.6083   32.27100   62.83900   38.9629  131.4906    3.93000   -0.02313
 17.6167   32.10000   62.99600   38.9628  131.5235    3.98300   -0.02972
 17.6250   31.93000   63.15300   38.9625  131.5565    4.03700   -0.02911
 17.6333   31.76000   63.31000   38.9622  131.5897    4.14000   -0.02360
 17.6417   31.59000   63.46800   38.9618  131.6232    4.22000   -0.01303
 17.6500   31.42000   63.62500   38.9614  131.6569    4.30100   -0.01720
 17.6583   31.25100   63.78300   38.9607  131.6908    4.32900   -0.02126
 17.6667   31.08100   63.94000   38.9602  131.7250    4.41000   -0.02838
 17.6750   30.91200   64.09500   38.9596  131.7592    4.47900   -0.01667
 17.6833   30.74300   64.25000   38.9590  131.7937    4.61200    0.00014
 17.6917   30.57400   64.40500   38.9583  131.8285    4.72200    0.01635
 17.7000   30.40500   64.56100   38.9574  131.8635    4.79100    0.02320
 17.7083   30.23600   64.71600   38.9566  131.8988    4.87500    0.02472
 17.7167   30.06800   64.87200   38.9556  131.9342    4.95800    0.02195
 17.7250   29.90000   65.02800   38.9545  131.9699    5.00100    0.00913
 17.7333   29.73300   65.18400   38.9532  132.0056    5.02800    0.00017
 17.7417   29.56500   65.34000   38.9520  132.0418    5.13300   -0.00016
 17.7500   29.39800   65.49600   38.9506  132.0781    5.22100    0.01374
 17.7583   29.23100   65.65300   38.9490  132.1147    5.32600    0.00987
 17.7667   29.06500   65.80900   38.9474  132.1514    5.33200    0.00787
 17.7750   28.89900   65.96600   38.9456  132.1884    5.42800    0.00020
 17.7833   28.73300   66.12300   38.9438  132.2257    5.49300    0.00498
 17.7917   28.56700   66.28000   38.9419  132.2632    5.56100    0.00030
 17.8000   28.40200   66.43700   38.9398  132.3009    5.60400   -0.00033
 17.8083   28.23700   66.59400   38.9377  132.3388    5.69800    0.00100
 17.8167   28.07200   66.75200   38.9354  132.3770    5.78400   -0.00832
 17.8250   27.90700   66.90900   38.9330  132.4156    5.77100   -0.01170
 17.8333   27.74300   67.06700   38.9305  132.4542    5.89700   -0.01036
 17.8417   27.57800   67.22200   38.9282  132.4933    6.00800   -0.00162
 17.8500   27.41400   67.37700   38.9257  132.5324    6.04400   -0.01728
 17.8583   27.24900   67.53200   38.9231  132.5721    6.04000   -0.03276
 17.8667   27.08500   67.68800   38.9204  132.6118    6.15700   -0.03668
 17.8750   26.92200   67.84300   38.9176  132.6517    6.25900   -0.01945
 17.8833   26.75800   67.99900   38.9146  132.6921    6.37900   -0.01168
 17.8917   26.59500   68.15500   38.9115  132.7327    6.44500   -0.01250
 17.9000   26.43200   68.31100   38.9084  132.7735    6.49800   -0.01958
 17.9083   26.26900   68.46800   38.9050  132.8147    6.58200   -0.01359
 17.9167   26.10700   68.62400   38.9015  132.8559    6.71800    0.00510
 17.9250   25.94500   68.78100   38.8979  132.8976    6.83500    0.02714
 17.9333   25.78300   68.93700   38.8943  132.9395    6.93300    0.03617
 17.9417   25.62100   69.09400   38.8904  132.9818    6.99300    0.03833
 17.9500   25.46000   69.25100   38.8864  133.0242    7.07900    0.03952
 17.9583   25.29900   69.40800   38.8823  133.0669    7.17000    0.04330
 17.9667   25.13800   69.56500   38.8781  133.1100    7.24600    0.04329
 17.9750   24.97700   69.72200   38.8738  133.1534    7.30500    0.03307
 17.9833   24.81700   69.88000   38.8692  133.1969    7.34300    0.00860
 17.9917   24.65600   70.03700   38.8647  133.2410    7.33800   -0.02625
 18.0000   24.49600   70.19500   38.8599  133.2853    7.33300   -0.03923
 18.0083   24.33600   70.35000   38.8552  133.3298    7.49300   -0.05368
 18.0167   24.17600   70.50500   38.8504  133.3747    7.47100   -0.03726
 18.0250   24.01600   70.66100   38.8454  133.4200    7.65400   -0.04271
 18.0333   23.85700   70.81600   38.8404  133.4653    7.68400   -0.02331
 18.0417   23.69700   70.97200   38.8351  133.5113    7.81900   -0.02768
 18.0500   23.53800   71.12800   38.8297  133.5575    7.85700   -0.00197
 18.0583   23.37900   71.28400   38.8242  133.6040    8.07700    0.00838
 18.0667   23.22100   71.44000   38.8185  133.6506    8.12200    0.01180
 18.0750   23.06200   71.59600   38.8127  133.6979    8.12700   -0.00255
 18.0833   22.90400   71.75300   38.8066  133.7453    8.24300   -0.01044
 18.0917   22.74600   71.90900   38.8005  133.7931    8.33200   -0.00903
 18.1000   22.58900   72.06600   38.7941  133.8410    8.40300   -0.00271
 18.1083   22.43100   72.22300   38.7876  133.8896    8.55200    0.00377
 18.1167   22.27400   72.38000   38.7809  133.9383    8.64800    0.00444
 18.1250   22.11700   72.53600   38.7742  133.9874    8.67600    0.00690
 18.1333   21.96000   72.69300   38.7672  134.0370    8.84400    0.00405
 18.1417   21.80300   72.85000   38.7601  134.0869    8.90500    0.00461
 18.1500   21.64700   73.00800   38.7527  134.1370    8.95700   -0.01144
 18.1583   21.49100   73.16500   38.7452  134.1875    9.01400   -0.01965
 18.1667   21.33500   73.32200   38.7376  134.2384    9.12900   -0.02099
 18.1750   21.17900   73.47700   38.7300  134.2897    9.23400   -0.01085
 18.1833   21.02300   73.63300   38.7222  134.3414    9.36600   -0.00859
 18.1917   20.86700   73.78800   38.7143  134.3936    9.42900   -0.01581
 18.2000   20.71100   73.94400   38.7061  134.4462    9.46500   -0.00657
 18.2083   20.55600   74.10000   38.6978  134.4990    9.71100    0.00726
 18.2167   20.40100   74.25500   38.6893  134.5522    9.80700    0.01456
 18.2250   20.24600   74.41100   38.6806  134.6058    9.80600    0.00372
 18.2333   20.09100   74.56700   38.6717  134.6599    9.92700   -0.00486
 18.2417   19.93600   74.72400   38.6626  134.7145   10.04100    0.00595
 18.2500   19.78200   74.88000   38.6533  134.7692   10.17400    0.00060
 18.2583   19.62800   75.03600   38.6438  134.8244   10.19200    0.00107
 18.2667   19.47400   75.19200   38.6342  134.8800   10.34100   -0.01193
 18.2750   19.32000   75.34900   38.6242  134.9362   10.37600   -0.00165
 18.2833   19.16700   75.50500   38.6142  134.9924   10.55000    0.00487
 18.2917   19.01300   75.66200   38.6039  135.0496   10.66600    0.01904
 18.3000   18.86000   75.81900   38.5933  135.1068   10.75100    0.01206
 18.3083   18.70700   75.97500   38.5826  135.1646   10.77700    0.00428
 18.3167   18.55500   76.13200   38.5716  135.2224   10.89800    0.00011
 18.3250   18.40200   76.28900   38.5605  135.2812   11.02100    0.01477
 18.3333   18.25000   76.44600   38.5491  135.3401   11.18500    0.00801
 18.3417   18.09700   76.60100   38.5377  135.3998   11.16100   -0.00740
 18.3500   17.94500   76.75600   38.5261  135.4597   11.22400   -0.03155
 18.3583   17.79200   76.91100   38.5143  135.5204   11.33100   -0.04816
 18.3667   17.64100   77.06700   38.5021  135.5810   11.36500   -0.05104
 18.3750   17.48900   77.22200   38.4898  135.6425   11.53000   -0.05117
 18.3833   17.33700   77.37800   38.4772  135.7045   11.66100   -0.03922
 18.3917   17.18600   77.53300   38.4645  135.7666   11.79100   -0.02232
 18.4000   17.03400   77.68900   38.4514  135.8297   12.00900   -0.00961
 18.4083   16.88300   77.84500   38.4380  135.8930   12.11800   -0.00634
 18.4167   16.73200   78.00100   38.4244  135.9568   12.18400   -0.01077
 18.4250   16.58200   78.15700   38.4106  136.0208   12.35200   -0.01966
 18.4333   16.43100   78.31300   38.3965  136.0857   12.44600   -0.01438
 18.4417   16.28100   78.46900   38.3821  136.1508   12.63800   -0.01951
 18.4500   16.13100   78.62500   38.3675  136.2165   12.74500   -0.01641
 18.4583   15.98000   78.78100   38.3526  136.2832   12.90100   -0.02415
 18.4667   15.83100   78.93700   38.3374  136.3495   13.01300   -0.01032
 18.4750   15.68100   79.09300   38.3220  136.4170   13.28200   -0.01310
 18.4833   15.53100   79.24900   38.3063  136.4850   13.31900   -0.00569
 18.4917   15.38200   79.40500   38.2903  136.5532   13.51700   -0.01383
 18.5000   15.23300   79.56100   38.2740  136.6219   13.67600   -0.00193
 18.5083   15.08300   79.71600   38.2576  136.6918   13.87400    0.00694
 18.5167   14.93400   79.87100   38.2409  136.7617   14.05200    0.01463
 18.5250   14.78500   80.02600   38.2239  136.8324   14.20100   -0.00628
 18.5333   14.63600   80.18000   38.2067  136.9036   14.18600   -0.02036
 18.5417   14.48800   80.33500   38.1890  136.9750   14.41700   -0.03048
 18.5500   14.33900   80.49000   38.1711  137.0475   14.59800   -0.01077
 18.5583   14.19100   80.64500   38.1528  137.1201   14.79700    0.01016
 18.5667   14.04300   80.80100   38.1341  137.1935   15.02800    0.02762
 18.5750   13.89500   80.95600   38.1152  137.2674   15.16500    0.03356
 18.5833   13.74700   81.11100   38.0959  137.3420   15.26800    0.02981
 18.5917   13.59900   81.26600   38.0764  137.4173   15.40800    0.03455
 18.6000   13.45200   81.42100   38.0564  137.4928   15.59400    0.06128
 18.6083   13.30400   81.57600   38.0362  137.5694   15.85200    0.07585
 18.6167   13.15700   81.73200   38.0154  137.6462   15.87600    0.08431
 18.6250   13.01000   81.88700   37.9944  137.7236   16.00100    0.06097
 18.6333   12.86300   82.04200   37.9731  137.8018   15.98400    0.05003
 18.6417   12.71600   82.19800   37.9513  137.8806   16.08600    0.03815
 18.6500   12.56900   82.35300   37.9292  137.9602   16.17100    0.04414
 18.6583   12.42200   82.50800   37.9067  138.0404   16.28400    0.05203
 18.6667   12.27600   82.66300   37.8839  138.1208   16.38500    0.04630
 18.6750   12.12900   82.81700   37.8608  138.2025   16.34000    0.03426
 18.6833   11.98300   82.97100   37.8373  138.2843   16.36400    0.01177
 18.6917   11.83700   83.12500   37.8135  138.3669   16.34100    0.01365
 18.7000   11.69100   83.27900   37.7892  138.4502   16.47500    0.01461
 18.7083   11.54500   83.43400   37.7643  138.5342   16.47500    0.02465
 18.7167   11.39900   83.58800   37.7392  138.6189   16.52500    0.01542
 18.7250   11.25400   83.74200   37.7137  138.7038   16.48700    0.03418
 18.7333   11.10800   83.89600   37.6877  138.7901   16.71200    0.04488
 18.7417   10.96300   84.05000   37.6613  138.8765   16.66900    0.04959
 18.7500   10.81700   84.20400   37.6344  138.9642   16.55000    0.01981
 18.7583   10.67200   84.35900   37.6070  139.0522   16.46000    0.01021
 18.7667   10.52700   84.51300   37.5792  139.1408   16.58100    0.00872
 18.7750   10.38200   84.66700   37.5510  139.2303   16.53700    0.02185
 18.7833   10.23700   84.82100   37.5223  139.3205   16.55800    0.03236
 18.7917   10.09300   84.97500   37.4931  139.4109   16.63200    0.04718
 18.8000    9.94800   85.12900   37.4634  139.5027   16.59100    0.04625
 18.8083    9.80400   85.28300   37.4333  139.5946   16.45800    0.04008
 18.8167    9.65900   85.43800   37.4024  139.6879   16.46100    0.02496
 18.8250    9.51500   85.59200   37.3712  139.7814   16.31900    0.02600
 18.8333    9.37100   85.74600   37.3396  139.8758   16.31100    0.03167
 18.8417    9.22700   85.89900   37.3075  139.9709   16.36000    0.05468
 18.8500    9.08300   86.05100   37.2751  140.0668   16.36800    0.05235
 18.8583    8.93900   86.20400   37.2420  140.1635   16.12700    0.03279
 18.8667    8.79600   86.35700   37.2084  140.2604   15.99800    0.00143
 18.8750    8.65200   86.51000   37.1742  140.3588   15.87600   -0.00348
 18.8833    8.50900   86.66300   37.1394  140.4572   15.84300   -0.00022
 18.8917    8.36500   86.81600   37.1041  140.5573   15.76900    0.00206
 18.9000    8.22200   86.96900   37.0682  140.6574   15.62300    0.00332
 18.9083    8.07900   87.12200   37.0317  140.7583   15.55600    0.02049
 18.9167    7.93600   87.27500   36.9946  140.8601   15.60000    0.03645
 18.9250    7.79300   87.42800   36.9569  140.9627   15.41900    0.06151
 18.9333    7.65000   87.58100   36.9186  141.0661   15.43200    0.06635
 18.9417    7.50700   87.73300   36.8798  141.1704   15.28100    0.06796
 18.9500    7.36400   87.88600   36.8403  141.2756   15.05500    0.05407
 18.9583    7.22200   88.03900   36.8001  141.3808   14.89800    0.05074
 18.9667    7.07900   88.19100   36.7594  141.4876   14.81400    0.03988
 18.9750    6.93700   88.34400   36.7180  141.5945   14.59300    0.00267
 18.9833    6.79400   88.49700   36.6758  141.7030   14.15700   -0.02213
 18.9917    6.65200   88.64900   36.6332  141.8116   14.12200   -0.02739
 19.0000    6.51000   88.80100   36.5899  141.9210   14.02100    0.02428
 19.0083    6.36800   88.95300   36.5459  142.0312   14.10500    0.04614
 19.0167    6.22600   89.10500   36.5012  142.1424   13.78300    0.02452
 19.0250    6.08400   89.25600   36.4560  142.2544   13.36900   -0.00313
 19.0333    5.94300   89.40800   36.4100  142.3664   13.13700    0.00000

