hmax        =    300
wind_bottom =      2
wind_top    =     10
critlon     =      0
tbeg, h     =   0.00
tend, h     =  24.00
c_ionex     =      0
c_vert      =      1
time, gamma, az, latp, lonp, tec, tec_filtered
  3.5083   11.59300 -181.50600   28.1879  127.3245   91.73600    0.00000
  3.5167   11.80500 -181.56799   28.2842  127.3329   90.64200   -0.00280
  3.5250   12.01900 -181.63000   28.3800  127.3411   89.59200   -0.00559
  3.5333   12.23200 -181.69200   28.4738  127.3492   88.56900   -0.02379
  3.5417   12.44600 -181.75301   28.5667  127.3569   87.45800   -0.02375
  3.5500   12.66100 -181.81400   28.6586  127.3644   86.62300   -0.02588
  3.5583   12.87600 -181.87500   28.7492  127.3717   85.57600   -0.00372
  3.5667   13.09100 -181.93500   28.8384  127.3788   84.61900    0.01960
  3.5750   13.30700 -181.99500   28.9266  127.3857   83.72600    0.04525
  3.5833   13.52300 -182.05400   29.0136  127.3922   82.63600    0.07582
  3.5917   13.73900 -182.11400   29.0992  127.3988   81.66900    0.08226
  3.6000   13.95600 -182.17300   29.1840  127.4051   80.61700    0.09225
  3.6083   14.17300 -182.23100   29.2674  127.4110   79.55100    0.08620
  3.6167   14.39100 -182.28999   29.3501  127.4170   78.44600    0.07635
  3.6250   14.60900 -182.34801   29.4315  127.4227   77.35700    0.05974
  3.6333   14.82700 -182.40601   29.5116  127.4282   76.22400    0.04083
  3.6417   15.04600 -182.46300   29.5910  127.4335   75.09400    0.02482
  3.6500   15.26500 -182.52000   29.6692  127.4387   74.02000    0.00184
  3.6583   15.48400 -182.57700   29.7462  127.4437   72.83000   -0.01902
  3.6667   15.70400 -182.63400   29.8224  127.4486   71.72800   -0.04060
  3.6750   15.92400 -182.69200   29.8976  127.4536   70.66100   -0.05947
  3.6833   16.14400 -182.75000   29.9716  127.4584   69.52100   -0.08832
  3.6917   16.36500 -182.80701   30.0449  127.4630   68.37700   -0.12091
  3.7000   16.58600 -182.86400   30.1171  127.4675   67.33400   -0.15187
  3.7083   16.80800 -182.92101   30.1885  127.4718   66.27200   -0.18021
  3.7167   17.03000 -182.97800   30.2590  127.4761   65.22000   -0.19948
  3.7250   17.25200 -183.03400   30.3284  127.4801   64.31800   -0.22507
  3.7333   17.47500 -183.09000   30.3971  127.4840   63.28800   -0.23133
  3.7417   17.69800 -183.14600   30.4648  127.4878   62.46300   -0.24893
  3.7500   17.92100 -183.20200   30.5316  127.4915   61.56900   -0.25698
  3.7583   18.14500 -183.25700   30.5976  127.4950   60.70400   -0.26597
  3.7667   18.36900 -183.31200   30.6628  127.4984   59.97500   -0.26133
  3.7750   18.59300 -183.36700   30.7270  127.5017   59.28700   -0.24082
  3.7833   18.81800 -183.42200   30.7906  127.5049   58.64100   -0.22554
  3.7917   19.04300 -183.47600   30.8533  127.5079   57.97500   -0.22243
  3.8000   19.26800 -183.53101   30.9151  127.5110   57.29900   -0.21697
  3.8083   19.49400 -183.58501   30.9763  127.5139   56.76000   -0.21195
  3.8167   19.72000 -183.63901   31.0367  127.5167   56.18000   -0.19882
  3.8250   19.94700 -183.69200   31.0964  127.5192   55.63500   -0.18042
  3.8333   20.17300 -183.74600   31.1551  127.5219   55.20300   -0.14370
  3.8417   20.40000 -183.80099   31.2133  127.5245   54.81000   -0.10325
  3.8500   20.62800 -183.85500   31.2709  127.5270   54.34800   -0.06922
  3.8583   20.85500 -183.90900   31.3274  127.5294   53.91600   -0.04440
  3.8667   21.08400 -183.96400   31.3837  127.5319   53.48800   -0.01686
  3.8750   21.31200 -184.01700   31.4389  127.5341   53.05900    0.00931
  3.8833   21.54100 -184.07100   31.4937  127.5363   52.63000    0.03549
  3.8917   21.77000 -184.12500   31.5477  127.5384   52.20400    0.05771
  3.9000   22.00000 -184.17799   31.6012  127.5404   51.74500    0.07156
  3.9083   22.22900 -184.23100   31.6538  127.5423   51.25400    0.09016
  3.9167   22.45900 -184.28500   31.7059  127.5442   50.84500    0.11704
  3.9250   22.69000 -184.33701   31.7575  127.5459   50.41400    0.13801
  3.9333   22.92100 -184.39000   31.8084  127.5476   49.85200    0.14665
  3.9417   23.15200 -184.44299   31.8587  127.5493   49.33000    0.13439
  3.9500   23.38300 -184.49500   31.9083  127.5508   48.73800    0.11944
  3.9583   23.61500 -184.54800   31.9575  127.5523   48.13200    0.09493
  3.9667   23.84700 -184.60001   32.0060  127.5537   47.52600    0.06728
  3.9750   24.07900 -184.65199   32.0539  127.5551   46.89800    0.05138
  3.9833   24.31100 -184.70500   32.1012  127.5565   46.35100    0.03331
  3.9917   24.54400 -184.75700   32.1481  127.5577   45.73000    0.01299
  4.0000   24.77700 -184.80901   32.1944  127.5589   45.08300   -0.01846
  4.0083   25.01100 -184.86200   32.2403  127.5602   44.46600   -0.05817
  4.0167   25.24400 -184.91499   32.2855  127.5614   43.80200   -0.09258
  4.0250   25.47900 -184.96700   32.3304  127.5624   43.20300   -0.12284
  4.0333   25.71300 -185.02000   32.3746  127.5636   42.64100   -0.15070
  4.0417   25.94800 -185.07300   32.4185  127.5646   42.02500   -0.16119
  4.0500   26.18300 -185.12601   32.4618  127.5656   41.56900   -0.17290
  4.0583   26.41800 -185.17799   32.5045  127.5665   41.04200   -0.16235
  4.0667   26.65400 -185.23100   32.5470  127.5674   40.59400   -0.16920
  4.0750   26.89000 -185.28300   32.5889  127.5682   40.08300   -0.17249
  4.0833   27.12600 -185.33501   32.6303  127.5690   39.62800   -0.16841
  4.0917   27.36300 -185.38800   32.6713  127.5697   39.27500   -0.16282
  4.1000   27.60000 -185.44000   32.7119  127.5704   38.82900   -0.14692
  4.1083   27.83700 -185.49200   32.7520  127.5710   38.48500   -0.13491
  4.1167   28.07400 -185.54500   32.7916  127.5717   38.16300   -0.12163
  4.1250   28.31100 -185.59700   32.8308  127.5723   37.77500   -0.11645
  4.1333   28.54900 -185.64900   32.8696  127.5728   37.43200   -0.11969
  4.1417   28.78700 -185.70200   32.9080  127.5734   37.11200   -0.10662
  4.1500   29.02500 -185.75400   32.9460  127.5738   36.85100   -0.08529
  4.1583   29.26400 -185.80701   32.9837  127.5743   36.59200   -0.07800
  4.1667   29.50300 -185.85899   33.0209  127.5746   36.23000   -0.07105
  4.1750   29.74200 -185.91200   33.0577  127.5751   36.00100   -0.07261
  4.1833   29.98200 -185.96600   33.0943  127.5755   35.72600   -0.06663
  4.1917   30.22100 -186.01900   33.1303  127.5759   35.42700   -0.06193
  4.2000   30.46200 -186.07300   33.1662  127.5763   35.20700   -0.05075
  4.2083   30.70200 -186.12700   33.2015  127.5766   34.97900   -0.02699
  4.2167   30.94300 -186.17999   33.2366  127.5769   34.75500   -0.01434
  4.2250   31.18300 -186.23399   33.2712  127.5772   34.48600   -0.00357
  4.2333   31.42500 -186.28799   33.3057  127.5774   34.24900    0.00553
  4.2417   31.66600 -186.34200   33.3396  127.5776   34.01400    0.02967
  4.2500   31.90800 -186.39600   33.3733  127.5778   33.81800    0.05262
  4.2583   32.14900 -186.45000   33.4066  127.5780   33.56700    0.07051
  4.2667   32.39100 -186.50400   33.4396  127.5781   33.30200    0.07059
  4.2750   32.63400 -186.55800   33.4723  127.5782   33.01200    0.07125
  4.2833   32.87600 -186.61301   33.5047  127.5783   32.76100    0.06000
  4.2917   33.11900 -186.66701   33.5367  127.5783   32.43000    0.05354
  4.3000   33.36200 -186.72200   33.5685  127.5784   32.15800    0.03851
  4.3083   33.60500 -186.77699   33.5999  127.5784   31.86500    0.02708
  4.3167   33.84800 -186.83200   33.6311  127.5785   31.55600   -0.00244
  4.3250   34.09100 -186.88800   33.6618  127.5785   31.20000   -0.03669
  4.3333   34.33500 -186.94299   33.6924  127.5785   30.89000   -0.06231
  4.3417   34.57900 -187.00000   33.7228  127.5785   30.63100   -0.07589
  4.3500   34.82400 -187.05701   33.7529  127.5786   30.34500   -0.09175
  4.3583   35.06900 -187.11301   33.7827  127.5785   30.04100   -0.11482
  4.3667   35.31400 -187.17101   33.8122  127.5785   29.76600   -0.12796
  4.3750   35.55900 -187.22800   33.8414  127.5784   29.55000   -0.12847
  4.3833   35.80400 -187.28500   33.8703  127.5784   29.32500   -0.12294
  4.3917   36.05000 -187.34300   33.8991  127.5783   29.10200   -0.11972
  4.4000   36.29500 -187.40100   33.9275  127.5782   28.89500   -0.10472
  4.4083   36.54100 -187.45900   33.9557  127.5781   28.74800   -0.09077
  4.4167   36.78700 -187.51801   33.9837  127.5780   28.54000   -0.07042
  4.4250   37.03400 -187.57700   34.0115  127.5779   28.38000   -0.04915
  4.4333   37.28000 -187.63600   34.0389  127.5778   28.25300   -0.02433
  4.4417   37.52700 -187.69600   34.0662  127.5776   28.07500   -0.00238
  4.4500   37.77300 -187.75500   34.0931  127.5774   27.91600    0.00850
  4.4583   38.02000 -187.81599   34.1198  127.5773   27.74600    0.03083
  4.4667   38.26700 -187.87601   34.1464  127.5772   27.62300    0.04462
  4.4750   38.51400 -187.93700   34.1727  127.5770   27.42500    0.05108
  4.4833   38.76200 -187.99899   34.1988  127.5769   27.22200    0.04493
  4.4917   39.00900 -188.06100   34.2246  127.5767   27.03800    0.03990
  4.5000   39.25700 -188.12300   34.2503  127.5765   26.83900    0.04713
  4.5083   39.50500 -188.18600   34.2758  127.5763   26.68200    0.04897
  4.5167   39.75300 -188.24899   34.3010  127.5761   26.46600    0.05192
  4.5250   40.00200 -188.31300   34.3261  127.5760   26.26200    0.04495
  4.5333   40.25100 -188.37700   34.3510  127.5758   26.04900    0.03573
  4.5417   40.50000 -188.44200   34.3757  127.5756   25.81300    0.02950
  4.5500   40.74900 -188.50700   34.4002  127.5754   25.61000    0.02709
  4.5583   40.99800 -188.57300   34.4244  127.5752   25.40600    0.02341
  4.5667   41.24700 -188.63901   34.4485  127.5750   25.15800    0.01438
  4.5750   41.49600 -188.70599   34.4723  127.5748   24.92900    0.00546
  4.5833   41.74600 -188.77299   34.4961  127.5746   24.72300    0.00686
  4.5917   41.99600 -188.84100   34.5197  127.5744   24.51500    0.00681
  4.6000   42.24500 -188.91000   34.5429  127.5742   24.27700   -0.00323
  4.6083   42.49500 -188.97900   34.5661  127.5740   24.02600   -0.01471
  4.6167   42.74500 -189.04800   34.5891  127.5738   23.81000   -0.02217
  4.6250   42.99500 -189.11900   34.6119  127.5736   23.59000   -0.01841
  4.6333   43.24500 -189.19000   34.6345  127.5735   23.38600   -0.01720
  4.6417   43.49500 -189.26100   34.6570  127.5732   23.16100   -0.01512
  4.6500   43.74500 -189.33400   34.6793  127.5731   22.94600   -0.01249
  4.6583   43.99500 -189.40700   34.7014  127.5729   22.74800   -0.00773
  4.6667   44.24600 -189.48100   34.7234  127.5727   22.53600   -0.00317
  4.6750   44.49700 -189.55499   34.7452  127.5725   22.32100    0.00042
  4.6833   44.74800 -189.63100   34.7669  127.5724   22.12100   -0.00936
  4.6917   44.99900 -189.70700   34.7884  127.5722   21.86100   -0.01223
  4.7000   45.25000 -189.78300   34.8098  127.5720   21.68100   -0.02096
  4.7083   45.50200 -189.86099   34.8311  127.5718   21.46300   -0.01766
  4.7167   45.75300 -189.93900   34.8521  127.5716   21.25300   -0.02059
  4.7250   46.00400 -190.01900   34.8730  127.5715   21.05200   -0.01872
  4.7333   46.25600 -190.09900   34.8939  127.5714   20.85400   -0.01558
  4.7417   46.50700 -190.17999   34.9145  127.5712   20.65200   -0.01847
  4.7500   46.75900 -190.26199   34.9350  127.5711   20.42800   -0.01974
  4.7583   47.01100 -190.34500   34.9554  127.5709   20.24100   -0.01052
  4.7667   47.26200 -190.42900   34.9756  127.5708   20.08300   -0.00537
  4.7750   47.51400 -190.51300   34.9957  127.5706   19.84800   -0.00064
  4.7833   47.76500 -190.59900   35.0156  127.5705   19.66200   -0.00652
  4.7917   48.01700 -190.68600   35.0354  127.5704   19.46500   -0.00039
  4.8000   48.26800 -190.77400   35.0551  127.5703   19.27800   -0.01027
  4.8083   48.52000 -190.86400   35.0746  127.5703   19.03100   -0.00814
  4.8167   48.77100 -190.95399   35.0940  127.5702   18.88400   -0.01231
  4.8250   49.02300 -191.04500   35.1133  127.5701   18.67300   -0.00052
  4.8333   49.27400 -191.13800   35.1325  127.5701   18.49200    0.00014
  4.8417   49.52700 -191.23199   35.1516  127.5700   18.30400    0.00168
  4.8500   49.77900 -191.32600   35.1706  127.5699   18.09900   -0.00072
  4.8583   50.03100 -191.42200   35.1894  127.5699   17.90500   -0.00919
  4.8667   50.28300 -191.51900   35.2082  127.5698   17.69600   -0.01372
  4.8750   50.53500 -191.61800   35.2268  127.5698   17.51000   -0.02242
  4.8833   50.78700 -191.71800   35.2453  127.5698   17.30200   -0.01803
  4.8917   51.03900 -191.81900   35.2637  127.5698   17.14900   -0.02720
  4.9000   51.29100 -191.92101   35.2819  127.5697   16.91600   -0.02302
  4.9083   51.54300 -192.02499   35.3001  127.5697   16.76300   -0.02855
  4.9167   51.79500 -192.13100   35.3182  127.5698   16.57400   -0.01958
  4.9250   52.04600 -192.23801   35.3361  127.5698   16.39700   -0.01715
  4.9333   52.29800 -192.34700   35.3539  127.5699   16.22200   -0.01552
  4.9417   52.54900 -192.45700   35.3716  127.5700   16.03300   -0.01630
  4.9500   52.80100 -192.56900   35.3893  127.5700   15.85300   -0.01686
  4.9583   53.05200 -192.68201   35.4068  127.5701   15.68300   -0.01031
  4.9667   53.30300 -192.79800   35.4242  127.5702   15.52600   -0.00398
  4.9750   53.55400 -192.91499   35.4415  127.5703   15.34800   -0.00168
  4.9833   53.80500 -193.03400   35.4588  127.5705   15.17000   -0.00618
  4.9917   54.05500 -193.15500   35.4759  127.5707   14.99300   -0.01476
  5.0000   54.30600 -193.27800   35.4929  127.5708   14.80500   -0.01910
  5.0083   54.55700 -193.40100   35.5099  127.5709   14.64300   -0.02454
  5.0167   54.80800 -193.52699   35.5268  127.5711   14.46300   -0.02192
  5.0250   55.05900 -193.65500   35.5435  127.5713   14.30900   -0.02404
  5.0333   55.30900 -193.78400   35.5602  127.5714   14.13400   -0.02238
  5.0417   55.56000 -193.91600   35.5768  127.5716   13.97300   -0.02161
  5.0500   55.81000 -194.05000   35.5933  127.5718   13.81700   -0.01420
  5.0583   56.06000 -194.18600   35.6098  127.5721   13.67000   -0.00304
  5.0667   56.31000 -194.32500   35.6261  127.5723   13.52500   -0.00440
  5.0750   56.56000 -194.46600   35.6424  127.5726   13.33000   -0.01319
  5.0833   56.80900 -194.60899   35.6585  127.5729   13.16100   -0.02798
  5.0917   57.05900 -194.75500   35.6746  127.5732   13.00100   -0.02277
  5.1000   57.30800 -194.90300   35.6907  127.5735   12.88200   -0.02375
  5.1083   57.55600 -195.05400   35.7065  127.5738   12.69500   -0.01705
  5.1167   57.80500 -195.20700   35.7224  127.5741   12.56500   -0.02480
  5.1250   58.05300 -195.36301   35.7382  127.5745   12.39800   -0.01629
  5.1333   58.30000 -195.52200   35.7538  127.5749   12.27300   -0.01913
  5.1417   58.54800 -195.68401   35.7694  127.5753   12.10700   -0.01459
  5.1500   58.79500 -195.84900   35.7849  127.5758   11.96900   -0.02150
  5.1583   59.04100 -196.01700   35.8003  127.5762   11.80900   -0.01568
  5.1667   59.28800 -196.18800   35.8157  127.5767   11.69400   -0.01549
  5.1750   59.53500 -196.36099   35.8311  127.5771   11.54400   -0.01586
  5.1833   59.78100 -196.53600   35.8463  127.5776   11.38400   -0.02389
  5.1917   60.02800 -196.71500   35.8615  127.5780   11.24600   -0.03102
  5.2000   60.27400 -196.89700   35.8766  127.5785   11.10000   -0.02406
  5.2083   60.51900 -197.08299   35.8917  127.5790   10.99400   -0.01945
  5.2167   60.76400 -197.27200   35.9066  127.5795   10.84900   -0.01237
  5.2250   61.00900 -197.46500   35.9216  127.5801   10.71600   -0.01020
  5.2333   61.25300 -197.66200   35.9364  127.5807   10.59500   -0.00232
  5.2417   61.49700 -197.86200   35.9512  127.5813   10.47400    0.00253
  5.2500   61.74000 -198.06700   35.9659  127.5819   10.33300   -0.00174
  5.2583   61.98300 -198.27499   35.9805  127.5825   10.18400   -0.00514
  5.2667   62.22600 -198.48801   35.9952  127.5832   10.06900   -0.01464
  5.2750   62.46700 -198.70399   36.0096  127.5838    9.91200   -0.01067
  5.2833   62.70800 -198.92500   36.0241  127.5845    9.81200   -0.01577
  5.2917   62.94900 -199.15100   36.0385  127.5853    9.66800   -0.01182
  5.3000   63.18900 -199.38100   36.0528  127.5860    9.54300   -0.01656
  5.3083   63.42800 -199.61600   36.0671  127.5868    9.41600   -0.01553
  5.3167   63.66700 -199.85600   36.0813  127.5876    9.29400   -0.01327
  5.3250   63.90500 -200.10100   36.0954  127.5885    9.17400   -0.01312
  5.3333   64.14200 -200.35100   36.1095  127.5893    9.04300   -0.01196
  5.3417   64.38000 -200.60300   36.1235  127.5901    8.92700   -0.01150
  5.3500   64.61700 -200.86099   36.1375  127.5909    8.80900   -0.01377
  5.3583   64.85400 -201.12500   36.1515  127.5918    8.67200   -0.01504
  5.3667   65.09000 -201.39400   36.1654  127.5926    8.56200   -0.01653
  5.3750   65.32500 -201.66800   36.1793  127.5935    8.44600   -0.01384
  5.3833   65.55900 -201.94901   36.1930  127.5945    8.32500   -0.01189
  5.3917   65.79300 -202.23500   36.2068  127.5954    8.21600   -0.01445
  5.4000   66.02500 -202.52800   36.2205  127.5964    8.08900   -0.00829
  5.4083   66.25700 -202.82800   36.2341  127.5974    7.99900   -0.01338
  5.4167   66.48800 -203.13300   36.2477  127.5984    7.85600   -0.00796
  5.4250   66.71800 -203.44600   36.2612  127.5994    7.76600   -0.01659
  5.4333   66.94600 -203.76500   36.2746  127.6005    7.63400   -0.01264
  5.4417   67.17400 -204.09200   36.2881  127.6016    7.53600   -0.01840
  5.4500   67.40100 -204.42599   36.3015  127.6027    7.41600   -0.01696
  5.4583   67.62700 -204.76700   36.3148  127.6039    7.30900   -0.01755
  5.4667   67.85200 -205.11600   36.3281  127.6051    7.20600   -0.01129
  5.4750   68.07500 -205.47301   36.3413  127.6063    7.11200   -0.01128
  5.4833   68.29800 -205.83800   36.3545  127.6076    6.99000   -0.01379
  5.4917   68.51900 -206.21100   36.3676  127.6088    6.88200   -0.01415
  5.5000   68.73900 -206.59300   36.3807  127.6101    6.80000   -0.01135
  5.5083   68.95900 -206.98000   36.3938  127.6114    6.69200   -0.00799
  5.5167   69.17800 -207.37700   36.4068  127.6126    6.59200   -0.02134
  5.5250   69.39500 -207.78200   36.4198  127.6139    6.46100   -0.03313
  5.5333   69.61100 -208.19701   36.4327  127.6153    6.36200   -0.04158
  5.5417   69.82600 -208.62199   36.4456  127.6166    6.27500   -0.03626
  5.5500   70.04000 -209.05600   36.4585  127.6180    6.19000   -0.02813
  5.5583   70.25100 -209.50101   36.4713  127.6194    6.10200   -0.02323
  5.5667   70.46200 -209.95599   36.4841  127.6208    6.00800   -0.01825
  5.5750   70.67000 -210.42101   36.4969  127.6223    5.92700   -0.01010
  5.5833   70.87700 -210.89799   36.5096  127.6238    5.85300   -0.00255
  5.5917   71.08200 -211.38600   36.5222  127.6254    5.76100    0.00676
  5.6000   71.28600 -211.88499   36.5349  127.6269    5.68900    0.00262
  5.6083   71.48700 -212.39600   36.5474  127.6285    5.57800   -0.00538
  5.6167   71.68700 -212.91901   36.5600  127.6301    5.47900   -0.01642
  5.6250   71.88400 -213.45399   36.5724  127.6318    5.40100   -0.02005
  5.6333   72.08000 -214.00200   36.5849  127.6335    5.31400   -0.02086
  5.6417   72.27300 -214.56300   36.5973  127.6353    5.22300   -0.02088
  5.6500   72.46400 -215.13699   36.6097  127.6370    5.14900   -0.01606
  5.6583   72.65300 -215.72400   36.6221  127.6388    5.07800   -0.00757
  5.6667   72.84000 -216.32500   36.6344  127.6406    5.00000    0.00126
  5.6750   73.02600 -216.93700   36.6467  127.6424    4.92600    0.00613
  5.6833   73.21000 -217.56200   36.6590  127.6442    4.84200    0.01159
  5.6917   73.39100 -218.20300   36.6713  127.6460    4.76800    0.01001
  5.7000   73.57000 -218.85800   36.6835  127.6479    4.67500    0.00485
  5.7083   73.74600 -219.52800   36.6957  127.6497    4.58400   -0.00669
  5.7167   73.91900 -220.21400   36.7078  127.6517    4.49100   -0.00653
  5.7250   74.08900 -220.91499   36.7199  127.6536    4.43700   -0.00979
  5.7333   74.25700 -221.63200   36.7321  127.6556    4.33700   -0.00517
  5.7417   74.42100 -222.36501   36.7441  127.6576    4.27100   -0.01541
  5.7500   74.58200 -223.11400   36.7561  127.6597    4.17100   -0.02080
  5.7583   74.74000 -223.87900   36.7681  127.6618    4.08800   -0.02180
  5.7667   74.89500 -224.66100   36.7801  127.6639    4.03800   -0.02175
  5.7750   75.04600 -225.46001   36.7920  127.6661    3.94500   -0.01758
  5.7833   75.19400 -226.27499   36.8039  127.6683    3.87900   -0.02729
  5.7917   75.33800 -227.10699   36.8158  127.6706    3.79000   -0.02579
  5.8000   75.47900 -227.95700   36.8276  127.6728    3.73700   -0.02993
  5.8083   75.61500 -228.82300   36.8394  127.6752    3.65800   -0.02523
  5.8167   75.74800 -229.70500   36.8512  127.6775    3.60200   -0.03237
  5.8250   75.87600 -230.60500   36.8629  127.6799    3.51700   -0.03103
  5.8333   76.00000 -231.52100   36.8747  127.6824    3.47100   -0.03328
  5.8417   76.12300 -232.45200   36.8864  127.6847    3.41100   -0.02770
  5.8500   76.24100 -233.39900   36.8981  127.6871    3.35600   -0.02665
  5.8583   76.35500 -234.36301   36.9098  127.6895    3.30100   -0.03106
  5.8667   76.46400 -235.34300   36.9215  127.6920    3.22800   -0.03482
  5.8750   76.56900 -236.33800   36.9332  127.6945    3.18000   -0.03243
  5.8833   76.66800 -237.34900   36.9447  127.6970    3.14700   -0.02675
  5.8917   76.76300 -238.37601   36.9563  127.6996    3.08900   -0.02073
  5.9000   76.85400 -239.41600   36.9679  127.7022    3.04700   -0.01790
  5.9083   76.93900 -240.47099   36.9795  127.7049    3.01100   -0.00995
  5.9167   77.01800 -241.53900   36.9910  127.7076    2.97400   -0.00637
  5.9250   77.09300 -242.61900   37.0025  127.7103    2.92500   -0.00770
  5.9333   77.16200 -243.71201   37.0139  127.7131    2.88000   -0.01327
  5.9417   77.22600 -244.81500   37.0254  127.7160    2.83700   -0.02619
  5.9500   77.28500 -245.92900   37.0368  127.7188    2.77200   -0.03945
  5.9583   77.33800 -247.05200   37.0482  127.7217    2.73100   -0.04714
  5.9667   77.38500 -248.18401   37.0596  127.7247    2.70800   -0.04344
  5.9750   77.42700 -249.32300   37.0709  127.7277    2.67900   -0.03841
  5.9833   77.46300 -250.46800   37.0822  127.7307    2.64000   -0.02985
  5.9917   77.49300 -251.61900   37.0935  127.7338    2.62200   -0.01263
  6.0000   77.51800 -252.77400   37.1048  127.7369    2.61000    0.01492
  6.0083   77.53900 -253.93401   37.1161  127.7400    2.59400    0.04829
  6.0167   77.55500 -255.09700   37.1274  127.7430    2.58600    0.07564
  6.0250   77.56500 -256.26099   37.1387  127.7461    2.55100    0.09628
  6.0333   77.56900 -257.42599   37.1500  127.7493    2.51400    0.11017
  6.0417   77.56700 -258.58899   37.1612  127.7525    2.48700    0.11798
  6.0500   77.56000 -259.75101   37.1724  127.7558    2.43200    0.11051
  6.0583   77.54700 -260.90900   37.1836  127.7590    2.34100    0.08199
  6.0667   77.52800 -262.06299   37.1948  127.7624    2.24100    0.03933
  6.0750   77.50300 -263.21201   37.2060  127.7658    2.13600    0.00115
  6.0833   77.47300 -264.35400   37.2171  127.7692    2.05400   -0.03273
  6.0917   77.43700 -265.48801   37.2282  127.7727    1.96100   -0.04546
  6.1000   77.39500 -266.61401   37.2393  127.7763    1.91300   -0.03595
  6.1083   77.34800 -267.73001   37.2504  127.7798    1.89300   -0.01096
  6.1167   77.29600 -268.83499   37.2615  127.7834    1.84400    0.00201
  6.1250   77.23800 -269.92899   37.2725  127.7871    1.75800   -0.00905
  6.1333   77.17600 -271.01001   37.2836  127.7908    1.66400   -0.02870
  6.1417   77.10700 -272.07901   37.2946  127.7946    1.59200   -0.03800
  6.1500   77.03400 -273.13400   37.3056  127.7984    1.54600   -0.03326
  6.1583   76.95600 -274.17401   37.3166  127.8023    1.50500   -0.03284
  6.1667   76.87300 -275.19901   37.3275  127.8062    1.42900   -0.04230
  6.1750   76.78800 -276.21600   37.3385  127.8100    1.36100   -0.05177
  6.1833   76.69800 -277.21701   37.3495  127.8139    1.32800   -0.05237
  6.1917   76.60400 -278.20200   37.3605  127.8178    1.28300   -0.04510
  6.2000   76.50500 -279.17099   37.3715  127.8217    1.24000   -0.03889
  6.2083   76.40200 -280.12299   37.3824  127.8257    1.20400   -0.02915
  6.2167   76.29400 -281.05801   37.3934  127.8298    1.17400   -0.01468
  6.2250   76.18300 -281.97601   37.4043  127.8339    1.15100   -0.00784
  6.2333   76.06700 -282.87601   37.4152  127.8381    1.09600   -0.00278
  6.2417   75.94800 -283.75900   37.4261  127.8423    1.06300   -0.00176
  6.2500   75.82400 -284.62399   37.4370  127.8466    1.03000    0.01443
  6.2583   75.69700 -285.47101   37.4478  127.8509    1.02600    0.02279
  6.2667   75.56700 -286.30099   37.4587  127.8552    0.97300    0.02622
  6.2750   75.43300 -287.11301   37.4695  127.8597    0.92800    0.01385
  6.2833   75.29500 -287.90701   37.4804  127.8642    0.87600    0.00070
  6.2917   75.15500 -288.68301   37.4912  127.8687    0.82200   -0.01153
  6.3000   75.01100 -289.44199   37.5020  127.8733    0.77900   -0.01603
  6.3083   74.86400 -290.18399   37.5128  127.8779    0.74900   -0.01490
  6.3167   74.71500 -290.90799   37.5235  127.8826    0.71000   -0.01547
  6.3250   74.56200 -291.61600   37.5343  127.8874    0.66200   -0.01220
  6.3333   74.40700 -292.30701   37.5450  127.8922    0.64400   -0.00677
  6.3417   74.25100 -292.98999   37.5558  127.8969    0.61100    0.00288
  6.3500   74.09200 -293.65701   37.5666  127.9017    0.57700    0.00523
  6.3583   73.93100 -294.30801   37.5774  127.9065    0.53900    0.00797
  6.3667   73.76800 -294.94299   37.5882  127.9113    0.51400   -0.00002
  6.3750   73.60200 -295.56299   37.5990  127.9163    0.45300   -0.01081
  6.3833   73.43400 -296.16800   37.6097  127.9212    0.41400   -0.03273
  6.3917   73.26300 -296.75800   37.6205  127.9263    0.36000   -0.04141
  6.4000   73.09100 -297.33301   37.6312  127.9314    0.34700   -0.05587
  6.4083   72.91700 -297.89301   37.6419  127.9365    0.29500   -0.06084
  6.4167   72.74000 -298.44000   37.6527  127.9418    0.27600   -0.06338
  6.4250   72.56200 -298.97299   37.6634  127.9471    0.27400   -0.06085
  6.4333   72.38200 -299.49200   37.6741  127.9524    0.24300   -0.05025
  6.4417   72.20000 -299.99701   37.6847  127.9578    0.25500   -0.04413
  6.4500   72.01700 -300.48999   37.6954  127.9633    0.24400   -0.03060
  6.4583   71.83200 -300.97000   37.7061  127.9688    0.24200   -0.02420
  6.4667   71.64500 -301.43701   37.7168  127.9744    0.23700   -0.00889
  6.4750   71.45700 -301.89301   37.7274  127.9800    0.26100   -0.00654
  6.4833   71.26800 -302.33600   37.7380  127.9857    0.22200   -0.00023
  6.4917   71.07700 -302.76801   37.7487  127.9915    0.23500   -0.00520
  6.5000   70.88500 -303.18799   37.7593  127.9974    0.22700    0.00355
  6.5083   70.69300 -303.60599   37.7700  128.0031    0.23500    0.00884
  6.5167   70.50000 -304.01300   37.7807  128.0089    0.23800    0.01274
  6.5250   70.30600 -304.41000   37.7914  128.0147    0.22500    0.01231
  6.5333   70.11000 -304.79599   37.8020  128.0206    0.21900    0.00986
  6.5417   69.91400 -305.17200   37.8127  128.0266    0.21500    0.00713
  6.5500   69.71600 -305.53799   37.8234  128.0327    0.20200    0.00076
  6.5583   69.51700 -305.89499   37.8340  128.0388    0.18400    0.00147
  6.5667   69.31800 -306.24200   37.8447  128.0449    0.20100    0.00178
  6.5750   69.11700 -306.57999   37.8553  128.0512    0.18500    0.00732
  6.5833   68.91500 -306.90799   37.8660  128.0575    0.18100    0.00402
  6.5917   68.71300 -307.22800   37.8766  128.0639    0.16600    0.00252
  6.6000   68.51000 -307.54001   37.8872  128.0703    0.15200    0.00062
  6.6083   68.30600 -307.84299   37.8978  128.0768    0.14500    0.00655
  6.6167   68.10100 -308.13800   37.9084  128.0834    0.15400    0.01597
  6.6250   67.89500 -308.42401   37.9190  128.0901    0.15100    0.02865
  6.6333   67.68900 -308.70300   37.9296  128.0968    0.15400    0.02317
  6.6417   67.48200 -308.97400   37.9402  128.1036    0.10600    0.02182
  6.6500   67.27500 -309.23801   37.9508  128.1104    0.11600    0.00416
  6.6583   67.06700 -309.49500   37.9614  128.1174    0.06900   -0.00603
  6.6667   66.85800 -309.74399   37.9720  128.1244    0.04700   -0.02051
  6.6750   66.65000 -309.99500   37.9827  128.1313    0.04800   -0.02569
  6.6833   66.44200 -310.23901   37.9933  128.1382    0.03400   -0.03253
  6.6917   66.23200 -310.47601   38.0040  128.1453    0.01100   -0.03739
  6.7000   66.02300 -310.70599   38.0146  128.1524    0.02000   -0.04464
  6.7083   65.81200 -310.93100   38.0253  128.1596    0.00000   -0.04422
  6.7167   65.60200 -311.14899   38.0359  128.1668    0.00200   -0.04823
  6.7250   65.39100 -311.35999   38.0465  128.1742    0.00100   -0.03765
  6.7333   65.17900 -311.56601   38.0572  128.1816    0.03300   -0.02833
  6.7417   64.96700 -311.76700   38.0678  128.1891    0.03700   -0.01224
  6.7500   64.75500 -311.96100   38.0784  128.1967    0.06100   -0.00796
  6.7583   64.54200 -312.14999   38.0891  128.2043    0.05700    0.00369
  6.7667   64.32900 -312.33301   38.0997  128.2121    0.08500    0.00653
  6.7750   64.11600 -312.51099   38.1103  128.2198    0.08000    0.01387
  6.7833   63.90300 -312.68399   38.1209  128.2277    0.09100    0.01331
  6.7917   63.68900 -312.85199   38.1315  128.2356    0.09500    0.01998
  6.8000   63.47500 -313.01501   38.1422  128.2437    0.11700    0.02891
  6.8083   63.26000 -313.17300   38.1528  128.2518    0.13800    0.03301
  6.8167   63.04600 -313.32599   38.1634  128.2600    0.12500    0.02608
  6.8250   62.83100 -313.47400   38.1740  128.2683    0.10900    0.01682
  6.8333   62.61600 -313.61801   38.1846  128.2766    0.12000   -0.00003
  6.8417   62.40200 -313.76501   38.1953  128.2849    0.08400   -0.01548
  6.8500   62.18800 -313.90701   38.2059  128.2932    0.07200   -0.02738
  6.8583   61.97300 -314.04501   38.2167  128.3016    0.09400   -0.02899
  6.8667   61.75800 -314.17899   38.2274  128.3101    0.08900   -0.01662
  6.8750   61.54300 -314.30801   38.2380  128.3187    0.12100   -0.00962
  6.8833   61.32800 -314.43399   38.2487  128.3273    0.12100   -0.00550
  6.8917   61.11300 -314.55499   38.2594  128.3361    0.10200   -0.00201
  6.9000   60.89700 -314.67300   38.2701  128.3449    0.13100    0.00349
  6.9083   60.68200 -314.78699   38.2808  128.3538    0.14000    0.02290
  6.9167   60.46600 -314.89600   38.2915  128.3629    0.17200    0.03199
  6.9250   60.25000 -315.00299   38.3022  128.3720    0.17000    0.02980
  6.9333   60.03500 -315.10501   38.3129  128.3811    0.14500    0.01648
  6.9417   59.81900 -315.20401   38.3236  128.3904    0.14200   -0.00323
  6.9500   59.60300 -315.29999   38.3343  128.3998    0.12300   -0.02170
  6.9583   59.38700 -315.39200   38.3450  128.4092    0.10500   -0.04022
  6.9667   59.17100 -315.48099   38.3557  128.4188    0.10600   -0.04507
  6.9750   58.95500 -315.56601   38.3663  128.4284    0.13500   -0.04466
  6.9833   58.74000 -315.64899   38.3770  128.4381    0.13800   -0.03912
  6.9917   58.52400 -315.72800   38.3877  128.4479    0.15900   -0.03930
  7.0000   58.30800 -315.80399   38.3984  128.4579    0.16700   -0.03515
  7.0083   58.09300 -315.88300   38.4092  128.4677    0.18300   -0.03527
  7.0167   57.87700 -315.95999   38.4200  128.4776    0.19000   -0.01699
  7.0250   57.66200 -316.03400   38.4308  128.4876    0.26800    0.00063
  7.0333   57.44700 -316.10400   38.4416  128.4977    0.28900    0.01792
  7.0417   57.23200 -316.17200   38.4524  128.5079    0.30100    0.01268
  7.0500   57.01700 -316.23700   38.4632  128.5181    0.30400    0.01580
  7.0583   56.80100 -316.29901   38.4740  128.5286    0.35500    0.01741
  7.0667   56.58600 -316.35901   38.4848  128.5390    0.36300    0.01486
  7.0750   56.37100 -316.41501   38.4956  128.5497    0.35000   -0.00009
  7.0833   56.15600 -316.47000   38.5065  128.5603    0.35600   -0.00863
  7.0917   55.94200 -316.52100   38.5172  128.5711    0.38300    0.00092
  7.1000   55.72700 -316.57001   38.5281  128.5820    0.43200    0.01367
  7.1083   55.51200 -316.61700   38.5389  128.5930    0.44300    0.02394
  7.1167   55.29800 -316.66101   38.5497  128.6040    0.45500    0.02549
  7.1250   55.08300 -316.70200   38.5605  128.6153    0.46700    0.02431
  7.1333   54.86900 -316.74100   38.5714  128.6266    0.46800    0.03329
  7.1417   54.65500 -316.77802   38.5822  128.6380    0.51200    0.03497
  7.1500   54.44000 -316.81299   38.5931  128.6495    0.49400    0.03230
  7.1583   54.22700 -316.84500   38.6038  128.6611    0.47900    0.01943
  7.1667   54.01300 -316.87500   38.6147  128.6728    0.49100    0.00819
  7.1750   53.80000 -316.90900   38.6256  128.6844    0.48500   -0.00713
  7.1833   53.58600 -316.94101   38.6366  128.6962    0.45600   -0.01996
  7.1917   53.37300 -316.97000   38.6476  128.7081    0.47600   -0.02856
  7.2000   53.16000 -316.99701   38.6585  128.7201    0.48200   -0.02743
  7.2083   52.94800 -317.02301   38.6695  128.7321    0.48700   -0.03917
  7.2167   52.73500 -317.04599   38.6805  128.7443    0.45800   -0.04771
  7.2250   52.52200 -317.06699   38.6915  128.7566    0.47000   -0.04085
  7.2333   52.31000 -317.08600   38.7024  128.7690    0.52600   -0.01709
  7.2417   52.09800 -317.10300   38.7134  128.7815    0.55300    0.01958
  7.2500   51.88600 -317.11899   38.7244  128.7942    0.61000    0.04661
  7.2583   51.67400 -317.13199   38.7354  128.8069    0.62700    0.06610
  7.2667   51.46200 -317.14301   38.7464  128.8199    0.62500    0.06944
  7.2750   51.25100 -317.15302   38.7574  128.8328    0.62100    0.07250
  7.2833   51.04000 -317.16101   38.7684  128.8459    0.63400    0.07230
  7.2917   50.82900 -317.16699   38.7794  128.8591    0.61600    0.06257
  7.3000   50.61800 -317.17099   38.7904  128.8725    0.57200    0.04597
  7.3083   50.40700 -317.17300   38.8015  128.8860    0.55500    0.02137
  7.3167   50.19700 -317.17401   38.8125  128.8996    0.50200    0.00677
  7.3250   49.98600 -317.17300   38.8236  128.9133    0.48900   -0.00525
  7.3333   49.77600 -317.17001   38.8346  128.9272    0.47200   -0.00667
  7.3417   49.56700 -317.17099   38.8457  128.9409    0.45200   -0.00346
  7.3500   49.35700 -317.17001   38.8569  128.9548    0.45300   -0.00700
  7.3583   49.14800 -317.16800   38.8681  128.9688    0.41200   -0.00583
  7.3667   48.93900 -317.16400   38.8793  128.9830    0.41000   -0.01943
  7.3750   48.73000 -317.15900   38.8905  128.9973    0.35600   -0.03146
  7.3833   48.52200 -317.15201   38.9016  129.0116    0.32600   -0.03413
  7.3917   48.31300 -317.14301   38.9129  129.0262    0.36500   -0.03344
  7.4000   48.10500 -317.13300   38.9241  129.0409    0.32800   -0.03600
  7.4083   47.89700 -317.12100   38.9353  129.0557    0.28600   -0.03782
  7.4167   47.68900 -317.10800   38.9465  129.0707    0.33000   -0.03107
  7.4250   47.48200 -317.09299   38.9577  129.0857    0.33000   -0.01379
  7.4333   47.27400 -317.07700   38.9690  129.1010    0.33200   -0.00751
  7.4417   47.06700 -317.05899   38.9802  129.1163    0.33600    0.00416
  7.4500   46.86100 -317.04001   38.9914  129.1318    0.35600    0.02163
  7.4583   46.65400 -317.01999   39.0027  129.1474    0.38300    0.02909
  7.4667   46.44800 -316.99799   39.0140  129.1632    0.35200    0.02083
  7.4750   46.24200 -316.97501   39.0252  129.1791    0.31800    0.00178
  7.4833   46.03600 -316.95001   39.0365  129.1952    0.31200   -0.01257
  7.4917   45.83100 -316.92401   39.0477  129.2114    0.31100   -0.01483
  7.5000   45.62500 -316.89700   39.0591  129.2278    0.33300   -0.01965
  7.5083   45.42000 -316.87299   39.0705  129.2441    0.32400   -0.02897
  7.5167   45.21600 -316.84900   39.0819  129.2604    0.30700   -0.05510
  7.5250   45.01100 -316.82199   39.0934  129.2771    0.26400   -0.07982
  7.5333   44.80700 -316.79501   39.1048  129.2938    0.26000   -0.08923
  7.5417   44.60300 -316.76599   39.1163  129.3107    0.30400   -0.06968
  7.5500   44.39900 -316.73599   39.1278  129.3277    0.38000   -0.03800
  7.5583   44.19600 -316.70499   39.1392  129.3449    0.42800   -0.00398
  7.5667   43.99200 -316.67200   39.1508  129.3623    0.48400    0.01340
  7.5750   43.79000 -316.63800   39.1622  129.3798    0.49200    0.03964
  7.5833   43.58700 -316.60300   39.1737  129.3975    0.57100    0.05442
  7.5917   43.38400 -316.56699   39.1853  129.4153    0.57300    0.06619
  7.6000   43.18200 -316.53000   39.1968  129.4333    0.56300    0.06689
  7.6083   42.98000 -316.49100   39.2083  129.4515    0.59500    0.07030
  7.6167   42.77900 -316.45200   39.2198  129.4697    0.60800    0.07285
  7.6250   42.57700 -316.41101   39.2314  129.4883    0.59300    0.06866
  7.6333   42.37600 -316.36899   39.2430  129.5069    0.59000    0.05817
  7.6417   42.17600 -316.32599   39.2545  129.5257    0.56700    0.05011
  7.6500   41.97500 -316.28201   39.2661  129.5447    0.55000    0.03019
  7.6583   41.77500 -316.23599   39.2776  129.5639    0.48800    0.00799
  7.6667   41.57500 -316.19000   39.2892  129.5832    0.44400   -0.01042
  7.6750   41.37600 -316.14700   39.3009  129.6024    0.43600   -0.02229
  7.6833   41.17600 -316.10300   39.3127  129.6219    0.39900   -0.03080
  7.6917   40.97700 -316.05801   39.3244  129.6416    0.37300   -0.03124
  7.7000   40.77800 -316.01199   39.3362  129.6614    0.40500   -0.02813
  7.7083   40.57900 -315.96500   39.3480  129.6814    0.38800   -0.02572
  7.7167   40.38100 -315.91699   39.3598  129.7016    0.36600   -0.03514
  7.7250   40.18300 -315.86801   39.3716  129.7219    0.35700   -0.04710
  7.7333   39.98500 -315.81799   39.3834  129.7425    0.34200   -0.06634
  7.7417   39.78800 -315.76700   39.3952  129.7632    0.30600   -0.08447
  7.7500   39.59100 -315.71399   39.4070  129.7841    0.32000   -0.09354
  7.7583   39.39400 -315.66101   39.4189  129.8053    0.36300   -0.08915
  7.7667   39.19700 -315.60699   39.4308  129.8266    0.40200   -0.07888
  7.7750   39.00100 -315.55200   39.4426  129.8481    0.45700   -0.07592
  7.7833   38.80500 -315.49500   39.4544  129.8698    0.48000   -0.07320
  7.7917   38.60900 -315.43799   39.4663  129.8917    0.52900   -0.06466
  7.8000   38.41400 -315.38000   39.4782  129.9138    0.61800   -0.04574
  7.8083   38.21800 -315.32101   39.4901  129.9361    0.69300   -0.02041
  7.8167   38.02400 -315.26099   39.5019  129.9585    0.77600    0.00077
  7.8250   37.82900 -315.20099   39.5139  129.9812    0.85000    0.02207
  7.8333   37.63500 -315.13901   39.5258  130.0041    0.92800    0.03852
  7.8417   37.44100 -315.07999   39.5379  130.0270    0.98100    0.05811
  7.8500   37.24700 -315.02100   39.5500  130.0502    1.05700    0.08012
  7.8583   37.05400 -314.96100   39.5621  130.0734    1.13300    0.10242
  7.8667   36.86000 -314.89999   39.5743  130.0970    1.17900    0.11354
  7.8750   36.66700 -314.83801   39.5864  130.1208    1.19600    0.10573
  7.8833   36.47500 -314.77499   39.5985  130.1447    1.17600    0.09884
  7.8917   36.28200 -314.71100   39.6107  130.1689    1.21600    0.08561
  7.9000   36.09000 -314.64700   39.6229  130.1933    1.19400    0.07358
  7.9083   35.89800 -314.58099   39.6351  130.2180    1.17400    0.03284
  7.9167   35.70700 -314.51501   39.6473  130.2428    1.07600   -0.01016
  7.9250   35.51600 -314.44699   39.6594  130.2679    1.04300   -0.04774
  7.9333   35.32500 -314.37900   39.6716  130.2932    1.04900   -0.07087
  7.9417   35.13400 -314.31000   39.6839  130.3188    1.02100   -0.08681
  7.9500   34.94400 -314.24100   39.6961  130.3445    1.02200   -0.09621
  7.9583   34.75400 -314.17001   39.7083  130.3706    1.05800   -0.10397
  7.9667   34.56400 -314.09900   39.7206  130.3969    1.04300   -0.10194
  7.9750   34.37500 -314.02701   39.7328  130.4233    1.09800   -0.08992
  7.9833   34.18600 -313.95401   39.7451  130.4500    1.19100   -0.06437
  7.9917   33.99700 -313.88000   39.7574  130.4771    1.24600   -0.03603
  8.0000   33.80900 -313.80499   39.7696  130.5042    1.32400   -0.00785
  8.0083   33.62100 -313.73401   39.7821  130.5315    1.43000    0.01941
  8.0167   33.43300 -313.66199   39.7946  130.5590    1.49100    0.03682
  8.0250   33.24500 -313.58899   39.8071  130.5868    1.52800    0.03690
  8.0333   33.05700 -313.51501   39.8196  130.6149    1.55000    0.04111
  8.0417   32.87000 -313.44101   39.8322  130.6432    1.63700    0.04809
  8.0500   32.68300 -313.36600   39.8447  130.6718    1.69300    0.05182
  8.0583   32.49700 -313.29001   39.8572  130.7005    1.70400    0.03697
  8.0667   32.31000 -313.21301   39.8698  130.7297    1.70000    0.01298
  8.0750   32.12400 -313.13501   39.8824  130.7591    1.71100    0.00332
  8.0833   31.93900 -313.05701   39.8949  130.7887    1.79600   -0.01353
  8.0917   31.75300 -312.97800   39.9075  130.8187    1.75600   -0.02628
  8.1000   31.56800 -312.89801   39.9201  130.8489    1.78700   -0.05145
  8.1083   31.38300 -312.81799   39.9327  130.8794    1.80800   -0.05768
  8.1167   31.19900 -312.73700   39.9453  130.9100    1.86700   -0.06302
  8.1250   31.01500 -312.65500   39.9579  130.9411    1.90200   -0.05610
  8.1333   30.83100 -312.57199   39.9705  130.9725    1.98100   -0.04497
  8.1417   30.64800 -312.48901   39.9831  131.0040    2.05500   -0.02246
  8.1500   30.46400 -312.40500   39.9958  131.0360    2.14400    0.00396
  8.1583   30.28100 -312.32001   40.0084  131.0683    2.24100    0.03176
  8.1667   30.09900 -312.23499   40.0210  131.1007    2.31700    0.05539
  8.1750   29.91600 -312.15201   40.0339  131.1334    2.38200    0.07492
  8.1833   29.73400 -312.06900   40.0468  131.1663    2.45600    0.08266
  8.1917   29.55200 -311.98499   40.0597  131.1996    2.47300    0.08730
  8.2000   29.37000 -311.90100   40.0726  131.2332    2.52100    0.07640
  8.2083   29.18900 -311.81601   40.0855  131.2670    2.51100    0.05778
  8.2167   29.00800 -311.73001   40.0984  131.3012    2.48700    0.02561
  8.2250   28.82700 -311.64301   40.1113  131.3358    2.46400   -0.00570
  8.2333   28.64600 -311.55600   40.1243  131.3707    2.46000   -0.03282
  8.2417   28.46600 -311.46799   40.1372  131.4059    2.45800   -0.05364
  8.2500   28.28600 -311.38000   40.1502  131.4414    2.46300   -0.06668
  8.2583   28.10600 -311.29099   40.1632  131.4773    2.49700   -0.07141
  8.2667   27.92700 -311.20099   40.1761  131.5135    2.53500   -0.07229
  8.2750   27.74800 -311.10999   40.1891  131.5501    2.56200   -0.07066
  8.2833   27.56900 -311.01901   40.2021  131.5870    2.60900   -0.05418
  8.2917   27.39100 -310.92700   40.2150  131.6242    2.73600   -0.02938
  8.3000   27.21300 -310.83499   40.2279  131.6618    2.82000   -0.00030
  8.3083   27.03500 -310.74200   40.2409  131.6998    2.90300    0.02267
  8.3167   26.85800 -310.64899   40.2539  131.7380    3.00300    0.02517
  8.3250   26.68100 -310.55399   40.2668  131.7767    2.97500    0.02741
  8.3333   26.50400 -310.45999   40.2799  131.8157    3.06200    0.02006
  8.3417   26.32700 -310.36801   40.2931  131.8550    3.11000    0.02338
  8.3500   26.15000 -310.27499   40.3064  131.8948    3.14400    0.01886
  8.3583   25.97400 -310.18201   40.3196  131.9347    3.18200    0.02114
  8.3667   25.79800 -310.08801   40.3328  131.9751    3.26400    0.03096
  8.3750   25.62200 -309.99301   40.3461  132.0160    3.33200    0.03477
  8.3833   25.44600 -309.89801   40.3594  132.0573    3.32500    0.02808
  8.3917   25.27100 -309.80301   40.3727  132.0989    3.33700    0.01810
  8.4000   25.09600 -309.70599   40.3859  132.1410    3.38300    0.01603
  8.4083   24.92200 -309.60901   40.3991  132.1833    3.42500    0.01402
  8.4167   24.74700 -309.51199   40.4125  132.2262    3.43800    0.00859
  8.4250   24.57300 -309.41400   40.4258  132.2695    3.46700   -0.00519
  8.4333   24.40000 -309.31500   40.4389  132.3131    3.45900   -0.02442
  8.4417   24.22600 -309.21600   40.4522  132.3573    3.44400   -0.04389
  8.4500   24.05300 -309.11600   40.4655  132.4018    3.46900   -0.05224
  8.4583   23.88000 -309.01599   40.4788  132.4468    3.52800   -0.04870
  8.4667   23.70800 -308.91501   40.4919  132.4921    3.58500   -0.03214
  8.4750   23.53600 -308.81299   40.5051  132.5379    3.69700   -0.02131
  8.4833   23.36400 -308.71100   40.5183  132.5842    3.72600   -0.01495
  8.4917   23.19200 -308.60901   40.5317  132.6310    3.75800   -0.00828
  8.5000   23.02100 -308.50601   40.5448  132.6782    3.87400   -0.00102
  8.5083   22.84900 -308.40500   40.5584  132.7259    3.91000    0.01271
  8.5167   22.67800 -308.30399   40.5719  132.7739    3.98900    0.00838
  8.5250   22.50700 -308.20300   40.5854  132.8223    4.00000    0.01129
  8.5333   22.33700 -308.10001   40.5988  132.8712    4.09400    0.00294
  8.5417   22.16600 -307.99799   40.6124  132.9208    4.11800    0.00370
  8.5500   21.99600 -307.89401   40.6258  132.9708    4.19300   -0.00372
  8.5583   21.82700 -307.79099   40.6392  133.0210    4.23400   -0.00920
  8.5667   21.65700 -307.68600   40.6527  133.0722    4.26300   -0.01691
  8.5750   21.48800 -307.58099   40.6661  133.1236    4.32500   -0.02295
  8.5833   21.31900 -307.47601   40.6796  133.1756    4.37500   -0.02873
  8.5917   21.15100 -307.37000   40.6929  133.2280    4.40500   -0.02883
  8.6000   20.98200 -307.26300   40.7063  133.2812    4.50000   -0.02096
  8.6083   20.81400 -307.15601   40.7197  133.3348    4.60600    0.01046
  8.6167   20.64700 -307.04901   40.7330  133.3887    4.79600    0.02074
  8.6250   20.47900 -306.94101   40.7464  133.4435    4.75200    0.02648
  8.6333   20.31200 -306.83200   40.7597  133.4986    4.83000    0.00840
  8.6417   20.14500 -306.72299   40.7730  133.5544    4.85900    0.01123
  8.6500   19.97900 -306.61401   40.7862  133.6105    4.95900    0.00568
  8.6583   19.81300 -306.50400   40.7994  133.6673    4.97900    0.00420
  8.6667   19.64700 -306.39301   40.8126  133.7248    5.03600   -0.00032
  8.6750   19.48100 -306.28500   40.8261  133.7826    5.11100    0.00084
  8.6833   19.31500 -306.17700   40.8397  133.8411    5.16500    0.01047
  8.6917   19.14900 -306.06799   40.8532  133.9003    5.27400    0.00769
  8.7000   18.98400 -305.95801   40.8666  133.9600    5.24900    0.01889
  8.7083   18.81900 -305.84799   40.8800  134.0203    5.39400    0.01662
  8.7167   18.65400 -305.73700   40.8934  134.0813    5.40100    0.02553
  8.7250   18.49000 -305.62601   40.9067  134.1427    5.46000    0.01997
  8.7333   18.32500 -305.51401   40.9201  134.2051    5.50300    0.01965
  8.7417   18.16100 -305.40201   40.9334  134.2680    5.55100    0.00825
  8.7500   17.99800 -305.29001   40.9466  134.3312    5.52700   -0.00053
  8.7583   17.83400 -305.17700   40.9599  134.3955    5.58400   -0.00476
  8.7667   17.67100 -305.06299   40.9729  134.4603    5.65500   -0.00651
  8.7750   17.50800 -304.94901   40.9861  134.5257    5.64600   -0.00719
  8.7833   17.34600 -304.83499   40.9991  134.5916    5.71300   -0.01671
  8.7917   17.18400 -304.72000   41.0121  134.6583    5.72300   -0.01309
  8.8000   17.02200 -304.60400   41.0250  134.7258    5.81200   -0.00376
  8.8083   16.86000 -304.48901   41.0380  134.7939    5.91700    0.00837
  8.8167   16.69900 -304.37201   41.0507  134.8626    5.94900    0.00430
  8.8250   16.53700 -304.25601   41.0638  134.9324    5.91600   -0.00366
  8.8333   16.37600 -304.13901   41.0765  135.0027    5.99100   -0.01993
  8.8417   16.21500 -304.02399   41.0896  135.0736    5.96100   -0.01273
  8.8500   16.05500 -303.90799   41.1024  135.1450    6.10200   -0.00583
  8.8583   15.89400 -303.79300   41.1155  135.2175    6.17400    0.01692
  8.8667   15.73400 -303.67599   41.1282  135.2906    6.25700    0.02304
  8.8750   15.57400 -303.55899   41.1410  135.3645    6.27300    0.02448
  8.8833   15.41400 -303.44199   41.1538  135.4392    6.30400    0.02599
  8.8917   15.25500 -303.32401   41.1663  135.5145    6.37900    0.02660
  8.9000   15.09500 -303.20599   41.1790  135.5910    6.37600    0.02128
  8.9083   14.93600 -303.08801   41.1916  135.6680    6.35700    0.02146
  8.9167   14.77800 -302.96899   41.2039  135.7455    6.47500    0.01842
  8.9250   14.61900 -302.84900   41.2162  135.8244    6.45200    0.01790
  8.9333   14.46100 -302.72900   41.2284  135.9037    6.45200    0.00404
  8.9417   14.30300 -302.60901   41.2406  135.9840    6.45800    0.00276
  8.9500   14.14500 -302.48801   41.2527  136.0652    6.52400    0.00125
  8.9583   13.98800 -302.36700   41.2646  136.1469    6.51300   -0.00207
  8.9667   13.83100 -302.24600   41.2765  136.2296    6.49700   -0.00890
  8.9750   13.67400 -302.12399   41.2882  136.3132    6.51900   -0.01086
  8.9833   13.51700 -302.00201   41.3000  136.3978    6.54000   -0.00718
  8.9917   13.36100 -301.87900   41.3114  136.4830    6.58100   -0.00152
  9.0000   13.20500 -301.75601   41.3228  136.5691    6.62900    0.01149
  9.0083   13.04900 -301.63501   41.3345  136.6560    6.71500    0.01129
  9.0167   12.89300 -301.51300   41.3460  136.7440    6.63500    0.01774
  9.0250   12.73700 -301.39099   41.3575  136.8330    6.74100    0.00981
  9.0333   12.58100 -301.26901   41.3689  136.9230    6.71300   -0.00039
  9.0417   12.42600 -301.14600   41.3800  137.0137    6.62400   -0.02984
  9.0500   12.27100 -301.02301   41.3911  137.1053    6.56600   -0.03885
  9.0583   12.11600 -300.89899   41.4019  137.1981    6.68700   -0.00894
  9.0667   11.96200 -300.77499   41.4126  137.2914    6.89600    0.02454
  9.0750   11.80700 -300.65100   41.4233  137.3862    6.84700    0.04504
  9.0833   11.65300 -300.52600   41.4337  137.4817    6.85300    0.02587
  9.0917   11.49900 -300.40100   41.4441  137.5783    6.72900    0.03033
  9.1000   11.34600 -300.27499   41.4540  137.6755    6.89300    0.04775
  9.1083   11.19300 -300.14899   41.4639  137.7738    7.00700    0.07782
  9.1167   11.03900 -300.02301   41.4738  137.8737    6.98500    0.07767
  9.1250   10.88700 -299.89600   41.4832  137.9737    6.87000    0.03759
  9.1333   10.73400 -299.76901   41.4927  138.0754    6.62800   -0.01351
  9.1417   10.58200 -299.64099   41.5017  138.1777    6.48700   -0.05147
  9.1500   10.42900 -299.51401   41.5110  138.2818    6.51700   -0.04857
  9.1583   10.27800 -299.38599   41.5196  138.3858    6.59400   -0.01460
  9.1667   10.12600 -299.25699   41.5282  138.4917    6.70200    0.03890
  9.1750    9.97400 -299.13000   41.5369  138.5986    6.81800    0.05684
  9.1833    9.82300 -299.00299   41.5454  138.7060    6.65100    0.03810
  9.1917    9.67100 -298.87601   41.5539  138.8153    6.55300    0.00490
  9.2000    9.52000 -298.74799   41.5619  138.9253    6.41200    0.00157
  9.2083    9.36900 -298.61899   41.5697  139.0365    6.27200    0.00000

