hmax        =    300
wind_bottom =      2
wind_top    =     10
critlon     =      0
tbeg, h     =   0.00
tend, h     =  24.00
c_ionex     =      0
c_vert      =      1
time, gamma, az, latp, lonp, tec, tec_filtered
 10.1083   10.38500 -146.25000   29.0749  120.9272   36.47400    0.00000
 10.1167   10.58200 -146.18201   29.1647  120.9725   36.02300    0.00279
 10.1250   10.78000 -146.11400   29.2535  121.0175   35.66700   -0.01071
 10.1333   10.97800 -146.04500   29.3412  121.0619   35.14300   -0.00883
 10.1417   11.17600 -145.97600   29.4275  121.1059   34.86600   -0.00838
 10.1500   11.37300 -145.90601   29.5123  121.1489   34.52500   -0.01775
 10.1583   11.57200 -145.83501   29.5968  121.1918   34.00600   -0.03567
 10.1667   11.77000 -145.76300   29.6797  121.2339   33.70800   -0.06530
 10.1750   11.96900 -145.69299   29.7617  121.2760   33.34500   -0.07457
 10.1833   12.16800 -145.62100   29.8426  121.3175   33.07600   -0.08394
 10.1917   12.36700 -145.54900   29.9223  121.3584   32.83300   -0.08798
 10.2000   12.56600 -145.47701   30.0010  121.3989   32.41900   -0.09149
 10.2083   12.76600 -145.40300   30.0789  121.4390   32.19600   -0.10079
 10.2167   12.96500 -145.33000   30.1554  121.4785   31.95000   -0.08954
 10.2250   13.16500 -145.25500   30.2312  121.5175   31.74000   -0.07975
 10.2333   13.36500 -145.17999   30.3060  121.5562   31.54400   -0.06557
 10.2417   13.56500 -145.10400   30.3798  121.5942   31.37100   -0.06060
 10.2500   13.76500 -145.02699   30.4525  121.6317   31.12000   -0.05273
 10.2583   13.96500 -144.95000   30.5243  121.6688   30.98100   -0.05582
 10.2667   14.16500 -144.87199   30.5951  121.7054   30.74600   -0.03907
 10.2750   14.36500 -144.79401   30.6649  121.7416   30.67200   -0.02671
 10.2833   14.56500 -144.71500   30.7338  121.7773   30.50800   -0.01672
 10.2917   14.76600 -144.63499   30.8021  121.8127   30.25800   -0.00841
 10.3000   14.96600 -144.55400   30.8693  121.8473   30.17400    0.01524
 10.3083   15.16700 -144.47301   30.9357  121.8818   30.12400    0.03625
 10.3167   15.36800 -144.39200   31.0013  121.9160   29.84700    0.04707
 10.3250   15.56900 -144.31000   31.0660  121.9497   29.67400    0.05383
 10.3333   15.76900 -144.22701   31.1296  121.9826   29.59100    0.07466
 10.3417   15.97100 -144.14400   31.1929  122.0157   29.41500    0.08523
 10.3500   16.17300 -144.06100   31.2553  122.0484   29.16300    0.06987
 10.3583   16.37500 -143.97701   31.3169  122.0807   28.87500    0.04538
 10.3667   16.57700 -143.89301   31.3776  122.1126   28.62500    0.01876
 10.3750   16.77900 -143.80800   31.4376  122.1441   28.35400   -0.00129
 10.3833   16.98100 -143.72200   31.4969  122.1751   28.11000   -0.01667
 10.3917   17.18300 -143.63600   31.5553  122.2059   27.88400   -0.03131
 10.4000   17.38600 -143.54800   31.6134  122.2362   27.60800   -0.03056
 10.4083   17.58800 -143.46100   31.6703  122.2662   27.46900   -0.03367
 10.4167   17.79100 -143.37199   31.7268  122.2959   27.21600   -0.02925
 10.4250   17.99300 -143.28300   31.7824  122.3250   26.99100   -0.02532
 10.4333   18.19600 -143.19299   31.8375  122.3540   26.85200   -0.02089
 10.4417   18.39900 -143.10300   31.8919  122.3827   26.61200   -0.01650
 10.4500   18.60200 -143.01199   31.9456  122.4109   26.40700   -0.02137
 10.4583   18.80500 -142.92000   31.9987  122.4388   26.22200   -0.02615
 10.4667   19.00800 -142.82800   32.0510  122.4665   26.00100   -0.03613
 10.4750   19.21100 -142.73500   32.1028  122.4937   25.77400   -0.05306
 10.4833   19.41400 -142.64101   32.1539  122.5206   25.56400   -0.05182
 10.4917   19.61700 -142.54700   32.2044  122.5472   25.48800   -0.05194
 10.5000   19.82000 -142.45200   32.2543  122.5735   25.27400   -0.04562
 10.5083   20.02400 -142.35699   32.3037  122.5997   25.12600   -0.05564
 10.5167   20.22800 -142.26199   32.3525  122.6257   24.95900   -0.04910
 10.5250   20.43300 -142.16600   32.4010  122.6515   24.87500   -0.05062
 10.5333   20.63700 -142.06900   32.4487  122.6767   24.69100   -0.05305
 10.5417   20.84100 -141.97099   32.4958  122.7017   24.53600   -0.06669
 10.5500   21.04600 -141.87300   32.5426  122.7266   24.39800   -0.05875
 10.5583   21.25000 -141.77400   32.5886  122.7510   24.37400   -0.04975
 10.5667   21.45500 -141.67500   32.6342  122.7753   24.24200   -0.03393
 10.5750   21.65900 -141.57401   32.6792  122.7991   24.15600   -0.02352
 10.5833   21.86400 -141.47301   32.7239  122.8228   24.10000   -0.00683
 10.5917   22.06900 -141.37199   32.7679  122.8464   24.01300    0.00292
 10.6000   22.27400 -141.27000   32.8115  122.8696   23.88400    0.01909
 10.6083   22.47900 -141.16600   32.8547  122.8924   23.86900    0.02778
 10.6167   22.68400 -141.06300   32.8973  122.9152   23.72500    0.04671
 10.6250   22.88800 -140.95799   32.9393  122.9374   23.66200    0.04940
 10.6333   23.09300 -140.85300   32.9809  122.9595   23.54400    0.04963
 10.6417   23.29900 -140.74800   33.0223  122.9817   23.38200    0.04828
 10.6500   23.50400 -140.64101   33.0630  123.0033   23.30100    0.03930
 10.6583   23.70900 -140.53400   33.1033  123.0248   23.12700    0.04365
 10.6667   23.91400 -140.42700   33.1432  123.0461   23.03900    0.02847
 10.6750   24.12000 -140.31900   33.1827  123.0673   22.82700    0.02901
 10.6833   24.32600 -140.21001   33.2219  123.0882   22.73700   -0.00198
 10.6917   24.53200 -140.10100   33.2606  123.1090   22.44700    0.00163
 10.7000   24.73800 -139.99100   33.2989  123.1295   22.43600   -0.00530
 10.7083   24.94500 -139.88000   33.3369  123.1499   22.27300    0.00590
 10.7167   25.15100 -139.76801   33.3744  123.1700   22.08500    0.00440
 10.7250   25.35700 -139.65601   33.4115  123.1898   21.98800    0.01131
 10.7333   25.56300 -139.54300   33.4482  123.2095   21.86600    0.01305
 10.7417   25.77000 -139.42900   33.4847  123.2291   21.63900    0.01924
 10.7500   25.97600 -139.31500   33.5206  123.2484   21.55900    0.01000
 10.7583   26.18300 -139.20000   33.5563  123.2676   21.34300    0.01890
 10.7667   26.38900 -139.08400   33.5916  123.2865   21.21900    0.01412
 10.7750   26.59600 -138.96700   33.6266  123.3053   21.07000    0.02418
 10.7833   26.80200 -138.85001   33.6611  123.3238   20.94600    0.02181
 10.7917   27.00900 -138.73199   33.6954  123.3422   20.75800    0.00844
 10.8000   27.21500 -138.61301   33.7292  123.3604   20.54500   -0.00623
 10.8083   27.42200 -138.49400   33.7628  123.3785   20.41400   -0.02729
 10.8167   27.62800 -138.37399   33.7959  123.3963   20.18800   -0.03870
 10.8250   27.83500 -138.25301   33.8289  123.4141   20.03000   -0.05363
 10.8333   28.04200 -138.13100   33.8616  123.4317   19.87500   -0.05279
 10.8417   28.24900 -138.00900   33.8939  123.4491   19.73900   -0.04001
 10.8500   28.45700 -137.88600   33.9260  123.4665   19.64300   -0.00706
 10.8583   28.66400 -137.76199   33.9577  123.4836   19.60000    0.01937
 10.8667   28.87100 -137.63800   33.9891  123.5006   19.42500    0.03199
 10.8750   29.07900 -137.51300   34.0203  123.5176   19.25600    0.03111
 10.8833   29.28600 -137.38699   34.0511  123.5342   19.14600    0.02814
 10.8917   29.49400 -137.25999   34.0817  123.5509   18.96700    0.02411
 10.9000   29.70200 -137.13200   34.1121  123.5673   18.80100    0.00585
 10.9083   29.90900 -137.00400   34.1420  123.5836   18.62400   -0.00960
 10.9167   30.11700 -136.87500   34.1718  123.5998   18.47000   -0.02735
 10.9250   30.32400 -136.74500   34.2013  123.6157   18.30000   -0.03950
 10.9333   30.53200 -136.61400   34.2305  123.6316   18.15900   -0.04376
 10.9417   30.73900 -136.48300   34.2594  123.6473   18.04600   -0.04110
 10.9500   30.94700 -136.35001   34.2882  123.6629   17.91300   -0.03831
 10.9583   31.15400 -136.21700   34.3165  123.6783   17.77100   -0.03760
 10.9667   31.36200 -136.08299   34.3448  123.6937   17.65100   -0.03886
 10.9750   31.57000 -135.94901   34.3727  123.7091   17.50700   -0.02731
 10.9833   31.77700 -135.81300   34.4004  123.7241   17.43100   -0.02091
 10.9917   31.98500 -135.67700   34.4279  123.7391   17.28400   -0.00251
 11.0000   32.19200 -135.53999   34.4550  123.7539   17.20200    0.01983
 11.0083   32.40000 -135.40199   34.4821  123.7687   17.14600    0.03974
 11.0167   32.60900 -135.26401   34.5089  123.7836   16.98800    0.05806
 11.0250   32.81700 -135.12399   34.5355  123.7981   16.89600    0.05481
 11.0333   33.02500 -134.98399   34.5619  123.8126   16.72900    0.05952
 11.0417   33.23300 -134.84200   34.5880  123.8269   16.61000    0.04495
 11.0500   33.44100 -134.70000   34.6140  123.8412   16.42400    0.03221
 11.0583   33.64900 -134.55701   34.6397  123.8553   16.27100    0.00555
 11.0667   33.85700 -134.41299   34.6652  123.8693   16.08700   -0.01261
 11.0750   34.06600 -134.26801   34.6906  123.8834   15.94500   -0.03178
 11.0833   34.27400 -134.12300   34.7156  123.8973   15.78400   -0.03563
 11.0917   34.48200 -133.97600   34.7405  123.9110   15.66500   -0.04253
 11.1000   34.69000 -133.82899   34.7652  123.9247   15.50000   -0.04358
 11.1083   34.89800 -133.68100   34.7897  123.9382   15.36500   -0.04356
 11.1167   35.10600 -133.53101   34.8140  123.9517   15.25700   -0.03231
 11.1250   35.31300 -133.38100   34.8381  123.9649   15.14900   -0.01592
 11.1333   35.52100 -133.23100   34.8620  123.9783   15.04100    0.01035
 11.1417   35.72900 -133.07899   34.8857  123.9915   14.98000    0.02060
 11.1500   35.93700 -132.92599   34.9093  124.0046   14.80100    0.02384
 11.1583   36.14500 -132.77299   34.9326  124.0177   14.66500    0.00181
 11.1667   36.35300 -132.61900   34.9558  124.0306   14.49300   -0.01435
 11.1750   36.56100 -132.46300   34.9789  124.0435   14.34700   -0.01057
 11.1833   36.76900 -132.30600   35.0018  124.0563   14.31000    0.00243
 11.1917   36.97700 -132.14900   35.0245  124.0690   14.18600    0.01201
 11.2000   37.18500 -131.99001   35.0470  124.0817   14.02700   -0.00076
 11.2083   37.39300 -131.83099   35.0694  124.0943   13.89100   -0.01997
 11.2167   37.60100 -131.67000   35.0916  124.1067   13.73800   -0.03048
 11.2250   37.80900 -131.50900   35.1136  124.1192   13.62000   -0.03414
 11.2333   38.01700 -131.34599   35.1355  124.1315   13.51700   -0.03006
 11.2417   38.22500 -131.18300   35.1573  124.1438   13.40700   -0.02949
 11.2500   38.43300 -131.01801   35.1789  124.1560   13.28600   -0.03440
 11.2583   38.64000 -130.85300   35.2002  124.1681   13.17000   -0.03393
 11.2667   38.84800 -130.68600   35.2215  124.1802   13.08700   -0.03918
 11.2750   39.05500 -130.51900   35.2426  124.1922   12.94100   -0.02490
 11.2833   39.26300 -130.35100   35.2636  124.2042   12.90800   -0.02380
 11.2917   39.47000 -130.18100   35.2844  124.2160   12.76700   -0.01217
 11.3000   39.67800 -130.01100   35.3051  124.2279   12.67100   -0.01413
 11.3083   39.88500 -129.84000   35.3255  124.2396   12.58600    0.00331
 11.3167   40.09200 -129.66701   35.3459  124.2513   12.53600    0.01895
 11.3250   40.29900 -129.49400   35.3661  124.2629   12.43300    0.03706
 11.3333   40.50600 -129.32001   35.3862  124.2745   12.35500    0.03862
 11.3417   40.71400 -129.14400   35.4062  124.2861   12.23100    0.04281
 11.3500   40.92100 -128.96600   35.4261  124.2976   12.13900    0.02079
 11.3583   41.12800 -128.78799   35.4458  124.3090   11.95000    0.00136
 11.3667   41.33500 -128.60800   35.4654  124.3203   11.83400   -0.01457
 11.3750   41.54200 -128.42700   35.4849  124.3316   11.75400    0.00344
 11.3833   41.74900 -128.24500   35.5043  124.3429   11.70400    0.01651
 11.3917   41.95600 -128.06200   35.5235  124.3541   11.56300    0.02287
 11.4000   42.16300 -127.87800   35.5426  124.3653   11.45000    0.00701
 11.4083   42.36900 -127.69300   35.5616  124.3764   11.30700   -0.00459
 11.4167   42.57600 -127.50700   35.5804  124.3875   11.19200   -0.00778
 11.4250   42.78200 -127.31900   35.5991  124.3984   11.12300   -0.00405
 11.4333   42.98800 -127.13100   35.6177  124.4094   11.01300   -0.01204
 11.4417   43.19400 -126.94100   35.6362  124.4203   10.85700   -0.03532
 11.4500   43.40000 -126.75000   35.6545  124.4312   10.73500   -0.06520
 11.4583   43.60600 -126.55800   35.6728  124.4420   10.60800   -0.09052
 11.4667   43.81200 -126.36400   35.6910  124.4529   10.47100   -0.09688
 11.4750   44.01800 -126.17000   35.7090  124.4637   10.42700   -0.07913
 11.4833   44.22300 -125.97400   35.7269  124.4743   10.40000   -0.03336
 11.4917   44.42900 -125.77800   35.7447  124.4851   10.38300   -0.00300
 11.5000   44.63400 -125.58000   35.7623  124.4957   10.27800    0.00885
 11.5083   44.83900 -125.37900   35.7799  124.5063   10.17800    0.01379
 11.5167   45.04500 -125.17700   35.7975  124.5169   10.13400    0.03107
 11.5250   45.25000 -124.97400   35.8149  124.5274   10.08500    0.04487
 11.5333   45.45500 -124.76900   35.8322  124.5379    9.98000    0.04068
 11.5417   45.65900 -124.56400   35.8493  124.5483    9.87500    0.02614
 11.5500   45.86400 -124.35600   35.8665  124.5587    9.79200    0.00932
 11.5583   46.06800 -124.14800   35.8835  124.5690    9.68200   -0.00677
 11.5667   46.27300 -123.93800   35.9004  124.5795    9.57700   -0.02273
 11.5750   46.47700 -123.72700   35.9172  124.5898    9.48500   -0.02580
 11.5833   46.68100 -123.51400   35.9339  124.6001    9.42000   -0.03009
 11.5917   46.88400 -123.30000   35.9504  124.6102    9.31200   -0.02572
 11.6000   47.08800 -123.08500   35.9669  124.6205    9.26200   -0.01879
 11.6083   47.29200 -122.86800   35.9834  124.6308    9.21400   -0.00612
 11.6167   47.49500 -122.65000   35.9997  124.6409    9.13500   -0.01291
 11.6250   47.69800 -122.43100   36.0159  124.6511    9.02000   -0.02054
 11.6333   47.90100 -122.21000   36.0320  124.6612    8.97900   -0.03955
 11.6417   48.10300 -121.98700   36.0480  124.6713    8.86300   -0.06010
 11.6500   48.30600 -121.76400   36.0639  124.6814    8.74500   -0.08222
 11.6583   48.50800 -121.53900   36.0798  124.6915    8.70200   -0.08207
 11.6667   48.71000 -121.31200   36.0955  124.7015    8.67500   -0.06148
 11.6750   48.91200 -121.08200   36.1112  124.7115    8.64100   -0.02976
 11.6833   49.11400 -120.85000   36.1269  124.7215    8.64200   -0.00244
 11.6917   49.31500 -120.61700   36.1424  124.7314    8.60100    0.03475
 11.7000   49.51700 -120.38200   36.1579  124.7413    8.60400    0.05507
 11.7083   49.71800 -120.14600   36.1733  124.7512    8.54200    0.05922
 11.7167   49.91900 -119.90800   36.1886  124.7611    8.44200    0.03814
 11.7250   50.11900 -119.66800   36.2038  124.7709    8.35500    0.01777
 11.7333   50.31900 -119.42700   36.2189  124.7808    8.30400    0.00088
 11.7417   50.52000 -119.18400   36.2340  124.7907    8.22400   -0.00489
 11.7500   50.71900 -118.93900   36.2489  124.8004    8.18500   -0.01597
 11.7583   50.91900 -118.69300   36.2638  124.8102    8.11100   -0.01011
 11.7667   51.11800 -118.44500   36.2786  124.8200    8.08500   -0.01341
 11.7750   51.31700 -118.19500   36.2933  124.8298    8.00300   -0.02142
 11.7833   51.51600 -117.94300   36.3080  124.8395    7.91100   -0.02603
 11.7917   51.71500 -117.69000   36.3226  124.8493    7.90900   -0.02894
 11.8000   51.91300 -117.43500   36.3370  124.8590    7.84500   -0.02549
 11.8083   52.11100 -117.17900   36.3514  124.8688    7.78700   -0.03157
 11.8167   52.30900 -116.92000   36.3658  124.8785    7.75400   -0.01778
 11.8250   52.50600 -116.66000   36.3800  124.8882    7.76500   -0.02555
 11.8333   52.70300 -116.39800   36.3942  124.8979    7.62400   -0.05662
 11.8417   52.90000 -116.13200   36.4084  124.9075    7.50700   -0.08481
 11.8500   53.09600 -115.86300   36.4225  124.9171    7.52800   -0.06078
 11.8583   53.29200 -115.59300   36.4365  124.9267    7.57900    0.00676
 11.8667   53.48800 -115.32000   36.4505  124.9363    7.61900    0.06118
 11.8750   53.68300 -115.04600   36.4643  124.9459    7.58900    0.08472
 11.8833   53.87800 -114.76900   36.4782  124.9555    7.52700    0.08049
 11.8917   54.07300 -114.49100   36.4919  124.9651    7.46400    0.06760
 11.9000   54.26700 -114.21000   36.5056  124.9746    7.39800    0.04520
 11.9083   54.46100 -113.92800   36.5192  124.9842    7.29600    0.04203
 11.9167   54.65500 -113.64300   36.5327  124.9938    7.30000    0.03814
 11.9250   54.84800 -113.35600   36.5462  125.0034    7.23900    0.02890
 11.9333   55.04100 -113.06700   36.5596  125.0129    7.12000    0.00551
 11.9417   55.23400 -112.77600   36.5729  125.0225    7.07000   -0.01068
 11.9500   55.42600 -112.48200   36.5862  125.0321    7.02300   -0.00778
 11.9583   55.61800 -112.18700   36.5994  125.0416    6.96600   -0.00511
 11.9667   55.80900 -111.88900   36.6125  125.0512    6.91200   -0.02747
 11.9750   56.00000 -111.58900   36.6256  125.0607    6.77800   -0.03494
 11.9833   56.19100 -111.28700   36.6386  125.0703    6.77500   -0.05053
 11.9917   56.38100 -110.98300   36.6515  125.0799    6.69800   -0.03469
 12.0000   56.57100 -110.67600   36.6644  125.0894    6.67400   -0.04467
 12.0083   56.76000 -110.36300   36.6773  125.0989    6.57900   -0.02876
 12.0167   56.94800 -110.04800   36.6901  125.1084    6.58800   -0.01418
 12.0250   57.13600 -109.73100   36.7028  125.1179    6.55600    0.01788
 12.0333   57.32400 -109.41100   36.7155  125.1274    6.51900    0.03683
 12.0417   57.51100 -109.08800   36.7282  125.1369    6.47600    0.05560
 12.0500   57.69700 -108.76300   36.7407  125.1463    6.44000    0.05688
 12.0583   57.88400 -108.43500   36.7532  125.1559    6.34400    0.07278
 12.0667   58.06900 -108.10500   36.7657  125.1654    6.35200    0.06954
 12.0750   58.25400 -107.77200   36.7781  125.1749    6.25200    0.07235
 12.0833   58.43900 -107.43600   36.7904  125.1844    6.17100    0.04575
 12.0917   58.62300 -107.09800   36.8027  125.1939    6.07600    0.01591
 12.1000   58.80700 -106.75600   36.8149  125.2035    5.96300   -0.01156
 12.1083   58.99000 -106.41200   36.8271  125.2130    5.89500   -0.03551
 12.1167   59.17200 -106.06600   36.8391  125.2225    5.81500   -0.04704
 12.1250   59.35400 -105.71600   36.8512  125.2320    5.74500   -0.05281
 12.1333   59.53600 -105.36400   36.8631  125.2417    5.69300   -0.05412
 12.1417   59.71700 -105.00800   36.8751  125.2512    5.62600   -0.04634
 12.1500   59.89700 -104.65000   36.8869  125.2608    5.58200   -0.05299
 12.1583   60.07700 -104.28900   36.8987  125.2704    5.47500   -0.05826
 12.1667   60.25600 -103.92500   36.9104  125.2800    5.40900   -0.04474
 12.1750   60.43400 -103.55300   36.9222  125.2895    5.43200   -0.00006
 12.1833   60.61100 -103.17900   36.9340  125.2990    5.44100    0.04905
 12.1917   60.78700 -102.80100   36.9456  125.3085    5.39800    0.06699
 12.2000   60.96300 -102.42000   36.9572  125.3181    5.32000    0.06145
 12.2083   61.13900 -102.03600   36.9688  125.3277    5.25000    0.04789
 12.2167   61.31300 -101.64800   36.9803  125.3372    5.17900    0.03285
 12.2250   61.48700 -101.25700   36.9917  125.3468    5.09800   -0.00434
 12.2333   61.66000 -100.86300   37.0031  125.3564    4.95600   -0.02865
 12.2417   61.83300 -100.46500   37.0145  125.3660    4.93400   -0.04723
 12.2500   62.00400 -100.06400   37.0258  125.3756    4.87800   -0.02889
 12.2583   62.17500  -99.65900   37.0370  125.3852    4.86000   -0.01639
 12.2667   62.34600  -99.25100   37.0482  125.3949    4.81800   -0.01645
 12.2750   62.51500  -98.83900   37.0593  125.4045    4.71600   -0.03057
 12.2833   62.68400  -98.42400   37.0704  125.4142    4.65500   -0.05026
 12.2917   62.85200  -98.00500   37.0814  125.4239    4.59800   -0.05315
 12.3000   63.01900  -97.58200   37.0924  125.4336    4.56200   -0.04713
 12.3083   63.18600  -97.15600   37.1033  125.4434    4.54000   -0.04629
 12.3167   63.35100  -96.72500   37.1141  125.4530    4.48000   -0.04673
 12.3250   63.51600  -96.29200   37.1249  125.4628    4.45000   -0.06149
 12.3333   63.68000  -95.85400   37.1357  125.4726    4.38800   -0.04137
 12.3417   63.84200  -95.40700   37.1465  125.4823    4.44200   -0.03412
 12.3500   64.00300  -94.95700   37.1572  125.4920    4.36500   -0.01072
 12.3583   64.16300  -94.50200   37.1679  125.5017    4.35200   -0.01270
 12.3667   64.32300  -94.04300   37.1786  125.5114    4.31700    0.01426
 12.3750   64.48100  -93.58000   37.1892  125.5212    4.33300    0.03769
 12.3833   64.63800  -93.11300   37.1997  125.5309    4.30700    0.06673
 12.3917   64.79500  -92.64100   37.2103  125.5408    4.29400    0.08658
 12.4000   64.95000  -92.16600   37.2207  125.5505    4.28300    0.09754
 12.4083   65.10500  -91.68600   37.2311  125.5604    4.22900    0.09327
 12.4167   65.25800  -91.20100   37.2415  125.5702    4.16700    0.07023
 12.4250   65.41100  -90.71300   37.2518  125.5801    4.08600    0.03511
 12.4333   65.56200  -90.21900   37.2620  125.5900    3.98600   -0.01473
 12.4417   65.71200  -89.72200   37.2722  125.5999    3.86500   -0.05397
 12.4500   65.86200  -89.22000   37.2824  125.6099    3.82100   -0.06507
 12.4583   66.01000  -88.71300   37.2925  125.6198    3.81000   -0.03495
 12.4667   66.15700  -88.20200   37.3026  125.6298    3.82100   -0.00558
 12.4750   66.30300  -87.68600   37.3126  125.6398    3.76700    0.01434
 12.4833   66.44800  -87.16500   37.3225  125.6498    3.72300    0.02021
 12.4917   66.59100  -86.64000   37.3324  125.6598    3.68800    0.00360
 12.5000   66.73400  -86.11000   37.3423  125.6699    3.56500   -0.01656
 12.5083   66.87400  -85.57000   37.3522  125.6799    3.51100   -0.05025
 12.5167   67.01200  -85.02500   37.3621  125.6898    3.44000   -0.03690
 12.5250   67.14900  -84.47500   37.3719  125.6999    3.47900   -0.02793
 12.5333   67.28500  -83.92100   37.3817  125.7099    3.42300   -0.02200
 12.5417   67.42000  -83.36100   37.3914  125.7200    3.35200   -0.04097
 12.5500   67.55300  -82.79600   37.4011  125.7301    3.31600   -0.04069
 12.5583   67.68500  -82.22600   37.4108  125.7402    3.33300   -0.03988
 12.5667   67.81500  -81.65100   37.4204  125.7503    3.26900   -0.03135
 12.5750   67.94400  -81.07100   37.4299  125.7605    3.26300   -0.05996
 12.5833   68.07200  -80.48600   37.4394  125.7707    3.16300   -0.06718
 12.5917   68.19800  -79.89600   37.4489  125.7809    3.17200   -0.08338
 12.6000   68.32300  -79.30100   37.4583  125.7911    3.14500   -0.07284
 12.6083   68.44700  -78.70000   37.4676  125.8015    3.13000   -0.04863
 12.6167   68.56900  -78.09500   37.4770  125.8117    3.18400   -0.00990
 12.6250   68.68900  -77.48400   37.4862  125.8220    3.20200    0.05734
 12.6333   68.80800  -76.86800   37.4955  125.8324    3.28300    0.08037
 12.6417   68.92600  -76.24700   37.5046  125.8428    3.19700    0.08759
 12.6500   69.04100  -75.62100   37.5138  125.8531    3.16800    0.05604
 12.6583   69.15600  -74.99000   37.5228  125.8636    3.12600    0.03052
 12.6667   69.26900  -74.35400   37.5318  125.8741    3.06500    0.01521
 12.6750   69.37700  -73.70700   37.5410  125.8844    3.06700    0.00023
 12.6833   69.48400  -73.05500   37.5500  125.8948    3.02500   -0.00155
 12.6917   69.59000  -72.39700   37.5590  125.9053    3.00100   -0.01787
 12.7000   69.69400  -71.73500   37.5680  125.9157    2.95300   -0.01834
 12.7083   69.79500  -71.06700   37.5769  125.9261    2.95700   -0.01212
 12.7167   69.89600  -70.39400   37.5858  125.9367    2.94200    0.01009
 12.7250   69.99400  -69.71600   37.5946  125.9472    2.93800    0.02605
 12.7333   70.09100  -69.03400   37.6034  125.9578    2.91900    0.03268
 12.7417   70.18500  -68.34600   37.6122  125.9684    2.87900    0.01784
 12.7500   70.27800  -67.65300   37.6209  125.9790    2.81000   -0.00060
 12.7583   70.36900  -66.95500   37.6295  125.9897    2.77900   -0.01550
 12.7667   70.45800  -66.25300   37.6381  126.0004    2.75000   -0.00856
 12.7750   70.54500  -65.54500   37.6467  126.0111    2.75000    0.00787
 12.7833   70.63100  -64.83300   37.6552  126.0219    2.75200    0.00721
 12.7917   70.71400  -64.11700   37.6637  126.0326    2.67000   -0.00463
 12.8000   70.79500  -63.39500   37.6721  126.0434    2.63400   -0.00645
 12.8083   70.87500  -62.67000   37.6804  126.0543    2.66000    0.00072
 12.8167   70.95200  -61.93900   37.6888  126.0651    2.60100    0.00779
 12.8250   71.02700  -61.20500   37.6971  126.0760    2.56100    0.00092
 12.8333   71.10100  -60.46600   37.7053  126.0870    2.54700   -0.00529
 12.8417   71.16900  -59.71800   37.7136  126.0978    2.49500   -0.00090
 12.8500   71.23500  -58.96700   37.7219  126.1087    2.49300    0.00721
 12.8583   71.29900  -58.21100   37.7301  126.1196    2.49000    0.01979
 12.8667   71.36100  -57.45200   37.7383  126.1305    2.44800    0.02511
 12.8750   71.42100  -56.68900   37.7465  126.1415    2.42100    0.00167
 12.8833   71.47900  -55.92200   37.7546  126.1525    2.32900   -0.01501
 12.8917   71.53400  -55.15200   37.7626  126.1636    2.30800   -0.02834
 12.9000   71.58700  -54.37800   37.7706  126.1746    2.28800   -0.01423
 12.9083   71.63800  -53.60100   37.7786  126.1857    2.27700    0.00218
 12.9167   71.68700  -52.82200   37.7865  126.1969    2.26100    0.01963
 12.9250   71.73400  -52.03900   37.7944  126.2081    2.24600    0.02640
 12.9333   71.77800  -51.25300   37.8022  126.2193    2.20300    0.02379
 12.9417   71.82000  -50.46500   37.8100  126.2305    2.15700    0.01688
 12.9500   71.86000  -49.67500   37.8177  126.2418    2.12600    0.02181
 12.9583   71.89700  -48.88200   37.8254  126.2531    2.11700    0.02186
 12.9667   71.93200  -48.08700   37.8331  126.2644    2.05900    0.00846
 12.9750   71.96500  -47.29000   37.8407  126.2758    1.98900   -0.01823
 12.9833   71.99600  -46.49100   37.8482  126.2872    1.94200   -0.03829
 12.9917   72.02400  -45.69000   37.8557  126.2987    1.90400   -0.03118
 13.0000   72.05000  -44.88800   37.8632  126.3101    1.91600   -0.01209
 13.0083   72.07100  -44.08200   37.8707  126.3216    1.90500   -0.00253
 13.0167   72.08900  -43.27500   37.8783  126.3330    1.83700   -0.00146
 13.0250   72.10500  -42.46700   37.8857  126.3445    1.82200   -0.01246
 13.0333   72.11800  -41.65900   37.8931  126.3560    1.77200   -0.01206
 13.0417   72.12900  -40.84900   37.9005  126.3675    1.73900   -0.00599
 13.0500   72.13800  -40.04000   37.9079  126.3791    1.74400    0.00386
 13.0583   72.14500  -39.23000   37.9151  126.3907    1.71000    0.00986
 13.0667   72.14900  -38.42100   37.9224  126.4024    1.67000    0.00193
 13.0750   72.15100  -37.61100   37.9296  126.4141    1.63500    0.00555
 13.0833   72.15000  -36.80200   37.9367  126.4258    1.63700    0.01016
 13.0917   72.14700  -35.99400   37.9438  126.4375    1.59500    0.00501
 13.1000   72.14200  -35.18600   37.9509  126.4493    1.52400   -0.00851
 13.1083   72.13500  -34.37900   37.9579  126.4612    1.49600   -0.00976
 13.1167   72.12600  -33.57300   37.9648  126.4731    1.49400    0.00272
 13.1250   72.11400  -32.76900   37.9717  126.4850    1.46800    0.01437
 13.1333   72.10000  -31.96600   37.9786  126.4969    1.43800    0.02004
 13.1417   72.08400  -31.16400   37.9854  126.5089    1.41500    0.02502
 13.1500   72.06500  -30.36400   37.9922  126.5209    1.38400    0.03208
 13.1583   72.04400  -29.56600   37.9990  126.5329    1.36000    0.02059
 13.1667   72.02200  -28.77100   38.0056  126.5450    1.28100   -0.00307
 13.1750   71.99300  -27.97700   38.0124  126.5570    1.21500   -0.02690
 13.1833   71.96200  -27.18600   38.0192  126.5691    1.19500   -0.03235
 13.1917   71.93000  -26.39700   38.0258  126.5812    1.17700   -0.02446
 13.2000   71.89500  -25.61100   38.0325  126.5933    1.15300   -0.01793
 13.2083   71.85800  -24.82800   38.0391  126.6055    1.12800   -0.02312
 13.2167   71.81900  -24.04800   38.0456  126.6177    1.07300   -0.03458
 13.2250   71.77700  -23.27100   38.0522  126.6300    1.03000   -0.04434
 13.2333   71.73400  -22.49800   38.0586  126.6423    1.00900   -0.02526
 13.2417   71.68900  -21.72800   38.0650  126.6546    1.04200   -0.00156
 13.2500   71.64200  -20.96100   38.0714  126.6670    1.01600    0.01713
 13.2583   71.59300  -20.19800   38.0777  126.6794    0.98500    0.01609
 13.2667   71.54100  -19.43900   38.0840  126.6918    0.96300    0.00826
 13.2750   71.48800  -18.68300   38.0902  126.7043    0.91800    0.00901
 13.2833   71.43300  -17.93200   38.0964  126.7168    0.91400    0.01357
 13.2917   71.37700  -17.18400   38.1025  126.7294    0.90200    0.01654
 13.3000   71.31800  -16.44100   38.1086  126.7420    0.85300    0.00396
 13.3083   71.25800  -15.70100   38.1146  126.7546    0.80400   -0.01666
 13.3167   71.19500  -14.96600   38.1206  126.7673    0.77400   -0.02485
 13.3250   71.13100  -14.23500   38.1266  126.7800    0.76500   -0.02364
 13.3333   71.06600  -13.50900   38.1324  126.7928    0.74400   -0.01203
 13.3417   70.99500  -12.78900   38.1384  126.8055    0.74300   -0.00990
 13.3500   70.92200  -12.07400   38.1444  126.8182    0.70600   -0.01018
 13.3583   70.84800  -11.36300   38.1503  126.8310    0.68200   -0.02569
 13.3667   70.77200  -10.65700   38.1561  126.8438    0.63800   -0.03674
 13.3750   70.69400   -9.95600   38.1620  126.8566    0.62100   -0.03664
 13.3833   70.61500   -9.25900   38.1677  126.8695    0.63500   -0.01617
 13.3917   70.53400   -8.56800   38.1735  126.8825    0.65900   -0.00703
 13.4000   70.45200   -7.88000   38.1791  126.8954    0.60600   -0.00721
 13.4083   70.36800   -7.19800   38.1847  126.9085    0.59000   -0.02341
 13.4167   70.28300   -6.52100   38.1903  126.9215    0.56200   -0.02222
 13.4250   70.19600   -5.84800   38.1958  126.9346    0.56400   -0.01155
 13.4333   70.10800   -5.18000   38.2013  126.9478    0.57900    0.01092
 13.4417   70.01900   -4.51700   38.2067  126.9610    0.58800    0.04045
 13.4500   69.92800   -3.85900   38.2121  126.9742    0.61600    0.04894
 13.4583   69.83600   -3.20600   38.2174  126.9874    0.56700    0.04703
 13.4667   69.74200   -2.55800   38.2227  127.0007    0.54600    0.01778
 13.4750   69.64800   -1.91400   38.2279  127.0140    0.48400   -0.00086
 13.4833   69.55200   -1.27500   38.2330  127.0274    0.46900   -0.01535
 13.4917   69.45400   -0.64100   38.2382  127.0408    0.46200   -0.01502
 13.5000   69.35600   -0.01200   38.2432  127.0543    0.45200   -0.01804
 13.5083   69.25300    0.60800   38.2484  127.0677    0.42800   -0.03061
 13.5167   69.14900    1.22400   38.2536  127.0812    0.39100   -0.03224
 13.5250   69.04400    1.83400   38.2586  127.0947    0.41400   -0.03187
 13.5333   68.93700    2.44100   38.2637  127.1082    0.39400   -0.01799
 13.5417   68.83000    3.04200   38.2687  127.1218    0.40200   -0.02116
 13.5500   68.72100    3.63900   38.2736  127.1354    0.37600   -0.01715
 13.5583   68.61200    4.23100   38.2785  127.1491    0.38600   -0.02143
 13.5667   68.50100    4.81800   38.2833  127.1628    0.37300   -0.01867
 13.5750   68.38900    5.40100   38.2881  127.1765    0.37200   -0.01826
 13.5833   68.27700    5.97900   38.2929  127.1903    0.37500   -0.01421
 13.5917   68.16300    6.55300   38.2976  127.2042    0.37100   -0.01215
 13.6000   68.04900    7.12200   38.3022  127.2180    0.36300   -0.00497
 13.6083   67.93400    7.68700   38.3067  127.2320    0.38200    0.00688
 13.6167   67.81800    8.24700   38.3113  127.2459    0.39400    0.03096
 13.6250   67.70100    8.80300   38.3157  127.2599    0.42400    0.03643
 13.6333   67.58300    9.35500   38.3202  127.2739    0.38400    0.04382
 13.6417   67.46400    9.90200   38.3245  127.2880    0.40100    0.03807
 13.6500   67.34500   10.44500   38.3288  127.3021    0.38700    0.03790
 13.6583   67.22500   10.98400   38.3331  127.3163    0.36200    0.01641
 13.6667   67.10400   11.51900   38.3373  127.3305    0.30900   -0.00176
 13.6750   66.97900   12.04500   38.3416  127.3447    0.30400   -0.00781
 13.6833   66.85300   12.56600   38.3459  127.3589    0.31500   -0.00278
 13.6917   66.72700   13.08400   38.3502  127.3732    0.29400    0.00240
 13.7000   66.60000   13.59800   38.3543  127.3875    0.28800    0.00597
 13.7083   66.47200   14.10700   38.3585  127.4018    0.29200    0.00655
 13.7167   66.34400   14.61300   38.3626  127.4162    0.26300   -0.00185
 13.7250   66.21500   15.11600   38.3666  127.4306    0.22700   -0.01065
 13.7333   66.08500   15.61400   38.3706  127.4451    0.23200   -0.01171
 13.7417   65.95500   16.10900   38.3745  127.4596    0.22900   -0.01367
 13.7500   65.82500   16.59900   38.3783  127.4742    0.19500   -0.02725
 13.7583   65.69300   17.08700   38.3821  127.4888    0.16400   -0.04014
 13.7667   65.56200   17.57100   38.3859  127.5034    0.16300   -0.03399
 13.7750   65.42900   18.05100   38.3896  127.5181    0.18900   -0.01765
 13.7833   65.29700   18.52700   38.3932  127.5328    0.19100    0.00045
 13.7917   65.16300   19.00100   38.3968  127.5476    0.19700    0.00551
 13.8000   65.02900   19.47000   38.4004  127.5624    0.18000    0.01536
 13.8083   64.89500   19.93700   38.4038  127.5773    0.19900    0.02077
 13.8167   64.76000   20.40000   38.4072  127.5922    0.19100    0.02762
 13.8250   64.62500   20.86000   38.4106  127.6072    0.18200    0.01913
 13.8333   64.49000   21.31600   38.4139  127.6221    0.15200    0.00790
 13.8417   64.35100   21.76400   38.4173  127.6371    0.14000   -0.00497
 13.8500   64.21100   22.20900   38.4207  127.6521    0.12800   -0.00883
 13.8583   64.07200   22.65100   38.4240  127.6671    0.12900   -0.00478
 13.8667   63.93200   23.09000   38.4273  127.6822    0.13900   -0.01151
 13.8750   63.79100   23.52600   38.4305  127.6974    0.08900   -0.01785
 13.8833   63.65000   23.96000   38.4337  127.7126    0.09200   -0.02865
 13.8917   63.50900   24.39000   38.4368  127.7278    0.08900   -0.01705
 13.9000   63.36800   24.81700   38.4398  127.7431    0.11600   -0.01532
 13.9083   63.22600   25.24200   38.4428  127.7584    0.08700   -0.00461
 13.9167   63.08400   25.66300   38.4458  127.7738    0.11700   -0.00886
 13.9250   62.94100   26.08300   38.4487  127.7892    0.09700   -0.00318
 13.9333   62.79800   26.49900   38.4515  127.8047    0.10700   -0.01987
 13.9417   62.65500   26.91300   38.4543  127.8202    0.06700   -0.02614
 13.9500   62.51200   27.32400   38.4570  127.8357    0.08500   -0.02779
 13.9583   62.36900   27.73200   38.4596  127.8513    0.11200   -0.01839
 13.9667   62.22500   28.13800   38.4622  127.8669    0.11000   -0.00789
 13.9750   62.08100   28.54200   38.4647  127.8826    0.13200   -0.00620
 13.9833   61.93700   28.94300   38.4672  127.8983    0.12700   -0.00483
 13.9917   61.79200   29.34100   38.4696  127.9140    0.12300   -0.00629
 14.0000   61.64800   29.73700   38.4719  127.9298    0.13200    0.01010
 14.0083   61.50000   30.12600   38.4744  127.9456    0.18600    0.02916
 14.0167   61.35200   30.51200   38.4769  127.9615    0.18700    0.04659
 14.0250   61.20400   30.89600   38.4792  127.9773    0.19400    0.04368
 14.0333   61.05600   31.27800   38.4815  127.9933    0.17800    0.03812
 14.0417   60.90800   31.65700   38.4838  128.0092    0.16900    0.02578
 14.0500   60.75900   32.03500   38.4860  128.0253    0.14900    0.02093
 14.0583   60.61100   32.41000   38.4881  128.0413    0.15700    0.01637
 14.0667   60.46200   32.78400   38.4902  128.0575    0.14600    0.00901
 14.0750   60.31300   33.15500   38.4922  128.0736    0.11100    0.00199
 14.0833   60.16400   33.52400   38.4942  128.0898    0.11700   -0.00914
 14.0917   60.01500   33.89100   38.4961  128.1061    0.08800    0.00103
 14.1000   59.86500   34.25700   38.4979  128.1224    0.12400   -0.00305
 14.1083   59.71600   34.62000   38.4997  128.1387    0.07800   -0.00032
 14.1167   59.56600   34.98100   38.5014  128.1551    0.07400   -0.00341
 14.1250   59.41700   35.34100   38.5030  128.1715    0.09100    0.00891
 14.1333   59.26700   35.69900   38.5046  128.1880    0.10000    0.00323
 14.1417   59.11700   36.05500   38.5061  128.2045    0.03400   -0.01774
 14.1500   58.96700   36.40900   38.5076  128.2211    0.00000   -0.02996
 14.1583   58.81700   36.76100   38.5090  128.2377    0.04100   -0.03076
 14.1667   58.66700   37.11100   38.5103  128.2543    0.01900   -0.01900
 14.1750   58.51500   37.45500   38.5118  128.2709    0.03300   -0.01759
 14.1833   58.36200   37.79700   38.5132  128.2876    0.03900   -0.00887
 14.1917   58.20900   38.13700   38.5146  128.3044    0.04400   -0.00766
 14.2000   58.05700   38.47600   38.5158  128.3212    0.03200   -0.00778
 14.2083   57.90400   38.81300   38.5171  128.3380    0.03500   -0.01386
 14.2167   57.75100   39.14900   38.5182  128.3549    0.01800   -0.01037
 14.2250   57.59800   39.48300   38.5194  128.3719    0.04100   -0.01051
 14.2333   57.44500   39.81600   38.5204  128.3889    0.03600    0.00227
 14.2417   57.29200   40.14700   38.5214  128.4059    0.06700    0.00951
 14.2500   57.13900   40.47700   38.5223  128.4230    0.07100    0.01625
 14.2583   56.98600   40.80500   38.5231  128.4401    0.06200    0.01393
 14.2667   56.83300   41.13200   38.5239  128.4573    0.05900    0.01062
 14.2750   56.68000   41.45800   38.5246  128.4745    0.05700    0.01096
 14.2833   56.52700   41.78200   38.5252  128.4917    0.06000    0.01041
 14.2917   56.37400   42.10500   38.5258  128.5090    0.05700    0.00712
 14.3000   56.22100   42.42600   38.5263  128.5264    0.04900    0.00449
 14.3083   56.06800   42.74600   38.5268  128.5437    0.05700    0.00009
 14.3167   55.91500   43.06500   38.5272  128.5612    0.05200   -0.00631
 14.3250   55.76200   43.38200   38.5275  128.5787    0.03900   -0.01347
 14.3333   55.60800   43.69800   38.5278  128.5962    0.04600   -0.03030
 14.3417   55.45300   44.00800   38.5282  128.6138    0.00700   -0.04135
 14.3500   55.29800   44.31700   38.5285  128.6314    0.01700   -0.05229
 14.3583   55.14300   44.62400   38.5287  128.6490    0.02900   -0.04447
 14.3667   54.98700   44.93100   38.5290  128.6668    0.06300   -0.04150
 14.3750   54.83200   45.23600   38.5291  128.6845    0.06100   -0.03601
 14.3833   54.67700   45.54100   38.5291  128.7023    0.08900   -0.02554
 14.3917   54.52200   45.84400   38.5291  128.7202    0.14600   -0.01516
 14.4000   54.36700   46.14600   38.5290  128.7381    0.15100   -0.01372
 14.4083   54.21200   46.44700   38.5289  128.7560    0.15200   -0.01984
 14.4167   54.05700   46.74700   38.5287  128.7740    0.18300   -0.02555
 14.4250   53.90200   47.04600   38.5284  128.7920    0.19200   -0.02274
 14.4333   53.74700   47.34300   38.5281  128.8101    0.22700   -0.01150
 14.4417   53.59200   47.64000   38.5277  128.8283    0.29500   -0.00429
 14.4500   53.43700   47.93600   38.5272  128.8465    0.29100    0.00959
 14.4583   53.28200   48.23100   38.5266  128.8647    0.35000    0.01571
 14.4667   53.12800   48.52400   38.5260  128.8829    0.38700    0.03354
 14.4750   52.97300   48.81700   38.5253  128.9012    0.42300    0.04027
 14.4833   52.81800   49.10900   38.5245  128.9196    0.43800    0.02722
 14.4917   52.66400   49.40000   38.5237  128.9380    0.40100    0.01184
 14.5000   52.50900   49.69000   38.5228  128.9565    0.42800    0.00507
 14.5083   52.35300   49.97400   38.5220  128.9750    0.47500    0.01604
 14.5167   52.19600   50.25700   38.5212  128.9936    0.50400    0.02318
 14.5250   52.04000   50.54000   38.5203  129.0122    0.51400    0.01668
 14.5333   51.88400   50.82200   38.5193  129.0308    0.51000    0.00340
 14.5417   51.72800   51.10300   38.5182  129.0495    0.51100   -0.00475
 14.5500   51.57100   51.38300   38.5172  129.0684    0.54100   -0.01320
 14.5583   51.41500   51.66300   38.5160  129.0872    0.53300   -0.01795
 14.5667   51.25900   51.94100   38.5147  129.1060    0.54700   -0.02356
 14.5750   51.10300   52.21900   38.5134  129.1250    0.57300   -0.02413
 14.5833   50.94800   52.49600   38.5119  129.1439    0.58300   -0.01484
 14.5917   50.79200   52.77300   38.5104  129.1629    0.63200   -0.01269
 14.6000   50.63600   53.04800   38.5089  129.1820    0.62900   -0.00212
 14.6083   50.48100   53.32300   38.5072  129.2011    0.67200    0.00245
 14.6167   50.32500   53.59700   38.5055  129.2203    0.70300    0.01620
 14.6250   50.17000   53.87000   38.5038  129.2395    0.74200    0.01969
 14.6333   50.01400   54.14200   38.5019  129.2588    0.75100    0.02154
 14.6417   49.85900   54.41400   38.5000  129.2780    0.77800    0.00340
 14.6500   49.70400   54.68500   38.4980  129.2974    0.74200   -0.01803
 14.6583   49.54900   54.95500   38.4959  129.3168    0.74100   -0.03813
 14.6667   49.39400   55.22500   38.4938  129.3363    0.77600   -0.04222
 14.6750   49.23700   55.48900   38.4918  129.3558    0.80200   -0.03332
 14.6833   49.08000   55.75300   38.4897  129.3754    0.85100   -0.02237
 14.6917   48.92400   56.01700   38.4875  129.3950    0.89600   -0.00545
 14.7000   48.76700   56.28000   38.4853  129.4148    0.94600    0.00398
 14.7083   48.61100   56.54200   38.4829  129.4345    0.96700    0.00056
 14.7167   48.45500   56.80300   38.4806  129.4543    0.96100   -0.00509
 14.7250   48.29900   57.06400   38.4781  129.4741    1.00200   -0.00348
 14.7333   48.14300   57.32500   38.4755  129.4940    1.05300    0.00323
 14.7417   47.98700   57.58400   38.4729  129.5140    1.07200    0.00693
 14.7500   47.83100   57.84300   38.4702  129.5340    1.10600   -0.00090
 14.7583   47.67500   58.10200   38.4674  129.5541    1.11300    0.00922
 14.7667   47.51900   58.36000   38.4646  129.5742    1.19900    0.01002
 14.7750   47.36400   58.61700   38.4616  129.5943    1.19300    0.02163
 14.7833   47.20800   58.87400   38.4586  129.6146    1.23800    0.01562
 14.7917   47.05300   59.13000   38.4555  129.6348    1.25100    0.01409
 14.8000   46.89700   59.38600   38.4523  129.6552    1.26200    0.00424
 14.8083   46.74200   59.64100   38.4491  129.6756    1.27400    0.00744
 14.8167   46.58700   59.89600   38.4457  129.6960    1.33800    0.01034
 14.8250   46.43200   60.15000   38.4423  129.7165    1.34800    0.01154
 14.8333   46.27700   60.40300   38.4388  129.7371    1.35400    0.00427
 14.8417   46.12100   60.65200   38.4355  129.7577    1.38700   -0.00157
 14.8500   45.96400   60.90000   38.4320  129.7784    1.40000   -0.00644
 14.8583   45.80800   61.14900   38.4285  129.7992    1.41100   -0.01379
 14.8667   45.65200   61.39600   38.4249  129.8200    1.43300   -0.02002
 14.8750   45.49600   61.64300   38.4212  129.8409    1.45300   -0.02574
 14.8833   45.34000   61.89000   38.4174  129.8618    1.46700   -0.02797
 14.8917   45.18400   62.13600   38.4136  129.8828    1.50700   -0.02068
 14.9000   45.02900   62.38200   38.4096  129.9038    1.56700   -0.01336
 14.9083   44.87300   62.62700   38.4056  129.9249    1.58400   -0.00723
 14.9167   44.71700   62.87200   38.4015  129.9462    1.62100   -0.01126
 14.9250   44.56200   63.11600   38.3973  129.9673    1.64400   -0.00775
 14.9333   44.40700   63.36000   38.3930  129.9886    1.69500   -0.00680
 14.9417   44.25100   63.60400   38.3886  130.0100    1.72700   -0.00818
 14.9500   44.09600   63.84700   38.3842  130.0314    1.74700   -0.01440
 14.9583   43.94100   64.08900   38.3797  130.0528    1.78300   -0.01537
 14.9667   43.78600   64.33100   38.3751  130.0744    1.83900   -0.01591
 14.9750   43.63200   64.57300   38.3703  130.0959    1.86100   -0.01048
 14.9833   43.47700   64.81400   38.3655  130.1175    1.92100   -0.01105
 14.9917   43.32200   65.05500   38.3607  130.1393    1.95200   -0.00743
 15.0000   43.16800   65.29500   38.3557  130.1609    1.99300   -0.00929
 15.0083   43.01200   65.53100   38.3509  130.1828    2.03400   -0.00029
 15.0167   42.85600   65.76700   38.3460  130.2048    2.11200    0.01102
 15.0250   42.70000   66.00300   38.3409  130.2269    2.16400    0.01623
 15.0333   42.54500   66.23800   38.3358  130.2489    2.18200    0.00984
 15.0417   42.38900   66.47300   38.3306  130.2711    2.21400   -0.00260
 15.0500   42.23400   66.70800   38.3253  130.2932    2.24200   -0.00922
 15.0583   42.07900   66.94200   38.3199  130.3155    2.28200   -0.01216
 15.0667   41.92400   67.17600   38.3144  130.3378    2.32800   -0.00836
 15.0750   41.76900   67.40900   38.3089  130.3602    2.38500   -0.00353
 15.0833   41.61400   67.64200   38.3033  130.3827    2.43200   -0.00176
 15.0917   41.45900   67.87500   38.2975  130.4052    2.46800   -0.00310
 15.1000   41.30400   68.10700   38.2917  130.4278    2.51200    0.00060
 15.1083   41.14900   68.33900   38.2858  130.4505    2.58200    0.00243
 15.1167   40.99500   68.57100   38.2797  130.4732    2.61100    0.00351
 15.1250   40.84000   68.80200   38.2736  130.4960    2.65600   -0.01414
 15.1333   40.68600   69.03200   38.2675  130.5188    2.65000   -0.02372
 15.1417   40.53200   69.26300   38.2611  130.5418    2.72100   -0.03302
 15.1500   40.37800   69.49300   38.2548  130.5647    2.77400   -0.02873
 15.1583   40.22300   69.72300   38.2483  130.5879    2.83100   -0.02743
 15.1667   40.06900   69.95200   38.2417  130.6110    2.89000   -0.02716
 15.1750   39.91400   70.17800   38.2352  130.6343    2.94100   -0.02084
 15.1833   39.75900   70.40300   38.2287  130.6577    3.02700   -0.02156
 15.1917   39.60400   70.62800   38.2220  130.6811    3.05700   -0.01964
 15.2000   39.45000   70.85300   38.2153  130.7045    3.12200   -0.01904
 15.2083   39.29500   71.07800   38.2084  130.7281    3.20600   -0.00697
 15.2167   39.14000   71.30200   38.2014  130.7518    3.29500    0.00590
 15.2250   38.98600   71.52600   38.1944  130.7755    3.36800    0.01141
 15.2333   38.83100   71.75000   38.1872  130.7993    3.42200    0.00632
 15.2417   38.67700   71.97300   38.1800  130.8232    3.46400    0.00546
 15.2500   38.52200   72.19600   38.1726  130.8472    3.55500    0.00111
 15.2583   38.36800   72.41900   38.1651  130.8712    3.59400    0.00087
 15.2667   38.21400   72.64100   38.1576  130.8953    3.65100   -0.00010
 15.2750   38.06000   72.86300   38.1500  130.9195    3.74200    0.00502
 15.2833   37.90600   73.08500   38.1422  130.9438    3.81100    0.00957
 15.2917   37.75200   73.30700   38.1343  130.9682    3.86900    0.00791
 15.3000   37.59900   73.52800   38.1263  130.9925    3.93000    0.00260
 15.3083   37.44500   73.74900   38.1183  131.0170    3.98000    0.00169
 15.3167   37.29100   73.96900   38.1101  131.0416    4.05900   -0.00848
 15.3250   37.13800   74.18900   38.1019  131.0662    4.08100   -0.01264
 15.3333   36.98400   74.40900   38.0935  131.0910    4.16200   -0.02850
 15.3417   36.83000   74.62600   38.0852  131.1159    4.18800   -0.02199
 15.3500   36.67500   74.84200   38.0768  131.1410    4.31200   -0.01651
 15.3583   36.52100   75.05800   38.0683  131.1661    4.38600   -0.00651
 15.3667   36.36700   75.27400   38.0597  131.1912    4.43300   -0.00539
 15.3750   36.21300   75.49000   38.0509  131.2165    4.51800   -0.00576
 15.3833   36.05900   75.70600   38.0421  131.2419    4.59000   -0.00120
 15.3917   35.90500   75.92100   38.0331  131.2673    4.66600    0.00426
 15.4000   35.75100   76.13600   38.0241  131.2929    4.75800    0.01163
 15.4083   35.59800   76.35000   38.0149  131.3184    4.84300    0.00737
 15.4167   35.44400   76.56500   38.0056  131.3442    4.86500   -0.00710
 15.4250   35.29000   76.77900   37.9962  131.3701    4.91200   -0.02353
 15.4333   35.13700   76.99200   37.9867  131.3959    4.98600   -0.02675
 15.4417   34.98300   77.20600   37.9771  131.4220    5.07600   -0.02006
 15.4500   34.83000   77.41900   37.9674  131.4480    5.17600   -0.01221
 15.4583   34.67700   77.63200   37.9575  131.4742    5.26800   -0.00635
 15.4667   34.52300   77.84500   37.9476  131.5005    5.35500   -0.00939
 15.4750   34.37000   78.05700   37.9375  131.5269    5.41500   -0.01554
 15.4833   34.21700   78.26900   37.9273  131.5534    5.49100   -0.02542
 15.4917   34.06400   78.48100   37.9170  131.5799    5.55900   -0.03647
 15.5000   33.91100   78.69200   37.9066  131.6066    5.61800   -0.04803
 15.5083   33.75700   78.90100   37.8962  131.6335    5.69900   -0.03811
 15.5167   33.60300   79.10900   37.8858  131.6606    5.87800   -0.02302
 15.5250   33.45000   79.31700   37.8752  131.6876    5.96500    0.01079
 15.5333   33.29600   79.52500   37.8644  131.7148    6.13700    0.02241
 15.5417   33.14300   79.73300   37.8535  131.7421    6.20400    0.02839
 15.5500   32.99000   79.94100   37.8425  131.7694    6.25600    0.02272
 15.5583   32.83600   80.14800   37.8314  131.7971    6.36400    0.02099
 15.5667   32.68300   80.35500   37.8202  131.8246    6.44500    0.03108
 15.5750   32.53000   80.56200   37.8088  131.8524    6.55100    0.04313
 15.5833   32.37700   80.76800   37.7974  131.8802    6.66700    0.04398
 15.5917   32.22400   80.97400   37.7858  131.9081    6.68900    0.04771
 15.6000   32.07100   81.18000   37.7740  131.9362    6.80300    0.04670
 15.6083   31.91800   81.38600   37.7621  131.9644    6.88500    0.05112
 15.6167   31.76500   81.59200   37.7501  131.9927    6.92300    0.03907
 15.6250   31.61200   81.79700   37.7380  132.0212    6.94600    0.02605
 15.6333   31.45900   82.00200   37.7257  132.0498    7.01400    0.01189
 15.6417   31.30600   82.20600   37.7133  132.0785    7.03800   -0.00400
 15.6500   31.15300   82.41100   37.7008  132.1073    7.04500   -0.00692
 15.6583   31.00100   82.61500   37.6881  132.1361    7.17400   -0.00886
 15.6667   30.84800   82.81800   37.6754  132.1652    7.19800   -0.00451
 15.6750   30.69500   83.02000   37.6625  132.1944    7.23700   -0.00614
 15.6833   30.54200   83.22100   37.6496  132.2238    7.33200    0.00371
 15.6917   30.38900   83.42200   37.6366  132.2533    7.41300    0.01143
 15.7000   30.23600   83.62200   37.6234  132.2830    7.43900    0.00494
 15.7083   30.08300   83.82300   37.6100  132.3128    7.45900   -0.01036
 15.7167   29.93000   84.02300   37.5965  132.3427    7.49400   -0.01797
 15.7250   29.77700   84.22300   37.5829  132.3728    7.55600   -0.01394
 15.7333   29.62400   84.42300   37.5691  132.4030    7.64100   -0.00572
 15.7417   29.47100   84.62200   37.5552  132.4334    7.70000    0.00607
 15.7500   29.31800   84.82200   37.5411  132.4639    7.78400    0.01336
 15.7583   29.16600   85.02100   37.5269  132.4944    7.84100    0.01147
 15.7667   29.01300   85.21900   37.5125  132.5252    7.85200    0.01798
 15.7750   28.86000   85.41800   37.4980  132.5562    7.97900    0.01484
 15.7833   28.70800   85.61600   37.4833  132.5872    7.98700    0.01186
 15.7917   28.55500   85.81400   37.4685  132.6185    8.00300   -0.01570
 15.8000   28.40300   86.01200   37.4534  132.6497    8.00700   -0.02108
 15.8083   28.25000   86.20900   37.4383  132.6813    8.14100   -0.02236
 15.8167   28.09800   86.40600   37.4230  132.7129    8.18700   -0.02017
 15.8250   27.94500   86.60300   37.4075  132.7448    8.21300   -0.03538
 15.8333   27.79300   86.80000   37.3919  132.7767    8.25700   -0.03819
 15.8417   27.64000   86.99400   37.3763  132.8090    8.37500   -0.04674
 15.8500   27.48700   87.18800   37.3605  132.8415    8.37700   -0.03730
 15.8583   27.33500   87.38300   37.3444  132.8739    8.52600   -0.03998
 15.8667   27.18200   87.57600   37.3284  132.9067    8.58200   -0.02397
 15.8750   27.02900   87.77000   37.3120  132.9396    8.69800   -0.03261
 15.8833   26.87700   87.96300   37.2955  132.9725    8.72600   -0.02138
 15.8917   26.72400   88.15600   37.2789  133.0059    8.90600   -0.02327
 15.9000   26.57200   88.34900   37.2620  133.0392    8.95500   -0.00689
 15.9083   26.41900   88.54200   37.2450  133.0728    9.09000   -0.01049
 15.9167   26.26700   88.73400   37.2278  133.1065    9.16500   -0.00619
 15.9250   26.11400   88.92700   37.2104  133.1406    9.26700   -0.01216
 15.9333   25.96200   89.11800   37.1929  133.1746    9.35500   -0.01945
 15.9417   25.80900   89.31000   37.1751  133.2090    9.43200   -0.02411
 15.9500   25.65700   89.50100   37.1572  133.2435    9.56600   -0.01527
 15.9583   25.50500   89.69300   37.1390  133.2780    9.74500   -0.01587
 15.9667   25.35200   89.88300   37.1208  133.3131    9.78700   -0.02144
 15.9750   25.20000   90.07400   37.1022  133.3481    9.90100   -0.04603
 15.9833   25.04700   90.26400   37.0836  133.3835    9.98200   -0.05972
 15.9917   24.89500   90.45400   37.0647  133.4189   10.09400   -0.07288
 16.0000   24.74300   90.64400   37.0456  133.4545   10.22600   -0.07383
 16.0083   24.59000   90.83200   37.0264  133.4906   10.38800   -0.06847
 16.0167   24.43800   91.01900   37.0072  133.5266   10.55300   -0.05319
 16.0250   24.28500   91.20700   36.9876  133.5631   10.75300   -0.03664
 16.0333   24.13300   91.39400   36.9678  133.5996   10.93000   -0.01183
 16.0417   23.98000   91.58100   36.9479  133.6366   11.14100   -0.00040
 16.0500   23.82800   91.76800   36.9277  133.6735   11.26000    0.01793
 16.0583   23.67600   91.95400   36.9073  133.7106   11.48200    0.02353
 16.0667   23.52300   92.14100   36.8866  133.7482   11.61800    0.04112
 16.0750   23.37100   92.32700   36.8658  133.7858   11.81200    0.04556
 16.0833   23.21800   92.51200   36.8448  133.8239   11.94600    0.06439
 16.0917   23.06600   92.69800   36.8235  133.8619   12.16500    0.06289
 16.1000   22.91400   92.88300   36.8020  133.9002   12.22300    0.06453
 16.1083   22.76100   93.06800   36.7803  133.9390   12.36900    0.04686
 16.1167   22.60900   93.25300   36.7583  133.9778   12.45400    0.04285
 16.1250   22.45600   93.43700   36.7361  134.0171   12.58000    0.04326
 16.1333   22.30400   93.62100   36.7137  134.0563   12.74000    0.03294
 16.1417   22.15200   93.80500   36.6911  134.0958   12.74600    0.02799
 16.1500   21.99900   93.98900   36.6681  134.1359   12.89200    0.00901
 16.1583   21.84700   94.17200   36.6450  134.1759   12.93600    0.00348
 16.1667   21.69400   94.35500   36.6216  134.2165   13.01300    0.00272
 16.1750   21.54200   94.53600   36.5981  134.2571   13.17700    0.01663
 16.1833   21.39000   94.71700   36.5744  134.2979   13.31500    0.02256
 16.1917   21.23700   94.89800   36.5503  134.3393   13.33100    0.01827
 16.2000   21.08500   95.07900   36.5260  134.3807   13.42400    0.01457
 16.2083   20.93200   95.26000   36.5014  134.4226   13.55500    0.03130
 16.2167   20.78000   95.44000   36.4766  134.4646   13.68800    0.02872
 16.2250   20.62800   95.62000   36.4515  134.5068   13.63400    0.00902
 16.2333   20.47500   95.80000   36.4261  134.5496   13.62900    0.00607
 16.2417   20.32300   95.97900   36.4005  134.5924   13.86200    0.02499
 16.2500   20.17000   96.15900   36.3745  134.6358   13.94000    0.05612
 16.2583   20.01800   96.33700   36.3484  134.6792   14.00500    0.07116
 16.2667   19.86600   96.51600   36.3219  134.7228   14.10700    0.08408
 16.2750   19.71300   96.69500   36.2950  134.7671   14.15200    0.09250
 16.2833   19.56100   96.87300   36.2679  134.8114   14.16000    0.08528
 16.2917   19.40800   97.05000   36.2406  134.8564   14.12800    0.06845
 16.3000   19.25600   97.22800   36.2129  134.9013   14.07900    0.05037
 16.3083   19.10300   97.40500   36.1849  134.9468   14.06600    0.04385
 16.3167   18.95000   97.58200   36.1566  134.9927   14.10700    0.03905
 16.3250   18.79800   97.75900   36.1279  135.0386   14.05500    0.04479
 16.3333   18.64500   97.93500   36.0990  135.0852   14.09100    0.04143
 16.3417   18.49300   98.11000   36.0699  135.1317   14.04300    0.04366
 16.3500   18.34000   98.28500   36.0404  135.1790   14.00500    0.01800
 16.3583   18.18800   98.46000   36.0106  135.2262   13.82600   -0.00505
 16.3667   18.03500   98.63400   35.9804  135.2742   13.77400   -0.01239
 16.3750   17.88300   98.80800   35.9500  135.3221   13.84300    0.00315
 16.3833   17.73100   98.98200   35.9192  135.3704   13.82100    0.01208
 16.3917   17.57800   99.15500   35.8880  135.4194   13.72400    0.01350
 16.4000   17.42500   99.32900   35.8564  135.4688   13.73700    0.00720
 16.4083   17.27300   99.50200   35.8245  135.5182   13.65900    0.00951
 16.4167   17.12000   99.67400   35.7923  135.5683   13.62100   -0.00590
 16.4250   16.96800   99.84700   35.7596  135.6184   13.49900   -0.00234
 16.4333   16.81500  100.01900   35.7266  135.6693   13.54900   -0.01689
 16.4417   16.66200  100.19100   35.6932  135.7206   13.37600   -0.00606
 16.4500   16.51000  100.36200   35.6595  135.7718   13.43900   -0.01568
 16.4583   16.35700  100.53300   35.6254  135.8239   13.33900   -0.00416
 16.4667   16.20400  100.70400   35.5908  135.8763   13.31800    0.00602
 16.4750   16.05100  100.87500   35.5557  135.9292   13.37800    0.02056
 16.4833   15.89800  101.04500   35.5204  135.9825   13.31800    0.03197
 16.4917   15.74600  101.21500   35.4847  136.0357   13.27600    0.02902
 16.5000   15.59300  101.38500   35.4485  136.0898   13.21700    0.01443
 16.5083   15.44000  101.55300   35.4120  136.1444   13.06100   -0.00354
 16.5167   15.28700  101.72200   35.3750  136.1993   12.98900   -0.02729
 16.5250   15.13500  101.89000   35.3377  136.2543   12.89500   -0.02579
 16.5333   14.98200  102.05800   35.2998  136.3101   12.93700   -0.02419
 16.5417   14.83000  102.22500   35.2617  136.3660   12.87200    0.00237
 16.5500   14.67700  102.39300   35.2228  136.4227   12.96700    0.02188
 16.5583   14.52400  102.56000   35.1836  136.4799   12.95300    0.02354
 16.5667   14.37100  102.72700   35.1439  136.5375   12.74600    0.00323
 16.5750   14.21800  102.89300   35.1038  136.5956   12.66600   -0.02512
 16.5833   14.06600  103.05900   35.0633  136.6537   12.58700   -0.02971
 16.5917   13.91300  103.22500   35.0222  136.7127   12.57800   -0.02041
 16.6000   13.76000  103.39100   34.9805  136.7722   12.62300   -0.00615
 16.6083   13.60700  103.55600   34.9384  136.8322   12.60300   -0.00821
 16.6167   13.45400  103.72100   34.8958  136.8926   12.48300   -0.02193
 16.6250   13.30100  103.88500   34.8527  136.9536   12.45300   -0.02821
 16.6333   13.14700  104.04900   34.8090  137.0155   12.49600   -0.02872
 16.6417   12.99400  104.21300   34.7648  137.0774   12.41000   -0.02761
 16.6500   12.84100  104.37700   34.7200  137.1399   12.38200   -0.03764
 16.6583   12.68800  104.54000   34.6748  137.2028   12.33700   -0.03698
 16.6667   12.53400  104.70300   34.6289  137.2668   12.35300   -0.03375
 16.6750   12.38200  104.86500   34.5828  137.3303   12.36500   -0.02726
 16.6833   12.22900  105.02700   34.5359  137.3948   12.36700    0.00493
 16.6917   12.07600  105.18900   34.4884  137.4599   12.60400    0.03717
 16.7000   11.92300  105.35000   34.4404  137.5255   12.61800    0.05622
 16.7083   11.77000  105.51100   34.3918  137.5916   12.50500    0.03158
 16.7167   11.61700  105.67200   34.3426  137.6583   12.37900   -0.00776
 16.7250   11.46400  105.83200   34.2928  137.7255   12.27700   -0.03723
 16.7333   11.31100  105.99200   34.2424  137.7933   12.27300   -0.05325
 16.7417   11.15700  106.15200   34.1911  137.8621   12.28700   -0.03916
 16.7500   11.00400  106.31200   34.1394  137.9309   12.46100   -0.00784
 16.7583   10.85100  106.47100   34.0870  138.0004   12.60500   -0.00014
 16.7667   10.69800  106.63000   34.0340  138.0704   12.41200   -0.01628
 16.7750   10.54400  106.78800   33.9803  138.1416   12.35700   -0.05174
 16.7833   10.39100  106.94600   33.9260  138.2128   12.31900   -0.05559
 16.7917   10.23700  107.10400   33.8708  138.2850   12.40500   -0.04831
 16.8000   10.08400  107.26200   33.8151  138.3573   12.48200   -0.00819
 16.8083    9.93000  107.41900   33.7585  138.4308   12.76800    0.01851
 16.8167    9.77600  107.57600   33.7012  138.5049   12.75900    0.03746
 16.8250    9.62300  107.73200   33.6435  138.5791   12.77400    0.01940
 16.8333    9.46900  107.88800   33.5848  138.6544   12.72600    0.00105
 16.8417    9.31600  108.04400   33.5255  138.7298   12.69900   -0.02981
 16.8500    9.16200  108.19900   33.4654  138.8064   12.59800   -0.03997
 16.8583    9.00900  108.35400   33.4047  138.8830   12.74000   -0.02854
 16.8667    8.85600  108.50900   33.3432  138.9601   12.92800    0.00420
 16.8750    8.70200  108.66300   33.2808  139.0386   13.02900    0.02201
 16.8833    8.54900  108.81700   33.2177  139.1171   13.04600    0.02722
 16.8917    8.39500  108.97100   33.1536  139.1967   13.09900    0.01581
 16.9000    8.24200  109.12400   33.0891  139.2765   13.03200    0.01383
 16.9083    8.08800  109.27700   33.0234  139.3574   13.12600    0.00845
 16.9167    7.93500  109.43000   32.9571  139.4384   13.16100    0.00258
 16.9250    7.78100  109.58200   32.8898  139.5207   13.10600   -0.01136
 16.9333    7.62700  109.73400   32.8216  139.6036   13.12900   -0.01342
 16.9417    7.47300  109.88600   32.7524  139.6871   13.26500   -0.00848
 16.9500    7.31900  110.03700   32.6826  139.7714   13.25500    0.01445
 16.9583    7.16500  110.18800   32.6117  139.8562   13.42000    0.01359
 16.9667    7.01100  110.33900   32.5400  139.9417   13.31300    0.01431
 16.9750    6.85700  110.48900   32.4674  140.0280   13.30200    0.02322
 16.9833    6.70300  110.63900   32.3939  140.1148   13.54200    0.04173
 16.9917    6.54900  110.78800   32.3195  140.2024   13.52800    0.06109
 17.0000    6.39400  110.93700   32.2439  140.2913   13.56000    0.04262
 17.0083    6.24100  111.08600   32.1679  140.3795   13.44800    0.02119
 17.0167    6.08700  111.23400   32.0907  140.4691   13.37600    0.00150
 17.0250    5.93400  111.38300   32.0126  140.5585   13.40300   -0.00501
 17.0333    5.78000  111.53000   31.9336  140.6494   13.37400   -0.00333
 17.0417    5.62600  111.67800   31.8533  140.7409   13.28300   -0.00784
 17.0500    5.47200  111.82500   31.7721  140.8331   13.27400   -0.00517
 17.0583    5.31800  111.97200   31.6898  140.9259   13.33300    0.00000

