hmax        =    300
wind_bottom =      2
wind_top    =     10
critlon     =      0
tbeg, h     =   0.00
tend, h     =  24.00
c_ionex     =      0
c_vert      =      1
time, gamma, az, latp, lonp, tec, tec_filtered
 15.9250   13.82000 -162.25800   29.4783  124.2102   16.79100    0.00000
 15.9333   14.02300 -162.26601   29.5536  124.2367   16.31300   -0.00460
 15.9417   14.22700 -162.27299   29.6281  124.2627   15.92300   -0.01616
 15.9500   14.43000 -162.28000   29.7013  124.2883   15.55500   -0.00768
 15.9583   14.63400 -162.28700   29.7738  124.3137   15.26700   -0.01312
 15.9667   14.83900 -162.29300   29.8457  124.3388   14.83800   -0.04703
 15.9750   15.04300 -162.29800   29.9162  124.3632   14.44900   -0.11297
 15.9833   15.24800 -162.30400   29.9861  124.3876   14.20200   -0.20680
 15.9917   15.45400 -162.30901   30.0554  124.4117   13.82000   -0.29014
 16.0000   15.65900 -162.31300   30.1234  124.4352   13.73500   -0.38075
 16.0083   15.86500 -162.31900   30.1908  124.4588   13.62100   -0.36478
 16.0167   16.07200 -162.32401   30.2575  124.4821   13.73300   -0.34307
 16.0250   16.27800 -162.32800   30.3231  124.5048   13.79600   -0.29822
 16.0333   16.48600 -162.33299   30.3883  124.5276   13.94600   -0.25707
 16.0417   16.69300 -162.33600   30.4524  124.5498   14.10500   -0.19952
 16.0500   16.90100 -162.34000   30.5159  124.5719   14.35800   -0.14636
 16.0583   17.10900 -162.34300   30.5786  124.5936   14.54800   -0.08752
 16.0667   17.31700 -162.34500   30.6404  124.6148   14.80800   -0.02210
 16.0750   17.52500 -162.34700   30.7014  124.6359   15.16000    0.04027
 16.0833   17.73400 -162.34900   30.7619  124.6567   15.36000    0.09430
 16.0917   17.94400 -162.35001   30.8218  124.6773   15.59100    0.13135
 16.1000   18.15300 -162.35100   30.8807  124.6975   15.82900    0.14749
 16.1083   18.36300 -162.35100   30.9391  124.7175   15.87500    0.15573
 16.1167   18.57300 -162.35201   30.9966  124.7373   16.03300    0.14444
 16.1250   18.78300 -162.35100   31.0535  124.7566   16.10800    0.15013
 16.1333   18.99400 -162.35001   31.1099  124.7758   16.23500    0.13149
 16.1417   19.20500 -162.34900   31.1655  124.7947   16.17800    0.10428
 16.1500   19.41600 -162.34801   31.2204  124.8135   16.14900    0.07815
 16.1583   19.62800 -162.34599   31.2748  124.8319   16.23500    0.07513
 16.1667   19.83900 -162.34399   31.3283  124.8501   16.28600    0.08486
 16.1750   20.05200 -162.34200   31.3816  124.8682   16.29600    0.08283
 16.1833   20.26500 -162.34000   31.4341  124.8861   16.26200    0.08609
 16.1917   20.47700 -162.33800   31.4858  124.9037   16.31600    0.07558
 16.2000   20.69100 -162.33600   31.5372  124.9213   16.20200    0.05526
 16.2083   20.90400 -162.33299   31.5878  124.9385   16.07900    0.02972
 16.2167   21.11800 -162.32899   31.6380  124.9554   16.07100    0.01848
 16.2250   21.33200 -162.32500   31.6876  124.9721   16.03100    0.01158
 16.2333   21.54700 -162.32100   31.7367  124.9887   15.91900    0.00222
 16.2417   21.76200 -162.31599   31.7853  125.0050   15.88100    0.00398
 16.2500   21.97700 -162.31100   31.8332  125.0212   15.89600    0.01741
 16.2583   22.19200 -162.30600   31.8805  125.0371   15.83900    0.02883
 16.2667   22.40800 -162.30000   31.9275  125.0528   15.77200    0.03628
 16.2750   22.62400 -162.29401   31.9739  125.0684   15.74200    0.04014
 16.2833   22.84000 -162.28799   32.0197  125.0838   15.65700    0.04279
 16.2917   23.05600 -162.28101   32.0649  125.0988   15.58300    0.02963
 16.3000   23.27300 -162.27400   32.1098  125.1138   15.46400    0.01155
 16.3083   23.49000 -162.26601   32.1542  125.1286   15.34900   -0.00121
 16.3167   23.70700 -162.25800   32.1980  125.1431   15.30900   -0.00786
 16.3250   23.92500 -162.25000   32.2415  125.1576   15.23100   -0.01584
 16.3333   24.14200 -162.24100   32.2843  125.1718   15.11100   -0.02720
 16.3417   24.36100 -162.23300   32.3270  125.1860   15.04900   -0.04921
 16.3500   24.58000 -162.22501   32.3691  125.2001   14.90300   -0.04715
 16.3583   24.79900 -162.21600   32.4107  125.2139   14.92800   -0.04236
 16.3667   25.01800 -162.20700   32.4519  125.2276   14.88300   -0.01745
 16.3750   25.23800 -162.19800   32.4927  125.2411   14.85800   -0.01426
 16.3833   25.45700 -162.18800   32.5329  125.2544   14.75500   -0.01087
 16.3917   25.67800 -162.17799   32.5730  125.2677   14.71700   -0.00497
 16.4000   25.89800 -162.16701   32.6124  125.2807   14.71300    0.01005
 16.4083   26.11900 -162.15601   32.6516  125.2936   14.67100    0.01902
 16.4167   26.34000 -162.14500   32.6903  125.3064   14.60200    0.01536
 16.4250   26.56100 -162.13400   32.7285  125.3190   14.53000    0.00836
 16.4333   26.78200 -162.12199   32.7664  125.3314   14.47700    0.00482
 16.4417   27.00400 -162.10899   32.8040  125.3437   14.43300   -0.00027
 16.4500   27.22600 -162.09700   32.8411  125.3559   14.35700   -0.01358
 16.4583   27.44800 -162.08400   32.8779  125.3679   14.25600   -0.02260
 16.4667   27.67100 -162.07100   32.9143  125.3799   14.23800   -0.02351
 16.4750   27.89400 -162.05701   32.9504  125.3916   14.20600   -0.01148
 16.4833   28.11700 -162.04300   32.9861  125.4033   14.17400   -0.00922
 16.4917   28.34000 -162.02901   33.0214  125.4148   14.09800   -0.00836
 16.5000   28.56400 -162.01401   33.0565  125.4262   14.05600   -0.01225
 16.5083   28.78800 -162.00000   33.0912  125.4375   14.00000   -0.00205
 16.5167   29.01200 -161.98599   33.1255  125.4487   14.00300    0.01117
 16.5250   29.23700 -161.97099   33.1595  125.4599   13.97900    0.02518
 16.5333   29.46200 -161.95599   33.1933  125.4708   13.92500    0.02497
 16.5417   29.68700 -161.94000   33.2266  125.4817   13.84800    0.01611
 16.5500   29.91300 -161.92500   33.2598  125.4925   13.77300    0.00666
 16.5583   30.13900 -161.90800   33.2926  125.5031   13.71400    0.01142
 16.5667   30.36500 -161.89200   33.3250  125.5136   13.70900    0.01381
 16.5750   30.59100 -161.87500   33.3571  125.5240   13.61800    0.01966
 16.5833   30.81800 -161.85800   33.3890  125.5344   13.57200    0.02179
 16.5917   31.04500 -161.84100   33.4206  125.5446   13.54600    0.03067
 16.6000   31.27200 -161.82300   33.4519  125.5547   13.48700    0.02718
 16.6083   31.49900 -161.80499   33.4828  125.5647   13.37000    0.01270
 16.6167   31.72700 -161.78700   33.5136  125.5747   13.27900   -0.00393
 16.6250   31.95400 -161.76801   33.5439  125.5844   13.20500   -0.00380
 16.6333   32.18200 -161.74899   33.5740  125.5941   13.17500    0.00388
 16.6417   32.41100 -161.73000   33.6040  125.6038   13.12000    0.00473
 16.6500   32.63900 -161.71001   33.6336  125.6132   13.00300   -0.00178
 16.6583   32.86800 -161.69099   33.6629  125.6227   12.92800    0.00288
 16.6667   33.09700 -161.67101   33.6920  125.6321   12.92300    0.01670
 16.6750   33.32700 -161.65100   33.7209  125.6414   12.84900    0.02235
 16.6833   33.55700 -161.63100   33.7495  125.6506   12.73100    0.02010
 16.6917   33.78700 -161.61000   33.7779  125.6597   12.68900    0.01468
 16.7000   34.01700 -161.58900   33.8060  125.6688   12.60500    0.01791
 16.7083   34.24800 -161.56799   33.8339  125.6778   12.53300    0.00879
 16.7167   34.47900 -161.54700   33.8616  125.6867   12.43000   -0.00616
 16.7250   34.71000 -161.52499   33.8890  125.6955   12.31500   -0.02447
 16.7333   34.94200 -161.50301   33.9162  125.7042   12.23000   -0.03561
 16.7417   35.17300 -161.48100   33.9431  125.7129   12.16500   -0.03653
 16.7500   35.40500 -161.45799   33.9699  125.7214   12.10300   -0.02777
 16.7583   35.63700 -161.43600   33.9963  125.7300   12.06700   -0.01895
 16.7667   35.87000 -161.41299   34.0227  125.7384   12.00900   -0.01311
 16.7750   36.10200 -161.38901   34.0487  125.7467   11.94000   -0.02003
 16.7833   36.33500 -161.36600   34.0746  125.7551   11.84800   -0.02460
 16.7917   36.56800 -161.34200   34.1002  125.7633   11.80500   -0.03442
 16.8000   36.80100 -161.31799   34.1256  125.7714   11.72200   -0.03265
 16.8083   37.03500 -161.29300   34.1509  125.7795   11.69700   -0.04390
 16.8167   37.26800 -161.26900   34.1759  125.7876   11.60700   -0.04219
 16.8250   37.50200 -161.24400   34.2007  125.7955   11.59200   -0.03595
 16.8333   37.73600 -161.21899   34.2253  125.8034   11.59400   -0.02134
 16.8417   37.97100 -161.19400   34.2498  125.8113   11.54400   -0.01284
 16.8500   38.20600 -161.16800   34.2741  125.8191   11.50100   -0.01992
 16.8583   38.44200 -161.14301   34.2983  125.8269   11.43400   -0.02106
 16.8667   38.67700 -161.11700   34.3222  125.8346   11.41600   -0.00862
 16.8750   38.91300 -161.09000   34.3459  125.8421   11.43900    0.00598
 16.8833   39.14900 -161.06400   34.3695  125.8497   11.38400    0.02177
 16.8917   39.38500 -161.03700   34.3928  125.8572   11.36900    0.02194
 16.9000   39.62100 -161.00999   34.4160  125.8647   11.32000    0.02934
 16.9083   39.85800 -160.98300   34.4390  125.8721   11.29200    0.03078
 16.9167   40.09500 -160.95500   34.4619  125.8795   11.24200    0.02856
 16.9250   40.33200 -160.92799   34.4846  125.8868   11.17200    0.03294
 16.9333   40.56900 -160.89999   34.5070  125.8940   11.16800    0.03569
 16.9417   40.80600 -160.87100   34.5294  125.9012   11.11600    0.04170
 16.9500   41.04400 -160.84300   34.5516  125.9084   11.05900    0.03657
 16.9583   41.28200 -160.81400   34.5736  125.9155   11.00400    0.02799
 16.9667   41.52000 -160.78600   34.5954  125.9226   10.93000    0.00958
 16.9750   41.75800 -160.75700   34.6171  125.9296   10.82400   -0.00616
 16.9833   41.99700 -160.72701   34.6387  125.9366   10.77900   -0.03029
 16.9917   42.23500 -160.69800   34.6600  125.9435   10.66600   -0.02838
 17.0000   42.47400 -160.66901   34.6812  125.9504   10.66900   -0.03270
 17.0083   42.71300 -160.63901   34.7023  125.9573   10.59300   -0.00591
 17.0167   42.95300 -160.60800   34.7233  125.9641   10.60600    0.00128
 17.0250   43.19300 -160.57800   34.7441  125.9709   10.52100    0.01774
 17.0333   43.43300 -160.54700   34.7648  125.9776   10.48100    0.01607
 17.0417   43.67400 -160.51601   34.7854  125.9843   10.41700    0.01572
 17.0500   43.91400 -160.48500   34.8058  125.9909   10.33900    0.02105
 17.0583   44.15500 -160.45399   34.8261  125.9976   10.32300    0.02466
 17.0667   44.39600 -160.42300   34.8462  126.0042   10.25400    0.02511
 17.0750   44.63700 -160.39101   34.8662  126.0107   10.16900    0.00901
 17.0833   44.87800 -160.35899   34.8860  126.0172   10.08700   -0.00435
 17.0917   45.12000 -160.32700   34.9058  126.0237   10.03300   -0.01565
 17.1000   45.36100 -160.29500   34.9253  126.0302    9.94900   -0.01193
 17.1083   45.60300 -160.26199   34.9448  126.0366    9.92600   -0.01286
 17.1167   45.84500 -160.23000   34.9641  126.0430    9.85100   -0.00857
 17.1250   46.08700 -160.19701   34.9833  126.0493    9.79000   -0.02127
 17.1333   46.33000 -160.16400   35.0024  126.0556    9.70100   -0.02325
 17.1417   46.57200 -160.13100   35.0213  126.0619    9.66800   -0.01697
 17.1500   46.81500 -160.09801   35.0402  126.0682    9.64200   -0.00441
 17.1583   47.05800 -160.06500   35.0589  126.0745    9.57800    0.00855
 17.1667   47.30100 -160.03101   35.0775  126.0807    9.54600    0.00020
 17.1750   47.54400 -159.99699   35.0959  126.0868    9.43400   -0.00196
 17.1833   47.78800 -159.96300   35.1143  126.0930    9.39100    0.00532
 17.1917   48.03200 -159.92799   35.1326  126.0991    9.39300    0.01338
 17.2000   48.27700 -159.89400   35.1509  126.1052    9.28300    0.02384
 17.2083   48.52100 -159.85899   35.1689  126.1113    9.25000    0.02394
 17.2167   48.76600 -159.82401   35.1869  126.1174    9.21400    0.03839
 17.2250   49.01000 -159.78900   35.2047  126.1234    9.15900    0.04320
 17.2333   49.25500 -159.75301   35.2224  126.1294    9.08600    0.02867
 17.2417   49.50000 -159.71800   35.2400  126.1354    8.97300    0.01122
 17.2500   49.74600 -159.68201   35.2576  126.1413    8.90500   -0.01570
 17.2583   49.99100 -159.64700   35.2750  126.1473    8.79900   -0.02465
 17.2667   50.23700 -159.61099   35.2923  126.1532    8.75600   -0.02835
 17.2750   50.48200 -159.57500   35.3095  126.1591    8.70600   -0.01683
 17.2833   50.72800 -159.53900   35.3266  126.1650    8.65700   -0.01515
 17.2917   50.97400 -159.50301   35.3436  126.1709    8.57600   -0.01725
 17.3000   51.22000 -159.46700   35.3605  126.1767    8.51600   -0.02088
 17.3083   51.46600 -159.43100   35.3773  126.1826    8.46000   -0.01881
 17.3167   51.71300 -159.39500   35.3941  126.1884    8.40200   -0.01445
 17.3250   51.95900 -159.35899   35.4106  126.1942    8.35300   -0.00874
 17.3333   52.20600 -159.32300   35.4272  126.2001    8.30200   -0.00532
 17.3417   52.45300 -159.28500   35.4436  126.2058    8.23600   -0.00817
 17.3500   52.70100 -159.24800   35.4600  126.2116    8.16000   -0.00212
 17.3583   52.94800 -159.21001   35.4763  126.2173    8.14000    0.00738
 17.3667   53.19600 -159.17200   35.4925  126.2230    8.08200    0.03260
 17.3750   53.44400 -159.13400   35.5086  126.2287    8.06200    0.04329
 17.3833   53.69200 -159.09599   35.5247  126.2344    7.99000    0.05828
 17.3917   53.94000 -159.05800   35.5406  126.2400    7.95000    0.05624
 17.4000   54.18900 -159.02000   35.5565  126.2457    7.86900    0.03806
 17.4083   54.43700 -158.98199   35.5722  126.2514    7.73700    0.01473
 17.4167   54.68600 -158.94400   35.5879  126.2570    7.67500   -0.01185
 17.4250   54.93400 -158.90601   35.6035  126.2626    7.58000   -0.02297
 17.4333   55.18300 -158.86700   35.6190  126.2683    7.50300   -0.03125
 17.4417   55.43200 -158.82899   35.6344  126.2739    7.44800   -0.03267
 17.4500   55.68100 -158.79100   35.6498  126.2795    7.37400   -0.01925
 17.4583   55.93000 -158.75301   35.6650  126.2851    7.34300   -0.00148
 17.4667   56.17900 -158.71500   35.6802  126.2907    7.29900    0.01730
 17.4750   56.42900 -158.67700   35.6953  126.2963    7.22100    0.02563
 17.4833   56.67800 -158.63901   35.7103  126.3019    7.14800    0.02417
 17.4917   56.92800 -158.60201   35.7253  126.3075    7.06900    0.02563
 17.5000   57.17700 -158.56400   35.7402  126.3131    7.00300    0.02796
 17.5083   57.42700 -158.52499   35.7550  126.3186    6.93600    0.02641
 17.5167   57.67800 -158.48500   35.7698  126.3242    6.84300    0.02551
 17.5250   57.92800 -158.44501   35.7845  126.3297    6.78000    0.02261
 17.5333   58.17900 -158.40601   35.7991  126.3352    6.70700    0.01967
 17.5417   58.43000 -158.36600   35.8137  126.3407    6.61400    0.00459
 17.5500   58.68100 -158.32700   35.8282  126.3463    6.51000   -0.01474
 17.5583   58.93200 -158.28700   35.8426  126.3518    6.42400   -0.02896
 17.5667   59.18300 -158.24800   35.8569  126.3573    6.35400   -0.04021
 17.5750   59.43400 -158.20900   35.8712  126.3628    6.26700   -0.05001
 17.5833   59.68500 -158.17000   35.8854  126.3683    6.19200   -0.06397
 17.5917   59.93600 -158.13100   35.8995  126.3738    6.11300   -0.07208
 17.6000   60.18800 -158.09200   35.9136  126.3793    6.05300   -0.07422
 17.6083   60.43900 -158.05400   35.9276  126.3849    6.00400   -0.06889
 17.6167   60.69100 -158.01601   35.9416  126.3904    5.95400   -0.05533
 17.6250   60.94200 -157.97701   35.9554  126.3959    5.92400   -0.04251
 17.6333   61.19400 -157.94000   35.9692  126.4015    5.87800   -0.02372
 17.6417   61.44500 -157.90199   35.9829  126.4070    5.85500   -0.00885
 17.6500   61.69700 -157.86501   35.9966  126.4125    5.81900    0.00363
 17.6583   61.94900 -157.82800   36.0103  126.4180    5.77100    0.01226
 17.6667   62.20100 -157.79100   36.0238  126.4236    5.74000    0.02541
 17.6750   62.45300 -157.75200   36.0373  126.4291    5.72200    0.03168
 17.6833   62.70600 -157.71201   36.0508  126.4345    5.65300    0.02483
 17.6917   62.95900 -157.67300   36.0643  126.4401    5.57900    0.01005
 17.7000   63.21100 -157.63400   36.0776  126.4455    5.53400    0.00418
 17.7083   63.46400 -157.59599   36.0909  126.4510    5.49100    0.00317
 17.7167   63.71700 -157.55800   36.1042  126.4566    5.43000    0.01275
 17.7250   63.97000 -157.52000   36.1173  126.4621    5.41600    0.02158
 17.7333   64.22300 -157.48199   36.1305  126.4676    5.36700    0.02820
 17.7417   64.47600 -157.44501   36.1435  126.4731    5.29500    0.02096
 17.7500   64.72900 -157.40800   36.1566  126.4787    5.23100    0.01898
 17.7583   64.98200 -157.37100   36.1695  126.4842    5.19500    0.01828
 17.7667   65.23500 -157.33501   36.1824  126.4898    5.12400    0.01717
 17.7750   65.48800 -157.30000   36.1953  126.4953    5.05800    0.00735
 17.7833   65.74100 -157.26500   36.2080  126.5009    4.99400    0.00158
 17.7917   65.99500 -157.23000   36.2208  126.5065    4.93700   -0.00183
 17.8000   66.24800 -157.19600   36.2335  126.5121    4.88200   -0.00408
 17.8083   66.50100 -157.16299   36.2461  126.5177    4.82400   -0.00894
 17.8167   66.75400 -157.13000   36.2587  126.5233    4.76200   -0.02139
 17.8250   67.00700 -157.09900   36.2712  126.5290    4.68500   -0.02989
 17.8333   67.26100 -157.06700   36.2837  126.5346    4.64400   -0.03890
 17.8417   67.51500 -157.03200   36.2962  126.5402    4.58300   -0.04715
 17.8500   67.76900 -156.99800   36.3086  126.5458    4.51100   -0.05799
 17.8583   68.02200 -156.96400   36.3209  126.5514    4.46500   -0.06077
 17.8667   68.27600 -156.92999   36.3332  126.5570    4.43300   -0.04429
 17.8750   68.53000 -156.89799   36.3455  126.5626    4.42400   -0.02497
 17.8833   68.78500 -156.86600   36.3578  126.5683    4.38900   -0.00092
 17.8917   69.03900 -156.83501   36.3700  126.5739    4.37400    0.01332
 17.9000   69.29300 -156.80499   36.3821  126.5796    4.33700    0.01996
 17.9083   69.54700 -156.77499   36.3942  126.5853    4.28200    0.02004
 17.9167   69.80100 -156.74699   36.4062  126.5910    4.25100    0.01766
 17.9250   70.05500 -156.71899   36.4182  126.5967    4.21200    0.01823
 17.9333   70.30900 -156.69299   36.4302  126.6024    4.17100    0.00689
 17.9417   70.56300 -156.66701   36.4421  126.6081    4.10700   -0.01101
 17.9500   70.81700 -156.64301   36.4539  126.6139    4.04800   -0.01976
 17.9583   71.07000 -156.62000   36.4657  126.6197    4.03400   -0.02574
 17.9667   71.32400 -156.59801   36.4774  126.6255    3.97700   -0.02435
 17.9750   71.57800 -156.57800   36.4892  126.6313    3.94000   -0.02524
 17.9833   71.83200 -156.55901   36.5008  126.6371    3.92000   -0.01861
 17.9917   72.08600 -156.54201   36.5125  126.6430    3.89100   -0.00797
 18.0000   72.33900 -156.52600   36.5240  126.6488    3.87200   -0.00467
 18.0083   72.59400 -156.50500   36.5356  126.6547    3.83300   -0.00202
 18.0167   72.84800 -156.48599   36.5472  126.6605    3.80200   -0.01537
 18.0250   73.10200 -156.46800   36.5587  126.6663    3.73500   -0.02661
 18.0333   73.35700 -156.45100   36.5702  126.6722    3.70600   -0.03286
 18.0417   73.61100 -156.43700   36.5816  126.6780    3.69200   -0.03050
 18.0500   73.86500 -156.42400   36.5930  126.6839    3.65200   -0.02229
 18.0583   74.11900 -156.41299   36.6043  126.6898    3.64100   -0.00125
 18.0667   74.37300 -156.40401   36.6157  126.6958    3.66800    0.02197
 18.0750   74.62800 -156.39700   36.6270  126.7017    3.63300    0.03715
 18.0833   74.88100 -156.39200   36.6381  126.7077    3.59400    0.03238
 18.0917   75.13500 -156.39000   36.6493  126.7137    3.55800    0.02866
 18.1000   75.38900 -156.39101   36.6605  126.7197    3.52800    0.02505
 18.1083   75.64300 -156.39400   36.6716  126.7258    3.49300    0.01711
 18.1167   75.89700 -156.39999   36.6827  126.7318    3.44600    0.00370
 18.1250   76.15000 -156.41000   36.6937  126.7379    3.40100   -0.00533
 18.1333   76.40400 -156.42200   36.7047  126.7441    3.38200   -0.00882
 18.1417   76.65700 -156.43800   36.7156  126.7502    3.35400   -0.02028
 18.1500   76.91000 -156.45799   36.7265  126.7564    3.28400   -0.03260
 18.1583   77.16400 -156.48199   36.7374  126.7626    3.25900   -0.03857
 18.1667   77.41700 -156.50999   36.7483  126.7688    3.24600   -0.02656
 18.1750   77.67000 -156.53200   36.7591  126.7749    3.22800   -0.01824
 18.1833   77.92400 -156.55701   36.7700  126.7811    3.19100   -0.01473
 18.1917   78.17700 -156.58800   36.7807  126.7872    3.16300   -0.00931
 18.2000   78.43100 -156.62300   36.7915  126.7935    3.15300    0.00820
 18.2083   78.68400 -156.66299   36.8022  126.7997    3.15400    0.02757
 18.2167   78.93700 -156.70900   36.8129  126.8060    3.13400    0.04543
 18.2250   79.19000 -156.76100   36.8236  126.8123    3.11900    0.04709
 18.2333   79.44300 -156.81900   36.8342  126.8186    3.07000    0.03287
 18.2417   79.69600 -156.88400   36.8448  126.8249    3.00100    0.00652
 18.2500   79.94800 -156.95599   36.8553  126.8313    2.94800   -0.00099
 18.2583   80.20100 -157.03700   36.8658  126.8377    2.95300   -0.00353
 18.2667   80.45300 -157.12601   36.8763  126.8441    2.89600    0.00594
 18.2750   80.70500 -157.22501   36.8867  126.8506    2.87700    0.00494
 18.2833   80.95700 -157.33400   36.8971  126.8571    2.84700    0.01884
 18.2917   81.20800 -157.45399   36.9075  126.8636    2.83000    0.02437
 18.3000   81.46000 -157.58600   36.9179  126.8701    2.78000    0.02127
 18.3083   81.71100 -157.73199   36.9282  126.8767    2.72000    0.01597
 18.3167   81.96200 -157.89200   36.9384  126.8833    2.69500    0.01264
 18.3250   82.21200 -158.06799   36.9486  126.8899    2.65100    0.01143
 18.3333   82.46300 -158.26199   36.9589  126.8966    2.59800    0.00919
 18.3417   82.71400 -158.45599   36.9691  126.9032    2.56800    0.00535
 18.3500   82.96400 -158.66901   36.9793  126.9098    2.52000    0.00017
 18.3583   83.21500 -158.90500   36.9895  126.9165    2.46300   -0.00582
 18.3667   83.46500 -159.16499   36.9997  126.9231    2.43200   -0.01078
 18.3750   83.71400 -159.45300   37.0097  126.9298    2.38500   -0.00670
 18.3833   83.96300 -159.77100   37.0198  126.9366    2.35600   -0.00332
 18.3917   84.21200 -160.12500   37.0299  126.9434    2.32300   -0.00847
 18.4000   84.46000 -160.51900   37.0399  126.9502    2.25200   -0.02287
 18.4083   84.70800 -160.95700   37.0499  126.9570    2.19600   -0.03590
 18.4167   84.95500 -161.44800   37.0599  126.9639    2.17000   -0.02797
 18.4250   85.20200 -161.99800   37.0698  126.9708    2.16300   -0.01401
 18.4333   85.44700 -162.61800   37.0797  126.9777    2.12500   -0.00241
 18.4417   85.69200 -163.31799   37.0896  126.9847    2.09200   -0.00114
 18.4500   85.93500 -164.11301   37.0994  126.9917    2.05600    0.00702
 18.4583   86.17800 -165.02100   37.1092  126.9988    2.04200    0.00021
 18.4667   86.41900 -166.06400   37.1190  127.0059    1.96700    0.00014
 18.4750   86.65800 -167.27000   37.1287  127.0130    1.95400   -0.00466
 18.4833   86.89500 -168.67500   37.1385  127.0201    1.92900    0.00398
 18.4917   87.12900 -170.32600   37.1481  127.0273    1.89900   -0.00286
 18.5000   87.36000 -172.28400   37.1578  127.0346    1.84400   -0.01783
 18.5083   87.58800 -174.57600   37.1675  127.0417    1.79500   -0.03208
 18.5167   87.81200 -177.35899   37.1772  127.0489    1.76700   -0.03438
 18.5250   88.02800 -180.78500   37.1868  127.0561    1.74700   -0.02926
 18.5333   88.23500 -185.05400   37.1964  127.0633    1.72300   -0.01692
 18.5417   88.43000 -190.43900   37.2061  127.0706    1.71700   -0.00801
 18.5500   88.60500 -197.28000   37.2156  127.0780    1.69000   -0.00440
 18.5583   88.75500 -205.94000   37.2252  127.0853    1.65100   -0.00133
 18.5667   88.86800 -216.64799   37.2347  127.0927    1.64500    0.00298
 18.5750   88.93300 -229.17999   37.2441  127.1002    1.62200    0.00200
 18.5833   88.94100 -242.59599   37.2536  127.1077    1.57000    0.00179
 18.5917   88.89200 -255.49100   37.2630  127.1152    1.57100   -0.00668
 18.6000   88.79200 -266.74399   37.2724  127.1227    1.52700   -0.00293
 18.6083   88.65200 -275.94901   37.2818  127.1303    1.51500   -0.00702
 18.6167   88.48400 -283.24701   37.2911  127.1380    1.49400   -0.00607
 18.6250   88.29600 -288.98801   37.3004  127.1457    1.46500   -0.01277
 18.6333   88.09400 -293.52600   37.3097  127.1534    1.43000   -0.01836
 18.6417   87.88200 -297.15302   37.3190  127.1612    1.41200   -0.01794
 18.6500   87.66300 -300.08701   37.3282  127.1690    1.40200   -0.01513
 18.6583   87.43900 -302.49301   37.3374  127.1768    1.37500   -0.01020
 18.6667   87.21000 -304.48901   37.3465  127.1847    1.36700   -0.01095
 18.6750   86.98000 -306.22198   37.3558  127.1925    1.34200   -0.00375
 18.6833   86.74600 -307.69199   37.3650  127.2004    1.34100    0.00070
 18.6917   86.51100 -308.95001   37.3742  127.2083    1.32400    0.00189
 18.7000   86.27400 -310.03299   37.3833  127.2162    1.29000    0.00079
 18.7083   86.03600 -310.97400   37.3925  127.2242    1.28300   -0.00795
 18.7167   85.79700 -311.79501   37.4016  127.2322    1.24600   -0.00957
 18.7250   85.55800 -312.51501   37.4106  127.2403    1.23600   -0.01076
 18.7333   85.31700 -313.14999   37.4197  127.2484    1.23100    0.00177
 18.7417   85.07600 -313.71100   37.4287  127.2566    1.23400    0.00643
 18.7500   84.83500 -314.20999   37.4377  127.2648    1.20100    0.00376
 18.7583   84.59400 -314.65399   37.4467  127.2730    1.17600   -0.00391
 18.7667   84.35200 -315.04901   37.4556  127.2813    1.16500   -0.00891
 18.7750   84.11000 -315.40302   37.4645  127.2896    1.13900   -0.00793
 18.7833   83.86700 -315.72000   37.4734  127.2981    1.13100   -0.00169
 18.7917   83.62500 -316.00400   37.4823  127.3065    1.13600    0.00291
 18.8000   83.38300 -316.25800   37.4911  127.3149    1.10700    0.00112
 18.8083   83.14100 -316.48599   37.4999  127.3235    1.08100   -0.01048
 18.8167   82.89800 -316.69101   37.5087  127.3321    1.05700   -0.00591
 18.8250   82.65600 -316.87399   37.5175  127.3407    1.07400    0.00371
 18.8333   82.41400 -317.03799   37.5262  127.3493    1.06100    0.01542
 18.8417   82.17100 -317.20901   37.5350  127.3579    1.04300    0.01000
 18.8500   81.92900 -317.36200   37.5438  127.3666    1.01100    0.00047
 18.8583   81.68700 -317.49899   37.5525  127.3752    0.99000   -0.00419
 18.8667   81.44500 -317.62201   37.5612  127.3840    0.98800   -0.00429
 18.8750   81.20300 -317.73199   37.5700  127.3928    0.96900    0.00099
 18.8833   80.96100 -317.82999   37.5786  127.4016    0.96100    0.00231
 18.8917   80.71900 -317.91599   37.5873  127.4105    0.94700   -0.00477
 18.9000   80.47700 -317.99200   37.5959  127.4194    0.90400   -0.01635
 18.9083   80.23600 -318.05899   37.6045  127.4284    0.88300   -0.02252
 18.9167   79.99400 -318.11600   37.6131  127.4374    0.88500   -0.01336
 18.9250   79.75300 -318.16501   37.6217  127.4465    0.88800    0.00811
 18.9333   79.51200 -318.20599   37.6302  127.4557    0.90600    0.01482
 18.9417   79.27100 -318.23999   37.6387  127.4649    0.86400    0.01374
 18.9500   79.03000 -318.26700   37.6472  127.4741    0.84400   -0.00400
 18.9583   78.79000 -318.28699   37.6556  127.4834    0.81100   -0.00715
 18.9667   78.55000 -318.30200   37.6640  127.4927    0.81400   -0.01094
 18.9750   78.30900 -318.31100   37.6725  127.5021    0.79300   -0.00523
 18.9833   78.07000 -318.31400   37.6808  127.5116    0.79200   -0.00361
 18.9917   77.83000 -318.31299   37.6891  127.5211    0.78600   -0.00192
 19.0000   77.59000 -318.30600   37.6975  127.5307    0.76700   -0.00240
 19.0083   77.35100 -318.31100   37.7059  127.5401    0.75800   -0.00878
 19.0167   77.11200 -318.31100   37.7142  127.5497    0.73100   -0.01101
 19.0250   76.87200 -318.30701   37.7226  127.5593    0.72600   -0.01543
 19.0333   76.63300 -318.29800   37.7310  127.5689    0.71300   -0.01258
 19.0417   76.39500 -318.28500   37.7392  127.5786    0.71200   -0.01108
 19.0500   76.15600 -318.26801   37.7475  127.5884    0.70300   -0.00471
 19.0583   75.91800 -318.24799   37.7558  127.5982    0.70500    0.00085
 19.0667   75.68000 -318.22400   37.7640  127.6081    0.70000    0.00135
 19.0750   75.44200 -318.19601   37.7722  127.6180    0.67500   -0.00278
 19.0833   75.20500 -318.16599   37.7804  127.6280    0.66300   -0.00381
 19.0917   74.96700 -318.13199   37.7886  127.6380    0.66800    0.00588
 19.1000   74.73000 -318.09601   37.7967  127.6481    0.67800    0.01790
 19.1083   74.49300 -318.05701   37.8048  127.6583    0.67200    0.01795
 19.1167   74.25700 -318.01501   37.8129  127.6685    0.64200    0.01137
 19.1250   74.02000 -317.97000   37.8210  127.6788    0.63100    0.00337
 19.1333   73.78400 -317.92300   37.8290  127.6892    0.62100   -0.00345
 19.1417   73.54900 -317.87299   37.8370  127.6995    0.59300   -0.00547
 19.1500   73.31300 -317.82199   37.8450  127.7100    0.59600   -0.00376
 19.1583   73.07800 -317.76801   37.8529  127.7205    0.60000   -0.00394
 19.1667   72.84300 -317.71201   37.8608  127.7311    0.56800   -0.00362
 19.1750   72.60800 -317.66501   37.8688  127.7416    0.57500   -0.01730
 19.1833   72.37300 -317.61700   37.8769  127.7522    0.53500   -0.01154
 19.1917   72.13800 -317.56601   37.8848  127.7628    0.56200   -0.01255
 19.2000   71.90400 -317.51300   37.8928  127.7735    0.54800   -0.00920
 19.2083   71.67000 -317.45801   37.9007  127.7842    0.52100   -0.01429
 19.2167   71.43600 -317.40100   37.9086  127.7951    0.52300   -0.01640
 19.2250   71.20300 -317.34201   37.9165  127.8059    0.51900   -0.00431
 19.2333   70.96900 -317.28101   37.9243  127.8169    0.53800    0.00040
 19.2417   70.73600 -317.21899   37.9322  127.8279    0.51700    0.01192
 19.2500   70.50400 -317.15500   37.9399  127.8390    0.53300    0.01892
 19.2583   70.27100 -317.08899   37.9477  127.8501    0.53800    0.01654
 19.2667   70.03900 -317.02200   37.9555  127.8613    0.49100    0.01496
 19.2750   69.80700 -316.95300   37.9632  127.8726    0.51100    0.00146
 19.2833   69.57600 -316.88300   37.9709  127.8839    0.47800    0.00015
 19.2917   69.34500 -316.81100   37.9785  127.8953    0.46900   -0.00613
 19.3000   69.11400 -316.73700   37.9862  127.9068    0.47400   -0.00457
 19.3083   68.88300 -316.66299   37.9938  127.9183    0.46700   -0.00410
 19.3167   68.65300 -316.58701   38.0014  127.9299    0.45200   -0.01489
 19.3250   68.42300 -316.50900   38.0089  127.9416    0.41900   -0.01270
 19.3333   68.19300 -316.43100   38.0165  127.9533    0.45000   -0.00336
 19.3417   67.96300 -316.35999   38.0241  127.9650    0.45700    0.01138
 19.3500   67.73400 -316.28799   38.0317  127.9767    0.44100    0.01006
 19.3583   67.50400 -316.21500   38.0393  127.9885    0.42100    0.00887
 19.3667   67.27500 -316.14001   38.0469  128.0004    0.43000    0.00848
 19.3750   67.04600 -316.06500   38.0544  128.0123    0.41800    0.01247
 19.3833   66.81800 -315.98801   38.0619  128.0243    0.41200    0.01023
 19.3917   66.59000 -315.90900   38.0694  128.0364    0.39900    0.00487
 19.4000   66.36200 -315.82999   38.0769  128.0486    0.37400   -0.00298
 19.4083   66.13400 -315.74899   38.0843  128.0608    0.36000    0.00063
 19.4167   65.90700 -315.66699   38.0917  128.0732    0.38100    0.00006
 19.4250   65.68000 -315.58499   38.0991  128.0855    0.33900    0.00802
 19.4333   65.45400 -315.50101   38.1064  128.0979    0.34900    0.01031
 19.4417   65.22700 -315.41599   38.1138  128.1105    0.35100    0.02317
 19.4500   65.00100 -315.32999   38.1211  128.1231    0.34400    0.02228
 19.4583   64.77600 -315.24200   38.1283  128.1357    0.30900    0.01990
 19.4667   64.55000 -315.15399   38.1356  128.1485    0.30500    0.00936
 19.4750   64.32500 -315.06500   38.1428  128.1613    0.27200    0.00431
 19.4833   64.10100 -314.97501   38.1500  128.1742    0.25700   -0.00941
 19.4917   63.87700 -314.88501   38.1571  128.1871    0.22700   -0.01780
 19.5000   63.65300 -314.79300   38.1642  128.2001    0.21200   -0.02317
 19.5083   63.42800 -314.70801   38.1715  128.2132    0.20700   -0.02538
 19.5167   63.20400 -314.62201   38.1787  128.2262    0.18700   -0.02155
 19.5250   62.98100 -314.53500   38.1859  128.2393    0.19200   -0.01807
 19.5333   62.75700 -314.44800   38.1931  128.2526    0.18300   -0.01646
 19.5417   62.53400 -314.35901   38.2003  128.2659    0.15700   -0.00978
 19.5500   62.31200 -314.26999   38.2074  128.2792    0.17800   -0.00162
 19.5583   62.08900 -314.17899   38.2145  128.2927    0.17700    0.00720
 19.5667   61.86700 -314.08801   38.2215  128.3063    0.15600    0.01244
 19.5750   61.64600 -313.99500   38.2285  128.3199    0.17000    0.00983
 19.5833   61.42400 -313.90201   38.2355  128.3336    0.14400    0.01186
 19.5917   61.20300 -313.80899   38.2425  128.3473    0.13700    0.01103
 19.6000   60.98300 -313.71399   38.2494  128.3611    0.13900    0.00434
 19.6083   60.76200 -313.61801   38.2564  128.3751    0.09400    0.00157
 19.6167   60.54200 -313.52200   38.2632  128.3892    0.10100   -0.00980
 19.6250   60.32200 -313.42499   38.2701  128.4033    0.07500   -0.00700
 19.6333   60.10300 -313.32700   38.2769  128.4174    0.07800   -0.00029
 19.6417   59.88400 -313.22800   38.2837  128.4317    0.10000    0.01075
 19.6500   59.66500 -313.12900   38.2905  128.4461    0.09100    0.00641
 19.6583   59.44700 -313.02899   38.2972  128.4605    0.04300   -0.01138
 19.6667   59.22900 -312.92801   38.3039  128.4750    0.02000   -0.03063
 19.6750   59.01100 -312.83301   38.3107  128.4895    0.00600   -0.02649
 19.6833   58.79300 -312.73801   38.3176  128.5040    0.03900   -0.02471
 19.6917   58.57500 -312.64200   38.3243  128.5187    0.01100   -0.02244
 19.7000   58.35800 -312.54501   38.3311  128.5334    0.00000   -0.02425
 19.7083   58.14100 -312.44699   38.3378  128.5483    0.02300   -0.01452
 19.7167   57.92400 -312.34900   38.3445  128.5632    0.03600   -0.00144
 19.7250   57.70800 -312.24899   38.3511  128.5782    0.03900    0.00617
 19.7333   57.49200 -312.14899   38.3578  128.5933    0.04400    0.00346
 19.7417   57.27700 -312.04901   38.3643  128.6084    0.02600   -0.00237
 19.7500   57.06100 -311.94800   38.3709  128.6238    0.02500   -0.01108
 19.7583   56.84600 -311.84601   38.3775  128.6391    0.02600   -0.01236
 19.7667   56.63200 -311.74301   38.3840  128.6546    0.03500   -0.02020
 19.7750   56.41700 -311.64001   38.3905  128.6701    0.01300   -0.02148
 19.7833   56.20400 -311.53601   38.3969  128.6857    0.04000   -0.02732
 19.7917   55.99000 -311.43100   38.4033  128.7015    0.03700   -0.02247
 19.8000   55.77700 -311.32599   38.4096  128.7173    0.05400   -0.01996
 19.8083   55.56400 -311.22000   38.4160  128.7332    0.07300   -0.01023
 19.8167   55.35100 -311.11401   38.4223  128.7493    0.09600   -0.00302
 19.8250   55.13900 -311.00699   38.4286  128.7654    0.10700   -0.00315
 19.8333   54.92800 -310.89899   38.4348  128.7815    0.10500   -0.00943
 19.8417   54.71500 -310.79700   38.4412  128.7977    0.11100   -0.01194
 19.8500   54.50400 -310.69400   38.4475  128.8140    0.13900   -0.01037
 19.8583   54.29200 -310.59000   38.4539  128.8304    0.15500   -0.00623
 19.8667   54.08100 -310.48599   38.4602  128.8468    0.17400   -0.00732
 19.8750   53.87000 -310.38101   38.4664  128.8634    0.18600   -0.00918
 19.8833   53.66000 -310.27600   38.4726  128.8801    0.19900   -0.01644
 19.8917   53.45000 -310.17001   38.4788  128.8969    0.19900   -0.01873
 19.9000   53.24000 -310.06299   38.4850  128.9137    0.23000   -0.01035
 19.9083   53.03100 -309.95599   38.4911  128.9307    0.28300   -0.00417
 19.9167   52.82200 -309.84900   38.4972  128.9477    0.27800    0.00011
 19.9250   52.61300 -309.73999   38.5032  128.9649    0.30600   -0.00316
 19.9333   52.40500 -309.63101   38.5092  128.9822    0.33400    0.00210
 19.9417   52.19700 -309.52200   38.5152  128.9996    0.36300   -0.00055
 19.9500   51.98900 -309.41199   38.5212  129.0171    0.36200   -0.00907
 19.9583   51.78200 -309.30099   38.5271  129.0346    0.37100   -0.01481
 19.9667   51.57500 -309.19000   38.5330  129.0523    0.41000   -0.01299
 19.9750   51.36800 -309.07800   38.5388  129.0702    0.43900   -0.01215
 19.9833   51.16200 -308.96600   38.5446  129.0880    0.44400   -0.00709
 19.9917   50.95600 -308.85400   38.5504  129.1060    0.49700   -0.00121
 20.0000   50.75100 -308.73999   38.5561  129.1241    0.52800    0.00345
 20.0083   50.54500 -308.63199   38.5620  129.1423    0.52800    0.01163
 20.0167   50.33900 -308.52301   38.5678  129.1605    0.59600    0.01118
 20.0250   50.13400 -308.41400   38.5736  129.1788    0.59400    0.01891
 20.0333   49.92900 -308.30399   38.5794  129.1973    0.62800    0.01042
 20.0417   49.72500 -308.19299   38.5851  129.2158    0.63700    0.00741
 20.0500   49.52100 -308.08200   38.5908  129.2345    0.65600   -0.00142
 20.0583   49.31700 -307.97000   38.5965  129.2533    0.66500   -0.00670
 20.0667   49.11300 -307.85800   38.6021  129.2722    0.68600   -0.01034
 20.0750   48.91000 -307.74600   38.6077  129.2912    0.71200   -0.01116
 20.0833   48.70700 -307.63199   38.6132  129.3104    0.73200   -0.00819
 20.0917   48.50500 -307.51901   38.6188  129.3295    0.76800   -0.00667
 20.1000   48.30300 -307.40500   38.6242  129.3489    0.78700    0.00463
 20.1083   48.10100 -307.29001   38.6297  129.3684    0.84500    0.00909
 20.1167   47.90000 -307.17499   38.6350  129.3880    0.85300    0.00470
 20.1250   47.69900 -307.05899   38.6404  129.4077    0.83900   -0.00637
 20.1333   47.49800 -306.94299   38.6457  129.4275    0.87100   -0.01224
 20.1417   47.29800 -306.82700   38.6510  129.4474    0.89900   -0.00348
 20.1500   47.09800 -306.70999   38.6562  129.4675    0.94100    0.00348
 20.1583   46.89800 -306.59201   38.6614  129.4877    0.96400    0.01005
 20.1667   46.69900 -306.47400   38.6665  129.5080    0.99000    0.01226
 20.1750   46.49900 -306.36099   38.6719  129.5284    1.01300    0.01290
 20.1833   46.30000 -306.24701   38.6771  129.5488    1.02900    0.01620
 20.1917   46.10100 -306.13199   38.6823  129.5694    1.06000    0.02018
 20.2000   45.90200 -306.01700   38.6875  129.5901    1.08200    0.02449
 20.2083   45.70400 -305.90201   38.6927  129.6109    1.09600    0.02037
 20.2167   45.50600 -305.78601   38.6978  129.6319    1.09300    0.01393
 20.2250   45.30800 -305.66901   38.7028  129.6531    1.10300    0.00768
 20.2333   45.11100 -305.55200   38.7078  129.6743    1.11300    0.01200
 20.2417   44.91400 -305.43500   38.7128  129.6956    1.14800    0.01508
 20.2500   44.71800 -305.31699   38.7177  129.7171    1.15000    0.02212
 20.2583   44.52100 -305.19901   38.7226  129.7388    1.17300    0.01652
 20.2667   44.32600 -305.07999   38.7274  129.7604    1.15400    0.01336
 20.2750   44.13000 -304.96100   38.7322  129.7824    1.16300    0.00395
 20.2833   43.93500 -304.84201   38.7370  129.8043    1.16000    0.00327
 20.2917   43.74000 -304.72198   38.7417  129.8265    1.17700   -0.00427
 20.3000   43.54500 -304.60101   38.7464  129.8489    1.16000   -0.00660
 20.3083   43.35100 -304.48099   38.7510  129.8712    1.17500   -0.01110
 20.3167   43.15700 -304.35999   38.7556  129.8938    1.17900   -0.00583
 20.3250   42.96400 -304.23801   38.7601  129.9165    1.19300   -0.00389
 20.3333   42.77100 -304.11600   38.7646  129.9393    1.18500    0.00240
 20.3417   42.57700 -303.99799   38.7692  129.9623    1.19900    0.00799
 20.3500   42.38400 -303.88000   38.7738  129.9853    1.20800    0.02516
 20.3583   42.19100 -303.76099   38.7784  130.0085    1.25100    0.04246
 20.3667   41.99900 -303.64099   38.7828  130.0318    1.26800    0.06141
 20.3750   41.80700 -303.52200   38.7873  130.0552    1.28800    0.05066
 20.3833   41.61500 -303.40100   38.7917  130.0789    1.20600    0.03625
 20.3917   41.42300 -303.28101   38.7961  130.1027    1.21100    0.00425
 20.4000   41.23200 -303.16000   38.8004  130.1266    1.15800   -0.02881
 20.4083   41.04100 -303.03799   38.8046  130.1507    1.07900   -0.05688
 20.4167   40.85100 -302.91599   38.8088  130.1749    1.11200   -0.07122
 20.4250   40.66100 -302.79401   38.8130  130.1993    1.12200   -0.06637
 20.4333   40.47100 -302.67200   38.8171  130.2238    1.12800   -0.06640
 20.4417   40.28100 -302.54901   38.8212  130.2485    1.13600   -0.05098
 20.4500   40.09200 -302.42499   38.8252  130.2734    1.21200   -0.05019
 20.4583   39.90300 -302.30099   38.8291  130.2984    1.15100   -0.03625
 20.4667   39.71500 -302.17700   38.8330  130.3235    1.22700   -0.03199
 20.4750   39.52700 -302.05301   38.8369  130.3488    1.27000   -0.00091
 20.4833   39.33900 -301.92801   38.8406  130.3742    1.34400    0.01735
 20.4917   39.15100 -301.80301   38.8444  130.3999    1.37600    0.02141
 20.5000   38.96400 -301.67700   38.8481  130.4257    1.37000    0.01295
 20.5083   38.77700 -301.55499   38.8519  130.4515    1.39400   -0.00861
 20.5167   38.59000 -301.43301   38.8557  130.4776    1.37000   -0.02151
 20.5250   38.40300 -301.31000   38.8595  130.5038    1.40700   -0.03951
 20.5333   38.21600 -301.18701   38.8632  130.5302    1.41500   -0.03243
 20.5417   38.03000 -301.06299   38.8668  130.5568    1.51500   -0.03173
 20.5500   37.84400 -300.94000   38.8704  130.5835    1.52900   -0.02152
 20.5583   37.65900 -300.81500   38.8739  130.6104    1.58700   -0.02609
 20.5667   37.47300 -300.69101   38.8774  130.6375    1.61900   -0.01814
 20.5750   37.28800 -300.56500   38.8808  130.6648    1.69400   -0.03068
 20.5833   37.10400 -300.44000   38.8841  130.6921    1.66400   -0.03873
 20.5917   36.91900 -300.31400   38.8874  130.7198    1.72700   -0.04849
 20.6000   36.73500 -300.18799   38.8907  130.7476    1.80600   -0.03479
 20.6083   36.55200 -300.06201   38.8938  130.7755    1.89500   -0.02428
 20.6167   36.36900 -299.93500   38.8969  130.8036    1.95300   -0.01957
 20.6250   36.18500 -299.80801   38.9000  130.8320    2.00900   -0.01993
 20.6333   36.00300 -299.68100   38.9030  130.8604    2.07700   -0.02028
 20.6417   35.82000 -299.55301   38.9060  130.8892    2.13500   -0.01416
 20.6500   35.63800 -299.42499   38.9088  130.9181    2.22600   -0.00802
 20.6583   35.45700 -299.29599   38.9116  130.9471    2.29700    0.00325
 20.6667   35.27500 -299.16800   38.9144  130.9764    2.38600    0.00859
 20.6750   35.09400 -299.04199   38.9172  131.0057    2.45200    0.01290
 20.6833   34.91200 -298.91599   38.9201  131.0354    2.52300    0.01239
 20.6917   34.73100 -298.79001   38.9229  131.0651    2.58800    0.01522
 20.7000   34.55000 -298.66400   38.9256  131.0951    2.67000    0.00886
 20.7083   34.37000 -298.53699   38.9282  131.1253    2.69700    0.00185
 20.7167   34.19000 -298.41000   38.9308  131.1556    2.76000   -0.00273
 20.7250   34.01000 -298.28201   38.9333  131.1862    2.85600   -0.00141
 20.7333   33.83000 -298.15399   38.9358  131.2171    2.91300   -0.00429
 20.7417   33.65100 -298.02600   38.9382  131.2480    2.95700   -0.01335
 20.7500   33.47200 -297.89700   38.9404  131.2793    3.02200   -0.01484
 20.7583   33.29300 -297.76901   38.9428  131.3107    3.11600   -0.01344
 20.7667   33.11500 -297.63901   38.9449  131.3423    3.17000   -0.00848
 20.7750   32.93700 -297.51001   38.9470  131.3741    3.24600   -0.00391
 20.7833   32.75900 -297.38000   38.9490  131.4062    3.32900    0.00064
 20.7917   32.58100 -297.25000   38.9510  131.4386    3.37900    0.00918
 20.8000   32.40400 -297.12000   38.9529  131.4710    3.47200    0.02075
 20.8083   32.22700 -296.98901   38.9547  131.5038    3.56900    0.03474
 20.8167   32.05100 -296.85800   38.9564  131.5366    3.63000    0.04690
 20.8250   31.87500 -296.72699   38.9581  131.5697    3.71600    0.05385
 20.8333   31.69900 -296.59601   38.9597  131.6030    3.79100    0.04581
 20.8417   31.52300 -296.46701   38.9614  131.6366    3.77400    0.02345
 20.8500   31.34700 -296.33801   38.9631  131.6704    3.78700   -0.00437
 20.8583   31.17100 -296.20901   38.9647  131.7045    3.83500   -0.02323
 20.8667   30.99600 -296.07999   38.9663  131.7387    3.87000   -0.04037
 20.8750   30.82100 -295.95001   38.9677  131.7732    3.89600   -0.04877
 20.8833   30.64600 -295.82001   38.9691  131.8080    3.98800   -0.05098
 20.8917   30.47100 -295.69000   38.9704  131.8430    4.05400   -0.04372
 20.9000   30.29700 -295.55899   38.9716  131.8782    4.12700   -0.03343
 20.9083   30.12300 -295.42801   38.9727  131.9137    4.23500   -0.03608
 20.9167   29.95000 -295.29700   38.9737  131.9493    4.23600   -0.03009
 20.9250   29.77600 -295.16501   38.9747  131.9854    4.36400   -0.02124
 20.9333   29.60300 -295.03299   38.9755  132.0216    4.50100   -0.00244
 20.9417   29.43000 -294.90100   38.9763  132.0582    4.57000    0.00799
 20.9500   29.25800 -294.76901   38.9770  132.0948    4.66400   -0.00132
 20.9583   29.08600 -294.63599   38.9776  132.1317    4.70500   -0.00942
 20.9667   28.91400 -294.50400   38.9782  132.1690    4.78600   -0.02156
 20.9750   28.74200 -294.37000   38.9786  132.2066    4.86000   -0.02647
 20.9833   28.57100 -294.23700   38.9789  132.2442    4.94100   -0.02148
 20.9917   28.40000 -294.10400   38.9792  132.2823    5.07500   -0.01314
 21.0000   28.22900 -293.97000   38.9794  132.3206    5.17400   -0.00287
 21.0083   28.05800 -293.83899   38.9797  132.3592    5.26600    0.00588
 21.0167   27.88700 -293.70700   38.9799  132.3981    5.38800    0.01224
 21.0250   27.71700 -293.57501   38.9800  132.4371    5.46800    0.02254
 21.0333   27.54700 -293.44299   38.9800  132.4765    5.57700    0.02382
 21.0417   27.37700 -293.31100   38.9800  132.5162    5.65200    0.01885
 21.0500   27.20700 -293.17801   38.9798  132.5563    5.69700    0.01608
 21.0583   27.03800 -293.04599   38.9796  132.5964    5.82500    0.00806
 21.0667   26.86800 -292.91199   38.9792  132.6372    5.87300    0.01366
 21.0750   26.70000 -292.77899   38.9787  132.6779    5.99900    0.00782
 21.0833   26.53100 -292.64499   38.9781  132.7191    6.06000   -0.00611
 21.0917   26.36300 -292.51199   38.9775  132.7605    6.06300   -0.01424
 21.1000   26.19500 -292.37799   38.9767  132.8022    6.22000   -0.02690
 21.1083   26.02700 -292.24301   38.9758  132.8443    6.25600   -0.02597
 21.1167   25.85900 -292.10901   38.9749  132.8868    6.33300   -0.03307
 21.1250   25.69200 -291.97400   38.9738  132.9294    6.44100   -0.02335
 21.1333   25.52500 -291.83899   38.9725  132.9724    6.58000   -0.01935
 21.1417   25.35800 -291.70401   38.9713  133.0158    6.62800   -0.00704
 21.1500   25.19200 -291.56799   38.9698  133.0594    6.79300   -0.00630
 21.1583   25.02500 -291.43301   38.9683  133.1035    6.86600    0.00574
 21.1667   24.86000 -291.29700   38.9666  133.1475    6.99100    0.00149
 21.1750   24.69300 -291.16299   38.9651  133.1924    7.06900    0.00460
 21.1833   24.52700 -291.03000   38.9635  133.2374    7.19200   -0.01100
 21.1917   24.36200 -290.89600   38.9617  133.2825    7.21100   -0.02547
 21.2000   24.19600 -290.76199   38.9599  133.3283    7.29600   -0.02777
 21.2083   24.03100 -290.62701   38.9578  133.3743    7.50200   -0.02758
 21.2167   23.86600 -290.49200   38.9557  133.4206    7.54200   -0.02428
 21.2250   23.70200 -290.35800   38.9535  133.4671    7.65800   -0.02373
 21.2333   23.53700 -290.22198   38.9510  133.5144    7.85100   -0.01446
 21.2417   23.37300 -290.08701   38.9486  133.5617    7.95300   -0.00923
 21.2500   23.20900 -289.95099   38.9459  133.6096    8.04500   -0.01432
 21.2583   23.04600 -289.81601   38.9432  133.6575    8.18100   -0.02031
 21.2667   22.88200 -289.67999   38.9403  133.7062    8.28700   -0.03718
 21.2750   22.71900 -289.54300   38.9372  133.7550    8.33200   -0.03965
 21.2833   22.55600 -289.40701   38.9341  133.8043    8.58100   -0.03918
 21.2917   22.39300 -289.27100   38.9308  133.8540    8.72100   -0.02706
 21.3000   22.23100 -289.13400   38.9273  133.9039    8.85100   -0.03106
 21.3083   22.06900 -288.99701   38.9237  133.9542    9.00700   -0.03525
 21.3167   21.90700 -288.85999   38.9200  134.0050    9.15600   -0.05176
 21.3250   21.74500 -288.72198   38.9161  134.0563    9.22700   -0.06250
 21.3333   21.58300 -288.58499   38.9122  134.1080    9.42400   -0.05930
 21.3417   21.42200 -288.45001   38.9083  134.1599    9.66900   -0.03659
 21.3500   21.26000 -288.31400   38.9042  134.2125    9.86600   -0.01383
 21.3583   21.09900 -288.17801   38.8999  134.2653   10.08000   -0.00065
 21.3667   20.93800 -288.04199   38.8956  134.3186   10.27100    0.00172
 21.3750   20.77700 -287.90601   38.8911  134.3723   10.39800    0.00723
 21.3833   20.61700 -287.76999   38.8864  134.4263   10.62900    0.01132
 21.3917   20.45700 -287.63300   38.8815  134.4808   10.81800    0.05351
 21.4000   20.29700 -287.49600   38.8764  134.5358   11.20700    0.04302
 21.4083   20.13700 -287.35901   38.8713  134.5912   11.09900    0.02671
 21.4167   19.97700 -287.22198   38.8660  134.6472   11.25600   -0.01208
 21.4250   19.81800 -287.08499   38.8605  134.7034   11.50200   -0.00874
 21.4333   19.65900 -286.94699   38.8547  134.7602   11.67900   -0.00871
 21.4417   19.50000 -286.80899   38.8488  134.8174   11.81000   -0.02268
 21.4500   19.34100 -286.67200   38.8429  134.8752   11.95400   -0.03856
 21.4583   19.18200 -286.53400   38.8367  134.9335   12.12100   -0.03823
 21.4667   19.02400 -286.39499   38.8302  134.9921   12.37400   -0.04212
 21.4750   18.86600 -286.25699   38.8236  135.0511   12.49800   -0.02989
 21.4833   18.70800 -286.11899   38.8169  135.1108   12.76400   -0.02944
 21.4917   18.55000 -285.98001   38.8099  135.1710   12.94300   -0.00788
 21.5000   18.39300 -285.84100   38.8027  135.2314   13.21900   -0.00304
 21.5083   18.23500 -285.70499   38.7958  135.2926   13.39000   -0.00307
 21.5167   18.07800 -285.56799   38.7884  135.3541   13.53300   -0.01840
 21.5250   17.92100 -285.42999   38.7809  135.4162   13.71500   -0.01946
 21.5333   17.76400 -285.29300   38.7732  135.4789   13.99900   -0.00414
 21.5417   17.60700 -285.15500   38.7653  135.5421   14.27800    0.00766
 21.5500   17.45100 -285.01700   38.7571  135.6056   14.44200   -0.00670
 21.5583   17.29500 -284.88000   38.7488  135.6697   14.54600   -0.01144
 21.5667   17.13900 -284.74100   38.7402  135.7344   14.90300   -0.03693
 21.5750   16.98300 -284.60300   38.7314  135.7997   14.93400   -0.03280
 21.5833   16.82700 -284.46500   38.7225  135.8656   15.26600   -0.05290
 21.5917   16.67200 -284.32599   38.7132  135.9318   15.45300   -0.03376
 21.6000   16.51600 -284.18799   38.7039  135.9989   15.78200   -0.04013
 21.6083   16.36100 -284.04901   38.6942  136.0664   15.93400   -0.03209
 21.6167   16.20600 -283.91000   38.6842  136.1344   16.23500   -0.03594
 21.6250   16.05200 -283.77100   38.6741  136.2027   16.47100   -0.03500
 21.6333   15.89700 -283.63199   38.6637  136.2721   16.66100   -0.02438
 21.6417   15.74300 -283.49200   38.6530  136.3418   17.04000    0.00418
 21.6500   15.58900 -283.35300   38.6421  136.4120   17.41300    0.03088
 21.6583   15.43500 -283.21301   38.6309  136.4830   17.59700    0.03998
 21.6667   15.28100 -283.07401   38.6196  136.5546   17.83700    0.04159
 21.6750   15.12700 -282.93600   38.6082  136.6269   18.14900    0.03628
 21.6833   14.97400 -282.79800   38.5965  136.6994   18.26600    0.03797
 21.6917   14.82000 -282.65900   38.5845  136.7731   18.56900    0.03112
 21.7000   14.66700 -282.52100   38.5723  136.8470   18.81800    0.03598
 21.7083   14.51400 -282.38199   38.5597  136.9216   19.03200    0.02477
 21.7167   14.36100 -282.24399   38.5470  136.9970   19.20100    0.01245
 21.7250   14.20900 -282.10501   38.5339  137.0726   19.43600    0.00132
 21.7333   14.05600 -281.96600   38.5205  137.1494   19.64700   -0.00851
 21.7417   13.90400 -281.82700   38.5069  137.2265   19.81600   -0.03559
 21.7500   13.75200 -281.68799   38.4929  137.3043   19.91400   -0.04946
 21.7583   13.60000 -281.54800   38.4785  137.3828   20.23800   -0.03295
 21.7667   13.44800 -281.40900   38.4640  137.4622   20.65400   -0.01553
 21.7750   13.29600 -281.26901   38.4491  137.5422   20.76300   -0.00467
 21.7833   13.14500 -281.13000   38.4339  137.6225   21.03300   -0.02073
 21.7917   12.99400 -280.98999   38.4183  137.7036   21.23500   -0.02082
 21.8000   12.84200 -280.85001   38.4025  137.7861   21.48100   -0.02178
 21.8083   12.69200 -280.70999   38.3862  137.8682   21.75400   -0.01973
 21.8167   12.54100 -280.57001   38.3697  137.9516   21.98700   -0.00957
 21.8250   12.39000 -280.42999   38.3528  138.0359   22.31100    0.00675
 21.8333   12.24000 -280.29001   38.3356  138.1204   22.65300    0.00059
 21.8417   12.08900 -280.15100   38.3182  138.2062   22.70900    0.00170
 21.8500   11.93900 -280.01199   38.3004  138.2924   23.09300   -0.01374
 21.8583   11.78900 -279.87399   38.2825  138.3793   23.28800   -0.00284
 21.8667   11.63900 -279.73401   38.2639  138.4670   23.57100   -0.00377
 21.8750   11.48900 -279.59500   38.2450  138.5556   23.86100   -0.00103
 21.8833   11.34000 -279.45599   38.2258  138.6445   24.09900   -0.00800
 21.8917   11.19000 -279.31699   38.2063  138.7348   24.30300   -0.00577
 21.9000   11.04100 -279.17700   38.1862  138.8253   24.67900   -0.00517
 21.9083   10.89200 -279.03699   38.1657  138.9168   24.90000   -0.00673
 21.9167   10.74300 -278.89801   38.1449  139.0090   25.08200   -0.00383
 21.9250   10.59400 -278.75800   38.1236  139.1022   25.50400   -0.01557
 21.9333   10.44500 -278.61801   38.1019  139.1962   25.60300   -0.00487
 21.9417   10.29700 -278.47800   38.0798  139.2905   25.97900   -0.01654
 21.9500   10.14900 -278.33899   38.0574  139.3856   26.19200    0.00164
 21.9583   10.00000 -278.19901   38.0344  139.4823   26.54600    0.00211
 21.9667    9.85200 -278.05801   38.0109  139.5792   26.77300    0.01319
 21.9750    9.70400 -277.91800   37.9870  139.6770   27.08600    0.00946
 21.9833    9.55600 -277.77802   37.9627  139.7758   27.31800    0.01250
 21.9917    9.40900 -277.63800   37.9379  139.8748   27.60700    0.01766
 22.0000    9.26100 -277.49799   37.9127  139.9754   27.94900    0.02544
 22.0083    9.11400 -277.35901   37.8871  140.0762   28.20100    0.00157
 22.0167    8.96600 -277.22000   37.8611  140.1786   28.21500   -0.02197
 22.0250    8.81900 -277.07999   37.8344  140.2813   28.55500   -0.04324
 22.0333    8.67200 -276.94101   37.8075  140.3849   28.83700   -0.03291
 22.0417    8.52600 -276.80200   37.7800  140.4887   29.14600   -0.03232
 22.0500    8.37900 -276.66199   37.7518  140.5942   29.39900   -0.01657
 22.0583    8.23200 -276.52301   37.7233  140.7006   29.82700   -0.01868
 22.0667    8.08600 -276.38300   37.6940  140.8073   29.98100   -0.00918
 22.0750    7.94000 -276.24301   37.6643  140.9149   30.36500   -0.01616
 22.0833    7.79300 -276.10400   37.6341  141.0242   30.57900   -0.01235
 22.0917    7.64700 -275.96399   37.6032  141.1337   30.87000   -0.01994
 22.1000    7.50100 -275.82401   37.5718  141.2442   31.19500   -0.02079
 22.1083    7.35500 -275.68399   37.5398  141.3557   31.47100    0.00175
 22.1167    7.21000 -275.54501   37.5075  141.4673   31.97800   -0.01029
 22.1250    7.06400 -275.40500   37.4743  141.5807   32.01300   -0.00563
 22.1333    6.91900 -275.26501   37.4405  141.6943   32.50200   -0.01297
 22.1417    6.77300 -275.12500   37.4061  141.8097   32.90400    0.00000

