hmax        =    300
wind_bottom =      2
wind_top    =     10
critlon     =      0
tbeg, h     =   0.00
tend, h     =  24.00
c_ionex     =      0
c_vert      =      1
time, gamma, az, latp, lonp, tec, tec_filtered
  7.3000   21.21900  -76.93200   38.3803  119.7505   43.49100    0.00000
  7.3083   21.36300  -76.75400   38.3930  119.7976   43.15200    0.00239
  7.3167   21.50600  -76.57500   38.4057  119.8440   42.81500   -0.00034
  7.3250   21.65000  -76.39700   38.4180  119.8905   42.42900    0.01197
  7.3333   21.79500  -76.21800   38.4303  119.9369   42.14200    0.00262
  7.3417   21.93800  -76.03800   38.4425  119.9824   41.70700   -0.00909
  7.3500   22.08200  -75.85800   38.4545  120.0279   41.30300   -0.02549
  7.3583   22.22600  -75.67800   38.4663  120.0731   41.00300   -0.02160
  7.3667   22.37000  -75.49700   38.4780  120.1181   40.73100   -0.00472
  7.3750   22.51500  -75.31700   38.4894  120.1629   40.42200   -0.02302
  7.3833   22.65900  -75.13700   38.5007  120.2072   39.87500   -0.03293
  7.3917   22.80400  -74.95700   38.5117  120.2515   39.64500   -0.03626
  7.4000   22.94800  -74.77600   38.5227  120.2952   39.39000   -0.01179
  7.4083   23.09300  -74.59600   38.5335  120.3389   39.04000   -0.00222
  7.4167   23.23800  -74.41600   38.5440  120.3822   38.73200   -0.00799
  7.4250   23.38300  -74.23500   38.5545  120.4253   38.39700    0.00133
  7.4333   23.52800  -74.05500   38.5647  120.4681   38.15100   -0.01303
  7.4417   23.67300  -73.87500   38.5747  120.5106   37.70200   -0.03743
  7.4500   23.81800  -73.69500   38.5846  120.5528   37.30600   -0.07349
  7.4583   23.96400  -73.51500   38.5943  120.5951   36.98700   -0.08016
  7.4667   24.11000  -73.33500   38.6039  120.6370   36.73100   -0.05753
  7.4750   24.25500  -73.15500   38.6133  120.6784   36.51800   -0.01205
  7.4833   24.40100  -72.97500   38.6225  120.7197   36.33600    0.02846
  7.4917   24.54700  -72.79500   38.6316  120.7608   36.03800    0.05290
  7.5000   24.69400  -72.61500   38.6405  120.8019   35.72200    0.05349
  7.5083   24.83900  -72.43300   38.6495  120.8422   35.39400    0.04322
  7.5167   24.98500  -72.25100   38.6583  120.8825   35.02100    0.04185
  7.5250   25.13100  -72.06900   38.6669  120.9226   34.75700    0.04687
  7.5333   25.27700  -71.88700   38.6755  120.9624   34.47100    0.04958
  7.5417   25.42400  -71.70500   38.6838  121.0022   34.09900    0.03553
  7.5500   25.57000  -71.52300   38.6920  121.0415   33.73400    0.01694
  7.5583   25.71700  -71.34100   38.7001  121.0808   33.41300    0.00754
  7.5667   25.86300  -71.15900   38.7080  121.1196   33.07700    0.00458
  7.5750   26.01000  -70.97700   38.7158  121.1583   32.74700   -0.00249
  7.5833   26.15700  -70.79500   38.7234  121.1969   32.40100   -0.02194
  7.5917   26.30500  -70.61300   38.7309  121.2354   32.00400   -0.04240
  7.6000   26.45200  -70.43100   38.7383  121.2734   31.68400   -0.05841
  7.6083   26.59900  -70.24900   38.7455  121.3112   31.38200   -0.05350
  7.6167   26.74700  -70.06700   38.7526  121.3489   31.12300   -0.07047
  7.6250   26.89500  -69.88600   38.7594  121.3864   30.68400   -0.08063
  7.6333   27.04300  -69.70400   38.7662  121.4237   30.42800   -0.10148
  7.6417   27.19100  -69.52200   38.7729  121.4607   30.11400   -0.07929
  7.6500   27.34000  -69.34100   38.7794  121.4977   29.92900   -0.06846
  7.6583   27.48800  -69.15900   38.7858  121.5343   29.61300   -0.04406
  7.6667   27.63700  -68.97800   38.7920  121.5708   29.37700   -0.01861
  7.6750   27.78500  -68.79400   38.7983  121.6070   29.19800    0.02376
  7.6833   27.93300  -68.61100   38.8045  121.6429   28.98000    0.07065
  7.6917   28.08200  -68.42700   38.8106  121.6788   28.77100    0.08498
  7.7000   28.23000  -68.24300   38.8166  121.7143   28.40800    0.07771
  7.7083   28.37900  -68.05900   38.8224  121.7498   28.07800    0.05933
  7.7167   28.52800  -67.87600   38.8280  121.7850   27.81900    0.05383
  7.7250   28.67700  -67.69200   38.8336  121.8200   27.54700    0.04252
  7.7333   28.82600  -67.50800   38.8391  121.8548   27.19100    0.01307
  7.7417   28.97600  -67.32500   38.8444  121.8896   26.84000   -0.02987
  7.7500   29.12500  -67.14100   38.8496  121.9240   26.49500   -0.06019
  7.7583   29.27500  -66.95800   38.8547  121.9583   26.20500   -0.08433
  7.7667   29.42500  -66.77400   38.8597  121.9925   25.88500   -0.09710
  7.7750   29.57500  -66.59100   38.8645  122.0264   25.59700   -0.10002
  7.7833   29.72600  -66.40700   38.8692  122.0603   25.36700   -0.08678
  7.7917   29.87600  -66.22400   38.8739  122.0938   25.14300   -0.05666
  7.8000   30.02700  -66.04100   38.8783  122.1273   24.95400   -0.02773
  7.8083   30.17800  -65.85700   38.8827  122.1606   24.72100   -0.00664
  7.8167   30.32900  -65.67400   38.8870  122.1936   24.46000    0.00013
  7.8250   30.48100  -65.49100   38.8911  122.2267   24.20800   -0.00806
  7.8333   30.63200  -65.30800   38.8951  122.2593   23.91100    0.00192
  7.8417   30.78300  -65.12300   38.8992  122.2918   23.75700    0.00950
  7.8500   30.93400  -64.93700   38.9033  122.3242   23.50200    0.02298
  7.8583   31.08600  -64.75100   38.9072  122.3566   23.24400    0.02353
  7.8667   31.23700  -64.56600   38.9110  122.3885   23.02800    0.01472
  7.8750   31.38900  -64.38000   38.9147  122.4204   22.72400    0.00674
  7.8833   31.54000  -64.19500   38.9183  122.4520   22.46700   -0.00120
  7.8917   31.69300  -64.00900   38.9218  122.4837   22.25000    0.00211
  7.9000   31.84500  -63.82400   38.9252  122.5151   22.00300   -0.00348
  7.9083   31.99700  -63.63800   38.9285  122.5463   21.70500   -0.01299
  7.9167   32.15000  -63.45300   38.9316  122.5774   21.47400   -0.02204
  7.9250   32.30300  -63.26800   38.9347  122.6083   21.23700   -0.02773
  7.9333   32.45600  -63.08200   38.9377  122.6391   20.96600   -0.03271
  7.9417   32.60900  -62.89700   38.9405  122.6697   20.74800   -0.04421
  7.9500   32.76300  -62.71200   38.9432  122.7002   20.48800   -0.05110
  7.9583   32.91600  -62.52700   38.9459  122.7305   20.25500   -0.05458
  7.9667   33.07000  -62.34200   38.9485  122.7606   20.07500   -0.07012
  7.9750   33.22500  -62.15700   38.9509  122.7908   19.78100   -0.08072
  7.9833   33.37900  -61.97200   38.9533  122.8206   19.60100   -0.10616
  7.9917   33.53400  -61.78700   38.9555  122.8504   19.37600   -0.11112
  8.0000   33.68900  -61.60200   38.9577  122.8800   19.21800   -0.11460
  8.0083   33.84300  -61.41500   38.9599  122.9094   19.07800   -0.11914
  8.0167   33.99700  -61.22700   38.9621  122.9386   18.88400   -0.14065
  8.0250   34.15100  -61.03900   38.9643  122.9677   18.67500   -0.16069
  8.0333   34.30600  -60.85100   38.9663  122.9967   18.57300   -0.16050
  8.0417   34.46100  -60.66400   38.9681  123.0255   18.50100   -0.14309
  8.0500   34.61600  -60.47600   38.9700  123.0542   18.39500   -0.11059
  8.0583   34.77100  -60.28800   38.9717  123.0827   18.38200   -0.08591
  8.0667   34.92700  -60.10100   38.9733  123.1112   18.28000   -0.04489
  8.0750   35.08300  -59.91300   38.9749  123.1395   18.25900   -0.00443
  8.0833   35.23900  -59.72600   38.9763  123.1676   18.23400    0.05948
  8.0917   35.39500  -59.53800   38.9777  123.1956   18.22800    0.11543
  8.1000   35.55200  -59.35100   38.9789  123.2236   18.14500    0.16289
  8.1083   35.70800  -59.16300   38.9801  123.2512   18.05900    0.19339
  8.1167   35.86500  -58.97600   38.9812  123.2788   17.94700    0.22553
  8.1250   36.02300  -58.78900   38.9821  123.3064   17.83700    0.24696
  8.1333   36.18000  -58.60200   38.9830  123.3337   17.66200    0.25736
  8.1417   36.33800  -58.41400   38.9839  123.3610   17.45900    0.25913
  8.1500   36.49600  -58.22700   38.9846  123.3881   17.27100    0.23693
  8.1583   36.65400  -58.04000   38.9852  123.4150   16.94400    0.20194
  8.1667   36.81300  -57.85300   38.9858  123.4419   16.64600    0.15246
  8.1750   36.97000  -57.66300   38.9865  123.4685   16.35900    0.11071
  8.1833   37.12800  -57.47300   38.9871  123.4950   16.04100    0.06028
  8.1917   37.28600  -57.28200   38.9876  123.5215   15.68300   -0.00265
  8.2000   37.44400  -57.09200   38.9881  123.5478   15.33100   -0.05832
  8.2083   37.60300  -56.90200   38.9884  123.5740   15.04900   -0.10084
  8.2167   37.76100  -56.71100   38.9887  123.6000   14.76100   -0.14805
  8.2250   37.92000  -56.52100   38.9889  123.6259   14.40300   -0.19268
  8.2333   38.08000  -56.33100   38.9890  123.6518   14.15700   -0.23153
  8.2417   38.23900  -56.14100   38.9890  123.6775   13.93100   -0.24464
  8.2500   38.39900  -55.95000   38.9890  123.7031   13.73400   -0.26519
  8.2583   38.55900  -55.76000   38.9889  123.7286   13.50500   -0.27987
  8.2667   38.71900  -55.57000   38.9887  123.7539   13.35800   -0.27758
  8.2750   38.88000  -55.38000   38.9884  123.7791   13.28900   -0.25241
  8.2833   39.04100  -55.19000   38.9880  123.8043   13.21500   -0.22693
  8.2917   39.20200  -55.00000   38.9875  123.8292   13.11600   -0.20444
  8.3000   39.36300  -54.80900   38.9871  123.8541   13.07400   -0.17043
  8.3083   39.52500  -54.61900   38.9864  123.8789   13.08600   -0.12758
  8.3167   39.68700  -54.42900   38.9857  123.9035   13.05500   -0.07357
  8.3250   39.84900  -54.23900   38.9850  123.9280   13.08200   -0.01184
  8.3333   40.01100  -54.04900   38.9842  123.9524   13.13100    0.05967
  8.3417   40.17300  -53.85600   38.9835  123.9767   13.14000    0.11670
  8.3500   40.33400  -53.66200   38.9827  124.0009   13.09400    0.16830
  8.3583   40.49600  -53.46800   38.9819  124.0250   13.10000    0.21158
  8.3667   40.65800  -53.27500   38.9810  124.0489   13.04500    0.25096
  8.3750   40.82100  -53.08100   38.9800  124.0728   12.95100    0.27013
  8.3833   40.98400  -52.88700   38.9789  124.0966   12.84400    0.27909
  8.3917   41.14700  -52.69300   38.9778  124.1202   12.71500    0.26994
  8.4000   41.31000  -52.50000   38.9766  124.1437   12.51500    0.23182
  8.4083   41.47300  -52.30600   38.9754  124.1671   12.25500    0.17824
  8.4167   41.63700  -52.11200   38.9740  124.1904   12.03500    0.12037
  8.4250   41.80100  -51.91800   38.9726  124.2136   11.79400    0.05113
  8.4333   41.96600  -51.72400   38.9711  124.2367   11.47000   -0.01796
  8.4417   42.13000  -51.53000   38.9696  124.2597   11.24200   -0.09118
  8.4500   42.29500  -51.33600   38.9680  124.2826   10.98200   -0.13414
  8.4583   42.46000  -51.14200   38.9663  124.3053   10.79200   -0.18279
  8.4667   42.62600  -50.94800   38.9645  124.3280   10.55400   -0.21086
  8.4750   42.79200  -50.75400   38.9626  124.3506   10.39700   -0.23181
  8.4833   42.95800  -50.56000   38.9607  124.3731   10.25900   -0.23705
  8.4917   43.12400  -50.36600   38.9588  124.3954   10.11400   -0.23216
  8.5000   43.29100  -50.17200   38.9567  124.4177   10.02900   -0.21909
  8.5083   43.45600  -49.97400   38.9548  124.4398    9.95300   -0.19280
  8.5167   43.62200  -49.77600   38.9529  124.4619    9.88900   -0.15450
  8.5250   43.78800  -49.57800   38.9508  124.4838    9.87700   -0.09959
  8.5333   43.95400  -49.37900   38.9488  124.5057    9.88900   -0.03361
  8.5417   44.12100  -49.18100   38.9466  124.5275    9.88100    0.02152
  8.5500   44.28800  -48.98200   38.9444  124.5491    9.83600    0.07865
  8.5583   44.45500  -48.78400   38.9421  124.5707    9.86000    0.12240
  8.5667   44.62200  -48.58500   38.9398  124.5921    9.79900    0.15781
  8.5750   44.79000  -48.38600   38.9374  124.6135    9.71700    0.17613
  8.5833   44.95800  -48.18700   38.9349  124.6348    9.67000    0.17067
  8.5917   45.12700  -47.98800   38.9323  124.6560    9.51400    0.15125
  8.6000   45.29500  -47.78900   38.9297  124.6770    9.37400    0.11096
  8.6083   45.46400  -47.59000   38.9271  124.6980    9.23800    0.06507
  8.6167   45.63300  -47.39100   38.9243  124.7188    9.05300    0.02580
  8.6250   45.80300  -47.19100   38.9215  124.7397    8.93500   -0.02706
  8.6333   45.97300  -46.99200   38.9186  124.7604    8.74600   -0.07552
  8.6417   46.14300  -46.79200   38.9157  124.7810    8.57800   -0.12454
  8.6500   46.31300  -46.59300   38.9128  124.8014    8.45700   -0.14856
  8.6583   46.48400  -46.39300   38.9097  124.8218    8.36700   -0.14383
  8.6667   46.65500  -46.19300   38.9066  124.8421    8.31300   -0.13707
  8.6750   46.82400  -45.98900   38.9037  124.8623    8.20400   -0.12949
  8.6833   46.99400  -45.78400   38.9007  124.8825    8.12300   -0.11322
  8.6917   47.16500  -45.57900   38.8976  124.9026    8.11300   -0.07784
  8.7000   47.33500  -45.37400   38.8945  124.9225    8.08900   -0.02055
  8.7083   47.50600  -45.16900   38.8913  124.9424    8.09900    0.02571
  8.7167   47.67700  -44.96400   38.8881  124.9622    8.05200    0.05735
  8.7250   47.84900  -44.75900   38.8847  124.9819    7.97500    0.07772
  8.7333   48.02100  -44.55300   38.8814  125.0015    7.94700    0.08318
  8.7417   48.19300  -44.34700   38.8780  125.0210    7.84400    0.08890
  8.7500   48.36500  -44.14100   38.8745  125.0404    7.76700    0.08998
  8.7583   48.53800  -43.93500   38.8709  125.0597    7.71600    0.08920
  8.7667   48.71100  -43.72800   38.8674  125.0790    7.59800    0.08443
  8.7750   48.88400  -43.52200   38.8637  125.0981    7.49400    0.06716
  8.7833   49.05800  -43.31500   38.8600  125.1172    7.38100    0.04971
  8.7917   49.23200  -43.10800   38.8562  125.1362    7.24500    0.03012
  8.8000   49.40600  -42.90100   38.8524  125.1550    7.11700    0.01975
  8.8083   49.58000  -42.69300   38.8486  125.1738    7.02800    0.01732
  8.8167   49.75500  -42.48500   38.8446  125.1926    6.91400    0.02797
  8.8250   49.93000  -42.27700   38.8407  125.2112    6.83400    0.02260
  8.8333   50.10500  -42.06900   38.8366  125.2297    6.68200    0.00477
  8.8417   50.27900  -41.85600   38.8327  125.2481    6.52300   -0.02178
  8.8500   50.45400  -41.64200   38.8288  125.2666    6.41300   -0.03904
  8.8583   50.62800  -41.42900   38.8248  125.2849    6.30300   -0.05356
  8.8667   50.80300  -41.21400   38.8208  125.3032    6.16400   -0.07250
  8.8750   50.97800  -41.00000   38.8167  125.3213    6.04700   -0.08554
  8.8833   51.15400  -40.78500   38.8125  125.3394    5.96700   -0.09405
  8.8917   51.33000  -40.57000   38.8083  125.3574    5.85100   -0.08566
  8.9000   51.50600  -40.35400   38.8040  125.3753    5.80200   -0.07755
  8.9083   51.68200  -40.13800   38.7997  125.3931    5.72400   -0.05620
  8.9167   51.85900  -39.92200   38.7953  125.4108    5.66100   -0.03703
  8.9250   52.03600  -39.70500   38.7909  125.4285    5.60800   -0.00743
  8.9333   52.21300  -39.48800   38.7865  125.4461    5.57400    0.01828
  8.9417   52.39100  -39.27000   38.7819  125.4636    5.50400    0.03781
  8.9500   52.56900  -39.05200   38.7774  125.4810    5.43400    0.03891
  8.9583   52.74700  -38.83400   38.7728  125.4983    5.34000    0.03619
  8.9667   52.92500  -38.61500   38.7681  125.5155    5.26200    0.03113
  8.9750   53.10400  -38.39600   38.7634  125.5327    5.19200    0.02984
  8.9833   53.28300  -38.17700   38.7586  125.5497    5.11700    0.01337
  8.9917   53.46300  -37.95700   38.7537  125.5668    4.98900   -0.01241
  9.0000   53.64200  -37.73600   38.7489  125.5836    4.88600   -0.04097
  9.0083   53.82000  -37.51000   38.7442  125.6005    4.80200   -0.04499
  9.0167   53.99900  -37.28400   38.7394  125.6174    4.76000   -0.05158
  9.0250   54.17700  -37.05600   38.7346  125.6341    4.64500   -0.04930
  9.0333   54.35600  -36.82800   38.7298  125.6508    4.59100   -0.04963
  9.0417   54.53600  -36.60000   38.7248  125.6674    4.54000   -0.03092
  9.0500   54.71500  -36.37100   38.7199  125.6838    4.49400   -0.01143
  9.0583   54.89500  -36.14100   38.7149  125.7003    4.44300    0.01060
  9.0667   55.07500  -35.91100   38.7098  125.7166    4.40100    0.02108
  9.0750   55.25600  -35.68000   38.7047  125.7329    4.31700    0.02941
  9.0833   55.43700  -35.44900   38.6995  125.7491    4.26300    0.02591
  9.0917   55.61800  -35.21700   38.6943  125.7652    4.18400    0.02420
  9.1000   55.79900  -34.98400   38.6891  125.7812    4.10800    0.01927
  9.1083   55.98100  -34.75000   38.6838  125.7972    4.04700    0.01063
  9.1167   56.16200  -34.51600   38.6785  125.8131    3.95900   -0.00299
  9.1250   56.34500  -34.28100   38.6731  125.8289    3.87300   -0.01676
  9.1333   56.52700  -34.04600   38.6677  125.8446    3.81400   -0.02756
  9.1417   56.71000  -33.80900   38.6622  125.8603    3.73900   -0.03296
  9.1500   56.89300  -33.57200   38.6567  125.8759    3.67000   -0.04156
  9.1583   57.07600  -33.33400   38.6511  125.8914    3.60000   -0.05035
  9.1667   57.25900  -33.09600   38.6455  125.9068    3.52500   -0.05564
  9.1750   57.44100  -32.85000   38.6400  125.9222    3.47100   -0.04903
  9.1833   57.62300  -32.60400   38.6345  125.9376    3.44300   -0.03556
  9.1917   57.80600  -32.35700   38.6290  125.9529    3.39200   -0.00652
  9.2000   57.98800  -32.10900   38.6234  125.9681    3.39400    0.01378
  9.2083   58.17100  -31.86000   38.6177  125.9832    3.33700    0.03457
  9.2167   58.35500  -31.61000   38.6120  125.9983    3.28800    0.03389
  9.2250   58.53800  -31.35900   38.6063  126.0133    3.21400    0.03548
  9.2333   58.72200  -31.10700   38.6005  126.0282    3.16400    0.03726
  9.2417   58.90600  -30.85300   38.5947  126.0431    3.11800    0.03919
  9.2500   59.09000  -30.59900   38.5889  126.0578    3.04700    0.03009
  9.2583   59.27400  -30.34400   38.5830  126.0725    2.96100    0.01802
  9.2667   59.45900  -30.08700   38.5770  126.0872    2.90500    0.01350
  9.2750   59.64400  -29.83000   38.5710  126.1017    2.85800    0.00615
  9.2833   59.82900  -29.57100   38.5650  126.1162    2.75900   -0.00603
  9.2917   60.01500  -29.31100   38.5589  126.1306    2.68300   -0.02471
  9.3000   60.20000  -29.04900   38.5528  126.1450    2.61300   -0.03711
  9.3083   60.38600  -28.78700   38.5467  126.1592    2.53900   -0.03622
  9.3167   60.57200  -28.52300   38.5405  126.1734    2.51400   -0.03569
  9.3250   60.75800  -28.25800   38.5343  126.1875    2.44700   -0.03546
  9.3333   60.94500  -27.99100   38.5280  126.2016    2.37800   -0.03547
  9.3417   61.13000  -27.71700   38.5218  126.2157    2.35800   -0.04321
  9.3500   61.31500  -27.44100   38.5157  126.2297    2.27600   -0.04394
  9.3583   61.50000  -27.16400   38.5094  126.2437    2.23700   -0.05728
  9.3667   61.68500  -26.88500   38.5032  126.2575    2.18400   -0.05765
  9.3750   61.87100  -26.60400   38.4969  126.2714    2.15400   -0.06012
  9.3833   62.05600  -26.32200   38.4906  126.2851    2.12100   -0.05019
  9.3917   62.24200  -26.03800   38.4842  126.2988    2.11900   -0.04926
  9.4000   62.42900  -25.75200   38.4777  126.3124    2.06400   -0.03852
  9.4083   62.61500  -25.46400   38.4713  126.3259    2.06800   -0.04063
  9.4167   62.80100  -25.17500   38.4648  126.3394    2.02700   -0.01637
  9.4250   62.98800  -24.88400   38.4583  126.3528    2.06300   -0.01435
  9.4333   63.17500  -24.59100   38.4517  126.3661    1.99700    0.00201
  9.4417   63.36200  -24.29500   38.4451  126.3794    2.00600    0.00322
  9.4500   63.54900  -23.99800   38.4384  126.3926    1.99700    0.02543
  9.4583   63.73700  -23.69900   38.4317  126.4058    2.00000    0.03372
  9.4667   63.92400  -23.39800   38.4250  126.4188    1.96400    0.03516
  9.4750   64.11200  -23.09400   38.4182  126.4318    1.92800    0.03138
  9.4833   64.29900  -22.78800   38.4115  126.4447    1.91400    0.02863
  9.4917   64.48700  -22.48000   38.4046  126.4576    1.87900    0.02119
  9.5000   64.67500  -22.17000   38.3977  126.4704    1.83000    0.01720
  9.5083   64.86100  -21.85000   38.3910  126.4832    1.82500    0.01090
  9.5167   65.04700  -21.52800   38.3842  126.4960    1.78200    0.01354
  9.5250   65.23300  -21.20200   38.3774  126.5087    1.76000   -0.00333
  9.5333   65.42000  -20.87500   38.3705  126.5214    1.69100   -0.00658
  9.5417   65.60600  -20.54400   38.3636  126.5340    1.69100   -0.02707
  9.5500   65.79300  -20.21100   38.3566  126.5465    1.61400   -0.03020
  9.5583   65.97900  -19.87500   38.3497  126.5590    1.60500   -0.03892
  9.5667   66.16600  -19.53500   38.3427  126.5714    1.59200   -0.03245
  9.5750   66.35200  -19.19300   38.3357  126.5837    1.56800   -0.02727
  9.5833   66.53900  -18.84700   38.3286  126.5960    1.55800   -0.03278
  9.5917   66.72600  -18.49900   38.3214  126.6082    1.51200   -0.03407
  9.6000   66.91300  -18.14700   38.3143  126.6203    1.50300   -0.03681
  9.6083   67.09900  -17.79100   38.3071  126.6324    1.48900   -0.02780
  9.6167   67.28600  -17.43200   38.2999  126.6445    1.48400   -0.01650
  9.6250   67.47300  -17.06900   38.2926  126.6564    1.48400   -0.00225
  9.6333   67.66000  -16.70300   38.2853  126.6683    1.48200    0.01819
  9.6417   67.84600  -16.33300   38.2780  126.6801    1.49600    0.02918
  9.6500   68.03300  -15.95900   38.2706  126.6919    1.46600    0.03505
  9.6583   68.22000  -15.58100   38.2632  126.7036    1.44600    0.03489
  9.6667   68.40600  -15.19900   38.2558  126.7153    1.43900    0.03025
  9.6750   68.59000  -14.80500   38.2485  126.7270    1.39400    0.03040
  9.6833   68.77400  -14.40700   38.2412  126.7386    1.38900    0.02426
  9.6917   68.95800  -14.00400   38.2338  126.7502    1.36200    0.02492
  9.7000   69.14200  -13.59600   38.2263  126.7617    1.33500    0.01526
  9.7083   69.32600  -13.18300   38.2189  126.7732    1.29200    0.00576
  9.7167   69.51000  -12.76600   38.2114  126.7846    1.26000    0.00195
  9.7250   69.69300  -12.34300   38.2039  126.7960    1.24700    0.00333
  9.7333   69.87600  -11.91500   38.1963  126.8073    1.21800    0.00381
  9.7417   70.05900  -11.48200   38.1887  126.8185    1.18200    0.00017
  9.7500   70.24200  -11.04300   38.1811  126.8297    1.15500    0.00257
  9.7583   70.42500  -10.59900   38.1734  126.8408    1.14600    0.00668
  9.7667   70.60700  -10.14800   38.1657  126.8519    1.11500    0.00028
  9.7750   70.78900   -9.69200   38.1580  126.8629    1.05600   -0.01093
  9.7833   70.97100   -9.22900   38.1502  126.8738    1.03000   -0.02176
  9.7917   71.15200   -8.76000   38.1425  126.8847    1.00200   -0.01806
  9.8000   71.33300   -8.28400   38.1346  126.8955    0.98900   -0.01425
  9.8083   71.51400   -7.80200   38.1268  126.9063    0.96400   -0.00751
  9.8167   71.69400   -7.31200   38.1189  126.9170    0.94400   -0.00572
  9.8250   71.87400   -6.81600   38.1110  126.9276    0.91500    0.00157
  9.8333   72.05300   -6.31200   38.1030  126.9382    0.90700    0.00724
  9.8417   72.23000   -5.79200   38.0952  126.9489    0.88000    0.01708
  9.8500   72.40600   -5.26500   38.0873  126.9595    0.86200    0.01404
  9.8583   72.58100   -4.72900   38.0794  126.9701    0.81300    0.02019
  9.8667   72.75600   -4.18500   38.0714  126.9806    0.81600    0.01444
  9.8750   72.93000   -3.63200   38.0635  126.9910    0.76200    0.01625
  9.8833   73.10400   -3.07100   38.0554  127.0014    0.73800    0.01077
  9.8917   73.27600   -2.50000   38.0474  127.0118    0.71900    0.00876
  9.9000   73.44900   -1.92000   38.0393  127.0220    0.67700    0.00218
  9.9083   73.62000   -1.33100   38.0312  127.0323    0.64000   -0.00735
  9.9167   73.79100   -0.73100   38.0231  127.0425    0.61200   -0.01703
  9.9250   73.96100   -0.12100   38.0149  127.0526    0.57100   -0.02899
  9.9333   74.13000    0.49900   38.0067  127.0627    0.53000   -0.03721
  9.9417   74.29800    1.13000   37.9985  127.0727    0.51900   -0.04513
  9.9500   74.46500    1.77200   37.9902  127.0826    0.48200   -0.03850
  9.9583   74.63100    2.42600   37.9819  127.0925    0.48800   -0.03528
  9.9667   74.79700    3.09100   37.9735  127.1024    0.46800   -0.02816
  9.9750   74.96100    3.76900   37.9652  127.1122    0.44600   -0.02646
  9.9833   75.12400    4.45800   37.9568  127.1219    0.43700   -0.02595
  9.9917   75.28500    5.16100   37.9484  127.1316    0.41400   -0.02058
 10.0000   75.44600    5.87600   37.9399  127.1413    0.40900   -0.00264
 10.0083   75.60200    6.61300   37.9316  127.1510    0.44200    0.01433
 10.0167   75.75700    7.36300   37.9232  127.1607    0.42100    0.02601
 10.0250   75.91100    8.12800   37.9147  127.1703    0.40300    0.01715
 10.0333   76.06300    8.90700   37.9063  127.1799    0.37600    0.01444
 10.0417   76.21300    9.70000   37.8978  127.1894    0.37700    0.01088
 10.0500   76.36200   10.50900   37.8893  127.1989    0.36100    0.00345
 10.0583   76.50900   11.33300   37.8808  127.2083    0.32600   -0.01582
 10.0667   76.65400   12.17300   37.8722  127.2176    0.29200   -0.03114
 10.0750   76.79800   13.02900   37.8635  127.2270    0.29100   -0.03859
 10.0833   76.93900   13.90200   37.8549  127.2362    0.28100   -0.03539
 10.0917   77.07900   14.79200   37.8462  127.2455    0.27800   -0.03541
 10.1000   77.21600   15.69800   37.8375  127.2546    0.26300   -0.03395
 10.1083   77.35100   16.62300   37.8288  127.2638    0.25600   -0.02026
 10.1167   77.48400   17.56400   37.8200  127.2728    0.29300    0.00007
 10.1250   77.61500   18.52400   37.8112  127.2818    0.30000    0.02054
 10.1333   77.74300   19.50200   37.8024  127.2908    0.29400    0.02072
 10.1417   77.86800   20.49900   37.7935  127.2998    0.26900    0.02788
 10.1500   77.99100   21.51500   37.7846  127.3086    0.29900    0.02725
 10.1583   78.11100   22.54900   37.7757  127.3175    0.27100    0.02489
 10.1667   78.22800   23.60200   37.7668  127.3263    0.24100    0.00845
 10.1750   78.33900   24.68000   37.7579  127.3352    0.22800    0.00368
 10.1833   78.44700   25.77700   37.7490  127.3440    0.23600    0.00403
 10.1917   78.55200   26.89200   37.7401  127.3527    0.22200    0.00766
 10.2000   78.65300   28.02700   37.7311  127.3615    0.21600    0.00693
 10.2083   78.75100   29.18000   37.7221  127.3702    0.20600    0.00195
 10.2167   78.84600   30.35200   37.7131  127.3788    0.17600   -0.00541
 10.2250   78.93700   31.54300   37.7040  127.3874    0.16200   -0.00578
 10.2333   79.02400   32.75200   37.6950  127.3960    0.17100   -0.00699
 10.2417   79.10700   33.97900   37.6858  127.4045    0.13700    0.00055
 10.2500   79.18700   35.22400   37.6767  127.4129    0.14900    0.00373
 10.2583   79.26200   36.48600   37.6675  127.4213    0.14800    0.00820
 10.2667   79.33300   37.76400   37.6583  127.4297    0.11900    0.00402
 10.2750   79.40000   39.05900   37.6490  127.4380    0.10600   -0.00249
 10.2833   79.46200   40.36900   37.6398  127.4463    0.09700    0.00124
 10.2917   79.52000   41.69400   37.6305  127.4546    0.09900   -0.00147
 10.3000   79.57400   43.03200   37.6211  127.4627    0.06800   -0.00798
 10.3083   79.62200   44.38400   37.6118  127.4709    0.05100   -0.01678
 10.3167   79.66600   45.74800   37.6024  127.4790    0.04900   -0.02349
 10.3250   79.70500   47.12300   37.5929  127.4871    0.02700   -0.01998
 10.3333   79.74000   48.50800   37.5835  127.4951    0.04300   -0.01962
 10.3417   79.76600   49.90100   37.5741  127.5032    0.03400   -0.01316
 10.3500   79.78700   51.30000   37.5647  127.5113    0.03400   -0.01969
 10.3583   79.80300   52.70500   37.5552  127.5193    0.01400   -0.02910
 10.3667   79.81400   54.11500   37.5457  127.5273    0.00000   -0.03266
 10.3750   79.82000   55.52900   37.5362  127.5352    0.01900   -0.02782
 10.3833   79.82100   56.94500   37.5267  127.5431    0.02800   -0.02194
 10.3917   79.81600   58.36100   37.5171  127.5510    0.02100   -0.02035
 10.4000   79.80700   59.77700   37.5075  127.5588    0.03000   -0.01554
 10.4083   79.79200   61.19100   37.4978  127.5666    0.05100   -0.00992
 10.4167   79.77200   62.60100   37.4882  127.5744    0.04700    0.00213
 10.4250   79.74700   64.00700   37.4785  127.5821    0.07700    0.00721
 10.4333   79.71700   65.40700   37.4687  127.5897    0.07600    0.00961
 10.4417   79.68100   66.80100   37.4589  127.5974    0.06700    0.00591
 10.4500   79.64100   68.18600   37.4491  127.6050    0.08000    0.00904
 10.4583   79.59500   69.56100   37.4393  127.6125    0.10300    0.01232
 10.4667   79.54500   70.92600   37.4294  127.6200    0.09400    0.00912
 10.4750   79.48900   72.27900   37.4195  127.6275    0.08800    0.00394
 10.4833   79.42900   73.62000   37.4096  127.6349    0.10400   -0.00029
 10.4917   79.36400   74.94700   37.3996  127.6423    0.09600   -0.00100
 10.5000   79.29400   76.26000   37.3896  127.6497    0.10000   -0.00737
 10.5083   79.21700   77.54900   37.3797  127.6571    0.09600   -0.00076
 10.5167   79.13500   78.82200   37.3697  127.6646    0.12700   -0.00530
 10.5250   79.04900   80.07900   37.3597  127.6719    0.09600    0.00578
 10.5333   78.95900   81.31800   37.3497  127.6792    0.14200    0.00305
 10.5417   78.86400   82.54000   37.3396  127.6866    0.13200    0.00967
 10.5500   78.76500   83.74400   37.3295  127.6939    0.13100    0.00217
 10.5583   78.66300   84.92900   37.3194  127.7010    0.13500   -0.00777
 10.5667   78.55600   86.09500   37.3092  127.7082    0.11900   -0.00975
 10.5750   78.44500   87.24200   37.2990  127.7154    0.14300   -0.01756
 10.5833   78.33100   88.37000   37.2888  127.7225    0.13000   -0.02026
 10.5917   78.21300   89.47900   37.2785  127.7296    0.13300   -0.02750
 10.6000   78.09100   90.56900   37.2682  127.7367    0.14400   -0.02052
 10.6083   77.96600   91.63900   37.2578  127.7437    0.17800   -0.01279
 10.6167   77.83800   92.68900   37.2474  127.7507    0.18100   -0.00302
 10.6250   77.70600   93.72100   37.2370  127.7576    0.19900   -0.00098
 10.6333   77.57100   94.73300   37.2266  127.7646    0.20700    0.00077
 10.6417   77.43300   95.72600   37.2161  127.7714    0.21000   -0.00199
 10.6500   77.29200   96.70000   37.2056  127.7783    0.21400   -0.00022
 10.6583   77.14800   97.65600   37.1950  127.7851    0.23500    0.01039
 10.6667   77.00100   98.59300   37.1845  127.7919    0.26600    0.01821
 10.6750   76.84900   99.50200   37.1739  127.7989    0.26200    0.03067
 10.6833   76.69600  100.39400   37.1633  127.8056    0.29800    0.02350
 10.6917   76.53900  101.26800   37.1527  127.8125    0.26800    0.02220
 10.7000   76.38000  102.12500   37.1421  127.8193    0.28100    0.01234
 10.7083   76.21900  102.96500   37.1314  127.8260    0.28800    0.00940
 10.7167   76.05600  103.78800   37.1207  127.8327    0.27800   -0.00186
 10.7250   75.89000  104.59600   37.1099  127.8394    0.26500   -0.00964
 10.7333   75.72200  105.38700   37.0991  127.8461    0.28300   -0.01199
 10.7417   75.55200  106.16200   37.0883  127.8527    0.28900   -0.00956
 10.7500   75.38000  106.92300   37.0774  127.8593    0.28900   -0.01028
 10.7583   75.20600  107.66800   37.0665  127.8659    0.29800   -0.00447
 10.7667   75.03000  108.39900   37.0556  127.8725    0.32400   -0.00204
 10.7750   74.85200  109.11500   37.0446  127.8790    0.31700   -0.00778
 10.7833   74.67200  109.81700   37.0336  127.8855    0.30300   -0.01485
 10.7917   74.49100  110.50600   37.0225  127.8919    0.32900   -0.01740
 10.8000   74.30800  111.18100   37.0114  127.8984    0.33900   -0.02222
 10.8083   74.12300  111.84300   37.0003  127.9048    0.32400   -0.03123
 10.8167   73.93700  112.49200   36.9891  127.9112    0.34300   -0.03890
 10.8250   73.74900  113.12900   36.9779  127.9175    0.36200   -0.03505
 10.8333   73.56000  113.75400   36.9667  127.9239    0.38600   -0.03334
 10.8417   73.36800  114.35900   36.9554  127.9303    0.40200   -0.02994
 10.8500   73.17500  114.95300   36.9442  127.9367    0.42900   -0.02827
 10.8583   72.98100  115.53600   36.9329  127.9430    0.44900   -0.02530
 10.8667   72.78500  116.10800   36.9216  127.9494    0.47100   -0.02339
 10.8750   72.58900  116.67000   36.9102  127.9556    0.49600   -0.01165
 10.8833   72.39000  117.22200   36.8988  127.9620    0.54800    0.00334
 10.8917   72.19100  117.76400   36.8873  127.9682    0.58100    0.01564
 10.9000   71.99100  118.29600   36.8758  127.9744    0.60000    0.02053
 10.9083   71.78900  118.81800   36.8643  127.9807    0.63200    0.02483
 10.9167   71.58700  119.33200   36.8527  127.9868    0.66600    0.02919
 10.9250   71.38300  119.83600   36.8410  127.9930    0.68600    0.02379
 10.9333   71.17900  120.33200   36.8294  127.9991    0.68700    0.01429
 10.9417   70.97300  120.81900   36.8177  128.0053    0.70700    0.00112
 10.9500   70.76600  121.29800   36.8059  128.0114    0.71600   -0.00738
 10.9583   70.55900  121.76900   36.7941  128.0175    0.73200   -0.01845
 10.9667   70.35000  122.23200   36.7822  128.0235    0.74200   -0.02090
 10.9750   70.14100  122.68700   36.7704  128.0296    0.77500   -0.01512
 10.9833   69.93100  123.13400   36.7584  128.0356    0.81500    0.00111
 10.9917   69.72000  123.57400   36.7465  128.0416    0.85800    0.00419
 11.0000   69.50800  124.00700   36.7344  128.0476    0.84900    0.00357
 11.0083   69.29500  124.42700   36.7224  128.0536    0.87600   -0.00244
 11.0167   69.08100  124.84100   36.7104  128.0596    0.90200    0.00264
 11.0250   68.86700  125.24800   36.6983  128.0656    0.93000    0.00443
 11.0333   68.65200  125.64900   36.6862  128.0716    0.94900    0.00327
 11.0417   68.43600  126.04400   36.6740  128.0776    0.96700   -0.00329
 11.0500   68.21900  126.43200   36.6618  128.0836    0.97900   -0.00517
 11.0583   68.00200  126.81500   36.6495  128.0895    1.01300   -0.00184
 11.0667   67.78400  127.19200   36.6371  128.0954    1.04700    0.00183
 11.0750   67.56500  127.56400   36.6247  128.1014    1.05800   -0.00003
 11.0833   67.34600  127.93000   36.6123  128.1073    1.07500   -0.00308
 11.0917   67.12700  128.29100   36.5999  128.1131    1.10600   -0.00314
 11.1000   66.90600  128.64700   36.5873  128.1190    1.13000   -0.00213
 11.1083   66.68600  128.99699   36.5748  128.1248    1.15200   -0.00366
 11.1167   66.46400  129.34300   36.5621  128.1306    1.17800   -0.00905
 11.1250   66.24200  129.68401   36.5494  128.1364    1.19000   -0.01472
 11.1333   66.02000  130.01900   36.5367  128.1422    1.21200   -0.01712
 11.1417   65.79700  130.35100   36.5239  128.1480    1.24700   -0.01709
 11.1500   65.57400  130.67700   36.5111  128.1538    1.26600   -0.01305
 11.1583   65.35000  130.99899   36.4982  128.1595    1.30100   -0.01297
 11.1667   65.12500  131.31700   36.4853  128.1653    1.32400   -0.00427
 11.1750   64.90000  131.62601   36.4723  128.1711    1.37400    0.00435
 11.1833   64.67500  131.93100   36.4594  128.1769    1.41100    0.01934
 11.1917   64.44900  132.23300   36.4463  128.1827    1.45800    0.01631
 11.2000   64.22300  132.53000   36.4333  128.1885    1.45000    0.01048
 11.2083   63.99600  132.82401   36.4201  128.1942    1.47800   -0.00532
 11.2167   63.76900  133.11400   36.4069  128.2000    1.49200   -0.01221
 11.2250   63.54200  133.39999   36.3936  128.2057    1.51300   -0.01484
 11.2333   63.31400  133.68300   36.3803  128.2114    1.55500   -0.01729
 11.2417   63.08600  133.96300   36.3669  128.2171    1.57100   -0.01022
 11.2500   62.85700  134.23900   36.3535  128.2229    1.62500   -0.00303
 11.2583   62.62900  134.51100   36.3400  128.2285    1.66800    0.01026
 11.2667   62.39900  134.78101   36.3264  128.2343    1.70400    0.01221
 11.2750   62.17000  135.04700   36.3128  128.2399    1.72000    0.00424
 11.2833   61.94000  135.31000   36.2991  128.2456    1.73200   -0.00506
 11.2917   61.71000  135.56900   36.2854  128.2513    1.76500   -0.01511
 11.3000   61.47900  135.82600   36.2716  128.2570    1.78300   -0.02245
 11.3083   61.24900  136.08000   36.2578  128.2626    1.80700   -0.01812
 11.3167   61.01800  136.33099   36.2439  128.2682    1.88100   -0.01767
 11.3250   60.78600  136.57899   36.2298  128.2739    1.88600   -0.01243
 11.3333   60.55500  136.82401   36.2158  128.2795    1.92500   -0.01188
 11.3417   60.32300  137.06300   36.2018  128.2852    1.98200   -0.00202
 11.3500   60.09100  137.29900   36.1877  128.2910    2.01600    0.00406
 11.3583   59.85800  137.53300   36.1734  128.2967    2.04300    0.00314
 11.3667   59.62600  137.76500   36.1592  128.3023    2.07900    0.00851
 11.3750   59.39300  137.99400   36.1449  128.3080    2.13800    0.01291
 11.3833   59.16000  138.22099   36.1305  128.3137    2.16300    0.01374
 11.3917   58.92700  138.44501   36.1160  128.3194    2.18800    0.00635
 11.4000   58.69300  138.66701   36.1015  128.3251    2.21800    0.00073
 11.4083   58.46000  138.88699   36.0869  128.3307    2.25200   -0.00480
 11.4167   58.22600  139.10400   36.0723  128.3364    2.27900   -0.01378
 11.4250   57.99200  139.31900   36.0575  128.3421    2.30000   -0.01487
 11.4333   57.75800  139.53200   36.0427  128.3477    2.36100   -0.01347
 11.4417   57.52300  139.74300   36.0278  128.3534    2.39700   -0.01008
 11.4500   57.28800  139.95100   36.0128  128.3591    2.42700   -0.01814
 11.4583   57.05400  140.15800   35.9978  128.3647    2.44800   -0.02342
 11.4667   56.81800  140.36200   35.9827  128.3705    2.49500   -0.02759
 11.4750   56.58300  140.56400   35.9675  128.3762    2.53000   -0.01683
 11.4833   56.34800  140.76401   35.9523  128.3818    2.60800   -0.00984
 11.4917   56.11200  140.96300   35.9369  128.3875    2.64700   -0.00227
 11.5000   55.87700  141.15900   35.9215  128.3932    2.68900   -0.00587
 11.5083   55.64100  141.35100   35.9061  128.3990    2.73200   -0.00989
 11.5167   55.40500  141.54100   35.8905  128.4048    2.77100   -0.01063
 11.5250   55.17000  141.73000   35.8750  128.4104    2.82500   -0.01529
 11.5333   54.93400  141.91701   35.8593  128.4162    2.85500   -0.01393
 11.5417   54.69800  142.10201   35.8435  128.4220    2.91700   -0.01723
 11.5500   54.46100  142.28500   35.8276  128.4278    2.95700   -0.01216
 11.5583   54.22500  142.46700   35.8117  128.4335    3.01800    0.00045
 11.5667   53.98800  142.64700   35.7956  128.4394    3.10400    0.01256
 11.5750   53.75200  142.82500   35.7796  128.4451    3.14000    0.02125
 11.5833   53.51500  143.00200   35.7634  128.4510    3.18600    0.02166
 11.5917   53.27800  143.17700   35.7471  128.4568    3.24300    0.01830
 11.6000   53.04100  143.35100   35.7307  128.4626    3.26500    0.02096
 11.6083   52.80400  143.52299   35.7142  128.4684    3.33300    0.01451
 11.6167   52.56700  143.69299   35.6977  128.4743    3.35800    0.01713
 11.6250   52.33000  143.86200   35.6810  128.4801    3.41500    0.01076
 11.6333   52.09200  144.02901   35.6642  128.4861    3.45200   -0.00166
 11.6417   51.85500  144.19501   35.6474  128.4919    3.45500   -0.01054
 11.6500   51.61800  144.35899   35.6305  128.4978    3.52100   -0.01877
 11.6583   51.38000  144.52200   35.6134  128.5037    3.55700   -0.01549
 11.6667   51.14200  144.68300   35.5963  128.5097    3.59900   -0.01891
 11.6750   50.90500  144.84200   35.5791  128.5156    3.64000   -0.01776
 11.6833   50.66800  144.99899   35.5619  128.5216    3.69400   -0.01399
 11.6917   50.43000  145.15500   35.5444  128.5276    3.74800   -0.00323
 11.7000   50.19300  145.30901   35.5270  128.5337    3.81900    0.00565
 11.7083   49.95500  145.46300   35.5094  128.5397    3.86700    0.01430
 11.7167   49.71800  145.61501   35.4917  128.5457    3.92100    0.00631
 11.7250   49.48000  145.76500   35.4739  128.5518    3.93200   -0.00021
 11.7333   49.24200  145.91499   35.4559  128.5579    3.98900   -0.01465
 11.7417   49.00500  146.06300   35.4380  128.5640    4.01600   -0.01783
 11.7500   48.76700  146.21001   35.4198  128.5702    4.07100   -0.02043
 11.7583   48.52900  146.35600   35.4016  128.5763    4.13200   -0.01196
 11.7667   48.29100  146.50000   35.3832  128.5826    4.20300   -0.00489
 11.7750   48.05300  146.64301   35.3647  128.5888    4.25200   -0.00161
 11.7833   47.81500  146.78500   35.3461  128.5950    4.29900   -0.00744
 11.7917   47.57700  146.92599   35.3274  128.6013    4.33500   -0.00656
 11.8000   47.33900  147.06599   35.3086  128.6075    4.41100   -0.00301
 11.8083   47.10100  147.20500   35.2896  128.6138    4.47200   -0.00107
 11.8167   46.86300  147.34200   35.2705  128.6202    4.50800   -0.00316
 11.8250   46.62500  147.47800   35.2514  128.6265    4.57400   -0.00807
 11.8333   46.38700  147.61301   35.2320  128.6329    4.62600   -0.01191
 11.8417   46.14900  147.74600   35.2126  128.6394    4.66700   -0.02192
 11.8500   45.91200  147.87801   35.1931  128.6458    4.70900   -0.01801
 11.8583   45.67400  148.00900   35.1735  128.6523    4.81600   -0.01573
 11.8667   45.43700  148.13901   35.1537  128.6588    4.85100   -0.01346
 11.8750   45.19900  148.26801   35.1337  128.6654    4.89700   -0.01417
 11.8833   44.96200  148.39600   35.1137  128.6720    4.99500   -0.00041
 11.8917   44.72400  148.52299   35.0935  128.6786    5.09200    0.00492
 11.9000   44.48600  148.64900   35.0731  128.6853    5.10500    0.00318
 11.9083   44.24900  148.77400   35.0527  128.6919    5.17600   -0.00407
 11.9167   44.01100  148.89799   35.0320  128.6987    5.25200   -0.00141
 11.9250   43.77400  149.02100   35.0113  128.7054    5.30700   -0.00719
 11.9333   43.53600  149.14301   34.9904  128.7122    5.34600   -0.01139
 11.9417   43.29900  149.26401   34.9693  128.7190    5.42700   -0.00757
 11.9500   43.06100  149.38300   34.9481  128.7260    5.51500   -0.00180
 11.9583   42.82400  149.50200   34.9268  128.7329    5.56200    0.00765
 11.9667   42.58600  149.62000   34.9052  128.7399    5.66000    0.00821
 11.9750   42.34900  149.73700   34.8836  128.7469    5.70700    0.01107
 11.9833   42.11100  149.85400   34.8617  128.7539    5.76000    0.01223
 11.9917   41.87400  149.96899   34.8397  128.7610    5.84700    0.01326
 12.0000   41.63700  150.08299   34.8176  128.7681    5.89100    0.01639
 12.0083   41.40000  150.19600   34.7953  128.7753    5.94900    0.01416
 12.0167   41.16300  150.30800   34.7728  128.7826    6.01100    0.01503
 12.0250   40.92700  150.41901   34.7503  128.7898    6.06800    0.01811
 12.0333   40.69000  150.52901   34.7275  128.7972    6.13200    0.02710
 12.0417   40.45400  150.63901   34.7045  128.8045    6.21600    0.02855
 12.0500   40.21700  150.74699   34.6814  128.8120    6.23700    0.02182
 12.0583   39.98100  150.85500   34.6581  128.8194    6.26800    0.00814
 12.0667   39.74500  150.96201   34.6347  128.8269    6.32400   -0.00544
 12.0750   39.50800  151.06799   34.6109  128.8345    6.35000   -0.01701
 12.0833   39.27200  151.17300   34.5871  128.8422    6.39300   -0.02859
 12.0917   39.03600  151.27800   34.5630  128.8498    6.45500   -0.03240
 12.1000   38.80000  151.38100   34.5388  128.8576    6.51900   -0.04353
 12.1083   38.56300  151.48399   34.5143  128.8654    6.53300   -0.05420
 12.1167   38.32700  151.58600   34.4896  128.8733    6.59800   -0.05933
 12.1250   38.09100  151.68700   34.4648  128.8812    6.68800   -0.04857
 12.1333   37.85500  151.78700   34.4397  128.8893    6.77800   -0.03730
 12.1417   37.62000  151.88600   34.4146  128.8973    6.85000   -0.02075
 12.1500   37.38400  151.98500   34.3891  128.9054    6.97100   -0.01211
 12.1583   37.14800  152.08299   34.3634  128.9137    7.02900    0.00884
 12.1667   36.91300  152.17900   34.3376  128.9219    7.16200    0.01190
 12.1750   36.67800  152.27600   34.3115  128.9302    7.20500    0.01831
 12.1833   36.44300  152.37100   34.2852  128.9386    7.28200    0.01336
 12.1917   36.20800  152.46600   34.2587  128.9471    7.37100    0.01190
 12.2000   35.97400  152.56000   34.2320  128.9555    7.43500    0.01246
 12.2083   35.73900  152.65300   34.2050  128.9641    7.52500    0.00872
 12.2167   35.50500  152.74500   34.1779  128.9728    7.58900    0.00775
 12.2250   35.27000  152.83701   34.1504  128.9816    7.66300   -0.00092
 12.2333   35.03600  152.92799   34.1228  128.9904    7.71100   -0.00691
 12.2417   34.80200  153.01801   34.0949  128.9993    7.78400   -0.00776
 12.2500   34.56700  153.10800   34.0666  129.0082    7.87500   -0.00350
 12.2583   34.33300  153.19600   34.0382  129.0174    7.94300    0.01781
 12.2667   34.09900  153.28400   34.0095  129.0265    8.09300    0.02424
 12.2750   33.86500  153.37100   33.9805  129.0358    8.11000    0.03067
 12.2833   33.63200  153.45799   33.9514  129.0450    8.17800    0.02140
 12.2917   33.39800  153.54300   33.9219  129.0545    8.25000    0.01926
 12.3000   33.16400  153.62801   33.8921  129.0641    8.30500    0.01465
 12.3083   32.93100  153.71300   33.8621  129.0736    8.36400    0.00872
 12.3167   32.69800  153.79601   33.8318  129.0833    8.43400   -0.00001
 12.3250   32.46400  153.87900   33.8011  129.0932    8.47300   -0.01235
 12.3333   32.23100  153.96100   33.7703  129.1031    8.50700   -0.02606
 12.3417   31.99900  154.04201   33.7392  129.1130    8.56600   -0.03197
 12.3500   31.76700  154.12300   33.7078  129.1231    8.64300   -0.02786
 12.3583   31.53500  154.20399   33.6761  129.1331    8.73200   -0.02319
 12.3667   31.30300  154.28400   33.6441  129.1434    8.79700   -0.01179
 12.3750   31.07100  154.36301   33.6117  129.1537    8.91800    0.00153
 12.3833   30.83900  154.44099   33.5790  129.1642    9.02500    0.01076
 12.3917   30.60700  154.51900   33.5460  129.1748    9.07500   -0.00180
 12.4000   30.37600  154.59599   33.5127  129.1854    9.08200   -0.02848
 12.4083   30.14400  154.67200   33.4790  129.1963    9.11800   -0.04256
 12.4167   29.91300  154.74699   33.4451  129.2072    9.24100   -0.03524
 12.4250   29.68200  154.82201   33.4108  129.2183    9.36900   -0.02478
 12.4333   29.45100  154.89700   33.3761  129.2294    9.42500   -0.01760
 12.4417   29.22000  154.97000   33.3410  129.2407    9.53100   -0.00433
 12.4500   28.98900  155.04300   33.3056  129.2521    9.69400    0.01147
 12.4583   28.75800  155.11501   33.2698  129.2637    9.76000    0.02083
 12.4667   28.52800  155.18700   33.2337  129.2753    9.82700    0.01143
 12.4750   28.29700  155.25700   33.1971  129.2873    9.88400    0.01262
 12.4833   28.06700  155.32700   33.1602  129.2992   10.01200    0.01861
 12.4917   27.83700  155.39700   33.1229  129.3113   10.10900    0.02331
 12.5000   27.60700  155.46500   33.0852  129.3236   10.15600    0.02059
 12.5083   27.37800  155.53400   33.0472  129.3358   10.23400    0.02030
 12.5167   27.14900  155.60201   33.0088  129.3482   10.33700    0.02735
 12.5250   26.92000  155.67000   32.9699  129.3608   10.41700    0.02302
 12.5333   26.69100  155.73700   32.9306  129.3735   10.42200    0.02381
 12.5417   26.46200  155.80299   32.8908  129.3864   10.54300    0.02700
 12.5500   26.23400  155.86900   32.8507  129.3994   10.63600    0.03355
 12.5583   26.00600  155.93401   32.8101  129.4125   10.66000    0.02574
 12.5667   25.77700  155.99800   32.7689  129.4260   10.69600    0.01130
 12.5750   25.54900  156.06200   32.7274  129.4395   10.74200    0.00056
 12.5833   25.32100  156.12500   32.6854  129.4531   10.78600   -0.00391
 12.5917   25.09400  156.18700   32.6431  129.4670   10.85800   -0.01427
 12.6000   24.86600  156.24899   32.6000  129.4810   10.86600   -0.01683
 12.6083   24.63800  156.31000   32.5565  129.4953   10.95300   -0.02618
 12.6167   24.41100  156.37100   32.5125  129.5096   10.98000   -0.00937
 12.6250   24.18400  156.43100   32.4681  129.5241   11.14500   -0.00897
 12.6333   23.95700  156.49001   32.4231  129.5389   11.12800   -0.00070
 12.6417   23.73000  156.54800   32.3775  129.5539   11.20500   -0.00713
 12.6500   23.50400  156.60600   32.3316  129.5690   11.28300    0.00353
 12.6583   23.27700  156.66299   32.2849  129.5844   11.38200    0.00659
 12.6667   23.05100  156.71899   32.2378  129.6000   11.41700    0.00378
 12.6750   22.82500  156.77600   32.1901  129.6156   11.46200    0.00445
 12.6833   22.60000  156.83299   32.1419  129.6313   11.58400   -0.00833
 12.6917   22.37500  156.88901   32.0932  129.6473   11.53200   -0.01063
 12.7000   22.15000  156.94400   32.0438  129.6635   11.64300   -0.01984
 12.7083   21.92500  156.99800   31.9938  129.6800   11.71100   -0.00780
 12.7167   21.70000  157.05200   31.9431  129.6967   11.80000   -0.00427
 12.7250   21.47600  157.10500   31.8920  129.7136   11.85800    0.01127
 12.7333   21.25200  157.15800   31.8402  129.7306   12.01200    0.01405
 12.7417   21.02700  157.21001   31.7875  129.7480   12.01600    0.01932
 12.7500   20.80300  157.26100   31.7343  129.7656   12.09000    0.01204
 12.7583   20.58000  157.31200   31.6806  129.7834   12.15900    0.00397
 12.7667   20.35600  157.36200   31.6260  129.8015   12.15400   -0.00792
 12.7750   20.13200  157.41200   31.5707  129.8198   12.21000   -0.02320
 12.7833   19.90900  157.46100   31.5148  129.8383   12.26100   -0.01689
 12.7917   19.68600  157.50900   31.4582  129.8572   12.40800   -0.00905
 12.8000   19.46300  157.55600   31.4008  129.8764   12.46300    0.00222
 12.8083   19.24000  157.60300   31.3427  129.8958   12.53500    0.00547
 12.8167   19.01800  157.64999   31.2839  129.9153   12.62000    0.00729
 12.8250   18.79600  157.69501   31.2244  129.9353   12.66200    0.00152
 12.8333   18.57300  157.74001   31.1638  129.9556   12.67900   -0.00405
 12.8417   18.35200  157.78600   31.1027  129.9758   12.76200    0.00844
 12.8500   18.13100  157.83099   31.0409  129.9963   12.93600    0.02330
 12.8583   17.91000  157.87601   30.9782  130.0171   12.97200    0.02983
 12.8667   17.68900  157.92000   30.9145  130.0383   13.00500    0.00888
 12.8750   17.46900  157.96300   30.8503  130.0597   12.97500    0.00475
 12.8833   17.24800  158.00600   30.7849  130.0815   13.12500    0.00314
 12.8917   17.02800  158.04800   30.7188  130.1035   13.16800    0.00016
 12.9000   16.80800  158.08900   30.6518  130.1260   13.12800    0.00245
 12.9083   16.58800  158.13000   30.5838  130.1487   13.32200   -0.00969
 12.9167   16.36900  158.17000   30.5151  130.1717   13.25900   -0.00086
 12.9250   16.14900  158.21001   30.4451  130.1951   13.34600   -0.00438
 12.9333   15.93000  158.24899   30.3744  130.2188   13.46000    0.00878
 12.9417   15.71100  158.28700   30.3027  130.2429   13.52600    0.00480
 12.9500   15.49200  158.32500   30.2300  130.2673   13.48800   -0.00143
 12.9583   15.27300  158.36200   30.1561  130.2922   13.58900   -0.00410
 12.9667   15.05500  158.39900   30.0815  130.3172   13.64600    0.00000

