hmax        =    300
wind_bottom =      2
wind_top    =     10
critlon     =      0
tbeg, h     =   0.00
tend, h     =  24.00
c_ionex     =      0
c_vert      =      1
time, gamma, az, latp, lonp, tec, tec_filtered
 10.9750   13.23400 -139.60899   30.7184  120.7455   32.43100    0.00000
 10.9833   13.43400 -139.50999   30.7916  120.7886   32.17100   -0.00123
 10.9917   13.63300 -139.41100   30.8634  120.8309   32.08400   -0.00161
 11.0000   13.83300 -139.31100   30.9346  120.8730   31.85400    0.00884
 11.0083   14.03400 -139.21100   31.0050  120.9148   31.66000   -0.00121
 11.0167   14.23500 -139.11099   31.0745  120.9563   31.41000    0.00224
 11.0250   14.43600 -139.00900   31.1431  120.9970   31.26900    0.00793
 11.0333   14.63700 -138.90800   31.2107  121.0375   31.06200    0.02048
 11.0417   14.83800 -138.80499   31.2774  121.0773   30.83300    0.03154
 11.0500   15.03900 -138.70200   31.3432  121.1167   30.65400    0.04407
 11.0583   15.24000 -138.59801   31.4082  121.1555   30.42200    0.04499
 11.0667   15.44100 -138.49300   31.4723  121.1939   30.14600    0.04427
 11.0750   15.64200 -138.38800   31.5355  121.2318   29.95200    0.03806
 11.0833   15.84300 -138.28200   31.5979  121.2693   29.66800    0.03533
 11.0917   16.04400 -138.17500   31.6596  121.3062   29.40600    0.02130
 11.1000   16.24500 -138.06799   31.7203  121.3428   29.13000    0.01531
 11.1083   16.44600 -137.96001   31.7803  121.3789   28.90900    0.00494
 11.1167   16.64700 -137.85100   31.8396  121.4145   28.61400   -0.02028
 11.1250   16.84800 -137.74200   31.8980  121.4498   28.22600   -0.04232
 11.1333   17.04900 -137.63200   31.9557  121.4846   28.03300   -0.04482
 11.1417   17.25000 -137.52100   32.0127  121.5190   27.88200   -0.03631
 11.1500   17.45100 -137.40900   32.0690  121.5529   27.57300   -0.04338
 11.1583   17.65200 -137.29700   32.1246  121.5865   27.26400   -0.04990
 11.1667   17.85300 -137.18500   32.1794  121.6198   27.12400   -0.03742
 11.1750   18.05400 -137.07201   32.2335  121.6526   26.96000   -0.01859
 11.1833   18.25600 -136.95900   32.2871  121.6854   26.70700   -0.00879
 11.1917   18.45800 -136.84500   32.3401  121.7178   26.51000   -0.00125
 11.2000   18.66000 -136.73000   32.3925  121.7497   26.33800    0.01114
 11.2083   18.86200 -136.61400   32.4442  121.7812   26.13900    0.00726
 11.2167   19.06300 -136.49800   32.4950  121.8123   25.84100   -0.00441
 11.2250   19.26500 -136.38100   32.5455  121.8431   25.61900   -0.01901
 11.2333   19.46700 -136.26401   32.5952  121.8737   25.39900   -0.01921
 11.2417   19.66900 -136.14500   32.6445  121.9038   25.21100   -0.01604
 11.2500   19.87000 -136.02600   32.6930  121.9334   25.02400   -0.01388
 11.2583   20.07200 -135.90601   32.7410  121.9629   24.79800   -0.01065
 11.2667   20.27400 -135.78600   32.7885  121.9921   24.61700   -0.01175
 11.2750   20.47500 -135.66499   32.8352  122.0207   24.39900    0.00318
 11.2833   20.67700 -135.54300   32.8816  122.0492   24.28100    0.00500
 11.2917   20.87900 -135.42000   32.9275  122.0774   24.00600   -0.00002
 11.3000   21.08000 -135.29700   32.9726  122.1051   23.74400   -0.00906
 11.3083   21.28200 -135.17300   33.0174  122.1327   23.59900   -0.00370
 11.3167   21.48300 -135.04800   33.0615  122.1598   23.41800    0.01096
 11.3250   21.68500 -134.92300   33.1053  122.1868   23.21300    0.01726
 11.3333   21.88600 -134.79700   33.1484  122.2134   23.00700    0.02942
 11.3417   22.08800 -134.67101   33.1911  122.2399   22.85900    0.02954
 11.3500   22.29100 -134.54401   33.2336  122.2663   22.56900    0.03429
 11.3583   22.49300 -134.41600   33.2754  122.2922   22.39100    0.03175
 11.3667   22.69500 -134.28799   33.3167  122.3179   22.18900    0.03458
 11.3750   22.89700 -134.15800   33.3577  122.3432   21.93100    0.02213
 11.3833   23.09900 -134.02800   33.3981  122.3684   21.65600    0.00440
 11.3917   23.30100 -133.89799   33.4381  122.3933   21.42400   -0.00304
 11.4000   23.50300 -133.76601   33.4777  122.4179   21.23500   -0.01140
 11.4083   23.70500 -133.63400   33.5168  122.4423   20.95600   -0.01927
 11.4167   23.90700 -133.50101   33.5556  122.4664   20.73500   -0.03244
 11.4250   24.10900 -133.36700   33.5939  122.4903   20.51600   -0.03750
 11.4333   24.31000 -133.23300   33.6317  122.5138   20.30000   -0.04421
 11.4417   24.51200 -133.09801   33.6692  122.5372   20.08000   -0.05241
 11.4500   24.71400 -132.96201   33.7063  122.5604   19.86300   -0.06288
 11.4583   24.91500 -132.82500   33.7429  122.5832   19.63700   -0.07068
 11.4667   25.11700 -132.68800   33.7793  122.6060   19.44200   -0.06109
 11.4750   25.31800 -132.55000   33.8151  122.6284   19.34400   -0.05171
 11.4833   25.52000 -132.41100   33.8508  122.6507   19.12900   -0.03464
 11.4917   25.72100 -132.27100   33.8859  122.6727   18.99200   -0.03115
 11.5000   25.92200 -132.13100   33.9207  122.6945   18.82600   -0.01108
 11.5083   26.12400 -131.99001   33.9553  122.7162   18.72200    0.00624
 11.5167   26.32600 -131.84900   33.9894  122.7378   18.58200    0.01137
 11.5250   26.52800 -131.70599   34.0234  122.7591   18.35600   -0.00395
 11.5333   26.73000 -131.56300   34.0569  122.7803   18.14600   -0.02110
 11.5417   26.93200 -131.41901   34.0901  122.8013   18.00700   -0.02443
 11.5500   27.13300 -131.27400   34.1229  122.8219   17.86900   -0.02293
 11.5583   27.33500 -131.12801   34.1555  122.8425   17.69400   -0.02205
 11.5667   27.53600 -130.98199   34.1876  122.8628   17.55500   -0.02020
 11.5750   27.73800 -130.83501   34.2196  122.8831   17.42600   -0.02027
 11.5833   27.93900 -130.68700   34.2512  122.9030   17.24200   -0.00813
 11.5917   28.14000 -130.53799   34.2824  122.9228   17.16900   -0.00371
 11.6000   28.34200 -130.38800   34.3135  122.9425   16.99300    0.00332
 11.6083   28.54300 -130.23801   34.3442  122.9620   16.82300    0.00256
 11.6167   28.74400 -130.08701   34.3746  122.9813   16.71000   -0.00340
 11.6250   28.94500 -129.93500   34.4047  123.0004   16.50700    0.01006
 11.6333   29.14500 -129.78200   34.4345  123.0193   16.44400    0.01183
 11.6417   29.34600 -129.62900   34.4641  123.0381   16.26900    0.02309
 11.6500   29.54700 -129.47400   34.4934  123.0568   16.12600    0.01441
 11.6583   29.74700 -129.31900   34.5224  123.0752   15.96100    0.01118
 11.6667   29.94800 -129.16400   34.5511  123.0937   15.82000    0.00326
 11.6750   30.14900 -129.00700   34.5797  123.1120   15.65100   -0.00515
 11.6833   30.35000 -128.84900   34.6080  123.1301   15.48700   -0.02286
 11.6917   30.55100 -128.69099   34.6360  123.1481   15.30600   -0.04937
 11.7000   30.75100 -128.53101   34.6638  123.1658   15.10500   -0.06574
 11.7083   30.95200 -128.37100   34.6914  123.1836   15.01100   -0.07040
 11.7167   31.15200 -128.21001   34.7186  123.2010   14.89700   -0.05297
 11.7250   31.35300 -128.04800   34.7458  123.2185   14.81800   -0.04394
 11.7333   31.55300 -127.88500   34.7726  123.2358   14.68200   -0.04309
 11.7417   31.75300 -127.72200   34.7991  123.2529   14.52800   -0.04933
 11.7500   31.95300 -127.55700   34.8255  123.2699   14.41100   -0.04781
 11.7583   32.15300 -127.39200   34.8517  123.2868   14.31100   -0.02290
 11.7667   32.35300 -127.22600   34.8776  123.3036   14.27700    0.01143
 11.7750   32.55300 -127.05900   34.9033  123.3203   14.21000    0.04664
 11.7833   32.75200 -126.89100   34.9287  123.3367   14.12100    0.06295
 11.7917   32.95200 -126.72200   34.9541  123.3532   13.99400    0.07356
 11.8000   33.15100 -126.55200   34.9791  123.3694   13.89800    0.07998
 11.8083   33.35000 -126.38200   35.0039  123.3856   13.78400    0.06670
 11.8167   33.54900 -126.21100   35.0285  123.4016   13.56200    0.04290
 11.8250   33.74800 -126.03900   35.0530  123.4176   13.41900    0.00384
 11.8333   33.94700 -125.86600   35.0772  123.4335   13.23500   -0.01708
 11.8417   34.14600 -125.69100   35.1013  123.4492   13.10200   -0.03534
 11.8500   34.34500 -125.51600   35.1252  123.4649   12.96700   -0.03965
 11.8583   34.54400 -125.34000   35.1489  123.4804   12.84100   -0.04470
 11.8667   34.74300 -125.16200   35.1725  123.4959   12.69500   -0.04859
 11.8750   34.94200 -124.98400   35.1959  123.5113   12.56200   -0.04277
 11.8833   35.14000 -124.80500   35.2190  123.5265   12.48500   -0.02040
 11.8917   35.33800 -124.62500   35.2420  123.5416   12.42800   -0.00461
 11.9000   35.53700 -124.44400   35.2648  123.5568   12.28000   -0.00195
 11.9083   35.73500 -124.26200   35.2875  123.5717   12.16100   -0.02027
 11.9167   35.93300 -124.07900   35.3099  123.5866   12.02400   -0.03196
 11.9250   36.13000 -123.89500   35.3322  123.6013   11.91900   -0.05522
 11.9333   36.32800 -123.71100   35.3543  123.6161   11.75600   -0.07317
 11.9417   36.52500 -123.52500   35.3762  123.6307   11.65200   -0.09013
 11.9500   36.72200 -123.33800   35.3980  123.6451   11.56400   -0.09173
 11.9583   36.91900 -123.15100   35.4195  123.6596   11.48200   -0.06727
 11.9667   37.11600 -122.96200   35.4410  123.6740   11.50100   -0.03167
 11.9750   37.31300 -122.77300   35.4623  123.6883   11.46000    0.00980
 11.9833   37.51000 -122.58200   35.4835  123.7025   11.40600    0.02945
 11.9917   37.70600 -122.39100   35.5044  123.7166   11.32600    0.03244
 12.0000   37.90200 -122.19900   35.5252  123.7307   11.20900    0.03355
 12.0083   38.09900 -122.00500   35.5459  123.7447   11.14700    0.03232
 12.0167   38.29500 -121.80900   35.5665  123.7586   11.06900    0.04349
 12.0250   38.49100 -121.61300   35.5870  123.7724   11.02600    0.03965
 12.0333   38.68700 -121.41600   35.6072  123.7862   10.91000    0.01466
 12.0417   38.88200 -121.21700   35.6274  123.7998   10.74900   -0.01561
 12.0500   39.07800 -121.01800   35.6474  123.8135   10.68700   -0.02344
 12.0583   39.27300 -120.81700   35.6673  123.8270   10.66900   -0.03622
 12.0667   39.46800 -120.61600   35.6869  123.8405   10.47500   -0.07291
 12.0750   39.66300 -120.41300   35.7066  123.8539   10.30100   -0.10099
 12.0833   39.85800 -120.21000   35.7260  123.8673   10.32100   -0.08813
 12.0917   40.05200 -120.00500   35.7453  123.8806   10.31000   -0.04490
 12.1000   40.24600 -119.79900   35.7645  123.8938   10.26700   -0.01190
 12.1083   40.44000 -119.59200   35.7835  123.9069   10.23500    0.03054
 12.1167   40.63400 -119.38400   35.8024  123.9201   10.26400    0.06517
 12.1250   40.82800 -119.17500   35.8213  123.9332   10.19100    0.07787
 12.1333   41.02100 -118.96500   35.8399  123.9461   10.07000    0.06163
 12.1417   41.21400 -118.75400   35.8584  123.9591    9.97500    0.04242
 12.1500   41.40700 -118.54200   35.8768  123.9720    9.89800    0.02506
 12.1583   41.60000 -118.32900   35.8951  123.9849    9.79700    0.01663
 12.1667   41.79200 -118.11500   35.9132  123.9976    9.74600   -0.00613
 12.1750   41.98500 -117.89800   35.9314  124.0104    9.60100   -0.02704
 12.1833   42.17700 -117.68000   35.9493  124.0231    9.50100   -0.03442
 12.1917   42.36900 -117.46100   35.9672  124.0357    9.50300   -0.03461
 12.2000   42.56100 -117.24000   35.9850  124.0483    9.38100   -0.02923
 12.2083   42.75200 -117.01900   36.0026  124.0608    9.29700   -0.02481
 12.2167   42.94400 -116.79600   36.0202  124.0733    9.29100    0.00140
 12.2250   43.13400 -116.57200   36.0375  124.0857    9.26600    0.01467
 12.2333   43.32500 -116.34700   36.0549  124.0981    9.13000    0.00792
 12.2417   43.51600 -116.12100   36.0721  124.1105    9.04300   -0.01180
 12.2500   43.70600 -115.89300   36.0892  124.1228    8.96800   -0.00542
 12.2583   43.89600 -115.66500   36.1061  124.1351    8.95300   -0.00214
 12.2667   44.08500 -115.43500   36.1230  124.1472    8.86300   -0.00135
 12.2750   44.27500 -115.20400   36.1397  124.1595    8.77700   -0.00586
 12.2833   44.46400 -114.97100   36.1564  124.1716    8.73400   -0.01439
 12.2917   44.65300 -114.73800   36.1730  124.1837    8.62600   -0.01018
 12.3000   44.84100 -114.50300   36.1894  124.1957    8.59500   -0.02038
 12.3083   45.03000 -114.26700   36.2058  124.2078    8.49500   -0.02650
 12.3167   45.21800 -114.03000   36.2220  124.2199    8.40600   -0.01825
 12.3250   45.40600 -113.79100   36.2382  124.2318    8.43800    0.01210
 12.3333   45.59300 -113.55100   36.2542  124.2438    8.43200    0.03109
 12.3417   45.78000 -113.30900   36.2702  124.2556    8.29900    0.01238
 12.3500   45.96700 -113.06400   36.2862  124.2675    8.18300   -0.02849
 12.3583   46.15400 -112.81900   36.3020  124.2793    8.09400   -0.04493
 12.3667   46.34000 -112.57200   36.3177  124.2911    8.06400   -0.04452
 12.3750   46.52600 -112.32300   36.3334  124.3028    8.02300   -0.02466
 12.3833   46.71100 -112.07400   36.3489  124.3145    8.01400   -0.01758
 12.3917   46.89700 -111.82300   36.3644  124.3263    7.93800   -0.01917
 12.4000   47.08100 -111.57000   36.3797  124.3378    7.86300   -0.03217
 12.4083   47.26600 -111.31600   36.3950  124.3495    7.80700   -0.02462
 12.4167   47.45000 -111.06100   36.4102  124.3611    7.80900   -0.01129
 12.4250   47.63400 -110.80400   36.4253  124.3727    7.75900    0.00403
 12.4333   47.81800 -110.54600   36.4403  124.3843    7.72000    0.00464
 12.4417   48.00100 -110.28700   36.4552  124.3958    7.67400    0.01557
 12.4500   48.18400 -110.02600   36.4701  124.4073    7.66300    0.01986
 12.4583   48.36700 -109.76400   36.4848  124.4189    7.58800    0.02521
 12.4667   48.54900 -109.50000   36.4995  124.4303    7.53200    0.01370
 12.4750   48.73100 -109.23500   36.5140  124.4418    7.45200    0.00353
 12.4833   48.91300 -108.96800   36.5286  124.4533    7.39400    0.00819
 12.4917   49.09400 -108.70000   36.5430  124.4647    7.40800    0.02835
 12.5000   49.27500 -108.43100   36.5573  124.4761    7.39100    0.04697
 12.5083   49.45500 -108.15700   36.5716  124.4874    7.31900    0.04766
 12.5167   49.63500 -107.88200   36.5859  124.4987    7.25600    0.02079
 12.5250   49.81400 -107.60600   36.6000  124.5100    7.13300   -0.03106
 12.5333   49.99300 -107.32800   36.6141  124.5213    6.97000   -0.08561
 12.5417   50.17200 -107.04800   36.6281  124.5326    6.90900   -0.10415
 12.5500   50.35000 -106.76700   36.6420  124.5438    6.93800   -0.05827
 12.5583   50.52800 -106.48400   36.6558  124.5551    7.03100   -0.02198
 12.5667   50.70500 -106.19900   36.6696  124.5662    6.94200   -0.01070
 12.5750   50.88200 -105.91300   36.6833  124.5774    6.87600   -0.04867
 12.5833   51.05900 -105.62500   36.6969  124.5887    6.78000   -0.08235
 12.5917   51.23500 -105.33600   36.7105  124.5998    6.70200   -0.09230
 12.6000   51.41100 -105.04400   36.7240  124.6110    6.72600   -0.07229
 12.6083   51.58600 -104.75200   36.7373  124.6222    6.75400   -0.02766
 12.6167   51.76100 -104.45700   36.7507  124.6333    6.78600    0.02609
 12.6250   51.93600 -104.16100   36.7639  124.6445    6.86000    0.04658
 12.6333   52.11000 -103.86300   36.7771  124.6556    6.77000    0.05841
 12.6417   52.28300 -103.56400   36.7902  124.6667    6.76300    0.04217
 12.6500   52.45700 -103.26300   36.8032  124.6779    6.73200    0.02367
 12.6583   52.62900 -102.96000   36.8161  124.6890    6.63900   -0.01328
 12.6667   52.80200 -102.65500   36.8290  124.7001    6.58000   -0.04211
 12.6750   52.97300 -102.34600   36.8419  124.7111    6.59200   -0.04297
 12.6833   53.14400 -102.03500   36.8547  124.7222    6.60800   -0.03392
 12.6917   53.31400 -101.72200   36.8675  124.7332    6.58400   -0.03165
 12.7000   53.48400 -101.40700   36.8802  124.7442    6.56300   -0.03873
 12.7083   53.65300 -101.09000   36.8928  124.7552    6.53300   -0.04178
 12.7167   53.82200 -100.77100   36.9054  124.7662    6.51900   -0.02246
 12.7250   53.99000 -100.45100   36.9178  124.7772    6.57600    0.00284
 12.7333   54.15800 -100.12800   36.9303  124.7882    6.56800    0.03277
 12.7417   54.32500  -99.80400   36.9426  124.7992    6.56500    0.05193
 12.7500   54.49200  -99.47800   36.9549  124.8102    6.57600    0.06392
 12.7583   54.65800  -99.14900   36.9671  124.8212    6.53200    0.07606
 12.7667   54.82400  -98.81900   36.9793  124.8322    6.51500    0.08658
 12.7750   54.98900  -98.48700   36.9914  124.8432    6.50600    0.09353
 12.7833   55.15400  -98.15300   37.0034  124.8542    6.44000    0.10732
 12.7917   55.31800  -97.81700   37.0153  124.8652    6.44100    0.11929
 12.8000   55.48200  -97.47900   37.0272  124.8762    6.42000    0.12469
 12.8083   55.64500  -97.13800   37.0391  124.8872    6.32300    0.09916
 12.8167   55.80700  -96.79600   37.0508  124.8981    6.20800    0.05360
 12.8250   55.96900  -96.45200   37.0625  124.9091    6.10900    0.00448
 12.8333   56.13100  -96.10600   37.0742  124.9202    5.99500   -0.03768
 12.8417   56.29100  -95.75400   37.0859  124.9311    5.90400   -0.06760
 12.8500   56.45000  -95.40100   37.0974  124.9420    5.84600   -0.08014
 12.8583   56.60900  -95.04500   37.1090  124.9530    5.79400   -0.09109
 12.8667   56.76700  -94.68600   37.1205  124.9639    5.70700   -0.09241
 12.8750   56.92400  -94.32600   37.1319  124.9748    5.68000   -0.08085
 12.8833   57.08100  -93.96300   37.1433  124.9858    5.66600   -0.05147
 12.8917   57.23700  -93.59800   37.1546  124.9967    5.63200   -0.02561
 12.9000   57.39300  -93.23100   37.1658  125.0077    5.59100   -0.00202
 12.9083   57.54800  -92.86200   37.1770  125.0187    5.57300    0.02746
 12.9167   57.70200  -92.49000   37.1881  125.0296    5.57200    0.04202
 12.9250   57.85500  -92.11600   37.1992  125.0405    5.48800    0.06571
 12.9333   58.00800  -91.74000   37.2102  125.0515    5.50800    0.07180
 12.9417   58.16100  -91.36100   37.2211  125.0626    5.44700    0.07429
 12.9500   58.31200  -90.98000   37.2320  125.0735    5.35700    0.04823
 12.9583   58.46300  -90.59700   37.2428  125.0845    5.28300    0.00077
 12.9667   58.61400  -90.21200   37.2536  125.0956    5.15100   -0.03432
 12.9750   58.76300  -89.82400   37.2643  125.1066    5.09900   -0.06130
 12.9833   58.91200  -89.43400   37.2750  125.1176    5.05200   -0.04598
 12.9917   59.06000  -89.04200   37.2855  125.1286    5.06400   -0.04166
 13.0000   59.20800  -88.64700   37.2961  125.1397    4.97300   -0.04201
 13.0083   59.35300  -88.24500   37.3067  125.1507    4.90900   -0.05019
 13.0167   59.49800  -87.84200   37.3172  125.1617    4.89100   -0.02925
 13.0250   59.64200  -87.43500   37.3277  125.1726    4.90100   -0.00883
 13.0333   59.78500  -87.02700   37.3380  125.1836    4.83800    0.00698
 13.0417   59.92800  -86.61500   37.3484  125.1947    4.81700   -0.01140
 13.0500   60.07000  -86.20100   37.3587  125.2057    4.72700   -0.01678
 13.0583   60.21000  -85.78500   37.3690  125.2167    4.72300   -0.03126
 13.0667   60.35100  -85.36600   37.3791  125.2278    4.68400   -0.03185
 13.0750   60.49000  -84.94400   37.3893  125.2389    4.64800   -0.04694
 13.0833   60.62800  -84.52000   37.3994  125.2499    4.60300   -0.06482
 13.0917   60.76600  -84.09300   37.4094  125.2610    4.56000   -0.07859
 13.1000   60.90300  -83.66400   37.4193  125.2721    4.54300   -0.08295
 13.1083   61.03900  -83.23200   37.4293  125.2832    4.52900   -0.05849
 13.1167   61.17400  -82.79700   37.4391  125.2943    4.58000   -0.03115
 13.1250   61.30800  -82.36000   37.4489  125.3055    4.57000   -0.00753
 13.1333   61.44200  -81.92000   37.4587  125.3167    4.54600    0.01511
 13.1417   61.57500  -81.47700   37.4684  125.3279    4.59500    0.04494
 13.1500   61.70700  -81.03200   37.4780  125.3391    4.60900    0.07284
 13.1583   61.83700  -80.58400   37.4876  125.3502    4.57700    0.07946
 13.1667   61.96800  -80.13400   37.4971  125.3615    4.55400    0.07489
 13.1750   62.09500  -79.67600   37.5067  125.3726    4.52900    0.07012
 13.1833   62.22100  -79.21600   37.5162  125.3837    4.48700    0.05245
 13.1917   62.34700  -78.75300   37.5257  125.3949    4.41500    0.04190
 13.2000   62.47200  -78.28700   37.5351  125.4061    4.40700    0.03210
 13.2083   62.59500  -77.81800   37.5445  125.4173    4.36600    0.03427
 13.2167   62.71800  -77.34700   37.5538  125.4285    4.32800    0.02533
 13.2250   62.84000  -76.87200   37.5631  125.4398    4.27300    0.03002
 13.2333   62.96100  -76.39500   37.5723  125.4510    4.26300    0.03134
 13.2417   63.08000  -75.91500   37.5815  125.4623    4.20200    0.02670
 13.2500   63.19900  -75.43200   37.5906  125.4736    4.12300   -0.01807
 13.2583   63.31700  -74.94700   37.5996  125.4849    3.98000   -0.03260
 13.2667   63.43400  -74.45900   37.6086  125.4962    4.01700   -0.02399
 13.2750   63.54900  -73.96700   37.6176  125.5075    4.01200    0.01907
 13.2833   63.66400  -73.47300   37.6265  125.5189    3.97600    0.03482
 13.2917   63.77800  -72.97700   37.6353  125.5303    3.91900    0.02820
 13.3000   63.89100  -72.47700   37.6441  125.5417    3.83900   -0.00010
 13.3083   64.00200  -71.97500   37.6529  125.5531    3.74000   -0.01815
 13.3167   64.11300  -71.46900   37.6615  125.5646    3.72600   -0.01807
 13.3250   64.22200  -70.96200   37.6702  125.5760    3.71900   -0.00777
 13.3333   64.33100  -70.45100   37.6787  125.5875    3.66700   -0.02351
 13.3417   64.43600  -69.93300   37.6874  125.5989    3.58500   -0.05663
 13.3500   64.54000  -69.41200   37.6960  125.6104    3.52500   -0.10745
 13.3583   64.64300  -68.88800   37.7046  125.6218    3.41000   -0.13294
 13.3667   64.74400  -68.36200   37.7131  125.6332    3.40100   -0.13351
 13.3750   64.84500  -67.83300   37.7215  125.6447    3.42100   -0.09512
 13.3833   64.94400  -67.30000   37.7299  125.6562    3.44000   -0.04897
 13.3917   65.04300  -66.76500   37.7383  125.6678    3.46900    0.01034
 13.4000   65.14000  -66.22800   37.7465  125.6793    3.54300    0.06192
 13.4083   65.23500  -65.68700   37.7548  125.6908    3.54300    0.09784
 13.4167   65.33000  -65.14400   37.7630  125.7025    3.52500    0.08180
 13.4250   65.42400  -64.59800   37.7711  125.7141    3.43700    0.03181
 13.4333   65.51600  -64.04900   37.7792  125.7257    3.33800   -0.02090
 13.4417   65.60700  -63.49800   37.7873  125.7374    3.32100   -0.05493
 13.4500   65.69700  -62.94400   37.7953  125.7491    3.30100   -0.06461
 13.4583   65.78500  -62.38700   37.8032  125.7607    3.28200   -0.05412
 13.4667   65.87300  -61.82800   37.8111  125.7725    3.32600   -0.03667
 13.4750   65.95900  -61.26600   37.8189  125.7843    3.31900   -0.01931
 13.4833   66.04300  -60.70200   37.8267  125.7960    3.28700    0.00454
 13.4917   66.12700  -60.13500   37.8344  125.8078    3.33900    0.03047
 13.5000   66.20900  -59.56500   37.8421  125.8196    3.33200    0.06081
 13.5083   66.28800  -58.98900   37.8498  125.8314    3.31900    0.05512
 13.5167   66.36500  -58.41000   37.8575  125.8431    3.26600    0.05220
 13.5250   66.44000  -57.82900   37.8652  125.8549    3.27700    0.03511
 13.5333   66.51500  -57.24600   37.8728  125.8667    3.22300    0.02906
 13.5417   66.58800  -56.66000   37.8804  125.8786    3.20500    0.00764
 13.5500   66.66000  -56.07100   37.8879  125.8905    3.16100   -0.01138
 13.5583   66.73000  -55.48100   37.8953  125.9023    3.10600   -0.03716
 13.5667   66.79900  -54.88800   37.9027  125.9142    3.05900   -0.03711
 13.5750   66.86600  -54.29200   37.9101  125.9261    3.09100   -0.01776
 13.5833   66.93300  -53.69500   37.9174  125.9381    3.09000    0.01851
 13.5917   66.99700  -53.09500   37.9247  125.9501    3.08500    0.03854
 13.6000   67.06100  -52.49400   37.9318  125.9621    3.05800    0.05745
 13.6083   67.12300  -51.89000   37.9390  125.9742    3.04900    0.06636
 13.6167   67.18400  -51.28400   37.9461  125.9862    3.01200    0.06818
 13.6250   67.24300  -50.67600   37.9531  125.9983    2.96400    0.05171
 13.6333   67.30100  -50.06600   37.9601  126.0104    2.90000    0.03927
 13.6417   67.35700  -49.45500   37.9671  126.0225    2.88000    0.02576
 13.6500   67.41200  -48.84100   37.9740  126.0347    2.83100    0.00743
 13.6583   67.46600  -48.22600   37.9808  126.0469    2.75200   -0.02926
 13.6667   67.51800  -47.60900   37.9876  126.0591    2.67100   -0.05981
 13.6750   67.56600  -46.98700   37.9944  126.0712    2.63700   -0.07167
 13.6833   67.61200  -46.36400   38.0013  126.0834    2.61500   -0.06762
 13.6917   67.65700  -45.73900   38.0080  126.0956    2.58100   -0.04253
 13.7000   67.70000  -45.11200   38.0148  126.1078    2.61300   -0.02234
 13.7083   67.74200  -44.48400   38.0214  126.1200    2.57600   -0.00486
 13.7167   67.78200  -43.85500   38.0281  126.1323    2.53900   -0.00622
 13.7250   67.82100  -43.22400   38.0347  126.1446    2.51300    0.00496
 13.7333   67.85900  -42.59200   38.0412  126.1569    2.51600    0.01761
 13.7417   67.89500  -41.95900   38.0476  126.1693    2.48700    0.02317
 13.7500   67.92900  -41.32500   38.0541  126.1816    2.44700    0.01685
 13.7583   67.96200  -40.68900   38.0604  126.1941    2.42100    0.00129
 13.7667   67.99400  -40.05300   38.0667  126.2065    2.36500   -0.00952
 13.7750   68.02400  -39.41600   38.0730  126.2189    2.34100   -0.01137
 13.7833   68.05200  -38.77800   38.0792  126.2314    2.34200    0.00029
 13.7917   68.07900  -38.13900   38.0854  126.2439    2.32600   -0.00029
 13.8000   68.10500  -37.49900   38.0915  126.2565    2.25900   -0.01807
 13.8083   68.12900  -36.85900   38.0975  126.2690    2.20300   -0.01781
 13.8167   68.15200  -36.21800   38.1035  126.2816    2.24000   -0.00159
 13.8250   68.17300  -35.57700   38.1095  126.2942    2.21800    0.02347
 13.8333   68.19300  -34.93500   38.1154  126.3068    2.18300    0.02841
 13.8417   68.20800  -34.29100   38.1214  126.3194    2.15400    0.03625
 13.8500   68.22100  -33.64600   38.1273  126.3320    2.14200    0.04851
 13.8583   68.23300  -33.00200   38.1332  126.3447    2.12500    0.04645
 13.8667   68.24400  -32.35700   38.1391  126.3573    2.05000    0.04320
 13.8750   68.25300  -31.71200   38.1449  126.3700    2.03100    0.03354
 13.8833   68.26000  -31.06700   38.1506  126.3827    1.99000    0.01757
 13.8917   68.26600  -30.42300   38.1563  126.3954    1.89700   -0.00443
 13.9000   68.27100  -29.77800   38.1619  126.4082    1.86100   -0.03845
 13.9083   68.27400  -29.13400   38.1675  126.4210    1.78400   -0.04631
 13.9167   68.27600  -28.49000   38.1730  126.4339    1.77500   -0.05082
 13.9250   68.27600  -27.84600   38.1785  126.4467    1.75200   -0.03164
 13.9333   68.27500  -27.20200   38.1840  126.4596    1.75100   -0.02685
 13.9417   68.27300  -26.56000   38.1893  126.4725    1.69500   -0.02854
 13.9500   68.26900  -25.91700   38.1946  126.4854    1.65200   -0.04508
 13.9583   68.26300  -25.27600   38.1999  126.4984    1.60400   -0.04646
 13.9667   68.25600  -24.63500   38.2051  126.5114    1.59800   -0.03144
 13.9750   68.24800  -23.99400   38.2103  126.5244    1.61100   -0.00309
 13.9833   68.23900  -23.35500   38.2154  126.5374    1.61100    0.01441
 13.9917   68.22800  -22.71600   38.2204  126.5505    1.58000    0.02318
 14.0000   68.21500  -22.07900   38.2254  126.5636    1.56800    0.02126
 14.0083   68.19800  -21.44200   38.2305  126.5766    1.53500    0.02131
 14.0167   68.18000  -20.80600   38.2356  126.5897    1.50600    0.01717
 14.0250   68.16000  -20.17100   38.2406  126.6028    1.47900    0.00866
 14.0333   68.13800  -19.53700   38.2456  126.6159    1.43600   -0.00535
 14.0417   68.11600  -18.90500   38.2504  126.6291    1.39700   -0.01433
 14.0500   68.09200  -18.27400   38.2553  126.6423    1.39100   -0.01752
 14.0583   68.06600  -17.64500   38.2601  126.6555    1.36500   -0.00300
 14.0667   68.04000  -17.01600   38.2648  126.6687    1.37800   -0.00211
 14.0750   68.01200  -16.39000   38.2695  126.6820    1.32500   -0.00711
 14.0833   67.98300  -15.76500   38.2741  126.6953    1.28100   -0.02256
 14.0917   67.95200  -15.14100   38.2787  126.7086    1.26300   -0.03746
 14.1000   67.92000  -14.51900   38.2832  126.7220    1.21500   -0.02685
 14.1083   67.88700  -13.89900   38.2877  126.7353    1.25800   -0.01107
 14.1167   67.85300  -13.28100   38.2921  126.7487    1.26100    0.00211
 14.1250   67.81800  -12.66400   38.2964  126.7622    1.21100   -0.00556
 14.1333   67.78100  -12.04900   38.3007  126.7757    1.18700   -0.01819
 14.1417   67.74300  -11.43600   38.3050  126.7891    1.17500   -0.02751
 14.1500   67.70400  -10.82500   38.3092  126.8026    1.13200   -0.02028
 14.1583   67.66400  -10.21600   38.3133  126.8162    1.16100   -0.01265
 14.1667   67.62300   -9.60800   38.3173  126.8298    1.14800   -0.00031
 14.1750   67.57600   -9.00400   38.3216  126.8433    1.12000    0.01787
 14.1833   67.52900   -8.40200   38.3257  126.8568    1.16800    0.02901
 14.1917   67.48100   -7.80200   38.3298  126.8704    1.13100    0.04973
 14.2000   67.43100   -7.20500   38.3338  126.8840    1.13200    0.04077
 14.2083   67.38000   -6.60900   38.3378  126.8976    1.08100    0.04261
 14.2167   67.32900   -6.01600   38.3417  126.9113    1.07800    0.03333
 14.2250   67.27600   -5.42500   38.3456  126.9250    1.04400    0.02881
 14.2333   67.22200   -4.83600   38.3494  126.9387    1.01000    0.00724
 14.2417   67.16700   -4.24900   38.3531  126.9525    0.95100   -0.01165
 14.2500   67.11100   -3.66500   38.3568  126.9662    0.92500   -0.02684
 14.2583   67.05400   -3.08300   38.3605  126.9800    0.90300   -0.02335
 14.2667   66.99600   -2.50300   38.3641  126.9939    0.90300   -0.01631
 14.2750   66.93600   -1.92500   38.3676  127.0078    0.88600   -0.01648
 14.2833   66.87600   -1.35000   38.3711  127.0216    0.83600   -0.02269
 14.2917   66.81500   -0.77800   38.3745  127.0355    0.81700   -0.02445
 14.3000   66.75300   -0.20800   38.3779  127.0495    0.81600   -0.02043
 14.3083   66.69000    0.36000   38.3812  127.0634    0.78800   -0.01499
 14.3167   66.62600    0.92600   38.3844  127.0774    0.77400   -0.00974
 14.3250   66.56200    1.48900   38.3876  127.0914    0.77700    0.00290
 14.3333   66.49600    2.04900   38.3907  127.1055    0.77800    0.01098
 14.3417   66.42600    2.60500   38.3939  127.1195    0.75500    0.00525
 14.3500   66.35500    3.15800   38.3971  127.1335    0.71300   -0.00454
 14.3583   66.28300    3.70800   38.4003  127.1476    0.70100   -0.01442
 14.3667   66.21000    4.25600   38.4034  127.1617    0.67800   -0.00732
 14.3750   66.13600    4.80200   38.4064  127.1758    0.69100   -0.00057
 14.3833   66.06200    5.34500   38.4094  127.1899    0.67500   -0.00406
 14.3917   65.98600    5.88600   38.4123  127.2041    0.61500   -0.00039
 14.4000   65.91000    6.42400   38.4152  127.2183    0.65100    0.00850
 14.4083   65.83300    6.96000   38.4180  127.2326    0.65100    0.02611
 14.4167   65.75500    7.49300   38.4207  127.2468    0.61800    0.02727
 14.4250   65.67700    8.02300   38.4234  127.2611    0.59900    0.03340
 14.4333   65.59800    8.55200   38.4260  127.2754    0.61600    0.03082
 14.4417   65.51800    9.07700   38.4286  127.2898    0.55700    0.01927
 14.4500   65.43700    9.60000   38.4311  127.3041    0.51000   -0.00248
 14.4583   65.35500   10.12100   38.4336  127.3185    0.49100   -0.02171
 14.4667   65.27300   10.63900   38.4360  127.3329    0.43900   -0.01956
 14.4750   65.19000   11.15500   38.4383  127.3474    0.46100   -0.02035
 14.4833   65.10700   11.66800   38.4405  127.3618    0.43300   -0.01418
 14.4917   65.02200   12.17900   38.4428  127.3763    0.40100   -0.00960
 14.5000   64.93800   12.68700   38.4449  127.3908    0.41500   -0.00613
 14.5083   64.84900   13.19000   38.4472  127.4053    0.38400    0.00205
 14.5167   64.75900   13.69000   38.4494  127.4198    0.37000    0.00263
 14.5250   64.66900   14.18700   38.4516  127.4344    0.36300   -0.00432
 14.5333   64.57800   14.68200   38.4537  127.4489    0.31200   -0.00594
 14.5417   64.48600   15.17500   38.4558  127.4636    0.32200   -0.01930
 14.5500   64.39400   15.66600   38.4578  127.4782    0.28300   -0.01726
 14.5583   64.30200   16.15400   38.4596  127.4929    0.28400   -0.03018
 14.5667   64.20800   16.63900   38.4616  127.5075    0.24500   -0.03522
 14.5750   64.11500   17.12300   38.4633  127.5222    0.23200   -0.03731
 14.5833   64.02000   17.60400   38.4651  127.5370    0.24400   -0.02374
 14.5917   63.92500   18.08200   38.4668  127.5517    0.25800   -0.00968
 14.6000   63.83000   18.55900   38.4684  127.5665    0.24600    0.00045
 14.6083   63.73400   19.03300   38.4700  127.5813    0.24500    0.00905
 14.6167   63.63700   19.50400   38.4715  127.5962    0.25600    0.02091
 14.6250   63.54000   19.97400   38.4730  127.6110    0.25500    0.02219
 14.6333   63.44300   20.44100   38.4743  127.6259    0.22100    0.01490
 14.6417   63.34500   20.90600   38.4756  127.6408    0.20400    0.01183
 14.6500   63.24600   21.36900   38.4769  127.6557    0.21800    0.01329
 14.6583   63.14700   21.82900   38.4781  127.6707    0.20000    0.01437
 14.6667   63.04800   22.28700   38.4793  127.6856    0.17900    0.01036
 14.6750   62.94500   22.73900   38.4805  127.7006    0.17400    0.00433
 14.6833   62.84100   23.18900   38.4818  127.7156    0.14700    0.00429
 14.6917   62.73700   23.63700   38.4829  127.7307    0.14500    0.00142
 14.7000   62.63300   24.08300   38.4840  127.7457    0.12900    0.00027
 14.7083   62.52800   24.52700   38.4850  127.7608    0.10500    0.00553
 14.7167   62.42300   24.96800   38.4860  127.7759    0.12600   -0.00203
 14.7250   62.31700   25.40800   38.4869  127.7910    0.07100   -0.00354
 14.7333   62.21100   25.84500   38.4878  127.8062    0.07200   -0.02320
 14.7417   62.10500   26.28100   38.4885  127.8214    0.03400   -0.02392
 14.7500   61.99800   26.71400   38.4893  127.8366    0.04500   -0.02691
 14.7583   61.89100   27.14600   38.4899  127.8518    0.04300   -0.02869
 14.7667   61.78400   27.57500   38.4905  127.8670    0.01700   -0.03690
 14.7750   61.67600   28.00300   38.4910  127.8823    0.01400   -0.05028
 14.7833   61.56700   28.42800   38.4916  127.8976    0.00000   -0.05009
 14.7917   61.45900   28.85200   38.4919  127.9129    0.02300   -0.04594
 14.8000   61.35000   29.27300   38.4923  127.9282    0.03500   -0.03420
 14.8083   61.24100   29.69300   38.4926  127.9436    0.05400   -0.03610
 14.8167   61.13100   30.11100   38.4928  127.9590    0.03700   -0.03766
 14.8250   61.02100   30.52700   38.4930  127.9744    0.05900   -0.03428
 14.8333   60.91100   30.94100   38.4930  127.9898    0.09800   -0.01635
 14.8417   60.79800   31.34900   38.4933  128.0052    0.13500    0.00418
 14.8500   60.68400   31.75500   38.4934  128.0207    0.17000    0.00805
 14.8583   60.57000   32.16000   38.4935  128.0362    0.15700    0.00028
 14.8667   60.45600   32.56300   38.4936  128.0517    0.15700   -0.01039
 14.8750   60.34100   32.96400   38.4935  128.0673    0.18200   -0.00050
 14.8833   60.22600   33.36300   38.4935  128.0829    0.23900    0.00948
 14.8917   60.11100   33.76000   38.4933  128.0984    0.23800    0.01782
 14.9000   59.99600   34.15600   38.4931  128.1140    0.25800    0.01523
 14.9083   59.88000   34.55100   38.4928  128.1297    0.27600    0.01923
 14.9167   59.76400   34.94300   38.4925  128.1454    0.29800    0.02443
 14.9250   59.64800   35.33400   38.4921  128.1610    0.31900    0.02841
 14.9333   59.53200   35.72300   38.4916  128.1767    0.32800    0.01943
 14.9417   59.41500   36.11100   38.4911  128.1925    0.30300    0.01081
 14.9500   59.29800   36.49700   38.4905  128.2082    0.32300    0.00732
 14.9583   59.18100   36.88200   38.4898  128.2240    0.35100    0.00607
 14.9667   59.06400   37.26500   38.4890  128.2398    0.33100    0.00381
 14.9750   58.94700   37.64600   38.4882  128.2556    0.34700   -0.00786
 14.9833   58.82900   38.02600   38.4874  128.2714    0.34200   -0.00171
 14.9917   58.71100   38.40400   38.4864  128.2872    0.38400   -0.00003
 15.0000   58.59300   38.78100   38.4854  128.3031    0.38600   -0.00493
 15.0083   58.47200   39.15200   38.4846  128.3190    0.36000   -0.01283
 15.0167   58.35100   39.52100   38.4836  128.3349    0.39400   -0.03027
 15.0250   58.22900   39.88900   38.4827  128.3509    0.36700   -0.03210
 15.0333   58.10800   40.25600   38.4816  128.3669    0.39900   -0.03761
 15.0417   57.98600   40.62100   38.4805  128.3829    0.42500   -0.03227
 15.0500   57.86400   40.98500   38.4793  128.3989    0.43900   -0.02982
 15.0583   57.74200   41.34800   38.4780  128.4150    0.46400   -0.03325
 15.0667   57.62000   41.70900   38.4767  128.4310    0.47300   -0.02596
 15.0750   57.49700   42.06900   38.4753  128.4471    0.52600   -0.01739
 15.0833   57.37500   42.42700   38.4739  128.4632    0.55800   -0.00875
 15.0917   57.25200   42.78400   38.4724  128.4794    0.57100   -0.00484
 15.1000   57.12900   43.14000   38.4708  128.4955    0.61000   -0.00341
 15.1083   57.00600   43.49500   38.4691  128.5117    0.63700    0.00787
 15.1167   56.88300   43.84800   38.4674  128.5279    0.68500    0.01233
 15.1250   56.76000   44.20000   38.4656  128.5441    0.70100    0.01384
 15.1333   56.63600   44.55000   38.4637  128.5603    0.71800    0.00848
 15.1417   56.51200   44.90000   38.4618  128.5766    0.74300    0.00883
 15.1500   56.38900   45.24800   38.4598  128.5928    0.78400    0.00941
 15.1583   56.26500   45.59500   38.4578  128.6091    0.80400    0.01046
 15.1667   56.14100   45.94100   38.4556  128.6255    0.83100    0.00388
 15.1750   56.01400   46.28100   38.4537  128.6418    0.84100   -0.00377
 15.1833   55.88700   46.62000   38.4516  128.6582    0.85500   -0.01194
 15.1917   55.76100   46.95800   38.4494  128.6746    0.87800   -0.01977
 15.2000   55.63400   47.29500   38.4472  128.6911    0.88800   -0.01782
 15.2083   55.50700   47.63100   38.4450  128.7075    0.93400   -0.01300
 15.2167   55.38000   47.96500   38.4426  128.7240    0.96600    0.00659
 15.2250   55.25200   48.29900   38.4402  128.7405    1.02900    0.02213
 15.2333   55.12500   48.63100   38.4378  128.7570    1.06200    0.03001
 15.2417   54.99700   48.96300   38.4352  128.7736    1.06700    0.01578
 15.2500   54.87000   49.29300   38.4326  128.7901    1.05100    0.00749
 15.2583   54.74200   49.62200   38.4299  128.8067    1.10500   -0.00181
 15.2667   54.61400   49.95000   38.4272  128.8233    1.10700    0.00310
 15.2750   54.48700   50.27800   38.4243  128.8399    1.14300   -0.00673
 15.2833   54.35900   50.60400   38.4214  128.8566    1.14400   -0.01144
 15.2917   54.23000   50.92900   38.4185  128.8733    1.16400   -0.01375
 15.3000   54.10200   51.25300   38.4155  128.8899    1.20500   -0.00230
 15.3083   53.97400   51.57600   38.4124  128.9066    1.25100    0.00594
 15.3167   53.84600   51.89800   38.4092  128.9233    1.25600    0.01426
 15.3250   53.71700   52.21900   38.4060  128.9401    1.29700    0.01016
 15.3333   53.58900   52.53900   38.4027  128.9568    1.30400    0.00880
 15.3417   53.45800   52.85400   38.3995  128.9737    1.32100    0.00625
 15.3500   53.32700   53.16800   38.3963  128.9906    1.36100    0.00016
 15.3583   53.19600   53.48100   38.3929  129.0074    1.35300   -0.00006
 15.3667   53.06500   53.79300   38.3895  129.0243    1.39300   -0.01484
 15.3750   52.93400   54.10400   38.3861  129.0412    1.38000   -0.02188
 15.3833   52.80300   54.41500   38.3825  129.0582    1.40200   -0.02523
 15.3917   52.67200   54.72500   38.3789  129.0751    1.45600   -0.02038
 15.4000   52.54000   55.03300   38.3753  129.0922    1.47300   -0.00321
 15.4083   52.40900   55.34100   38.3715  129.1091    1.54000   -0.00103
 15.4167   52.27700   55.64800   38.3677  129.1262    1.53800    0.00706
 15.4250   52.14600   55.95400   38.3638  129.1432    1.57700    0.00125
 15.4333   52.01400   56.26000   38.3598  129.1604    1.59300   -0.00116
 15.4417   51.88300   56.56400   38.3558  129.1774    1.60700   -0.00551
 15.4500   51.75100   56.86800   38.3517  129.1945    1.64100   -0.00286
 15.4583   51.61900   57.17000   38.3475  129.2117    1.68800    0.00496
 15.4667   51.48700   57.47200   38.3433  129.2288    1.72400    0.00528
 15.4750   51.35600   57.77300   38.3389  129.2459    1.73100    0.00438
 15.4833   51.22400   58.07300   38.3345  129.2631    1.77100   -0.00777
 15.4917   51.09200   58.37300   38.3301  129.2804    1.76000   -0.01127
 15.5000   50.95900   58.67100   38.3256  129.2977    1.79900   -0.01372
 15.5083   50.82500   58.96500   38.3211  129.3150    1.84200   -0.00469
 15.5167   50.69100   59.25800   38.3167  129.3323    1.87500    0.00446
 15.5250   50.55700   59.55100   38.3121  129.3497    1.91300    0.01386
 15.5333   50.42300   59.84300   38.3074  129.3671    1.95600    0.02019
 15.5417   50.28800   60.13400   38.3027  129.3845    1.97600    0.02171
 15.5500   50.15400   60.42400   38.2979  129.4019    1.99300    0.01440
 15.5583   50.02000   60.71400   38.2930  129.4194    2.00200    0.00690
 15.5667   49.88500   61.00300   38.2881  129.4369    2.02200    0.00632
 15.5750   49.75100   61.29100   38.2831  129.4544    2.06900    0.00828
 15.5833   49.61600   61.57800   38.2780  129.4719    2.08900    0.00503
 15.5917   49.48200   61.86500   38.2728  129.4894    2.09100   -0.00532
 15.6000   49.34700   62.15100   38.2676  129.5070    2.10900   -0.01441
 15.6083   49.21200   62.43700   38.2623  129.5247    2.13200   -0.01673
 15.6167   49.07800   62.72100   38.2569  129.5422    2.15800   -0.02087
 15.6250   48.94300   63.00500   38.2514  129.5599    2.17100   -0.02163
 15.6333   48.80800   63.28900   38.2459  129.5776    2.21200   -0.01897
 15.6417   48.67300   63.57100   38.2403  129.5953    2.25700   -0.01549
 15.6500   48.53800   63.85300   38.2346  129.6130    2.27800   -0.01617
 15.6583   48.40300   64.13400   38.2288  129.6307    2.30500   -0.01404
 15.6667   48.26800   64.41500   38.2230  129.6485    2.36400   -0.01953
 15.6750   48.13100   64.69100   38.2173  129.6663    2.35900   -0.02627
 15.6833   47.99400   64.96700   38.2114  129.6842    2.38600   -0.03472
 15.6917   47.85800   65.24200   38.2055  129.7021    2.44300   -0.02872
 15.7000   47.72100   65.51600   38.1996  129.7200    2.49900   -0.01534
 15.7083   47.58400   65.79000   38.1935  129.7380    2.56100   -0.00745
 15.7167   47.44700   66.06400   38.1874  129.7560    2.60000   -0.00505
 15.7250   47.31000   66.33600   38.1812  129.7740    2.63600   -0.00838
 15.7333   47.17300   66.60800   38.1750  129.7920    2.67600   -0.00423
 15.7417   47.03500   66.88000   38.1686  129.8102    2.74600   -0.00258
 15.7500   46.89800   67.15100   38.1622  129.8282    2.77300   -0.00193
 15.7583   46.76100   67.42100   38.1557  129.8463    2.81000   -0.00149
 15.7667   46.62400   67.69100   38.1490  129.8645    2.88000    0.00375
 15.7750   46.48600   67.96000   38.1424  129.8827    2.92800    0.01478
 15.7833   46.34900   68.22900   38.1356  129.9008    2.98700    0.01828
 15.7917   46.21200   68.49700   38.1288  129.9190    3.02300    0.01862
 15.8000   46.07400   68.76400   38.1219  129.9373    3.05500    0.01702
 15.8083   45.93700   69.03100   38.1149  129.9556    3.10400    0.01718
 15.8167   45.79900   69.29700   38.1079  129.9739    3.14500    0.01851
 15.8250   45.66200   69.56200   38.1007  129.9922    3.17800    0.01425
 15.8333   45.52400   69.82700   38.0935  130.0106    3.20200    0.00993
 15.8417   45.38500   70.08800   38.0864  130.0290    3.24200    0.01072
 15.8500   45.24600   70.34900   38.0792  130.0475    3.29400    0.01262
 15.8583   45.10700   70.60900   38.0719  130.0660    3.32000    0.00956
 15.8667   44.96700   70.86900   38.0645  130.0847    3.33800    0.00586
 15.8750   44.82800   71.12800   38.0570  130.1032    3.38700    0.00190
 15.8833   44.68900   71.38700   38.0495  130.1218    3.41400   -0.00674
 15.8917   44.54900   71.64500   38.0419  130.1405    3.41400   -0.01649
 15.9000   44.41000   71.90300   38.0341  130.1592    3.46300   -0.02401
 15.9083   44.27000   72.16000   38.0264  130.1779    3.50300   -0.02500
 15.9167   44.13100   72.41600   38.0185  130.1966    3.53500   -0.03045
 15.9250   43.99100   72.67200   38.0106  130.2155    3.56700   -0.03528
 15.9333   43.85200   72.92800   38.0025  130.2342    3.61000   -0.03198
 15.9417   43.71200   73.18300   37.9944  130.2531    3.67600   -0.03043
 15.9500   43.57300   73.43800   37.9861  130.2719    3.70400   -0.02252
 15.9583   43.43300   73.69200   37.9779  130.2908    3.77700   -0.02199
 15.9667   43.29300   73.94500   37.9695  130.3098    3.81500   -0.00497
 15.9750   43.15300   74.19800   37.9610  130.3288    3.91600    0.00810
 15.9833   43.01300   74.45000   37.9525  130.3477    3.97600    0.02012
 15.9917   42.87300   74.70200   37.9439  130.3668    4.01300    0.01469
 16.0000   42.73300   74.95400   37.9352  130.3859    4.04000    0.01013
 16.0083   42.59200   75.20200   37.9265  130.4050    4.10200    0.00499
 16.0167   42.45100   75.44900   37.9178  130.4242    4.13900    0.00721
 16.0250   42.30900   75.69600   37.9090  130.4436    4.19700    0.00936
 16.0333   42.16800   75.94300   37.9001  130.4629    4.26300    0.00732
 16.0417   42.02700   76.18900   37.8911  130.4821    4.28200    0.00768
 16.0500   41.88500   76.43500   37.8820  130.5016    4.35200    0.00498
 16.0583   41.74400   76.68000   37.8728  130.5210    4.40000    0.00593
 16.0667   41.60200   76.92500   37.8636  130.5405    4.43200   -0.00360
 16.0750   41.46000   77.16900   37.8543  130.5600    4.45500   -0.02066
 16.0833   41.31900   77.41300   37.8448  130.5795    4.47400   -0.01895
 16.0917   41.17700   77.65700   37.8353  130.5991    4.58700   -0.02086
 16.1000   41.03500   77.90000   37.8257  130.6187    4.59600   -0.00464
 16.1083   40.89300   78.14200   37.8160  130.6384    4.69100   -0.00062
 16.1167   40.75200   78.38400   37.8062  130.6580    4.75000    0.00573
 16.1250   40.61000   78.62600   37.7963  130.6777    4.77000   -0.00149
 16.1333   40.46800   78.86700   37.7863  130.6975    4.80800   -0.00149
 16.1417   40.32500   79.10800   37.7762  130.7174    4.90100   -0.00052
 16.1500   40.18300   79.34800   37.7661  130.7373    4.92800    0.00650
 16.1583   40.04100   79.58800   37.7558  130.7572    4.99900   -0.00062
 16.1667   39.89900   79.82700   37.7454  130.7771    5.03700   -0.00346
 16.1750   39.75600   80.06300   37.7352  130.7971    5.08400   -0.01676
 16.1833   39.61200   80.29900   37.7248  130.8174    5.11100   -0.02500
 16.1917   39.46900   80.53400   37.7143  130.8375    5.17100   -0.02839
 16.2000   39.32600   80.76900   37.7037  130.8577    5.24200   -0.02531
 16.2083   39.18200   81.00400   37.6930  130.8780    5.30300   -0.02531
 16.2167   39.03900   81.23800   37.6822  130.8983    5.35900   -0.02478
 16.2250   38.89500   81.47200   37.6714  130.9187    5.44300   -0.02030
 16.2333   38.75100   81.70500   37.6604  130.9392    5.52900   -0.02104
 16.2417   38.60800   81.93800   37.6493  130.9596    5.56700   -0.02994
 16.2500   38.46400   82.17100   37.6381  130.9801    5.62200   -0.03925
 16.2583   38.32000   82.40300   37.6269  131.0007    5.71300   -0.04295
 16.2667   38.17600   82.63400   37.6155  131.0214    5.78200   -0.04822
 16.2750   38.03200   82.86600   37.6040  131.0421    5.83500   -0.04013
 16.2833   37.88800   83.09600   37.5925  131.0628    5.98800   -0.02707
 16.2917   37.74400   83.32700   37.5808  131.0836    6.08200   -0.00225
 16.3000   37.60000   83.55700   37.5690  131.1044    6.18800    0.01105
 16.3083   37.45600   83.78600   37.5572  131.1252    6.28500    0.02432
 16.3167   37.31100   84.01500   37.5452  131.1463    6.37400    0.03735
 16.3250   37.16700   84.24400   37.5331  131.1673    6.47300    0.05201
 16.3333   37.02300   84.47200   37.5209  131.1883    6.57500    0.05304
 16.3417   36.87700   84.69700   37.5088  131.2096    6.59600    0.05749
 16.3500   36.73200   84.92200   37.4966  131.2308    6.70600    0.05287
 16.3583   36.58700   85.14700   37.4842  131.2521    6.75800    0.06137
 16.3667   36.44100   85.37100   37.4717  131.2736    6.82800    0.05837
 16.3750   36.29600   85.59500   37.4592  131.2950    6.87300    0.05029
 16.3833   36.15000   85.81900   37.4465  131.3166    6.88800    0.04343
 16.3917   36.00500   86.04200   37.4337  131.3381    6.95500    0.03154
 16.4000   35.85900   86.26500   37.4207  131.3598    6.96400    0.02815
 16.4083   35.71300   86.48700   37.4077  131.3815    7.01200    0.01834
 16.4167   35.56800   86.70900   37.3946  131.4032    7.04100    0.01723
 16.4250   35.42200   86.93100   37.3813  131.4251    7.08600    0.00627
 16.4333   35.27600   87.15200   37.3680  131.4470    7.07500   -0.00645
 16.4417   35.13000   87.37300   37.3545  131.4690    7.08500   -0.00831
 16.4500   34.98400   87.59300   37.3410  131.4910    7.17000   -0.00497
 16.4583   34.83700   87.81300   37.3273  131.5133    7.18100    0.00351
 16.4667   34.69100   88.03300   37.3134  131.5354    7.21900   -0.00394
 16.4750   34.54500   88.25200   37.2995  131.5577    7.23200    0.00713
 16.4833   34.39800   88.47000   37.2855  131.5801    7.33500    0.01668
 16.4917   34.25200   88.68900   37.2713  131.6024    7.36700    0.02109
 16.5000   34.10500   88.90600   37.2571  131.6250    7.35600    0.00161
 16.5083   33.95800   89.12200   37.2428  131.6476    7.34200   -0.02210
 16.5167   33.81100   89.33700   37.2284  131.6703    7.35400   -0.04210
 16.5250   33.66300   89.55200   37.2138  131.6933    7.36400   -0.04224
 16.5333   33.51600   89.76600   37.1992  131.7161    7.45100   -0.02637
 16.5417   33.36900   89.98000   37.1845  131.7390    7.54300   -0.00440
 16.5500   33.22100   90.19400   37.1695  131.7622    7.58500   -0.00117
 16.5583   33.07300   90.40700   37.1545  131.7854    7.58400    0.00409
 16.5667   32.92600   90.62000   37.1394  131.8085    7.68800    0.00074
 16.5750   32.77800   90.83300   37.1241  131.8319    7.68700    0.00113
 16.5833   32.63000   91.04500   37.1087  131.8553    7.70500   -0.00607
 16.5917   32.48200   91.25700   37.0931  131.8788    7.77700   -0.01094
 16.6000   32.33400   91.46800   37.0775  131.9024    7.79500   -0.00934
 16.6083   32.18600   91.67900   37.0617  131.9261    7.85400   -0.01486
 16.6167   32.03800   91.88900   37.0458  131.9498    7.89400   -0.01256
 16.6250   31.89000   92.10000   37.0297  131.9736    7.95300   -0.01187
 16.6333   31.74100   92.30900   37.0135  131.9977    8.00700   -0.00544
 16.6417   31.59300   92.51900   36.9971  132.0217    8.08100   -0.00794
 16.6500   31.44400   92.72700   36.9807  132.0460    8.10200   -0.01639
 16.6583   31.29500   92.93600   36.9641  132.0703    8.13700   -0.02871
 16.6667   31.14700   93.14400   36.9473  132.0945    8.20700   -0.04370
 16.6750   30.99800   93.35000   36.9305  132.1191    8.23100   -0.05418
 16.6833   30.84800   93.55600   36.9136  132.1439    8.30100   -0.06099
 16.6917   30.69900   93.76100   36.8966  132.1686    8.39800   -0.06593
 16.7000   30.55000   93.96600   36.8793  132.1934    8.44200   -0.05952
 16.7083   30.40000   94.17100   36.8619  132.2184    8.58200   -0.06651
 16.7167   30.25100   94.37500   36.8444  132.2434    8.61700   -0.06017
 16.7250   30.10100   94.57900   36.8268  132.2687    8.73500   -0.04791
 16.7333   29.95200   94.78200   36.8090  132.2939    8.91000   -0.01706
 16.7417   29.80200   94.98500   36.7910  132.3193    9.05000    0.00821
 16.7500   29.65200   95.18800   36.7729  132.3449    9.15100    0.01628
 16.7583   29.50200   95.39100   36.7546  132.3705    9.24600    0.01553
 16.7667   29.35200   95.59200   36.7362  132.3963    9.35400    0.01420
 16.7750   29.20200   95.79400   36.7176  132.4221    9.46400    0.01775
 16.7833   29.05100   95.99500   36.6988  132.4483    9.60100    0.01277
 16.7917   28.90100   96.19600   36.6799  132.4744    9.67200   -0.00640
 16.8000   28.75100   96.39600   36.6609  132.5006    9.71800   -0.03489
 16.8083   28.60000   96.59600   36.6416  132.5271    9.81100   -0.05995
 16.8167   28.44900   96.79600   36.6222  132.5537    9.90200   -0.06198
 16.8250   28.29800   96.99500   36.6026  132.5804   10.06900   -0.06329
 16.8333   28.14800   97.19400   36.5828  132.6071   10.16000   -0.04507
 16.8417   27.99700   97.39100   36.5630  132.6341   10.35800   -0.03277
 16.8500   27.84500   97.58700   36.5431  132.6614   10.49000   -0.00490
 16.8583   27.69400   97.78400   36.5229  132.6886   10.66700    0.01463
 16.8667   27.54300   97.97900   36.5026  132.7160   10.81700    0.03678
 16.8750   27.39200   98.17500   36.4820  132.7435   10.97000    0.05115
 16.8833   27.24000   98.37000   36.4613  132.7713   11.10900    0.05203
 16.8917   27.08800   98.56500   36.4404  132.7992   11.18700    0.04686
 16.9000   26.93700   98.76000   36.4193  132.8271   11.30200    0.03808
 16.9083   26.78500   98.95400   36.3980  132.8553   11.41400    0.02967
 16.9167   26.63300   99.14700   36.3766  132.8837   11.49200    0.01330
 16.9250   26.48100   99.34100   36.3549  132.9122   11.55600    0.00230
 16.9333   26.32900   99.53300   36.3332  132.9408   11.69600   -0.00159
 16.9417   26.17700   99.72600   36.3111  132.9695   11.80400    0.01498
 16.9500   26.02400   99.91800   36.2888  132.9987   11.97800    0.02198
 16.9583   25.87200  100.11000   36.2664  133.0277   12.04800    0.01923
 16.9667   25.72000  100.30100   36.2438  133.0569   12.09000   -0.00422
 16.9750   25.56700  100.49200   36.2209  133.0865   12.14100   -0.01554
 16.9833   25.41400  100.68200   36.1979  133.1163   12.28300   -0.01346
 16.9917   25.26100  100.87200   36.1746  133.1462   12.40400   -0.00130
 17.0000   25.10800  101.06200   36.1511  133.1762   12.50600    0.01429
 17.0083   24.95500  101.25000   36.1275  133.2065   12.65900    0.02010
 17.0167   24.80200  101.43800   36.1037  133.2369   12.70600    0.02604
 17.0250   24.64900  101.62500   36.0797  133.2674   12.79500    0.01983
 17.0333   24.49600  101.81300   36.0554  133.2981   12.85700    0.02692
 17.0417   24.34300  101.99900   36.0310  133.3291   12.97600    0.04785
 17.0500   24.18900  102.18600   36.0062  133.3604   13.14500    0.06924
 17.0583   24.03600  102.37200   35.9813  133.3916   13.21500    0.08263
 17.0667   23.88200  102.55700   35.9561  133.4233   13.28100    0.06959
 17.0750   23.72800  102.74300   35.9306  133.4551   13.27700    0.04816
 17.0833   23.57400  102.92700   35.9050  133.4872   13.27900    0.01495
 17.0917   23.42000  103.11200   35.8791  133.5194   13.25800   -0.00498
 17.1000   23.26600  103.29600   35.8529  133.5518   13.32200   -0.01633
 17.1083   23.11200  103.48000   35.8265  133.5844   13.36200   -0.00848
 17.1167   22.95800  103.66300   35.7999  133.6172   13.45000    0.00256
 17.1250   22.80300  103.84600   35.7729  133.6504   13.52200    0.02409
 17.1333   22.64900  104.02800   35.7458  133.6836   13.60500    0.03300
 17.1417   22.49400  104.21000   35.7183  133.7173   13.59000    0.03989
 17.1500   22.33900  104.39100   35.6907  133.7511   13.63000    0.04130
 17.1583   22.18400  104.57300   35.6626  133.7852   13.67500    0.05277
 17.1667   22.02900  104.75300   35.6344  133.8195   13.72000    0.05255
 17.1750   21.87500  104.93300   35.6060  133.8537   13.68200    0.04718
 17.1833   21.72000  105.11200   35.5773  133.8885   13.68600    0.03947
 17.1917   21.56500  105.29100   35.5483  133.9234   13.70900    0.03998
 17.2000   21.41000  105.46900   35.5191  133.9586   13.71500    0.02052
 17.2083   21.25400  105.64700   35.4894  133.9944   13.58300    0.00359
 17.2167   21.09900  105.82500   35.4596  134.0300   13.61100   -0.00671
 17.2250   20.94400  106.00200   35.4294  134.0659   13.64900    0.00534
 17.2333   20.78800  106.17900   35.3989  134.1023   13.65200    0.00467
 17.2417   20.63200  106.35600   35.3680  134.1389   13.58600   -0.00333
 17.2500   20.47700  106.53200   35.3370  134.1755   13.56600   -0.01236
 17.2583   20.32100  106.70800   35.3055  134.2126   13.55100   -0.01219
 17.2667   20.16500  106.88300   35.2738  134.2501   13.54500   -0.00362
 17.2750   20.00800  107.05800   35.2416  134.2880   13.58200    0.01736
 17.2833   19.85200  107.23200   35.2093  134.3259   13.65500    0.02826
 17.2917   19.69600  107.40700   35.1765  134.3641   13.58400    0.02415
 17.3000   19.53900  107.58000   35.1434  134.4028   13.51600    0.01202
 17.3083   19.38300  107.75300   35.1100  134.4416   13.52000    0.00543
 17.3167   19.22600  107.92600   35.0762  134.4809   13.46600    0.01178
 17.3250   19.06900  108.09800   35.0421  134.5205   13.47600    0.00271
 17.3333   18.91200  108.27000   35.0076  134.5603   13.37000    0.01262
 17.3417   18.75500  108.44100   34.9727  134.6005   13.44800    0.02432
 17.3500   18.59900  108.61200   34.9376  134.6407   13.46700    0.05109
 17.3583   18.44200  108.78200   34.9021  134.6815   13.46300    0.05848
 17.3667   18.28500  108.95200   34.8662  134.7225   13.39500    0.05342
 17.3750   18.12800  109.12200   34.8299  134.7639   13.31600    0.02505
 17.3833   17.97100  109.29100   34.7932  134.8056   13.14100   -0.00321
 17.3917   17.81400  109.46000   34.7561  134.8475   13.07200   -0.02024
 17.4000   17.65600  109.62800   34.7186  134.8902   13.07400   -0.02277
 17.4083   17.49900  109.79600   34.6807  134.9328   13.00200   -0.02144
 17.4167   17.34100  109.96300   34.6424  134.9762   12.96600   -0.02181
 17.4250   17.18300  110.13000   34.6036  135.0198   12.95300   -0.01513
 17.4333   17.02500  110.29700   34.5644  135.0637   12.92300   -0.00765
 17.4417   16.86700  110.46300   34.5248  135.1081   12.87600   -0.00740
 17.4500   16.70900  110.62900   34.4847  135.1527   12.80400   -0.00708
 17.4583   16.55100  110.79500   34.4441  135.1977   12.77800   -0.00760
 17.4667   16.39300  110.95900   34.4033  135.2431   12.74100   -0.00366
 17.4750   16.23400  111.12400   34.3617  135.2891   12.71900    0.00132
 17.4833   16.07600  111.28800   34.3199  135.3352   12.72000    0.00574
 17.4917   15.91700  111.45200   34.2774  135.3820   12.68800    0.00823
 17.5000   15.75800  111.61500   34.2345  135.4292   12.65100   -0.00543
 17.5083   15.60000  111.77700   34.1914  135.4765   12.52800   -0.02331
 17.5167   15.44100  111.93900   34.1476  135.5245   12.45200   -0.03201
 17.5250   15.28300  112.10100   34.1034  135.5725   12.48400   -0.03024
 17.5333   15.12400  112.26300   34.0585  135.6212   12.44100   -0.02093
 17.5417   14.96500  112.42400   34.0132  135.6703   12.44000   -0.01273
 17.5500   14.80700  112.58400   33.9675  135.7195   12.47700    0.01052
 17.5583   14.64700  112.74400   33.9210  135.7699   12.55900    0.02279
 17.5667   14.48800  112.90400   33.8741  135.8203   12.47100    0.01563
 17.5750   14.32900  113.06300   33.8267  135.8711   12.35700    0.00525
 17.5833   14.17000  113.22200   33.7787  135.9223   12.41600   -0.02340
 17.5917   14.01000  113.38100   33.7299  135.9743   12.18700   -0.02878
 17.6000   13.85100  113.53900   33.6808  136.0264   12.26000   -0.04083
 17.6083   13.69100  113.69600   33.6311  136.0794   12.26400   -0.01281
 17.6167   13.53100  113.85300   33.5807  136.1328   12.35400    0.00825
 17.6250   13.37100  114.01000   33.5296  136.1867   12.37400    0.02142
 17.6333   13.21100  114.16600   33.4781  136.2410   12.30900    0.01736
 17.6417   13.05100  114.32200   33.4258  136.2958   12.25000    0.02419
 17.6500   12.89000  114.47800   33.3727  136.3514   12.34500    0.03296
 17.6583   12.73000  114.63200   33.3194  136.4072   12.29800    0.03121
 17.6667   12.56900  114.78700   33.2651  136.4638   12.14900    0.02026
 17.6750   12.40900  114.94100   33.2104  136.5205   12.17200    0.00735
 17.6833   12.24900  115.09500   33.1549  136.5776   12.10700   -0.00013
 17.6917   12.08900  115.24800   33.0990  136.6353   12.01500    0.01124
 17.7000   11.92900  115.40100   33.0422  136.6935   12.18300    0.00701
 17.7083   11.76900  115.55300   32.9849  136.7522   11.97900    0.01232
 17.7167   11.60800  115.70500   32.9266  136.8118   11.95300   -0.00043
 17.7250   11.44800  115.85700   32.8678  136.8715   11.95200    0.00588
 17.7333   11.28700  116.00800   32.8081  136.9321   11.88800   -0.00029
 17.7417   11.12600  116.15900   32.7476  136.9933   11.73700   -0.00388
 17.7500   10.96500  116.30900   32.6865  137.0551   11.75100    0.00431
 17.7583   10.80400  116.45900   32.6245  137.1173   11.77400    0.02954
 17.7667   10.64300  116.60800   32.5619  137.1802   11.82200    0.03877
 17.7750   10.48100  116.75700   32.4982  137.2440   11.67900    0.05217
 17.7833   10.32000  116.90500   32.4340  137.3080   11.72900    0.04485
 17.7917   10.15800  117.05300   32.3688  137.3730   11.59400    0.01612
 17.8000    9.99700  117.20100   32.3029  137.4380   11.27000   -0.00607
 17.8083    9.83500  117.34800   32.2360  137.5041   11.28800   -0.00580
 17.8167    9.67300  117.49500   32.1683  137.5708   11.23200    0.00794
 17.8250    9.51100  117.64100   32.0998  137.6381   11.03800    0.00000

