hmax        =    300
wind_bottom =      2
wind_top    =     10
critlon     =      0
tbeg, h     =   0.00
tend, h     =  24.00
c_ionex     =      0
c_vert      =      1
time, gamma, az, latp, lonp, tec, tec_filtered
  1.6500   21.35100  -44.26300   41.3376  121.6266    2.13900    0.00000
  1.6583   21.51100  -44.38600   41.3027  121.6529    2.11300    0.00153
  1.6667   21.67100  -44.51100   41.2681  121.6789    2.11000   -0.00792
  1.6750   21.83200  -44.63400   41.2338  121.7051    2.05400    0.00322
  1.6833   21.99300  -44.75900   41.1996  121.7308    2.10800    0.03751
  1.6917   22.15300  -44.88500   41.1659  121.7561    2.15300    0.04235
  1.7000   22.31300  -45.01200   41.1325  121.7811    1.91900    0.03181
  1.7083   22.47200  -45.14100   41.0993  121.8055    1.86300   -0.00177
  1.7167   22.63000  -45.27100   41.0666  121.8294    1.75600   -0.00416
  1.7250   22.78800  -45.40300   41.0340  121.8530    1.74000   -0.00221
  1.7333   22.94500  -45.53600   41.0017  121.8761    1.73500   -0.00144
  1.7417   23.10200  -45.67000   40.9698  121.8989    1.62300   -0.01114
  1.7500   23.25800  -45.80600   40.9381  121.9212    1.53200   -0.02846
  1.7583   23.41300  -45.94300   40.9067  121.9431    1.47700   -0.03528
  1.7667   23.56800  -46.08200   40.8755  121.9646    1.42500   -0.03006
  1.7750   23.72100  -46.22200   40.8448  121.9856    1.39700   -0.01888
  1.7833   23.87500  -46.36300   40.8142  122.0065    1.37200   -0.00312
  1.7917   24.02700  -46.50600   40.7839  122.0267    1.35000    0.02159
  1.8000   24.17900  -46.65000   40.7538  122.0467    1.38800    0.02824
  1.8083   24.33000  -46.79600   40.7240  122.0663    1.25500    0.02216
  1.8167   24.48000  -46.94300   40.6946  122.0855    1.15300    0.01087
  1.8250   24.63000  -47.09100   40.6653  122.1045    1.15900    0.01365
  1.8333   24.77900  -47.24100   40.6362  122.1230    1.11600    0.01676
  1.8417   24.93000  -47.39000   40.6072  122.1419    1.02900    0.00859
  1.8500   25.08000  -47.53900   40.5786  122.1605    0.97300   -0.01281
  1.8583   25.22900  -47.69100   40.5501  122.1786    0.85700   -0.02510
  1.8667   25.37700  -47.84300   40.5220  122.1964    0.82700   -0.03221
  1.8750   25.52500  -47.99700   40.4940  122.2140    0.80200   -0.02871
  1.8833   25.67200  -48.15300   40.4662  122.2312    0.74400   -0.03465
  1.8917   25.81800  -48.31000   40.4386  122.2481    0.65700   -0.03759
  1.9000   25.96300  -48.46900   40.4113  122.2645    0.65700   -0.03847
  1.9083   26.10800  -48.62900   40.3842  122.2808    0.62000   -0.02009
  1.9167   26.25200  -48.79000   40.3573  122.2968    0.64900   -0.01544
  1.9250   26.39400  -48.95300   40.3306  122.3122    0.57000   -0.00052
  1.9333   26.53700  -49.11700   40.3041  122.3277    0.59300    0.00642
  1.9417   26.67800  -49.28300   40.2778  122.3427    0.57900    0.01151
  1.9500   26.81800  -49.45000   40.2518  122.3573    0.49000    0.01155
  1.9583   26.95800  -49.61900   40.2258  122.3718    0.48700    0.00570
  1.9667   27.09600  -49.78900   40.2002  122.3858    0.44000    0.01220
  1.9750   27.23400  -49.96000   40.1747  122.3997    0.42900    0.01755
  1.9833   27.37100  -50.13300   40.1493  122.4133    0.42500    0.02020
  1.9917   27.50700  -50.30800   40.1241  122.4265    0.37000    0.01966
  2.0000   27.64200  -50.48400   40.0992  122.4395    0.33500    0.00402
  2.0083   27.77900  -50.65800   40.0743  122.4529    0.25200   -0.01437
  2.0167   27.91500  -50.83400   40.0496  122.4661    0.18100   -0.03318
  2.0250   28.05000  -51.01200   40.0251  122.4789    0.15000   -0.03882
  2.0333   28.18400  -51.19100   40.0007  122.4914    0.14000   -0.04276
  2.0417   28.31800  -51.37100   39.9765  122.5039    0.08200   -0.03569
  2.0500   28.45000  -51.55300   39.9524  122.5159    0.12000   -0.03078
  2.0583   28.58100  -51.73600   39.9286  122.5276    0.10500   -0.01795
  2.0667   28.71200  -51.92100   39.9049  122.5393    0.10000   -0.03203
  2.0750   28.84100  -52.10800   39.8813  122.5505    0.00000   -0.02204
  2.0833   28.96900  -52.29500   39.8580  122.5615    0.13000   -0.02809
  2.0917   29.09700  -52.48500   39.8346  122.5724    0.05200   -0.02124
  2.1000   29.22300  -52.67500   39.8116  122.5829    0.03900   -0.04221
  2.1083   29.34900  -52.86700   39.7886  122.5934    0.03000   -0.05541
  2.1167   29.47300  -53.06100   39.7658  122.6034    0.00900   -0.06137
  2.1250   29.59600  -53.25600   39.7432  122.6132    0.05000   -0.05716
  2.1333   29.71900  -53.45200   39.7206  122.6229    0.10600   -0.04640
  2.1417   29.84000  -53.65000   39.6983  122.6323    0.12800   -0.03603
  2.1500   29.96000  -53.85000   39.6760  122.6414    0.17300   -0.02301
  2.1583   30.07900  -54.05000   39.6539  122.6504    0.25500   -0.01905
  2.1667   30.19700  -54.25200   39.6320  122.6591    0.23800   -0.01406
  2.1750   30.31700  -54.45300   39.6100  122.6683    0.29900   -0.02584
  2.1833   30.43600  -54.65600   39.5882  122.6772    0.30300   -0.01930
  2.1917   30.55400  -54.86000   39.5665  122.6859    0.39800   -0.01220
  2.2000   30.67000  -55.06500   39.5450  122.6943    0.47600   -0.00998
  2.2083   30.78600  -55.27200   39.5235  122.7027    0.46400   -0.01764
  2.2167   30.90000  -55.48000   39.5023  122.7107    0.51400   -0.02104
  2.2250   31.01300  -55.69000   39.4811  122.7185    0.61700   -0.03123
  2.2333   31.12600  -55.90100   39.4599  122.7263    0.57300   -0.02292
  2.2417   31.23600  -56.11400   39.4390  122.7335    0.72400   -0.02618
  2.2500   31.34600  -56.32800   39.4181  122.7408    0.77000   -0.01180
  2.2583   31.45500  -56.54300   39.3974  122.7479    0.82100   -0.01063
  2.2667   31.56200  -56.75900   39.3768  122.7547    0.90700   -0.00094
  2.2750   31.66900  -56.97800   39.3562  122.7614    0.99600    0.00422
  2.2833   31.77400  -57.19700   39.3358  122.7679    1.02000    0.01191
  2.2917   31.87800  -57.41800   39.3155  122.7741    1.11500    0.01053
  2.3000   31.98000  -57.64000   39.2953  122.7801    1.16200    0.01254
  2.3083   32.08200  -57.86300   39.2752  122.7861    1.20700    0.02207
  2.3167   32.18200  -58.08800   39.2552  122.7918    1.34700    0.02034
  2.3250   32.28100  -58.31400   39.2353  122.7973    1.33500    0.02245
  2.3333   32.37800  -58.54200   39.2155  122.8025    1.40000    0.01051
  2.3417   32.47800  -58.76800   39.1957  122.8083    1.46400    0.00424
  2.3500   32.57600  -58.99600   39.1760  122.8138    1.47700   -0.00796
  2.3583   32.67300  -59.22500   39.1564  122.8192    1.51200   -0.02515
  2.3667   32.76900  -59.45600   39.1369  122.8244    1.55100   -0.01986
  2.3750   32.86300  -59.68800   39.1175  122.8293    1.68200   -0.01518
  2.3833   32.95600  -59.92100   39.0981  122.8341    1.72200   -0.00697
  2.3917   33.04800  -60.15500   39.0789  122.8388    1.78600   -0.01036
  2.4000   33.13800  -60.39100   39.0597  122.8432    1.86500   -0.01914
  2.4083   33.22800  -60.62800   39.0406  122.8476    1.88300   -0.02890
  2.4167   33.31600  -60.86700   39.0215  122.8517    1.94600   -0.05012
  2.4250   33.40200  -61.10600   39.0026  122.8556    1.97200   -0.04848
  2.4333   33.48700  -61.34700   38.9838  122.8594    2.10600   -0.05363
  2.4417   33.57100  -61.58900   38.9650  122.8630    2.14400   -0.04165
  2.4500   33.65400  -61.83200   38.9463  122.8666    2.26600   -0.02531
  2.4583   33.73500  -62.07700   38.9276  122.8698    2.42600   -0.00760
  2.4667   33.81400  -62.32200   38.9091  122.8729    2.47200    0.01447
  2.4750   33.89300  -62.56900   38.8905  122.8760    2.61600    0.01819
  2.4833   33.97000  -62.81700   38.8721  122.8788    2.69200    0.02043
  2.4917   34.04500  -63.06600   38.8538  122.8814    2.73600    0.00638
  2.5000   34.12000  -63.31600   38.8355  122.8840    2.80600   -0.01104
  2.5083   34.19500  -63.56500   38.8172  122.8868    2.87300   -0.00941
  2.5167   34.27000  -63.81600   38.7990  122.8895    3.01400   -0.00447
  2.5250   34.34300  -64.06800   38.7808  122.8921    3.10300    0.00012
  2.5333   34.41500  -64.32000   38.7627  122.8946    3.16600   -0.00572
  2.5417   34.48500  -64.57400   38.7447  122.8968    3.25300   -0.00907
  2.5500   34.55400  -64.82900   38.7267  122.8989    3.35300    0.00019
  2.5583   34.62100  -65.08600   38.7088  122.9008    3.47500   -0.00107
  2.5667   34.68700  -65.34300   38.6909  122.9026    3.51500   -0.00045
  2.5750   34.75100  -65.60100   38.6731  122.9042    3.62700   -0.00658
  2.5833   34.81400  -65.86000   38.6554  122.9057    3.72100   -0.00431
  2.5917   34.87600  -66.12100   38.6376  122.9071    3.80500   -0.01010
  2.6000   34.93600  -66.38200   38.6199  122.9083    3.87900   -0.01647
  2.6083   34.99400  -66.64400   38.6024  122.9093    3.97300   -0.02194
  2.6167   35.05100  -66.90700   38.5848  122.9102    4.06500   -0.01830
  2.6250   35.10700  -67.17100   38.5673  122.9111    4.18500   -0.01449
  2.6333   35.16100  -67.43600   38.5498  122.9117    4.27900   -0.00167
  2.6417   35.21300  -67.70200   38.5324  122.9121    4.41100    0.00465
  2.6500   35.26400  -67.96900   38.5150  122.9125    4.50200    0.00326
  2.6583   35.31400  -68.23700   38.4976  122.9127    4.55900   -0.00650
  2.6667   35.36200  -68.50500   38.4804  122.9128    4.65500   -0.00585
  2.6750   35.41200  -68.77300   38.4631  122.9133    4.79700    0.00535
  2.6833   35.46000  -69.04200   38.4458  122.9135    4.90900    0.01858
  2.6917   35.50600  -69.31100   38.4286  122.9136    5.01600    0.01454
  2.7000   35.55200  -69.58200   38.4114  122.9137    5.07600    0.00191
  2.7083   35.59500  -69.85300   38.3943  122.9135    5.14400   -0.00744
  2.7167   35.63700  -70.12500   38.3772  122.9133    5.26400   -0.00337
  2.7250   35.67700  -70.39800   38.3601  122.9128    5.38200   -0.00599
  2.7333   35.71600  -70.67100   38.3431  122.9123    5.41800    0.00139
  2.7417   35.75400  -70.94600   38.3260  122.9117    5.58700    0.00555
  2.7500   35.79000  -71.22000   38.3090  122.9109    5.69400    0.01512
  2.7583   35.82400  -71.49600   38.2921  122.9099    5.75600    0.01280
  2.7667   35.85600  -71.77200   38.2752  122.9088    5.86700    0.00802
  2.7750   35.88800  -72.04900   38.2582  122.9077    5.96200   -0.00159
  2.7833   35.91700  -72.32700   38.2414  122.9063    6.00400   -0.01036
  2.7917   35.94500  -72.60500   38.2245  122.9048    6.12100   -0.02419
  2.8000   35.97200  -72.88400   38.2076  122.9033    6.19600   -0.02182
  2.8083   35.99600  -73.16300   38.1909  122.9015    6.31700   -0.02166
  2.8167   36.02000  -73.44300   38.1741  122.8997    6.43000   -0.01828
  2.8250   36.04200  -73.72300   38.1573  122.8978    6.52100   -0.01962
  2.8333   36.06200  -74.00400   38.1405  122.8956    6.62000   -0.01728
  2.8417   36.08300  -74.28400   38.1238  122.8938    6.75000   -0.00826
  2.8500   36.10300  -74.56500   38.1071  122.8919    6.87500   -0.00407
  2.8583   36.12200  -74.84600   38.0904  122.8899    6.95300   -0.01312
  2.8667   36.13900  -75.12800   38.0736  122.8878    7.02300   -0.01224
  2.8750   36.15400  -75.41000   38.0570  122.8854    7.19600   -0.00656
  2.8833   36.16800  -75.69300   38.0403  122.8831    7.30400    0.00906
  2.8917   36.18000  -75.97600   38.0236  122.8805    7.42000    0.01147
  2.9000   36.19100  -76.25900   38.0069  122.8779    7.53400    0.00942
  2.9083   36.20000  -76.54300   37.9903  122.8751    7.62100    0.01033
  2.9167   36.20700  -76.82700   37.9737  122.8721    7.75200    0.00997
  2.9250   36.21300  -77.11100   37.9570  122.8691    7.86000    0.00493
  2.9333   36.21700  -77.39600   37.9404  122.8659    7.92500   -0.00350
  2.9417   36.22000  -77.68100   37.9238  122.8627    8.04500   -0.01674
  2.9500   36.22100  -77.96600   37.9072  122.8593    8.13700   -0.00972
  2.9583   36.22000  -78.25100   37.8906  122.8557    8.29900   -0.01901
  2.9667   36.21800  -78.53700   37.8740  122.8520    8.34300   -0.01263
  2.9750   36.21500  -78.82200   37.8574  122.8484    8.50800   -0.01666
  2.9833   36.21000  -79.10800   37.8408  122.8445    8.62300   -0.02098
  2.9917   36.20300  -79.39400   37.8242  122.8404    8.66700   -0.02654
  3.0000   36.19500  -79.68000   37.8076  122.8363    8.82700   -0.02557
  3.0083   36.18800  -79.96600   37.7909  122.8325    8.97800   -0.01109
  3.0167   36.17900  -80.25200   37.7743  122.8285    9.09400   -0.00418
  3.0250   36.16900  -80.53700   37.7577  122.8244    9.22600   -0.00949
  3.0333   36.15800  -80.82300   37.7411  122.8203    9.33000   -0.01300
  3.0417   36.14400  -81.10900   37.7244  122.8159    9.46000   -0.01533
  3.0500   36.13000  -81.39500   37.7078  122.8116    9.60800   -0.01999
  3.0583   36.11300  -81.68100   37.6911  122.8069    9.70700   -0.03430
  3.0667   36.09500  -81.96700   37.6745  122.8022    9.80200   -0.04970
  3.0750   36.07600  -82.25300   37.6578  122.7975    9.95700   -0.05158
  3.0833   36.05500  -82.53900   37.6411  122.7926   10.13200   -0.04672
  3.0917   36.03300  -82.82500   37.6244  122.7876   10.26600   -0.04829
  3.1000   36.00900  -83.11100   37.6077  122.7824   10.39500   -0.04254
  3.1083   35.98300  -83.39700   37.5909  122.7771   10.60900   -0.03798
  3.1167   35.95600  -83.68200   37.5742  122.7717   10.74600   -0.03128
  3.1250   35.92700  -83.96700   37.5575  122.7662   10.89100   -0.02799
  3.1333   35.89700  -84.25300   37.5406  122.7605   11.09300   -0.01675
  3.1417   35.86600  -84.53800   37.5238  122.7549   11.27100    0.00021
  3.1500   35.83300  -84.82200   37.5070  122.7490   11.44600    0.01558
  3.1583   35.79800  -85.10700   37.4902  122.7430   11.64500    0.01746
  3.1667   35.76200  -85.39100   37.4733  122.7369   11.76300    0.02266
  3.1750   35.72700  -85.67500   37.4564  122.7310   11.95600    0.02153
  3.1833   35.69100  -85.95900   37.4395  122.7251   12.12800    0.02696
  3.1917   35.65300  -86.24200   37.4226  122.7191   12.27800    0.02396
  3.2000   35.61400  -86.52500   37.4056  122.7129   12.43400    0.01677
  3.2083   35.57300  -86.80800   37.3886  122.7066   12.58800    0.00511
  3.2167   35.53100  -87.09000   37.3716  122.7002   12.71800   -0.01591
  3.2250   35.48800  -87.37200   37.3546  122.6938   12.83000   -0.02881
  3.2333   35.44200  -87.65400   37.3375  122.6870   13.02200   -0.02840
  3.2417   35.39600  -87.93600   37.3204  122.6803   13.21600   -0.02700
  3.2500   35.34800  -88.21700   37.3032  122.6734   13.33700   -0.02858
  3.2583   35.29800  -88.49700   37.2861  122.6663   13.51800   -0.03153
  3.2667   35.24800  -88.77700   37.2689  122.6593   13.70800   -0.02522
  3.2750   35.19500  -89.05700   37.2516  122.6519   13.87600   -0.02134
  3.2833   35.14200  -89.33700   37.2343  122.6447   14.05000   -0.02325
  3.2917   35.08700  -89.61600   37.2170  122.6372   14.21800   -0.01916
  3.3000   35.03000  -89.89400   37.1996  122.6295   14.41500   -0.01449
  3.3083   34.97200  -90.17200   37.1822  122.6217   14.59400   -0.00647
  3.3167   34.91300  -90.44900   37.1648  122.6139   14.78000    0.00359
  3.3250   34.85300  -90.72600   37.1473  122.6060   14.98800    0.01421
  3.3333   34.79100  -91.00200   37.1298  122.5979   15.16600    0.01668
  3.3417   34.73000  -91.27800   37.1122  122.5901   15.31200    0.02676
  3.3500   34.66800  -91.55400   37.0945  122.5822   15.55300    0.03797
  3.3583   34.60500  -91.82800   37.0769  122.5742   15.73100    0.05221
  3.3667   34.54000  -92.10300   37.0592  122.5660   15.88300    0.04119
  3.3750   34.47400  -92.37600   37.0415  122.5577   15.99500    0.03042
  3.3833   34.40600  -92.64900   37.0236  122.5492   16.16900    0.02751
  3.3917   34.33700  -92.92200   37.0057  122.5406   16.35100    0.03607
  3.4000   34.26700  -93.19400   36.9878  122.5319   16.51400    0.02791
  3.4083   34.19600  -93.46500   36.9699  122.5232   16.60300    0.03012
  3.4167   34.12300  -93.73600   36.9518  122.5142   16.83300    0.01984
  3.4250   34.04900  -94.00600   36.9337  122.5052   16.93300    0.01354
  3.4333   33.97400  -94.27500   36.9156  122.4960   17.03600   -0.00608
  3.4417   33.89800  -94.54400   36.8974  122.4868   17.19700   -0.01961
  3.4500   33.82000  -94.81200   36.8791  122.4774   17.32000   -0.02205
  3.4583   33.74100  -95.07900   36.8608  122.4678   17.47900   -0.03569
  3.4667   33.66100  -95.34600   36.8423  122.4582   17.58500   -0.03297
  3.4750   33.58000  -95.61100   36.8239  122.4485   17.78900   -0.02190
  3.4833   33.49700  -95.87700   36.8054  122.4385   17.98700   -0.00902
  3.4917   33.41300  -96.14100   36.7868  122.4284   18.10700   -0.00194
  3.5000   33.32800  -96.40500   36.7681  122.4183   18.28600   -0.00303
  3.5083   33.24500  -96.66800   36.7494  122.4085   18.45000    0.00119
  3.5167   33.16000  -96.93100   36.7306  122.3985   18.60500   -0.00779
  3.5250   33.07300  -97.19200   36.7118  122.3882   18.73200   -0.01513
  3.5333   32.98600  -97.45300   36.6928  122.3779   18.92000   -0.02945
  3.5417   32.89700  -97.71400   36.6738  122.3675   19.05000   -0.04025
  3.5500   32.80800  -97.97300   36.6547  122.3570   19.20500   -0.05189
  3.5583   32.71700  -98.23200   36.6356  122.3463   19.39500   -0.05479
  3.5667   32.62500  -98.49000   36.6163  122.3355   19.57500   -0.05449
  3.5750   32.53200  -98.74700   36.5970  122.3246   19.75600   -0.05790
  3.5833   32.43800  -99.00400   36.5775  122.3135   19.93900   -0.05383
  3.5917   32.34200  -99.26000   36.5580  122.3022   20.16900   -0.04460
  3.6000   32.24600  -99.51500   36.5384  122.2910   20.38400   -0.02520
  3.6083   32.14800  -99.76900   36.5187  122.2794   20.62900   -0.01900
  3.6167   32.05000 -100.02200   36.4990  122.2679   20.80400   -0.02507
  3.6250   31.95100 -100.27500   36.4791  122.2563   20.97400   -0.03433
  3.6333   31.85000 -100.52600   36.4592  122.2444   21.21900   -0.03967
  3.6417   31.74800 -100.77700   36.4391  122.2323   21.43000   -0.03074
  3.6500   31.64600 -101.02700   36.4190  122.2203   21.68400   -0.02162
  3.6583   31.54200 -101.27600   36.3987  122.2080   21.94000   -0.01925
  3.6667   31.43800 -101.52500   36.3784  122.1957   22.12400   -0.02779
  3.6750   31.33400 -101.77300   36.3579  122.1835   22.32800   -0.03749
  3.6833   31.23000 -102.02000   36.3375  122.1713   22.57800   -0.03656
  3.6917   31.12400 -102.26600   36.3168  122.1588   22.82100   -0.02070
  3.7000   31.01800 -102.51200   36.2961  122.1463   23.10600   -0.00522
  3.7083   30.91000 -102.75600   36.2753  122.1335   23.36400    0.00742
  3.7167   30.80200 -103.00000   36.2544  122.1208   23.60100    0.00862
  3.7250   30.69200 -103.24300   36.2333  122.1077   23.83600    0.01077
  3.7333   30.58200 -103.48500   36.2121  122.0946   24.10200    0.00334
  3.7417   30.47100 -103.72600   36.1909  122.0814   24.29000    0.00042
  3.7500   30.35900 -103.96700   36.1695  122.0680   24.55200   -0.02019
  3.7583   30.24500 -104.20600   36.1479  122.0543   24.73300   -0.01696
  3.7667   30.13100 -104.44500   36.1263  122.0406   25.05700   -0.02862
  3.7750   30.01700 -104.68300   36.1046  122.0269   25.24700   -0.02632
  3.7833   29.90100 -104.92000   36.0827  122.0129   25.50600   -0.02852
  3.7917   29.78500 -105.15600   36.0607  121.9989   25.80800   -0.02048
  3.8000   29.66700 -105.39200   36.0385  121.9845   26.05800   -0.02221
  3.8083   29.54900 -105.62600   36.0162  121.9702   26.27200   -0.02876
  3.8167   29.43000 -105.86000   35.9938  121.9556   26.55700   -0.03616
  3.8250   29.31000 -106.09300   35.9712  121.9409   26.81500   -0.03535
  3.8333   29.19000 -106.32500   35.9486  121.9262   27.08300   -0.03404
  3.8417   29.07000 -106.55700   35.9258  121.9115   27.38400   -0.03295
  3.8500   28.95000 -106.78700   35.9029  121.8968   27.64800   -0.03081
  3.8583   28.82900 -107.01700   35.8799  121.8819   27.93400   -0.03529
  3.8667   28.70700 -107.24600   35.8567  121.8668   28.20900   -0.03213
  3.8750   28.58400 -107.47400   35.8334  121.8516   28.52500   -0.03227
  3.8833   28.46000 -107.70200   35.8098  121.8361   28.80300   -0.02686
  3.8917   28.33600 -107.92800   35.7862  121.8206   29.11800   -0.01860
  3.9000   28.21100 -108.15400   35.7624  121.8049   29.45800   -0.01755
  3.9083   28.08500 -108.37900   35.7384  121.7890   29.70400   -0.02196
  3.9167   27.95800 -108.60300   35.7143  121.7730   30.00000   -0.02461
  3.9250   27.83100 -108.82600   35.6901  121.7568   30.36100   -0.02468
  3.9333   27.70300 -109.04900   35.6656  121.7405   30.63300   -0.01948
  3.9417   27.57500 -109.27000   35.6410  121.7242   30.96600   -0.02067
  3.9500   27.44500 -109.49100   35.6162  121.7074   31.30500   -0.01273
  3.9583   27.31600 -109.71100   35.5913  121.6908   31.63600   -0.01698
  3.9667   27.18500 -109.93000   35.5662  121.6738   31.91000   -0.02994
  3.9750   27.05400 -110.14900   35.5408  121.6567   32.20600   -0.04359
  3.9833   26.92200 -110.36600   35.5154  121.6394   32.54200   -0.03754
  3.9917   26.79000 -110.58300   35.4897  121.6221   32.93700   -0.02988
  4.0000   26.65700 -110.79900   35.4639  121.6046   33.24800   -0.02066
  4.0083   26.52500 -111.01500   35.4379  121.5872   33.59600   -0.02277
  4.0167   26.39200 -111.22900   35.4118  121.5695   33.92900   -0.00925
  4.0250   26.25800 -111.44300   35.3854  121.5516   34.33500   -0.00875
  4.0333   26.12400 -111.65600   35.3589  121.5337   34.61500   -0.00301
  4.0417   25.99000 -111.86900   35.3322  121.5158   34.98500   -0.00157
  4.0500   25.85500 -112.08000   35.3053  121.4975   35.37100    0.00951
  4.0583   25.71900 -112.29100   35.2781  121.4790   35.72600    0.01141
  4.0667   25.58300 -112.50100   35.2508  121.4605   36.05300   -0.00196
  4.0750   25.44600 -112.71000   35.2233  121.4417   36.35900   -0.02101
  4.0833   25.30800 -112.91900   35.1954  121.4227   36.68000   -0.03554
  4.0917   25.17000 -113.12600   35.1675  121.4035   37.04100   -0.04017
  4.1000   25.03200 -113.33400   35.1392  121.3843   37.41200   -0.04121
  4.1083   24.89300 -113.54000   35.1108  121.3648   37.76000   -0.03626
  4.1167   24.75400 -113.74500   35.0822  121.3453   38.16600   -0.04803
  4.1250   24.61400 -113.95000   35.0533  121.3255   38.45100   -0.02749
  4.1333   24.47300 -114.15400   35.0242  121.3053   39.00900   -0.03155
  4.1417   24.33300 -114.35800   34.9948  121.2854   39.27400   -0.01889
  4.1500   24.19200 -114.56000   34.9653  121.2651   39.67000   -0.03690
  4.1583   24.05000 -114.76200   34.9355  121.2445   40.05500   -0.03266
  4.1667   23.90800 -114.96300   34.9054  121.2239   40.47700   -0.04592
  4.1750   23.76600 -115.16400   34.8751  121.2031   40.78600   -0.04859
  4.1833   23.62500 -115.36400   34.8447  121.1825   41.25100   -0.05366
  4.1917   23.48200 -115.56300   34.8140  121.1614   41.66700   -0.03606
  4.2000   23.34000 -115.76200   34.7830  121.1404   42.12100   -0.02141
  4.2083   23.19600 -115.96000   34.7517  121.1189   42.57300   -0.01779
  4.2167   23.05300 -116.15700   34.7202  121.0975   42.91800   -0.01539
  4.2250   22.90900 -116.35400   34.6884  121.0758   43.36800   -0.01220
  4.2333   22.76500 -116.54900   34.6564  121.0539   43.82500    0.00725
  4.2417   22.62000 -116.74500   34.6240  121.0318   44.27700    0.02895
  4.2500   22.47500 -116.93900   34.5914  121.0095   44.74500    0.04419
  4.2583   22.32900 -117.13300   34.5584  120.9869   45.16800    0.04368
  4.2667   22.18400 -117.32600   34.5253  120.9644   45.52700    0.03613
  4.2750   22.03700 -117.51900   34.4917  120.9413   45.95100    0.01632
  4.2833   21.89100 -117.71100   34.4580  120.9184   46.29400    0.00841
  4.2917   21.74400 -117.90200   34.4239  120.8951   46.72900   -0.00411
  4.3000   21.59700 -118.09300   34.3895  120.8717   47.12500   -0.00942
  4.3083   21.45000 -118.28300   34.3548  120.8481   47.51100   -0.03039
  4.3167   21.30200 -118.47300   34.3197  120.8242   47.85000   -0.03139
  4.3250   21.15400 -118.66100   34.2844  120.8001   48.38000   -0.03686
  4.3333   21.00600 -118.85000   34.2487  120.7760   48.74600   -0.02861
  4.3417   20.85900 -119.03700   34.2130  120.7519   49.18000   -0.04035
  4.3500   20.71100 -119.22500   34.1767  120.7276   49.59300   -0.03754
  4.3583   20.56300 -119.41100   34.1402  120.7029   50.07200   -0.03980
  4.3667   20.41400 -119.59700   34.1032  120.6780   50.49900   -0.04882
  4.3750   20.26500 -119.78200   34.0660  120.6529   50.88900   -0.07873
  4.3833   20.11600 -119.96700   34.0284  120.6277   51.25500   -0.08267
  4.3917   19.96700 -120.15100   33.9905  120.6023   51.87900   -0.08382
  4.4000   19.81800 -120.33500   33.9522  120.5768   52.32000   -0.06957
  4.4083   19.66800 -120.51800   33.9135  120.5508   52.81400   -0.07969
  4.4167   19.51800 -120.70100   33.8744  120.5248   53.30600   -0.07578
  4.4250   19.36800 -120.88300   33.8350  120.4985   53.86300   -0.08021
  4.4333   19.21700 -121.06400   33.7952  120.4718   54.33500   -0.07107
  4.4417   19.06700 -121.24500   33.7551  120.4453   54.94100   -0.06692
  4.4500   18.91600 -121.42500   33.7145  120.4183   55.49500   -0.05490
  4.4583   18.76500 -121.60500   33.6735  120.3911   56.05200   -0.05899
  4.4667   18.61400 -121.78500   33.6321  120.3638   56.58500   -0.05462
  4.4750   18.46300 -121.96400   33.5904  120.3364   57.22800   -0.05967
  4.4833   18.31200 -122.14200   33.5483  120.3087   57.74100   -0.03882
  4.4917   18.16000 -122.32000   33.5056  120.2806   58.47500   -0.04638
  4.5000   18.00900 -122.49700   33.4627  120.2525   58.93700   -0.03157
  4.5083   17.85800 -122.67400   33.4194  120.2244   59.62700   -0.04439
  4.5167   17.70600 -122.85100   33.3755  120.1958   60.18300   -0.03060
  4.5250   17.55500 -123.02600   33.3315  120.1672   60.84900   -0.02571
  4.5333   17.40300 -123.20200   33.2867  120.1382   61.48900   -0.01192
  4.5417   17.25100 -123.37700   33.2415  120.1090   62.11600    0.00173
  4.5500   17.09900 -123.55100   33.1960  120.0796   62.79000    0.00349
  4.5583   16.94700 -123.72500   33.1500  120.0500   63.34900    0.00664
  4.5667   16.79500 -123.89900   33.1035  120.0202   63.99900    0.00087
  4.5750   16.64300 -124.07200   33.0566  119.9903   64.61100   -0.00089
  4.5833   16.49100 -124.24500   33.0092  119.9601   65.21500    0.00132
  4.5917   16.33800 -124.41700   32.9611  119.9295   65.90100   -0.00354
  4.6000   16.18600 -124.58900   32.9128  119.8989   66.48100   -0.00523
  4.6083   16.03300 -124.76000   32.8638  119.8678   67.11000   -0.01636
  4.6167   15.88100 -124.93100   32.8145  119.8368   67.72900   -0.03066
  4.6250   15.72800 -125.10200   32.7645  119.8054   68.28201   -0.04149
  4.6333   15.57500 -125.27200   32.7140  119.7737   68.94701   -0.04245
  4.6417   15.42300 -125.44200   32.6632  119.7421   69.65900   -0.04152
  4.6500   15.27000 -125.61100   32.6117  119.7100   70.24400   -0.03742
  4.6583   15.11700 -125.78000   32.5596  119.6777   70.95200   -0.03427
  4.6667   14.96500 -125.94900   32.5072  119.6455   71.66901   -0.02092
  4.6750   14.81200 -126.11700   32.4540  119.6127   72.34700   -0.03013
  4.6833   14.66000 -126.28500   32.4005  119.5801   72.89201   -0.03955
  4.6917   14.50700 -126.45200   32.3463  119.5468   73.61501   -0.05781
  4.7000   14.35500 -126.61900   32.2917  119.5137   74.23901   -0.04712
  4.7083   14.20200 -126.78600   32.2363  119.4801   75.03101   -0.03130
  4.7167   14.05000 -126.95200   32.1806  119.4465   75.81800   -0.01602
  4.7250   13.89700 -127.11800   32.1240  119.4124   76.45700   -0.00824
  4.7333   13.74400 -127.28400   32.0668  119.3781   77.20200   -0.01271
  4.7417   13.59200 -127.44900   32.0093  119.3439   77.91600   -0.01236
  4.7500   13.43900 -127.61400   31.9509  119.3091   78.61301   -0.02125
  4.7583   13.28700 -127.77900   31.8921  119.2744   79.30700   -0.03900
  4.7667   13.13400 -127.94300   31.8325  119.2392   79.96800   -0.04945
  4.7750   12.98200 -128.10699   31.7724  119.2040   80.74800   -0.05874
  4.7833   12.83000 -128.27100   31.7117  119.1687   81.47601   -0.05840
  4.7917   12.67700 -128.43401   31.6501  119.1327   82.23300   -0.05843
  4.8000   12.52500 -128.59700   31.5882  119.0968   83.02600   -0.07104
  4.8083   12.37300 -128.75999   31.5254  119.0608   83.66700   -0.05141
  4.8167   12.22100 -128.92300   31.4620  119.0246   84.71201   -0.04675
  4.8250   12.06900 -129.08501   31.3980  118.9880   85.40501   -0.02458
  4.8333   11.91700 -129.24699   31.3332  118.9512   86.22100   -0.03411
  4.8417   11.76600 -129.40900   31.2680  118.9146   87.02600   -0.03583
  4.8500   11.61400 -129.57001   31.2019  118.8773   87.81700   -0.04534
  4.8583   11.46300 -129.73100   31.1353  118.8402   88.59200   -0.04785
  4.8667   11.31100 -129.89101   31.0678  118.8024   89.49200   -0.04807
  4.8750   11.16000 -130.05200   30.9996  118.7649   90.32900   -0.04822
  4.8833   11.00800 -130.21201   30.9305  118.7266   91.13700   -0.04953
  4.8917   10.85700 -130.37199   30.8609  118.6886   92.04900   -0.05386
  4.9000   10.70600 -130.53200   30.7905  118.6503   92.88300   -0.04642
  4.9083   10.55500 -130.69099   30.7195  118.6117   93.81900   -0.05249
  4.9167   10.40400 -130.85001   30.6476  118.5729   94.64101   -0.05312
  4.9250   10.25300 -131.00900   30.5749  118.5339   95.55300   -0.06302
  4.9333   10.10300 -131.16800   30.5017  118.4951   96.43301   -0.04843
  4.9417    9.95200 -131.32700   30.4273  118.4557   97.49400   -0.04623
  4.9500    9.80200 -131.48500   30.3525  118.4163   98.32401   -0.03414
  4.9583    9.65200 -131.64400   30.2767  118.3769   99.32500   -0.05827
  4.9667    9.50200 -131.80200   30.2003  118.3372  100.10400   -0.05091
  4.9750    9.35200 -131.96001   30.1229  118.2973  101.24500   -0.05255
  4.9833    9.20300 -132.11700   30.0451  118.2574  102.19701   -0.03371
  4.9917    9.05300 -132.27499   29.9660  118.2171  103.17800   -0.03859
  5.0000    8.90400 -132.43201   29.8864  118.1769  104.14201   -0.04666
  5.0083    8.75500 -132.58900   29.8060  118.1365  105.09300   -0.06669
  5.0167    8.60600 -132.74600   29.7247  118.0959  106.00301   -0.07338
  5.0250    8.45700 -132.90199   29.6425  118.0549  107.11401   -0.06510
  5.0333    8.30800 -133.05800   29.5594  118.0138  108.23400   -0.04281
  5.0417    8.16000 -133.21400   29.4758  117.9729  109.30200   -0.04123
  5.0500    8.01200 -133.37000   29.3912  117.9318  110.26300   -0.04333
  5.0583    7.86300 -133.52600   29.3053  117.8902  111.38100   -0.06305
  5.0667    7.71500 -133.68201   29.2188  117.8488  112.32401   -0.05831
  5.0750    7.56800 -133.83800   29.1318  117.8076  113.53600   -0.06423
  5.0833    7.42000 -133.99300   29.0435  117.7657  114.58801   -0.05986
  5.0917    7.27300 -134.14799   28.9546  117.7241  115.66300   -0.06037
  5.1000    7.12600 -134.30400   28.8647  117.6825  116.89201   -0.06423
  5.1083    6.97900 -134.45900   28.7739  117.6406  117.97701   -0.06912
  5.1167    6.83200 -134.61400   28.6820  117.5985  119.10600   -0.08897
  5.1250    6.68600 -134.76900   28.5896  117.5567  120.24800   -0.09776
  5.1333    6.54000 -134.92300   28.4964  117.5146  121.50301   -0.10624
  5.1417    6.39400 -135.07800   28.4020  117.4726  122.70600   -0.12848
  5.1500    6.24800 -135.23300   28.3065  117.4304  123.79501   -0.13334
  5.1583    6.10300 -135.38699   28.2107  117.3884  125.02800   -0.13948
  5.1667    5.95800 -135.54201   28.1136  117.3464  126.28900   -0.10912
  5.1750    5.81300 -135.69600   28.0157  117.3042  127.80500   -0.07059
  5.1833    5.66800 -135.85001   27.9167  117.2618  129.22800   -0.02852
  5.1917    5.52300 -136.00301   27.8168  117.2191  130.64200   -0.01219
  5.2000    5.37900 -136.15700   27.7162  117.1770  132.14200   -0.00775
  5.2083    5.23500 -136.31000   27.6146  117.1346  133.63400   -0.00041
  5.2167    5.09100 -136.46400   27.5119  117.0923  135.14600    0.00000

  9.5750    7.86500 -222.58099   28.8302  135.5616   28.06100    0.00000
  9.5833    8.01700 -222.73399   28.9193  135.5244   27.97700    0.01513
  9.5917    8.16800 -222.88600   29.0067  135.4876   27.70600    0.02602
  9.6000    8.32000 -223.03799   29.0937  135.4506   27.20300    0.02159
  9.6083    8.47300 -223.19099   29.1802  135.4135   26.84200    0.01541
  9.6167    8.62500 -223.34399   29.2653  135.3769   26.62400   -0.02200
  9.6250    8.77800 -223.49699   29.3498  135.3401   25.93800   -0.05161
  9.6333    8.93100 -223.64999   29.4334  135.3035   25.67200   -0.07561
  9.6417    9.08400 -223.80299   29.5160  135.2670   25.58500   -0.03701
  9.6500    9.23700 -223.95599   29.5977  135.2307   25.43000   -0.02565
  9.6583    9.39000 -224.11000   29.6786  135.1947   24.94700   -0.04358
  9.6667    9.54400 -224.26300   29.7588  135.1583   24.55700   -0.04403
  9.6750    9.69700 -224.41701   29.8378  135.1227   24.53400   -0.01152
  9.6833    9.85100 -224.57201   29.9164  135.0870   24.35600    0.03084
  9.6917   10.00500 -224.72701   29.9942  135.0514   24.07600    0.02802
  9.7000   10.16000 -224.88100   30.0712  135.0155   23.65700   -0.00024
  9.7083   10.31400 -225.03600   30.1472  134.9803   23.28400   -0.00893
  9.7167   10.46900 -225.19099   30.2226  134.9449   23.20700    0.00953
  9.7250   10.62400 -225.34700   30.2973  134.9099   23.04700    0.01064
  9.7333   10.77900 -225.50200   30.3710  134.8749   22.51200   -0.02533
  9.7417   10.93400 -225.65800   30.4440  134.8402   22.12800   -0.04686
  9.7500   11.08900 -225.81400   30.5161  134.8056   22.13100   -0.03785
  9.7583   11.24500 -225.97000   30.5878  134.7710   21.87700   -0.03065
  9.7667   11.40100 -226.12601   30.6586  134.7364   21.46600   -0.05880
  9.7750   11.55600 -226.28300   30.7284  134.7026   21.15500   -0.05921
  9.7833   11.71200 -226.44000   30.7977  134.6686   21.15500   -0.04978
  9.7917   11.86900 -226.59700   30.8665  134.6344   20.86100   -0.04548
  9.8000   12.02500 -226.75400   30.9342  134.6008   20.52000   -0.04791
  9.8083   12.18100 -226.91100   31.0012  134.5673   20.46100   -0.02355
  9.8167   12.33800 -227.06900   31.0677  134.5338   20.40900    0.01005
  9.8250   12.49400 -227.22701   31.1333  134.5008   20.17600    0.01353
  9.8333   12.65100 -227.38499   31.1983  134.4677   19.88600   -0.00878
  9.8417   12.80800 -227.54401   31.2628  134.4349   19.61200   -0.02063
  9.8500   12.96500 -227.70300   31.3264  134.4023   19.46900   -0.01866
  9.8583   13.12200 -227.86301   31.3895  134.3699   19.31900   -0.00216
  9.8667   13.27900 -228.02200   31.4517  134.3377   19.18000   -0.00896
  9.8750   13.43600 -228.18201   31.5134  134.3057   18.86300   -0.02381
  9.8833   13.59300 -228.34300   31.5744  134.2740   18.66800   -0.01506
  9.8917   13.75100 -228.50301   31.6349  134.2421   18.74400   -0.00908
  9.9000   13.90900 -228.66400   31.6948  134.2104   18.40200   -0.00836
  9.9083   14.06600 -228.82500   31.7538  134.1793   18.15800   -0.04522
  9.9167   14.22400 -228.98700   31.8125  134.1481   17.94600   -0.06433
  9.9250   14.38200 -229.14799   31.8704  134.1170   17.78500   -0.07009
  9.9333   14.54000 -229.31000   31.9278  134.0862   17.67400   -0.06706
  9.9417   14.69800 -229.47301   31.9846  134.0557   17.53700   -0.04740
  9.9500   14.85500 -229.63600   32.0405  134.0256   17.49500   -0.02339
  9.9583   15.01300 -229.79900   32.0960  133.9954   17.41500    0.00116
  9.9667   15.17100 -229.96201   32.1509  133.9654   17.29200   -0.00602
  9.9750   15.32900 -230.12601   32.2053  133.9356   17.00200   -0.01010
  9.9833   15.48800 -230.28999   32.2594  133.9057   16.94700    0.00006
  9.9917   15.64600 -230.45500   32.3127  133.8764   16.93400    0.04336
 10.0000   15.80400 -230.62000   32.3654  133.8472   16.92200    0.06758
 10.0083   15.96200 -230.78500   32.4175  133.8182   16.73900    0.05632
 10.0167   16.12000 -230.95100   32.4691  133.7895   16.47100    0.02044
 10.0250   16.27800 -231.11700   32.5202  133.7609   16.27900   -0.01416
 10.0333   16.43700 -231.28400   32.5710  133.7323   16.10300   -0.02101
 10.0417   16.59500 -231.45100   32.6211  133.7041   16.03500   -0.03017
 10.0500   16.75300 -231.61900   32.6707  133.6761   15.82700   -0.04090
 10.0583   16.91200 -231.78700   32.7199  133.6481   15.65300   -0.05984
 10.0667   17.07000 -231.95500   32.7685  133.6204   15.53500   -0.05308
 10.0750   17.22800 -232.12399   32.8165  133.5930   15.51500   -0.03516
 10.0833   17.38700 -232.29300   32.8643  133.5655   15.41300   -0.01056
 10.0917   17.54500 -232.46300   32.9115  133.5385   15.34100   -0.00331
 10.1000   17.70300 -232.63300   32.9581  133.5116   15.20100   -0.00745
 10.1083   17.86100 -232.80299   33.0043  133.4849   15.03000   -0.02277
 10.1167   18.01900 -232.97400   33.0500  133.4584   14.89600   -0.01041
 10.1250   18.17700 -233.14600   33.0953  133.4321   14.97100   -0.00223
 10.1333   18.33500 -233.31799   33.1402  133.4059   14.78600   -0.00056
 10.1417   18.49300 -233.49001   33.1846  133.3799   14.61700   -0.01767
 10.1500   18.65000 -233.66299   33.2284  133.3543   14.57100   -0.01389
 10.1583   18.80800 -233.83600   33.2720  133.3286   14.53100   -0.00672
 10.1667   18.96500 -234.00999   33.3150  133.3034   14.38000   -0.00993
 10.1750   19.12300 -234.18500   33.3578  133.2782   14.24800   -0.02202
 10.1833   19.28100 -234.36000   33.4002  133.2530   14.15100   -0.02294
 10.1917   19.43800 -234.53500   33.4420  133.2282   14.09000   -0.00433
 10.2000   19.59600 -234.71100   33.4836  133.2034   14.10900    0.01538
 10.2083   19.75300 -234.88800   33.5247  133.1790   14.01500    0.02269
 10.2167   19.91000 -235.06500   33.5653  133.1547   13.86300    0.02456
 10.2250   20.06700 -235.24200   33.6056  133.1305   13.83800    0.01007
 10.2333   20.22400 -235.42000   33.6455  133.1065   13.64100   -0.00079
 10.2417   20.38100 -235.59900   33.6852  133.0827   13.51700   -0.02594
 10.2500   20.53800 -235.77800   33.7244  133.0590   13.39600   -0.01793
 10.2583   20.69400 -235.95799   33.7631  133.0358   13.41600    0.00001
 10.2667   20.85100 -236.13800   33.8016  133.0123   13.35900    0.02116
 10.2750   21.00700 -236.31900   33.8397  132.9893   13.25800    0.01918
 10.2833   21.16300 -236.50101   33.8775  132.9665   13.12000    0.01277
 10.2917   21.31800 -236.68300   33.9147  132.9439   13.01900   -0.00207
 10.3000   21.47400 -236.86600   33.9519  132.9213   12.85600    0.00762
 10.3083   21.62900 -237.04900   33.9885  132.8990   12.87500    0.02285
 10.3167   21.78400 -237.23300   34.0248  132.8769   12.81500    0.03040
 10.3250   21.93900 -237.41800   34.0609  132.8549   12.61000    0.00358
 10.3333   22.09300 -237.60300   34.0965  132.8333   12.42600   -0.01107
 10.3417   22.24800 -237.78900   34.1319  132.8115   12.45500   -0.01627
 10.3500   22.40300 -237.97501   34.1671  132.7899   12.31300   -0.00688
 10.3583   22.55700 -238.16200   34.2018  132.7686   12.21800   -0.03048
 10.3667   22.71200 -238.35001   34.2364  132.7472   12.03600   -0.04461
 10.3750   22.86600 -238.53799   34.2706  132.7261   11.95500   -0.05843
 10.3833   23.01900 -238.72701   34.3044  132.7054   11.86300   -0.05828
 10.3917   23.17300 -238.91701   34.3381  132.6845   11.76600   -0.04392
 10.4000   23.32600 -239.10699   34.3713  132.6640   11.77300   -0.01217
 10.4083   23.47900 -239.29800   34.4043  132.6436   11.79400    0.02152
 10.4167   23.63200 -239.49001   34.4371  132.6233   11.71700    0.04159
 10.4250   23.78400 -239.68201   34.4695  132.6032   11.64500    0.04632
 10.4333   23.93600 -239.87500   34.5016  132.5833   11.57100    0.03741
 10.4417   24.08800 -240.06900   34.5336  132.5635   11.41100    0.02073
 10.4500   24.23900 -240.26401   34.5652  132.5441   11.30100   -0.00550
 10.4583   24.39000 -240.45900   34.5965  132.5246   11.17500   -0.01921
 10.4667   24.54000 -240.65500   34.6275  132.5055   11.10000   -0.01956
 10.4750   24.69000 -240.85100   34.6583  132.4864   11.07600   -0.00720
 10.4833   24.84000 -241.04900   34.6889  132.4675   11.02600   -0.01406
 10.4917   24.98900 -241.24699   34.7191  132.4488   10.83200   -0.01326
 10.5000   25.13800 -241.44600   34.7492  132.4303   10.84800   -0.02143
 10.5083   25.28800 -241.64500   34.7791  132.4115   10.74100   -0.01228
 10.5167   25.43700 -241.84599   34.8088  132.3931   10.64400   -0.01194
 10.5250   25.58600 -242.04700   34.8382  132.3748   10.60400   -0.01330
 10.5333   25.73400 -242.24800   34.8673  132.3566   10.48800   -0.00872
 10.5417   25.88200 -242.45100   34.8962  132.3387   10.43400   -0.00031
 10.5500   26.03000 -242.65401   34.9250  132.3207   10.41900    0.00626
 10.5583   26.17700 -242.85800   34.9534  132.3030   10.29300    0.02496
 10.5667   26.32300 -243.06300   34.9816  132.2856   10.31000    0.03481
 10.5750   26.46900 -243.26900   35.0097  132.2682   10.25200    0.03994
 10.5833   26.61500 -243.47501   35.0375  132.2509   10.10000    0.01874
 10.5917   26.76000 -243.68300   35.0651  132.2339    9.96600   -0.00551
 10.6000   26.90500 -243.89101   35.0925  132.2169    9.88200   -0.02200
 10.6083   27.04900 -244.10001   35.1197  132.2001    9.77500   -0.02419
 10.6167   27.19300 -244.31000   35.1467  132.1835    9.72300   -0.03013
 10.6250   27.33600 -244.52000   35.1734  132.1670    9.62300   -0.02751
 10.6333   27.47900 -244.73199   35.2000  132.1506    9.57000   -0.01428
 10.6417   27.62100 -244.94400   35.2263  132.1344    9.58600    0.00719
 10.6500   27.76200 -245.15700   35.2525  132.1184    9.52900    0.01142
 10.6583   27.90300 -245.37100   35.2785  132.1025    9.37300    0.00526
 10.6667   28.04400 -245.58600   35.3043  132.0867    9.32000   -0.01851
 10.6750   28.18500 -245.80099   35.3299  132.0708    9.16300   -0.02147
 10.6833   28.32500 -246.01801   35.3554  132.0552    9.12300   -0.02561
 10.6917   28.46500 -246.23500   35.3808  132.0396    9.06200   -0.00269
 10.7000   28.60400 -246.45300   35.4059  132.0242    9.05300    0.02494
 10.7083   28.74300 -246.67200   35.4308  132.0089    9.03800    0.06255
 10.7167   28.88100 -246.89200   35.4556  131.9937    9.02300    0.07652
 10.7250   29.01800 -247.11200   35.4802  131.9788    8.87300    0.07579
 10.7333   29.15500 -247.33400   35.5046  131.9639    8.76700    0.05216
 10.7417   29.29200 -247.55600   35.5289  131.9490    8.62700    0.03138
 10.7500   29.42700 -247.78000   35.5530  131.9345    8.49000    0.01053
 10.7583   29.56200 -248.00400   35.5770  131.9200    8.38700   -0.00559
 10.7667   29.69600 -248.22900   35.6007  131.9057    8.27300   -0.00795
 10.7750   29.83000 -248.45500   35.6244  131.8914    8.21600   -0.00766
 10.7833   29.96200 -248.68201   35.6478  131.8775    8.12600   -0.02341
 10.7917   30.09400 -248.91000   35.6711  131.8636    7.92000   -0.03417
 10.8000   30.22600 -249.13901   35.6944  131.8496    7.88100   -0.03581
 10.8083   30.35600 -249.36900   35.7174  131.8361    7.83500   -0.02212
 10.8167   30.48600 -249.59900   35.7402  131.8225    7.71300   -0.03211
 10.8250   30.61500 -249.83099   35.7629  131.8091    7.55400   -0.04109
 10.8333   30.74300 -250.06300   35.7855  131.7959    7.52000   -0.03989
 10.8417   30.87200 -250.29601   35.8080  131.7825    7.45900   -0.02134
 10.8500   31.00100 -250.53000   35.8304  131.7691    7.40300   -0.00069
 10.8583   31.12800 -250.76500   35.8526  131.7561    7.38500    0.00499
 10.8667   31.25500 -251.00101   35.8747  131.7430    7.25400    0.00741
 10.8750   31.38100 -251.23801   35.8967  131.7301    7.19200   -0.00360
 10.8833   31.50600 -251.47600   35.9185  131.7174    7.11500   -0.00564
 10.8917   31.63000 -251.71500   35.9402  131.7048    7.03500   -0.02169
 10.9000   31.75400 -251.95500   35.9618  131.6922    6.90000   -0.03312
 10.9083   31.87600 -252.19501   35.9832  131.6799    6.85400   -0.04112
 10.9167   31.99800 -252.43700   36.0046  131.6676    6.79300   -0.02631
 10.9250   32.11900 -252.67900   36.0258  131.6554    6.77700   -0.01969
 10.9333   32.23900 -252.92300   36.0469  131.6434    6.68600    0.00030
 10.9417   32.35800 -253.16701   36.0679  131.6315    6.69400    0.01137
 10.9500   32.47600 -253.41299   36.0887  131.6198    6.63600    0.02310
 10.9583   32.59400 -253.65900   36.1095  131.6080    6.55200    0.01864
 10.9667   32.71000 -253.90601   36.1301  131.5965    6.48700    0.00962
 10.9750   32.82500 -254.15401   36.1506  131.5852    6.41200    0.00382
 10.9833   32.94000 -254.40401   36.1711  131.5738    6.35500   -0.02224
 10.9917   33.05300 -254.65401   36.1914  131.5627    6.19300   -0.03291
 11.0000   33.16500 -254.90500   36.2115  131.5518    6.19900   -0.04096
 11.0083   33.27900 -255.15601   36.2317  131.5404    6.15000   -0.03061
 11.0167   33.39100 -255.40900   36.2517  131.5294    6.07900   -0.02233
 11.0250   33.50200 -255.66200   36.2716  131.5185    6.06600   -0.01444
 11.0333   33.61300 -255.91701   36.2915  131.5075    6.01400    0.00130
 11.0417   33.72200 -256.17200   36.3112  131.4968    5.98200    0.01365
 11.0500   33.83000 -256.42899   36.3309  131.4863    5.95800    0.02899
 11.0583   33.93800 -256.68600   36.3505  131.4756    5.92300    0.02676
 11.0667   34.04400 -256.94400   36.3699  131.4653    5.80700    0.02232
 11.0750   34.14900 -257.20300   36.3893  131.4550    5.78000    0.00701
 11.0833   34.25300 -257.46301   36.4086  131.4449    5.69800   -0.00095
 11.0917   34.35600 -257.72400   36.4278  131.4348    5.62400   -0.02519
 11.1000   34.45800 -257.98599   36.4469  131.4249    5.51900   -0.02830
 11.1083   34.55900 -258.24899   36.4659  131.4151    5.54100   -0.02516
 11.1167   34.65900 -258.51300   36.4849  131.4053    5.49600   -0.01337
 11.1250   34.75700 -258.77701   36.5037  131.3958    5.42700   -0.01846
 11.1333   34.85500 -259.04300   36.5225  131.3863    5.36600   -0.01732
 11.1417   34.95100 -259.30899   36.5412  131.3770    5.35000   -0.01857
 11.1500   35.04600 -259.57599   36.5598  131.3677    5.28100   -0.01102
 11.1583   35.14000 -259.84399   36.5783  131.3586    5.27000   -0.00557
 11.1667   35.23200 -260.11301   36.5968  131.3497    5.25400    0.00014
 11.1750   35.32600 -260.38300   36.6153  131.3404    5.19100   -0.00279
 11.1833   35.41800 -260.65302   36.6336  131.3314    5.15000   -0.01640
 11.1917   35.51000 -260.92401   36.6519  131.3223    5.09100   -0.04028
 11.2000   35.60000 -261.19601   36.6701  131.3134    4.98300   -0.04804
 11.2083   35.68800 -261.46899   36.6882  131.3047    5.02000   -0.05318
 11.2167   35.77600 -261.74301   36.7063  131.2960    4.97800   -0.02606
 11.2250   35.86200 -262.01801   36.7243  131.2875    5.02800   -0.01624
 11.2333   35.94700 -262.29300   36.7422  131.2791    4.98700   -0.00695
 11.2417   36.03100 -262.56900   36.7601  131.2708    4.94600   -0.01081
 11.2500   36.11400 -262.84601   36.7779  131.2625    4.93800   -0.00520
 11.2583   36.19500 -263.12399   36.7957  131.2544    4.94400    0.00715
 11.2667   36.27500 -263.40302   36.8134  131.2464    4.94000    0.00782
 11.2750   36.35400 -263.68201   36.8310  131.2384    4.88100    0.00274
 11.2833   36.43100 -263.96201   36.8486  131.2307    4.86900   -0.00513
 11.2917   36.50700 -264.24301   36.8661  131.2230    4.84900   -0.00497
 11.3000   36.58200 -264.52499   36.8836  131.2154    4.82700   -0.00537
 11.3083   36.65500 -264.80701   36.9010  131.2080    4.80600    0.00267
 11.3167   36.72700 -265.09000   36.9184  131.2007    4.82300    0.01282
 11.3250   36.79700 -265.37299   36.9357  131.1935    4.81100    0.01686
 11.3333   36.86600 -265.65799   36.9529  131.1864    4.76000    0.02626
 11.3417   36.93600 -265.94299   36.9702  131.1791    4.80400    0.02220
 11.3500   37.00500 -266.22800   36.9873  131.1718    4.72700    0.02785
 11.3583   37.07300 -266.51401   37.0045  131.1646    4.72200    0.00220
 11.3667   37.13800 -266.80099   37.0216  131.1577    4.61700   -0.00977
 11.3750   37.20300 -267.08899   37.0386  131.1507    4.60100   -0.00977
 11.3833   37.26600 -267.37701   37.0556  131.1439    4.64600   -0.01024
 11.3917   37.32800 -267.66599   37.0726  131.1372    4.53800    0.00122
 11.4000   37.38800 -267.95499   37.0895  131.1306    4.57400   -0.00670
 11.4083   37.44700 -268.24500   37.1064  131.1241    4.52900    0.01102
 11.4167   37.50500 -268.53500   37.1232  131.1177    4.53600    0.01936
 11.4250   37.56000 -268.82599   37.1400  131.1115    4.52200    0.03131
 11.4333   37.61500 -269.11801   37.1568  131.1053    4.49000    0.01934
 11.4417   37.66800 -269.41000   37.1735  131.0992    4.38500    0.00860
 11.4500   37.71900 -269.70200   37.1901  131.0933    4.38300   -0.00556
 11.4583   37.76900 -269.99500   37.2068  131.0875    4.33200   -0.00101
 11.4667   37.81800 -270.28900   37.2234  131.0817    4.30600    0.00462
 11.4750   37.86500 -270.58200   37.2400  131.0760    4.30000    0.02463
 11.4833   37.91000 -270.87701   37.2566  131.0706    4.30400    0.02998
 11.4917   37.95400 -271.17099   37.2731  131.0651    4.20300    0.02767
 11.5000   37.99600 -271.46600   37.2896  131.0599    4.15200    0.02556
 11.5083   38.03900 -271.76199   37.3061  131.0544    4.15400    0.03963
 11.5167   38.08100 -272.05701   37.3225  131.0489    4.12400    0.05602
 11.5250   38.12200 -272.35400   37.3389  131.0435    4.08400    0.04578
 11.5333   38.16000 -272.64999   37.3553  131.0384    3.96300    0.03272
 11.5417   38.19800 -272.94699   37.3717  131.0331    3.92000    0.01151
 11.5500   38.23300 -273.24399   37.3880  131.0282    3.83600   -0.00384
 11.5583   38.26800 -273.54199   37.4044  131.0232    3.73400   -0.02497
 11.5667   38.30000 -273.83899   37.4207  131.0185    3.65200   -0.02867
 11.5750   38.33100 -274.13699   37.4370  131.0138    3.64300   -0.01347
 11.5833   38.36000 -274.43500   37.4532  131.0092    3.62600    0.00598
 11.5917   38.38800 -274.73401   37.4695  131.0047    3.56300    0.01531
 11.6000   38.41400 -275.03201   37.4857  131.0004    3.50200    0.01864
 11.6083   38.43900 -275.33099   37.5019  130.9960    3.45200    0.02389
 11.6167   38.46200 -275.62900   37.5181  130.9919    3.40000    0.01726
 11.6250   38.48300 -275.92801   37.5343  130.9879    3.28800    0.00615
 11.6333   38.50300 -276.22699   37.5505  130.9839    3.22300   -0.01557
 11.6417   38.52100 -276.52600   37.5666  130.9801    3.12700   -0.01777
 11.6500   38.53800 -276.82501   37.5828  130.9763    3.10800   -0.01563
 11.6583   38.55200 -277.12299   37.5989  130.9728    3.06200   -0.01048
 11.6667   38.56500 -277.42200   37.6150  130.9694    2.97500   -0.01433
 11.6750   38.58000 -277.72198   37.6312  130.9655    2.91200   -0.01412
 11.6833   38.59300 -278.02100   37.6473  130.9618    2.88300   -0.00683
 11.6917   38.60400 -278.32001   37.6634  130.9583    2.82900   -0.00153
 11.7000   38.61300 -278.61899   37.6794  130.9549    2.75900    0.00427
 11.7083   38.62100 -278.91800   37.6955  130.9516    2.73400    0.00812
 11.7167   38.62700 -279.21701   37.7116  130.9484    2.67400    0.00639
 11.7250   38.63200 -279.51599   37.7277  130.9453    2.58200   -0.00158
 11.7333   38.63500 -279.81500   37.7438  130.9422    2.53000   -0.00736
 11.7417   38.63600 -280.11301   37.7599  130.9394    2.47900   -0.00312
 11.7500   38.63600 -280.41199   37.7760  130.9366    2.42900   -0.00164
 11.7583   38.63400 -280.70999   37.7921  130.9339    2.36400    0.00251
 11.7667   38.63000 -281.00699   37.8081  130.9314    2.32500    0.01303
 11.7750   38.62500 -281.30499   37.8242  130.9289    2.30400    0.01100
 11.7833   38.61800 -281.60199   37.8403  130.9266    2.18300    0.01035
 11.7917   38.60900 -281.89899   37.8564  130.9244    2.15000    0.00036
 11.8000   38.59900 -282.19501   37.8725  130.9223    2.09000    0.00152
 11.8083   38.58700 -282.49100   37.8886  130.9203    2.02400   -0.00297
 11.8167   38.57400 -282.78699   37.9047  130.9184    1.97300   -0.01646
 11.8250   38.55800 -283.08200   37.9208  130.9167    1.87800   -0.02984
 11.8333   38.54100 -283.37601   37.9369  130.9151    1.81700   -0.03812
 11.8417   38.52600 -283.67099   37.9530  130.9131    1.79400   -0.03871
 11.8500   38.50800 -283.96600   37.9692  130.9114    1.73800   -0.04038
 11.8583   38.49000 -284.26001   37.9853  130.9096    1.67300   -0.04450
 11.8667   38.46900 -284.55399   38.0015  130.9081    1.64200   -0.03716
 11.8750   38.44700 -284.84698   38.0176  130.9066    1.64100   -0.02893
 11.8833   38.42300 -285.14001   38.0339  130.9053    1.58700   -0.01646
 11.8917   38.39800 -285.43201   38.0500  130.9040    1.57900   -0.01110
 11.9000   38.37100 -285.72299   38.0662  130.9029    1.55300   -0.00285
 11.9083   38.34200 -286.01401   38.0825  130.9019    1.52100    0.00197
 11.9167   38.31100 -286.30399   38.0988  130.9011    1.50700    0.00682
 11.9250   38.27900 -286.59399   38.1151  130.9004    1.48200    0.00266
 11.9333   38.24600 -286.88199   38.1313  130.8997    1.41200   -0.00478
 11.9417   38.21100 -287.17001   38.1476  130.8991    1.38500   -0.01201
 11.9500   38.17400 -287.45801   38.1640  130.8987    1.36800   -0.01212
 11.9583   38.13500 -287.74399   38.1803  130.8985    1.33000   -0.01324
 11.9667   38.09500 -288.03000   38.1967  130.8984    1.29900   -0.00481
 11.9750   38.05300 -288.31500   38.2132  130.8984    1.32600    0.00231
 11.9833   38.01000 -288.59900   38.2296  130.8984    1.28700    0.01306
 11.9917   37.96500 -288.88199   38.2460  130.8987    1.27300   -0.00658
 12.0000   37.91800 -289.16400   38.2625  130.8991    1.16200   -0.00865
 12.0083   37.87300 -289.44699   38.2790  130.8991    1.20100   -0.01621
 12.0167   37.82700 -289.72900   38.2956  130.8992    1.16500   -0.00439
 12.0250   37.77800 -290.01001   38.3121  130.8996    1.14500   -0.01158
 12.0333   37.72800 -290.29001   38.3287  130.9001    1.09800   -0.01222
 12.0417   37.67700 -290.56900   38.3453  130.9006    1.09000   -0.00749
 12.0500   37.62400 -290.84799   38.3621  130.9012    1.09400    0.00967
 12.0583   37.56900 -291.12500   38.3787  130.9021    1.10200    0.01361
 12.0667   37.51300 -291.40100   38.3955  130.9030    1.03300    0.01727
 12.0750   37.45600 -291.67599   38.4122  130.9040    1.03000    0.00995
 12.0833   37.39600 -291.95099   38.4291  130.9053    0.99300    0.01601
 12.0917   37.33600 -292.22400   38.4459  130.9065    0.98200    0.01658
 12.1000   37.27300 -292.49600   38.4628  130.9081    0.95600    0.01389
 12.1083   37.20900 -292.76700   38.4797  130.9097    0.89500    0.00679
 12.1167   37.14400 -293.03699   38.4967  130.9114    0.86400    0.00384
 12.1250   37.07700 -293.30600   38.5138  130.9133    0.85800    0.00404
 12.1333   37.00900 -293.57300   38.5308  130.9153    0.81400    0.01110
 12.1417   36.93900 -293.84000   38.5479  130.9174    0.81300    0.00031
 12.1500   36.86800 -294.10501   38.5650  130.9196    0.72200    0.00662
 12.1583   36.79500 -294.36899   38.5823  130.9221    0.75400   -0.00713
 12.1667   36.72000 -294.63199   38.5996  130.9247    0.66000   -0.00114
 12.1750   36.64800 -294.89499   38.6168  130.9269    0.65700   -0.02150
 12.1833   36.57300 -295.15799   38.6342  130.9293    0.56600   -0.02215
 12.1917   36.49800 -295.41901   38.6515  130.9317    0.56500   -0.01637
 12.2000   36.42000 -295.67801   38.6689  130.9346    0.59800    0.00083
 12.2083   36.34200 -295.93701   38.6864  130.9373    0.56200    0.01234
 12.2167   36.26200 -296.19400   38.7040  130.9402    0.53500    0.01021
 12.2250   36.18000 -296.45001   38.7216  130.9434    0.49900    0.00104
 12.2333   36.09700 -296.70499   38.7393  130.9467    0.43300   -0.00225
 12.2417   36.01300 -296.95901   38.7570  130.9500    0.43300   -0.01184
 12.2500   35.92700 -297.21100   38.7748  130.9536    0.37400   -0.01059
 12.2583   35.84000 -297.46201   38.7926  130.9572    0.35800   -0.01069
 12.2667   35.75200 -297.71100   38.8105  130.9610    0.35700    0.00330
 12.2750   35.66200 -297.95901   38.8285  130.9650    0.36700    0.00251
 12.2833   35.57100 -298.20599   38.8465  130.9691    0.28700    0.00125
 12.2917   35.47800 -298.45099   38.8647  130.9735    0.28500   -0.01570
 12.3000   35.38400 -298.69501   38.8828  130.9780    0.22100   -0.01840
 12.3083   35.28900 -298.93799   38.9011  130.9825    0.21100   -0.02110
 12.3167   35.19200 -299.17899   38.9194  130.9874    0.21400   -0.01511
 12.3250   35.09400 -299.41800   38.9378  130.9923    0.19700   -0.02364
 12.3333   34.99500 -299.65601   38.9562  130.9974    0.12400   -0.03240
 12.3417   34.89700 -299.89499   38.9748  131.0022    0.12900   -0.03550
 12.3500   34.79800 -300.13300   38.9934  131.0072    0.14100   -0.01513
 12.3583   34.69800 -300.36899   39.0120  131.0123    0.18100   -0.00297
 12.3667   34.59700 -300.60400   39.0307  131.0174    0.14900    0.00180
 12.3750   34.49400 -300.83701   39.0495  131.0229    0.12800   -0.00378
 12.3833   34.39000 -301.06900   39.0685  131.0285    0.12200   -0.00421
 12.3917   34.28400 -301.29901   39.0875  131.0344    0.11700    0.00185
 12.4000   34.17800 -301.52802   39.1065  131.0402    0.12800    0.00758
 12.4083   34.07000 -301.75500   39.1256  131.0464    0.12300    0.00948
 12.4167   33.96100 -301.98099   39.1449  131.0527    0.10500    0.00410
 12.4250   33.85100 -302.20599   39.1643  131.0591    0.08700    0.00363
 12.4333   33.73900 -302.42899   39.1837  131.0658    0.10800    0.00130
 12.4417   33.62700 -302.64999   39.2032  131.0725    0.07900   -0.00013
 12.4500   33.51300 -302.87000   39.2228  131.0796    0.06600   -0.01060
 12.4583   33.39800 -303.08801   39.2425  131.0867    0.04200   -0.01546
 12.4667   33.28200 -303.30499   39.2623  131.0941    0.04200   -0.02568
 12.4750   33.16500 -303.51999   39.2822  131.1016    0.00000   -0.01791
 12.4833   33.04600 -303.73401   39.3023  131.1094    0.06600   -0.01037
 12.4917   32.92600 -303.94601   39.3224  131.1174    0.06300    0.00066
 12.5000   32.80600 -304.15601   39.3425  131.1255    0.04200   -0.00110
 12.5083   32.68700 -304.36801   39.3628  131.1333    0.04700    0.00496
 12.5167   32.56700 -304.57800   39.3832  131.1413    0.08600    0.01256
 12.5250   32.44600 -304.78601   39.4036  131.1494    0.07300    0.01068
 12.5333   32.32300 -304.99301   39.4243  131.1579    0.03200    0.00399
 12.5417   32.20000 -305.19901   39.4450  131.1664    0.05200   -0.01147
 12.5500   32.07500 -305.40302   39.4659  131.1753    0.00000   -0.01149
 12.5583   31.95000 -305.60501   39.4867  131.1842    0.03900   -0.01951
 12.5667   31.82300 -305.80600   39.5079  131.1935    0.01500   -0.01040
 12.5750   31.69600 -306.00500   39.5290  131.2028    0.05100   -0.00812
 12.5833   31.56700 -306.20300   39.5503  131.2124    0.05600   -0.00277
 12.5917   31.43700 -306.39899   39.5718  131.2223    0.05000   -0.00873
 12.6000   31.30600 -306.59299   39.5933  131.2324    0.02600   -0.00708
 12.6083   31.17500 -306.78601   39.6149  131.2426    0.07000   -0.00193
 12.6167   31.04200 -306.97800   39.6368  131.2531    0.08800    0.00834
 12.6250   30.90800 -307.16699   39.6587  131.2639    0.10000   -0.00424
 12.6333   30.77300 -307.35599   39.6809  131.2748    0.03400   -0.01703
 12.6417   30.63800 -307.54199   39.7030  131.2859    0.05400   -0.01849
 12.6500   30.50100 -307.72699   39.7254  131.2974    0.12600   -0.01363
 12.6583   30.36400 -307.91101   39.7479  131.3090    0.09400   -0.01651
 12.6667   30.22500 -308.09201   39.7705  131.3210    0.07500   -0.02596
 12.6750   30.08900 -308.27600   39.7932  131.3323    0.11700   -0.02964
 12.6833   29.95100 -308.45700   39.8161  131.3442    0.12000   -0.02115
 12.6917   29.81200 -308.63699   39.8391  131.3563    0.16900   -0.00451
 12.7000   29.67300 -308.81601   39.8623  131.3685    0.25600    0.00583
 12.7083   29.53300 -308.99301   39.8856  131.3809    0.22400    0.00960
 12.7167   29.39100 -309.16800   39.9091  131.3938    0.24100   -0.00453
 12.7250   29.24900 -309.34201   39.9327  131.4068    0.23400   -0.00351
 12.7333   29.10600 -309.51401   39.9565  131.4201    0.28800   -0.00500
 12.7417   28.96200 -309.68500   39.9805  131.4336    0.29300    0.00704
 12.7500   28.81700 -309.85400   40.0046  131.4475    0.36400    0.00607
 12.7583   28.67200 -310.02100   40.0289  131.4615    0.34900    0.00712
 12.7667   28.52500 -310.18701   40.0534  131.4760    0.36600    0.00596
 12.7750   28.37800 -310.35199   40.0780  131.4905    0.42200    0.00256
 12.7833   28.23000 -310.51501   40.1029  131.5054    0.39200   -0.00457
 12.7917   28.08100 -310.67599   40.1278  131.5206    0.38700   -0.01154
 12.8000   27.93200 -310.83600   40.1530  131.5360    0.44100   -0.00284
 12.8083   27.78100 -310.99399   40.1784  131.5519    0.49800    0.00298
 12.8167   27.63000 -311.15100   40.2039  131.5679    0.47800    0.01001
 12.8250   27.47800 -311.30600   40.2297  131.5842    0.54100    0.00489
 12.8333   27.32600 -311.45999   40.2556  131.6008    0.52500    0.00361
 12.8417   27.17500 -311.61499   40.2816  131.6171    0.52100    0.00213
 12.8500   27.02300 -311.76801   40.3079  131.6338    0.58100    0.00842
 12.8583   26.87100 -311.92001   40.3343  131.6507    0.61600    0.01171
 12.8667   26.71800 -312.07101   40.3610  131.6679    0.60200    0.00423
 12.8750   26.56400 -312.22000   40.3879  131.6855    0.60300   -0.01243
 12.8833   26.40900 -312.36801   40.4150  131.7034    0.58900   -0.01125
 12.8917   26.25400 -312.51401   40.4423  131.7216    0.68000   -0.00881
 12.9000   26.09800 -312.65799   40.4698  131.7402    0.69400   -0.01512
 12.9083   25.94100 -312.80099   40.4975  131.7592    0.62900   -0.03666
 12.9167   25.78400 -312.94299   40.5255  131.7783    0.63600   -0.04492
 12.9250   25.62600 -313.08301   40.5537  131.7979    0.73300   -0.02975
 12.9333   25.46700 -313.22198   40.5822  131.8178    0.81400   -0.01723
 12.9417   25.30800 -313.35901   40.6108  131.8381    0.81100   -0.02255
 12.9500   25.14800 -313.49399   40.6396  131.8587    0.80600   -0.02389
 12.9583   24.98700 -313.62799   40.6688  131.8799    0.91500   -0.01791
 12.9667   24.82600 -313.76099   40.6982  131.9012    0.96200   -0.00522
 12.9750   24.66400 -313.89200   40.7278  131.9230    1.00400   -0.00977
 12.9833   24.50200 -314.02200   40.7577  131.9451    1.01400   -0.00945
 12.9917   24.33900 -314.14999   40.7878  131.9676    1.09300   -0.00584
 13.0000   24.17500 -314.27701   40.8183  131.9906    1.15900    0.00319
 13.0083   24.01300 -314.40500   40.8489  132.0133    1.20800    0.01131
 13.0167   23.85100 -314.53201   40.8797  132.0362    1.28000    0.01352
 13.0250   23.68800 -314.65799   40.9108  132.0596    1.30600    0.00968
 13.0333   23.52400 -314.78201   40.9422  132.0836    1.31600    0.00334
 13.0417   23.36000 -314.90500   40.9739  132.1078    1.37100    0.01508
 13.0500   23.19500 -315.02600   41.0059  132.1326    1.50500    0.02445
 13.0583   23.03000 -315.14600   41.0381  132.1576    1.49200    0.02080
 13.0667   22.86400 -315.26501   41.0707  132.1832    1.46300    0.00798
 13.0750   22.69700 -315.38199   41.1037  132.2094    1.53600    0.01378
 13.0833   22.53000 -315.49701   41.1368  132.2359    1.63800    0.02172
 13.0917   22.36300 -315.61200   41.1703  132.2627    1.61400    0.02261
 13.1000   22.19500 -315.72400   41.2040  132.2902    1.63500    0.01529
 13.1083   22.02600 -315.83600   41.2382  132.3182    1.67900    0.01395
 13.1167   21.85800 -315.94601   41.2725  132.3463    1.69100    0.01138
 13.1250   21.68800 -316.05499   41.3074  132.3753    1.70100    0.00484
 13.1333   21.51800 -316.16199   41.3425  132.4048    1.71000    0.00184
 13.1417   21.34800 -316.26801   41.3778  132.4346    1.74200    0.00204
 13.1500   21.17700 -316.37201   41.4136  132.4651    1.77600    0.00682
 13.1583   21.00600 -316.47601   41.4497  132.4959    1.81800   -0.00029
 13.1667   20.83400 -316.57700   41.4862  132.5275    1.76700   -0.00291
 13.1750   20.66400 -316.68100   41.5229  132.5586    1.82400   -0.00562
 13.1833   20.49400 -316.78299   41.5599  132.5903    1.86400   -0.00535
 13.1917   20.32300 -316.88400   41.5974  132.6226    1.83300   -0.00866
 13.2000   20.15100 -316.98401   41.6353  132.6556    1.85900   -0.01238
 13.2083   19.97900 -317.08200   41.6736  132.6891    1.89200   -0.00213
 13.2167   19.80700 -317.17899   41.7121  132.7231    1.95600    0.01135
 13.2250   19.63400 -317.27499   41.7512  132.7578    2.01000    0.01533
 13.2333   19.46100 -317.36899   41.7905  132.7930    1.97700    0.01599
 13.2417   19.28800 -317.46201   41.8302  132.8287    2.01600    0.01283
 13.2500   19.11400 -317.55399   41.8705  132.8652    2.03900    0.01635
 13.2583   18.94000 -317.64401   41.9111  132.9023    2.05100    0.01640
 13.2667   18.76500 -317.73401   41.9522  132.9400    2.06100    0.00325
 13.2750   18.59000 -317.82101   41.9937  132.9785    1.98500   -0.00269
 13.2833   18.41400 -317.90799   42.0357  133.0177    2.04100   -0.00150
 13.2917   18.23900 -317.99301   42.0779  133.0573    2.09500    0.01687
 13.3000   18.06300 -318.07700   42.1207  133.0977    2.13700    0.02142
 13.3083   17.88600 -318.16000   42.1641  133.1391    2.08500    0.02949
 13.3167   17.71000 -318.24100   42.2077  133.1808    2.15900    0.02111
 13.3250   17.53300 -318.32101   42.2518  133.2234    2.07400    0.02504
 13.3333   17.35500 -318.39999   42.2966  133.2669    2.10800    0.02000
 13.3417   17.17900 -318.48099   42.3417  133.3101    2.11200    0.01409
 13.3500   17.00300 -318.56100   42.3872  133.3540    2.02000    0.00417
 13.3583   16.82700 -318.63901   42.4331  133.3986    2.02900   -0.00705
 13.3667   16.65000 -318.71600   42.4796  133.4442    2.02200    0.00018
 13.3750   16.47300 -318.79199   42.5267  133.4904    2.05800   -0.00144
 13.3833   16.29500 -318.86700   42.5744  133.5377    1.98400    0.00122
 13.3917   16.11700 -318.94101   42.6226  133.5857    2.00100   -0.00619
 13.4000   15.93900 -319.01300   42.6711  133.6345    1.95300   -0.00324
 13.4083   15.76100 -319.08401   42.7202  133.6841    1.95900    0.00079
 13.4167   15.58200 -319.15399   42.7700  133.7347    1.98300    0.01228
 13.4250   15.40300 -319.22198   42.8203  133.7863    1.99200    0.02366
 13.4333   15.22400 -319.29001   42.8711  133.8385    2.00100    0.02607
 13.4417   15.04500 -319.35599   42.9224  133.8917    1.95800    0.01412
 13.4500   14.86500 -319.42099   42.9745  133.9460    1.86700   -0.00453
 13.4583   14.68500 -319.48499   43.0271  134.0013    1.82300   -0.01485
 13.4667   14.50500 -319.54800   43.0803  134.0573    1.85000   -0.02341
 13.4750   14.32500 -319.60901   43.1339  134.1144    1.77400   -0.02393
 13.4833   14.14400 -319.67001   43.1885  134.1727    1.79900   -0.02198
 13.4917   13.96300 -319.72900   43.2435  134.2320    1.84400   -0.02577
 13.5000   13.78200 -319.78699   43.2991  134.2922    1.72200   -0.02256
 13.5083   13.60200 -319.84698   43.3554  134.3526    1.80100   -0.02622
 13.5167   13.42300 -319.90601   43.4119  134.4136    1.79200   -0.00902
 13.5250   13.24200 -319.96399   43.4697  134.4764    1.84700   -0.00441
 13.5333   13.06200 -320.02100   43.5277  134.5398    1.84200    0.00118
 13.5417   12.88200 -320.07599   43.5863  134.6044    1.86300   -0.00120
 13.5500   12.70100 -320.13000   43.6458  134.6704    1.86300   -0.00494
 13.5583   12.52000 -320.18399   43.7061  134.7374    1.85000   -0.01632
 13.5667   12.33900 -320.23599   43.7669  134.8056    1.80900   -0.02388
 13.5750   12.15700 -320.28699   43.8286  134.8754    1.84000   -0.02939
 13.5833   11.97600 -320.33701   43.8908  134.9460    1.85100   -0.02767
 13.5917   11.79400 -320.38599   43.9539  135.0181    1.87500   -0.02008
 13.6000   11.61200 -320.43301   44.0176  135.0916    1.97000   -0.00389
 13.6083   11.43000 -320.48001   44.0821  135.1661    2.05400    0.01484
 13.6167   11.24800 -320.52600   44.1473  135.2420    2.10700    0.01600
 13.6250   11.06500 -320.57001   44.2135  135.3197    2.05400    0.00362
 13.6333   10.88300 -320.61301   44.2800  135.3983    2.02600   -0.00429
 13.6417   10.70000 -320.65601   44.3477  135.4785    2.11400   -0.01426
 13.6500   10.51700 -320.69699   44.4161  135.5603    2.04900   -0.01406
 13.6583   10.33400 -320.73700   44.4851  135.6434    2.11600   -0.01500
 13.6667   10.15100 -320.77600   44.5550  135.7280    2.20300   -0.00171
 13.6750    9.96900 -320.81699   44.6256  135.8131    2.26700   -0.00005
 13.6833    9.78700 -320.85699   44.6970  135.8996    2.23100    0.00696
 13.6917    9.60500 -320.89700   44.7693  135.9874    2.35900    0.00781
 13.7000    9.42300 -320.93500   44.8422  136.0769    2.35700    0.01029
 13.7083    9.24000 -320.97101   44.9162  136.1686    2.33300   -0.00601
 13.7167    9.05800 -321.00699   44.9907  136.2612    2.31500   -0.01066
 13.7250    8.87500 -321.04199   45.0664  136.3560    2.42800   -0.00908
 13.7333    8.69200 -321.07599   45.1430  136.4525    2.44300    0.00081
 13.7417    8.50900 -321.10901   45.2203  136.5506    2.48600    0.00615
 13.7500    8.32600 -321.14099   45.2985  136.6504    2.56900    0.00401
 13.7583    8.14300 -321.17099   45.3774  136.7522    2.54800    0.00243
 13.7667    7.96000 -321.20099   45.4573  136.8556    2.56400    0.00000

