hmax        =    300
wind_bottom =      2
wind_top    =     10
critlon     =      0
tbeg, h     =   0.00
tend, h     =  24.00
c_ionex     =      0
c_vert      =      1
time, gamma, az, latp, lonp, tec, tec_filtered
  1.6917   12.14300  115.25700   33.1099  136.6101   11.54900    0.00000
  1.7000   12.28700  115.08600   33.1646  136.5615   11.28400    0.00395
  1.7083   12.43200  114.91500   33.2188  136.5127   10.76200   -0.00255
  1.7167   12.57600  114.74300   33.2723  136.4647   10.39800   -0.02364
  1.7250   12.72000  114.57100   33.3252  136.4170   10.17100   -0.06060
  1.7333   12.86400  114.39900   33.3775  136.3696    9.74000   -0.09221
  1.7417   13.00800  114.22700   33.4292  136.3225    9.60300   -0.12920
  1.7500   13.15200  114.05400   33.4805  136.2758    9.50500   -0.15211
  1.7583   13.29500  113.88000   33.5311  136.2298    9.36200   -0.18938
  1.7667   13.43800  113.70700   33.5810  136.1841    9.25700   -0.21870
  1.7750   13.58200  113.53200   33.6308  136.1384    9.30100   -0.20534
  1.7833   13.72500  113.35800   33.6797  136.0932    9.23400   -0.17909
  1.7917   13.86800  113.18300   33.7282  136.0484    9.28500   -0.14528
  1.8000   14.01000  113.00700   33.7761  136.0044    9.44900   -0.10199
  1.8083   14.15300  112.83100   33.8237  135.9602    9.51400   -0.05151
  1.8167   14.29500  112.65500   33.8706  135.9167    9.67700   -0.00039
  1.8250   14.43700  112.47800   33.9170  135.8735    9.88900    0.04824
  1.8333   14.57900  112.30100   33.9630  135.8306    9.96700    0.07867
  1.8417   14.72100  112.12400   34.0084  135.7879    9.99700    0.08752
  1.8500   14.86300  111.94600   34.0535  135.7455   10.03700    0.08241
  1.8583   15.00500  111.76700   34.0982  135.7034   10.00600    0.06823
  1.8667   15.14700  111.58800   34.1424  135.6616    9.95700    0.06046
  1.8750   15.28900  111.40900   34.1861  135.6200   10.04400    0.05273
  1.8833   15.43000  111.22900   34.2294  135.5791   10.00500    0.05557
  1.8917   15.57100  111.04900   34.2721  135.5384   10.02600    0.06212
  1.9000   15.71200  110.86800   34.3145  135.4980   10.12200    0.06346
  1.9083   15.85200  110.68700   34.3563  135.4582   10.01800    0.04858
  1.9167   15.99300  110.50500   34.3980  135.4183    9.89400    0.00654
  1.9250   16.13300  110.32200   34.4391  135.3791    9.75200   -0.00857
  1.9333   16.27200  110.14000   34.4796  135.3404    9.82100   -0.03310
  1.9417   16.41200  109.95600   34.5200  135.3016    9.59800   -0.02075
  1.9500   16.55100  109.77300   34.5598  135.2634    9.71600   -0.00277
  1.9583   16.69000  109.58800   34.5993  135.2254    9.80100    0.02954
  1.9667   16.82800  109.40400   34.6382  135.1880    9.65700    0.06245
  1.9750   16.96700  109.21800   34.6771  135.1505    9.74200    0.09183
  1.9833   17.10400  109.03300   34.7151  135.1138    9.76700    0.13478
  1.9917   17.24200  108.84600   34.7532  135.0771    9.69800    0.13128
  2.0000   17.37900  108.65900   34.7907  135.0409    9.42900    0.10582
  2.0083   17.51700  108.47200   34.8280  135.0046    9.29900    0.07477
  2.0167   17.65400  108.28400   34.8649  134.9688    9.18500    0.06287
  2.0250   17.79100  108.09600   34.9014  134.9332    9.05800    0.03870
  2.0333   17.92800  107.90700   34.9376  134.8978    8.82600    0.01194
  2.0417   18.06500  107.71800   34.9735  134.8626    8.68300   -0.02873
  2.0500   18.20100  107.52800   35.0090  134.8280    8.44800   -0.05914
  2.0583   18.33700  107.33700   35.0443  134.7935    8.29300   -0.07584
  2.0667   18.47200  107.14600   35.0791  134.7596    8.25700   -0.08263
  2.0750   18.60700  106.95400   35.1137  134.7258    8.09400   -0.08140
  2.0833   18.74100  106.76200   35.1478  134.6925    8.01500   -0.08809
  2.0917   18.87500  106.56900   35.1817  134.6594    7.95000   -0.09249
  2.1000   19.00900  106.37600   35.2153  134.6264    7.83200   -0.10645
  2.1083   19.14200  106.18200   35.2485  134.5940    7.70800   -0.11386
  2.1167   19.27500  105.98700   35.2816  134.5617    7.71000   -0.10899
  2.1250   19.40800  105.79200   35.3143  134.5296    7.70300   -0.08117
  2.1333   19.53900  105.59600   35.3466  134.4982    7.76800   -0.04985
  2.1417   19.67100  105.40000   35.3787  134.4667    7.82600   -0.03025
  2.1500   19.80200  105.20300   35.4106  134.4356    7.76400   -0.01469
  2.1583   19.93200  105.00500   35.4421  134.4050    7.81800   -0.00259
  2.1667   20.06200  104.80700   35.4734  134.3745    7.86500    0.00795
  2.1750   20.19300  104.60900   35.5044  134.3439    7.79600    0.01907
  2.1833   20.32300  104.41000   35.5352  134.3136    7.85600    0.01370
  2.1917   20.45300  104.21000   35.5658  134.2836    7.78700    0.01754
  2.2000   20.58200  104.01000   35.5960  134.2539    7.77900    0.02143
  2.2083   20.71100  103.80900   35.6260  134.2244    7.82900    0.04663
  2.2167   20.83900  103.60700   35.6558  134.1953    7.88700    0.07254
  2.2250   20.96700  103.40500   35.6853  134.1663    7.86300    0.08510
  2.2333   21.09400  103.20200   35.7146  134.1377    7.81000    0.09838
  2.2417   21.22100  102.99800   35.7437  134.1092    7.86100    0.08204
  2.2500   21.34700  102.79400   35.7725  134.0811    7.63600    0.06849
  2.2583   21.47200  102.58900   35.8011  134.0534    7.59600    0.02922
  2.2667   21.59700  102.38400   35.8294  134.0258    7.47200    0.00945
  2.2750   21.72100  102.17800   35.8575  133.9986    7.37400   -0.01851
  2.2833   21.84500  101.97100   35.8854  133.9715    7.27500   -0.03114
  2.2917   21.96800  101.76400   35.9131  133.9447    7.24500   -0.04653
  2.3000   22.09100  101.55600   35.9406  133.9181    7.11800   -0.05105
  2.3083   22.21200  101.34700   35.9678  133.8920    7.08200   -0.05028
  2.3167   22.33400  101.13700   35.9949  133.8658    7.08200   -0.03272
  2.3250   22.45400  100.92700   36.0217  133.8402    7.05500   -0.01835
  2.3333   22.57400  100.71700   36.0483  133.8147    7.00000   -0.00783
  2.3417   22.69500  100.50600   36.0748  133.7890    6.98100   -0.00173
  2.3500   22.81500  100.29400   36.1012  133.7636    6.94300   -0.00349
  2.3583   22.93400  100.08200   36.1272  133.7385    6.85700   -0.00876
  2.3667   23.05300   99.86900   36.1531  133.7135    6.83000   -0.01100
  2.3750   23.17200   99.65500   36.1789  133.6886    6.82200   -0.00474
  2.3833   23.28900   99.44100   36.2044  133.6643    6.79500   -0.00586
  2.3917   23.40600   99.22600   36.2298  133.6400    6.73300   -0.01997
  2.4000   23.52200   99.01000   36.2550  133.6160    6.65400   -0.03834
  2.4083   23.63700   98.79300   36.2801  133.5924    6.60700   -0.04274
  2.4167   23.75200   98.57600   36.3049  133.5687    6.63500   -0.04127
  2.4250   23.86600   98.35900   36.3296  133.5454    6.59500   -0.01495
  2.4333   23.97900   98.14000   36.3541  133.5224    6.70600   -0.01427
  2.4417   24.09200   97.92100   36.3785  133.4994    6.58200   -0.01043
  2.4500   24.20300   97.70100   36.4027  133.4770    6.57100   -0.02779
  2.4583   24.31400   97.48100   36.4267  133.4546    6.55800   -0.01782
  2.4667   24.42400   97.26000   36.4505  133.4324    6.60400   -0.00740
  2.4750   24.53300   97.03800   36.4743  133.4106    6.59600    0.00676
  2.4833   24.64200   96.81500   36.4979  133.3888    6.60800    0.00823
  2.4917   24.74900   96.59200   36.5213  133.3674    6.57600    0.00655
  2.5000   24.85600   96.36900   36.5445  133.3461    6.54400    0.01239
  2.5083   24.96400   96.14400   36.5678  133.3246    6.59100    0.02036
  2.5167   25.07100   95.92000   36.5907  133.3033    6.55500    0.03825
  2.5250   25.17700   95.69400   36.6137  133.2823    6.57700    0.04951
  2.5333   25.28300   95.46800   36.6364  133.2613    6.57600    0.06239
  2.5417   25.38700   95.24100   36.6591  133.2408    6.54900    0.06455
  2.5500   25.49100   95.01300   36.6816  133.2203    6.49200    0.06425
  2.5583   25.59400   94.78500   36.7040  133.2001    6.45900    0.05220
  2.5667   25.69600   94.55600   36.7262  133.1800    6.34400    0.04498
  2.5750   25.79700   94.32700   36.7483  133.1602    6.30000    0.02894
  2.5833   25.89700   94.09600   36.7704  133.1407    6.20500    0.02252
  2.5917   25.99600   93.86500   36.7923  133.1213    6.12800    0.02997
  2.6000   26.09500   93.63400   36.8140  133.1020    6.15000    0.03661
  2.6083   26.19200   93.40200   36.8356  133.0831    6.03100    0.04913
  2.6167   26.28800   93.16900   36.8572  133.0644    5.97500    0.04526
  2.6250   26.38400   92.93500   36.8786  133.0457    5.88600    0.03607
  2.6333   26.47800   92.70100   36.8999  133.0274    5.72600    0.02885
  2.6417   26.57200   92.46600   36.9212  133.0092    5.67100    0.01763
  2.6500   26.66400   92.23100   36.9422  132.9913    5.55700    0.02117
  2.6583   26.75600   91.99500   36.9633  132.9734    5.47700    0.00180
  2.6667   26.84600   91.75800   36.9842  132.9559    5.29600   -0.00708
  2.6750   26.93800   91.52100   37.0050  132.9380    5.24500   -0.01953
  2.6833   27.02900   91.28300   37.0258  132.9203    5.14800   -0.02166
  2.6917   27.11900   91.04500   37.0464  132.9027    5.03200   -0.03090
  2.7000   27.20700   90.80600   37.0669  132.8856    4.94600   -0.03887
  2.7083   27.29500   90.56600   37.0874  132.8684    4.86700   -0.05580
  2.7167   27.38200   90.32600   37.1077  132.8514    4.71300   -0.06243
  2.7250   27.46700   90.08500   37.1280  132.8348    4.70100   -0.08050
  2.7333   27.55200   89.84400   37.1482  132.8182    4.57500   -0.07447
  2.7417   27.63600   89.60200   37.1683  132.8017    4.56600   -0.07386
  2.7500   27.71800   89.35900   37.1883  132.7857    4.53200   -0.06073
  2.7583   27.80000   89.11600   37.2083  132.7695    4.48500   -0.04442
  2.7667   27.88000   88.87200   37.2281  132.7538    4.50300   -0.02760
  2.7750   27.95900   88.62700   37.2480  132.7382    4.48200   -0.01448
  2.7833   28.03700   88.38200   37.2677  132.7228    4.42200   -0.00317
  2.7917   28.11400   88.13700   37.2873  132.7075    4.43800    0.01587
  2.8000   28.19000   87.89100   37.3069  132.6924    4.46900    0.03714
  2.8083   28.26500   87.64400   37.3264  132.6774    4.42500    0.04226
  2.8167   28.33800   87.39700   37.3458  132.6628    4.35500    0.02531
  2.8250   28.41000   87.14900   37.3652  132.6483    4.25900    0.01910
  2.8333   28.48100   86.90100   37.3845  132.6340    4.27700    0.01283
  2.8417   28.55400   86.65200   37.4038  132.6192    4.20700    0.02221
  2.8500   28.62500   86.40300   37.4230  132.6048    4.19400    0.01846
  2.8583   28.69500   86.15300   37.4421  132.5905    4.13000    0.02102
  2.8667   28.76400   85.90300   37.4612  132.5763    4.08500    0.02026
  2.8750   28.83200   85.65200   37.4802  132.5623    4.04900    0.01727
  2.8833   28.89900   85.40100   37.4991  132.5484    3.96200    0.00830
  2.8917   28.96400   85.15000   37.5180  132.5348    3.86800   -0.00155
  2.9000   29.02900   84.89700   37.5369  132.5212    3.81300    0.01015
  2.9083   29.09200   84.64500   37.5556  132.5079    3.83700    0.03011
  2.9167   29.15300   84.39200   37.5744  132.4949    3.78100    0.04452
  2.9250   29.21400   84.13800   37.5931  132.4818    3.68700    0.04236
  2.9333   29.27300   83.88400   37.6118  132.4691    3.60500    0.03917
  2.9417   29.33100   83.62900   37.6304  132.4565    3.53300    0.05560
  2.9500   29.38800   83.37500   37.6489  132.4440    3.53100    0.06171
  2.9583   29.44300   83.11900   37.6675  132.4318    3.38800    0.05208
  2.9667   29.49800   82.86400   37.6860  132.4195    3.22500    0.03484
  2.9750   29.55000   82.60800   37.7044  132.4077    3.17500    0.02370
  2.9833   29.60200   82.35100   37.7229  132.3959    3.05100    0.02774
  2.9917   29.65200   82.09500   37.7412  132.3843    2.94900    0.02826
  3.0000   29.70100   81.83800   37.7596  132.3729    2.86400    0.02112
  3.0083   29.75200   81.58000   37.7779  132.3610    2.68600    0.01846
  3.0167   29.80100   81.32200   37.7962  132.3493    2.60400    0.00806
  3.0250   29.84900   81.06400   37.8144  132.3378    2.46900    0.02830
  3.0333   29.89500   80.80600   37.8326  132.3266    2.44700    0.04089
  3.0417   29.94000   80.54700   37.8508  132.3155    2.32500    0.03869
  3.0500   29.98400   80.28800   37.8689  132.3045    2.11700    0.00628
  3.0583   30.02700   80.02800   37.8871  132.2935    1.94300   -0.03005
  3.0667   30.06800   79.76800   37.9052  132.2829    1.80300   -0.04346
  3.0750   30.10700   79.50800   37.9233  132.2725    1.72600   -0.05519
  3.0833   30.14600   79.24800   37.9414  132.2621    1.57300   -0.05868
  3.0917   30.18300   78.98800   37.9594  132.2519    1.49300   -0.08380
  3.1000   30.21900   78.72700   37.9774  132.2419    1.31500   -0.09392
  3.1083   30.25300   78.46600   37.9955  132.2321    1.26200   -0.08431
  3.1167   30.28600   78.20500   38.0135  132.2224    1.29700   -0.07686
  3.1250   30.31800   77.94400   38.0314  132.2127    1.12400   -0.07070
  3.1333   30.34800   77.68200   38.0495  132.2034    1.08300   -0.09079
  3.1417   30.37600   77.42100   38.0674  132.1943    1.00900   -0.08350
  3.1500   30.40400   77.15900   38.0854  132.1852    1.00900   -0.07369
  3.1583   30.43000   76.89700   38.1034  132.1762    0.99900   -0.06214
  3.1667   30.45400   76.63600   38.1213  132.1676    0.94900   -0.05702
  3.1750   30.48000   76.37300   38.1392  132.1585    0.92900   -0.04223
  3.1833   30.50500   76.11100   38.1571  132.1495    0.98700   -0.03665
  3.1917   30.52800   75.84800   38.1750  132.1407    0.90400   -0.01707
  3.2000   30.55000   75.58600   38.1928  132.1320    0.96400   -0.00432
  3.2083   30.57000   75.32300   38.2108  132.1236    0.99400    0.01948
  3.2167   30.58900   75.06000   38.2287  132.1153    0.97300    0.02910
  3.2250   30.60700   74.79700   38.2466  132.1070    0.97200    0.02637
  3.2333   30.62300   74.53500   38.2644  132.0990    0.94000    0.01719
  3.2417   30.63700   74.27200   38.2824  132.0913    0.88500    0.01727
  3.2500   30.65100   74.00900   38.3003  132.0835    0.93000    0.00843
  3.2583   30.66200   73.74600   38.3182  132.0761    0.85000    0.01524
  3.2667   30.67300   73.48400   38.3361  132.0686    0.87300    0.01014
  3.2750   30.68100   73.22100   38.3541  132.0615    0.85100    0.01490
  3.2833   30.68900   72.95900   38.3720  132.0544    0.81400    0.00685
  3.2917   30.69500   72.69600   38.3900  132.0474    0.76600    0.01561
  3.3000   30.69900   72.43400   38.4080  132.0408    0.82500    0.01920
  3.3083   30.70200   72.17200   38.4260  132.0342    0.75900    0.01716
  3.3167   30.70400   71.91000   38.4440  132.0277    0.68000    0.01058
  3.3250   30.70400   71.64800   38.4621  132.0214    0.71300    0.00728
  3.3333   30.70200   71.38600   38.4802  132.0154    0.65800    0.00555
  3.3417   30.70200   71.12400   38.4982  132.0090    0.58600   -0.00213
  3.3500   30.70100   70.86200   38.5163  132.0026    0.58500   -0.01000
  3.3583   30.69800   70.60100   38.5343  131.9964    0.52400   -0.00262
  3.3667   30.69400   70.33900   38.5524  131.9904    0.52500    0.00435
  3.3750   30.68800   70.07800   38.5705  131.9846    0.51300    0.02087
  3.3833   30.68100   69.81700   38.5886  131.9788    0.49700    0.02834
  3.3917   30.67300   69.55600   38.6068  131.9731    0.44500    0.02573
  3.4000   30.66200   69.29500   38.6251  131.9679    0.38400    0.01635
  3.4083   30.65100   69.03500   38.6433  131.9626    0.33700    0.01442
  3.4167   30.63800   68.77500   38.6616  131.9575    0.33100    0.02084
  3.4250   30.62300   68.51500   38.6799  131.9526    0.32000    0.00469
  3.4333   30.60700   68.25600   38.6983  131.9479    0.16300   -0.01360
  3.4417   30.59000   67.99700   38.7166  131.9432    0.15900   -0.05332
  3.4500   30.57100   67.73900   38.7350  131.9388    0.04400   -0.06595
  3.4583   30.55000   67.48100   38.7535  131.9347    0.03900   -0.08546
  3.4667   30.52800   67.22300   38.7721  131.9306    0.00000   -0.07720
  3.4750   30.50500   66.96600   38.7906  131.9266    0.03500   -0.07379
  3.4833   30.48000   66.70900   38.8092  131.9228    0.01400   -0.06289
  3.4917   30.45300   66.45300   38.8279  131.9193    0.02800   -0.05602
  3.5000   30.42500   66.19700   38.8466  131.9159    0.05700   -0.04792
  3.5083   30.39900   65.94100   38.8652  131.9121    0.05300   -0.02908
  3.5167   30.37200   65.68500   38.8839  131.9082    0.14700   -0.01591
  3.5250   30.34300   65.43000   38.9027  131.9047    0.16700   -0.00848
  3.5333   30.31200   65.17500   38.9215  131.9014    0.16000   -0.02382
  3.5417   30.28000   64.92000   38.9404  131.8982    0.14500   -0.04309
  3.5500   30.24600   64.66700   38.9593  131.8953    0.15500   -0.05157
  3.5583   30.21100   64.41300   38.9784  131.8924    0.21200   -0.05357
  3.5667   30.17500   64.16100   38.9974  131.8897    0.24100   -0.04226
  3.5750   30.13700   63.90900   39.0165  131.8872    0.33100   -0.04007
  3.5833   30.09800   63.65700   39.0357  131.8847    0.34700   -0.01443
  3.5917   30.05700   63.40600   39.0549  131.8826    0.50600    0.00315
  3.6000   30.01500   63.15600   39.0742  131.8806    0.55500    0.02485
  3.6083   29.97100   62.90700   39.0936  131.8788    0.59200    0.01789
  3.6167   29.92600   62.65800   39.1130  131.8771    0.60200    0.00048
  3.6250   29.87900   62.41000   39.1325  131.8757    0.60500   -0.00660
  3.6333   29.83100   62.16200   39.1522  131.8744    0.71400   -0.00944
  3.6417   29.78200   61.91500   39.1718  131.8732    0.76000   -0.00595
  3.6500   29.73100   61.66900   39.1916  131.8722    0.80800   -0.01102
  3.6583   29.67800   61.42400   39.2114  131.8716    0.87800   -0.02277
  3.6667   29.62400   61.18000   39.2313  131.8710    0.89600   -0.03130
  3.6750   29.57300   60.93500   39.2511  131.8698    0.96000   -0.05159
  3.6833   29.51900   60.69000   39.2711  131.8690    0.96600   -0.05404
  3.6917   29.46400   60.44700   39.2911  131.8684    1.07600   -0.05701
  3.7000   29.40800   60.20400   39.3112  131.8679    1.14600   -0.03880
  3.7083   29.35000   59.96200   39.3315  131.8676    1.27600   -0.02226
  3.7167   29.29100   59.72100   39.3517  131.8675    1.38200   -0.00624
  3.7250   29.23100   59.48000   39.3721  131.8675    1.45200    0.00984
  3.7333   29.16900   59.24100   39.3926  131.8677    1.58400    0.02070
  3.7417   29.10600   59.00200   39.4132  131.8681    1.66800    0.02183
  3.7500   29.04100   58.76400   39.4339  131.8688    1.69500    0.01615
  3.7583   28.97500   58.52700   39.4547  131.8696    1.79800    0.00040
  3.7667   28.90800   58.29100   39.4755  131.8705    1.83700    0.00164
  3.7750   28.83900   58.05600   39.4965  131.8718    1.96000   -0.00433
  3.7833   28.76900   57.82200   39.5176  131.8731    2.02800   -0.01282
  3.7917   28.69800   57.58800   39.5388  131.8746    2.05100   -0.02247
  3.8000   28.62500   57.35600   39.5601  131.8764    2.16700   -0.02709
  3.8083   28.55100   57.12500   39.5814  131.8784    2.25800   -0.02231
  3.8167   28.47500   56.89400   39.6030  131.8806    2.33200   -0.00962
  3.8250   28.39800   56.66500   39.6247  131.8831    2.48900   -0.00049
  3.8333   28.32000   56.43700   39.6464  131.8856    2.56400    0.00189
  3.8417   28.24400   56.20700   39.6681  131.8876    2.61100   -0.00447
  3.8500   28.16600   55.97900   39.6900  131.8900    2.73400   -0.00858
  3.8583   28.08700   55.75200   39.7120  131.8926    2.83400   -0.01491
  3.8667   28.00700   55.52600   39.7340  131.8952    2.88100   -0.01871
  3.8750   27.92500   55.30000   39.7563  131.8982    3.03100   -0.03909
  3.8833   27.84200   55.07600   39.7787  131.9014    3.05500   -0.04868
  3.8917   27.75800   54.85300   39.8011  131.9047    3.17500   -0.07156
  3.9000   27.67300   54.63100   39.8237  131.9082    3.26500   -0.08204
  3.9083   27.58600   54.41000   39.8465  131.9120    3.36400   -0.07651
  3.9167   27.49800   54.19000   39.8694  131.9160    3.58200   -0.06559
  3.9250   27.40900   53.97100   39.8924  131.9202    3.70900   -0.04581
  3.9333   27.31800   53.75300   39.9156  131.9247    3.86900   -0.03385
  3.9417   27.22600   53.53600   39.9390  131.9294    4.04900   -0.02366
  3.9500   27.13300   53.32000   39.9625  131.9343    4.17000   -0.00249
  3.9583   27.03900   53.10600   39.9861  131.9394    4.39400    0.00990
  3.9667   26.94300   52.89300   40.0099  131.9448    4.52700    0.03639
  3.9750   26.84700   52.68000   40.0338  131.9502    4.73100    0.04031
  3.9833   26.74900   52.46900   40.0579  131.9561    4.82700    0.04882
  3.9917   26.65000   52.25900   40.0821  131.9621    4.98600    0.04883
  4.0000   26.54900   52.05100   40.1066  131.9686    5.13200    0.05821
  4.0083   26.45100   51.84100   40.1310  131.9743    5.27400    0.05816
  4.0167   26.35100   51.63200   40.1556  131.9804    5.36800    0.05285
  4.0250   26.25000   51.42500   40.1803  131.9867    5.47400    0.04516
  4.0333   26.14800   51.21800   40.2053  131.9932    5.59400    0.03089
  4.0417   26.04500   51.01300   40.2304  132.0000    5.63900    0.02822
  4.0500   25.94100   50.80900   40.2556  132.0069    5.80600    0.01232
  4.0583   25.83500   50.60600   40.2812  132.0143    5.84100    0.00667
  4.0667   25.72900   50.40500   40.3067  132.0217    5.93900   -0.00926
  4.0750   25.62100   50.20400   40.3326  132.0296    6.03700   -0.01297
  4.0833   25.51200   50.00500   40.3587  132.0376    6.13000   -0.01165
  4.0917   25.40200   49.80700   40.3849  132.0459    6.24200   -0.01076
  4.1000   25.29000   49.61000   40.4114  132.0547    6.32300   -0.00351
  4.1083   25.17800   49.41400   40.4380  132.0635    6.43800    0.00927
  4.1167   25.06500   49.22000   40.4648  132.0726    6.56900    0.02950
  4.1250   24.95000   49.02700   40.4919  132.0821    6.68000    0.06231
  4.1333   24.83500   48.83500   40.5191  132.0917    6.85700    0.07761
  4.1417   24.71800   48.64400   40.5466  132.1017    6.87500    0.09326
  4.1500   24.60000   48.45400   40.5744  132.1120    6.98000    0.08362
  4.1583   24.48100   48.26600   40.6023  132.1226    7.00000    0.07564
  4.1667   24.36100   48.07900   40.6305  132.1335    7.02500    0.06042
  4.1750   24.24400   47.89100   40.6586  132.1437    7.08600    0.03377
  4.1833   24.12500   47.70400   40.6870  132.1543    7.04100    0.00813
  4.1917   24.00500   47.51900   40.7156  132.1653    7.07500   -0.02867
  4.2000   23.88400   47.33400   40.7445  132.1765    7.07200   -0.05252
  4.2083   23.76100   47.15100   40.7737  132.1883    7.10500   -0.07362
  4.2167   23.63800   46.96900   40.8031  132.2001    7.15400   -0.08504
  4.2250   23.51400   46.78900   40.8326  132.2123    7.20900   -0.09587
  4.2333   23.38900   46.60900   40.8625  132.2248    7.24800   -0.09221
  4.2417   23.26300   46.43100   40.8927  132.2376    7.39000   -0.07717
  4.2500   23.13600   46.25400   40.9230  132.2507    7.51900   -0.05001
  4.2583   23.00800   46.07900   40.9537  132.2643    7.63500   -0.02497
  4.2667   22.87900   45.90400   40.9846  132.2780    7.76900    0.00719
  4.2750   22.74900   45.73100   41.0159  132.2922    7.94900    0.02435
  4.2833   22.61800   45.55900   41.0474  132.3067    7.98500    0.04715
  4.2917   22.48600   45.38900   41.0792  132.3217    8.16700    0.05041
  4.3000   22.35300   45.22000   41.1113  132.3370    8.23400    0.06267
  4.3083   22.21900   45.05200   41.1437  132.3526    8.33700    0.05017
  4.3167   22.08500   44.88500   41.1763  132.3684    8.37000    0.03726
  4.3250   21.94900   44.72000   41.2093  132.3849    8.43600    0.00991
  4.3333   21.81300   44.55600   41.2425  132.4015    8.45000   -0.01590
  4.3417   21.67800   44.39000   41.2760  132.4178    8.49200   -0.03864
  4.3500   21.54300   44.22600   41.3096  132.4343    8.58200   -0.04496
  4.3583   21.40600   44.06300   41.3437  132.4514    8.69600   -0.04481
  4.3667   21.26900   43.90200   41.3780  132.4688    8.77400   -0.04410
  4.3750   21.13100   43.74100   41.4127  132.4865    8.86200   -0.03862
  4.3833   20.99200   43.58200   41.4477  132.5046    9.00800   -0.03213
  4.3917   20.85200   43.42400   41.4831  132.5233    9.09700   -0.03354
  4.4000   20.71200   43.26800   41.5186  132.5421    9.13900   -0.01611
  4.4083   20.57000   43.11300   41.5548  132.5617    9.41200   -0.00154
  4.4167   20.42800   42.95900   41.5911  132.5815    9.48800    0.02465
  4.4250   20.28500   42.80600   41.6279  132.6017    9.61600    0.02386
  4.4333   20.14100   42.65500   41.6651  132.6225    9.72500    0.00900
  4.4417   19.99600   42.50500   41.7026  132.6437    9.72100    0.00085
  4.4500   19.85000   42.35600   41.7407  132.6654    9.90600   -0.00824
  4.4583   19.70400   42.20800   41.7790  132.6874   10.01900    0.00121
  4.4667   19.55700   42.06200   41.8176  132.7099   10.15000   -0.00688
  4.4750   19.40900   41.91700   41.8568  132.7330   10.22800   -0.03078
  4.4833   19.26000   41.77300   41.8964  132.7566   10.24600   -0.05691
  4.4917   19.11100   41.63100   41.9363  132.7806   10.36400   -0.07756
  4.5000   18.96000   41.49000   41.9768  132.8054   10.48500   -0.06846
  4.5083   18.81200   41.34700   42.0173  132.8293   10.71200   -0.05218
  4.5167   18.66300   41.20600   42.0582  132.8539   10.90100   -0.04228
  4.5250   18.51300   41.06600   42.0997  132.8790   10.99800   -0.03883
  4.5333   18.36300   40.92700   42.1414  132.9045   11.19800   -0.04036
  4.5417   18.21100   40.78900   42.1839  132.9308   11.37200   -0.02977
  4.5500   18.05900   40.65300   42.2267  132.9575   11.57300   -0.02564
  4.5583   17.90700   40.51800   42.2698  132.9846   11.75100   -0.03497
  4.5667   17.75300   40.38400   42.3137  133.0125   11.84900   -0.04238
  4.5750   17.59900   40.25100   42.3580  133.0408   12.08400   -0.05058
  4.5833   17.44400   40.12000   42.4027  133.0699   12.26900   -0.03461
  4.5917   17.28900   39.99000   42.4479  133.0993   12.54400   -0.02916
  4.6000   17.13300   39.86100   42.4936  133.1294   12.69900   -0.02091
  4.6083   16.97600   39.73300   42.5400  133.1602   12.90200   -0.00726
  4.6167   16.81800   39.60700   42.5869  133.1918   13.22100    0.01813
  4.6250   16.66000   39.48200   42.6342  133.2238   13.46400    0.04532
  4.6333   16.50200   39.35800   42.6819  133.2562   13.67400    0.05263
  4.6417   16.34200   39.23600   42.7305  133.2898   13.83800    0.05860
  4.6500   16.18200   39.11400   42.7796  133.3238   14.07000    0.05120
  4.6583   16.02200   38.99400   42.8290  133.3583   14.18300    0.04178
  4.6667   15.86000   38.87600   42.8794  133.3940   14.33300    0.02854
  4.6750   15.70100   38.75500   42.9297  133.4288   14.53000    0.01681
  4.6833   15.54100   38.63600   42.9807  133.4645   14.64200    0.01929
  4.6917   15.38000   38.51800   43.0325  133.5010   14.88900    0.01241
  4.7000   15.21900   38.40100   43.0847  133.5380   15.00500   -0.00129
  4.7083   15.05700   38.28500   43.1377  133.5759   15.06600   -0.01867
  4.7167   14.89500   38.17100   43.1911  133.6144   15.28400   -0.02916
  4.7250   14.73200   38.05800   43.2452  133.6539   15.45500   -0.02405
  4.7333   14.56800   37.94600   43.3002  133.6942   15.63900   -0.02322
  4.7417   14.40400   37.83500   43.3557  133.7351   15.83400   -0.01801
  4.7500   14.23900   37.72500   43.4121  133.7769   16.04900   -0.03970
  4.7583   14.07400   37.61700   43.4689  133.8195   16.03200   -0.05824
  4.7667   13.90800   37.51000   43.5265  133.8631   16.25700   -0.06704
  4.7750   13.74200   37.40400   43.5847  133.9074   16.55100   -0.03866
  4.7833   13.57500   37.29900   43.6439  133.9526   16.83800   -0.01413
  4.7917   13.40800   37.19600   43.7035  133.9987   17.03800   -0.00488
  4.8000   13.24000   37.09300   43.7641  134.0457   17.21600    0.00023
  4.8083   13.07200   36.99200   43.8253  134.0936   17.47400    0.01314
  4.8167   12.90300   36.89200   43.8874  134.1426   17.74300    0.02144
  4.8250   12.73400   36.79300   43.9501  134.1923   17.88800    0.03242
  4.8333   12.56400   36.69600   44.0138  134.2434   18.16200    0.03016
  4.8417   12.39600   36.59600   44.0778  134.2938   18.32400    0.03096
  4.8500   12.22700   36.49800   44.1428  134.3456   18.48900    0.03077
  4.8583   12.05800   36.40100   44.2084  134.3981   18.75000    0.02285
  4.8667   11.88900   36.30500   44.2747  134.4515   18.82300    0.01811
  4.8750   11.71900   36.21000   44.3421  134.5061   19.00200    0.01630
  4.8833   11.54800   36.11700   44.4104  134.5622   19.27700    0.03142
  4.8917   11.37700   36.02400   44.4796  134.6190   19.48900    0.04370
  4.9000   11.20600   35.93300   44.5494  134.6769   19.62500    0.03926
  4.9083   11.03400   35.84300   44.6204  134.7362   19.74400    0.03244
  4.9167   10.86200   35.75400   44.6921  134.7964   19.91800    0.01410
  4.9250   10.68900   35.66600   44.7649  134.8581   19.94900    0.00640
  4.9333   10.51600   35.57900   44.8386  134.9207   20.15400   -0.00750
  4.9417   10.34200   35.49400   44.9133  134.9850   20.26500    0.00189
  4.9500   10.16800   35.40900   44.9889  135.0502   20.49900    0.00215
  4.9583    9.99400   35.32600   45.0653  135.1167   20.61900    0.01266
  4.9667    9.81900   35.24400   45.1430  135.1847   20.81100    0.00128
  4.9750    9.64400   35.16300   45.2214  135.2539   20.82600    0.00159
  4.9833    9.46800   35.08300   45.3012  135.3247   21.03300   -0.00307
  4.9917    9.29300   35.00400   45.3815  135.3962   21.17400    0.00609
  5.0000    9.11600   34.92700   45.4633  135.4701   21.31500    0.01641
  5.0083    8.94200   34.84700   45.5453  135.5430   21.53600    0.01598
  5.0167    8.76700   34.76900   45.6285  135.6178   21.60400    0.02469
  5.0250    8.59100   34.69100   45.7132  135.6942   21.81600    0.02481
  5.0333    8.41600   34.61500   45.7982  135.7715   21.94400    0.01732
  5.0417    8.23900   34.54000   45.8851  135.8513   21.95200   -0.00653
  5.0500    8.06300   34.46600   45.9725  135.9319   21.99300   -0.01088
  5.0583    7.88600   34.39300   46.0614  136.0144   22.25900   -0.00711
  5.0667    7.70900   34.32100   46.1512  136.0983   22.29300    0.00334
  5.0750    7.53100   34.25000   46.2425  136.1843   22.46600    0.00000

 16.8417   23.38100  318.62201   41.2231  122.3252    5.71000    0.00000
 16.8500   23.57400  318.55600   41.1897  122.3573    5.60700   -0.00408
 16.8583   23.76600  318.48801   41.1566  122.3886    5.50100   -0.01461
 16.8667   23.95900  318.42001   41.1238  122.4198    5.47400   -0.00728
 16.8750   24.15100  318.34900   41.0912  122.4502    5.48400    0.00883
 16.8833   24.34300  318.27802   41.0591  122.4803    5.41400    0.01141
 16.8917   24.53500  318.20401   41.0270  122.5098    5.31200   -0.00345
 16.9000   24.72600  318.13000   40.9955  122.5389    5.22900   -0.00605
 16.9083   24.91800  318.05399   40.9640  122.5676    5.21900   -0.00588
 16.9167   25.10900  317.97601   40.9329  122.5957    5.12800   -0.00172
 16.9250   25.30000  317.89700   40.9020  122.6235    5.06600    0.00661
 16.9333   25.49100  317.81601   40.8714  122.6508    5.07700    0.01682
 16.9417   25.68100  317.73401   40.8411  122.6776    5.00400    0.02128
 16.9500   25.87100  317.64999   40.8111  122.7039    4.91300    0.01125
 16.9583   26.06100  317.56500   40.7812  122.7300    4.83800   -0.00050
 16.9667   26.25100  317.47800   40.7516  122.7556    4.75400   -0.00328
 16.9750   26.44000  317.39001   40.7223  122.7808    4.72300   -0.00805
 16.9833   26.62900  317.29999   40.6933  122.8056    4.65300   -0.01552
 16.9917   26.81800  317.20801   40.6644  122.8300    4.56700   -0.03345
 17.0000   27.00600  317.11499   40.6358  122.8539    4.48700   -0.04950
 17.0083   27.19600  317.02399   40.6074  122.8781    4.43600   -0.05877
 17.0167   27.38600  316.93100   40.5792  122.9020    4.39400   -0.06142
 17.0250   27.57500  316.83701   40.5513  122.9254    4.35500   -0.06548
 17.0333   27.76400  316.74100   40.5236  122.9484    4.29700   -0.06616
 17.0417   27.95200  316.64401   40.4962  122.9711    4.27900   -0.05092
 17.0500   28.14100  316.54501   40.4689  122.9935    4.33100   -0.02154
 17.0583   28.32900  316.44400   40.4418  123.0155    4.35300    0.00828
 17.0667   28.51600  316.34100   40.4150  123.0370    4.33700    0.03129
 17.0750   28.70400  316.23700   40.3883  123.0584    4.34800    0.04813
 17.0833   28.89000  316.13101   40.3620  123.0792    4.33100    0.06034
 17.0917   29.07700  316.02399   40.3357  123.0999    4.28200    0.07244
 17.1000   29.26300  315.91501   40.3097  123.1202    4.28400    0.07252
 17.1083   29.44900  315.80399   40.2838  123.1402    4.19300    0.07234
 17.1167   29.63400  315.69101   40.2582  123.1598    4.13500    0.06188
 17.1250   29.81900  315.57700   40.2327  123.1792    4.07300    0.06548
 17.1333   30.00300  315.45999   40.2074  123.1981    4.04200    0.06954
 17.1417   30.18700  315.34201   40.1824  123.2168    3.96900    0.06512
 17.1500   30.37100  315.22299   40.1574  123.2353    3.84700    0.04643
 17.1583   30.55400  315.10101   40.1327  123.2533    3.72900    0.02323
 17.1667   30.73600  314.97800   40.1082  123.2711    3.62100    0.00677
 17.1750   30.92000  314.85699   40.0839  123.2891    3.52500   -0.00193
 17.1833   31.10400  314.73401   40.0596  123.3069    3.44000   -0.00957
 17.1917   31.28700  314.60901   40.0356  123.3243    3.33700   -0.01636
 17.2000   31.47000  314.48199   40.0117  123.3415    3.24400   -0.03166
 17.2083   31.65200  314.35400   39.9880  123.3584    3.11700   -0.03756
 17.2167   31.83400  314.22299   39.9644  123.3751    3.06300   -0.03454
 17.2250   32.01500  314.09100   39.9411  123.3914    3.02100   -0.03043
 17.2333   32.19600  313.95700   39.9178  123.4075    2.91300   -0.03906
 17.2417   32.37600  313.82101   39.8948  123.4233    2.81300   -0.05194
 17.2500   32.55500  313.68301   39.8719  123.4388    2.76900   -0.06231
 17.2583   32.73500  313.54300   39.8490  123.4542    2.69200   -0.06247
 17.2667   32.91300  313.40100   39.8264  123.4692    2.65800   -0.07135
 17.2750   33.09100  313.25800   39.8040  123.4841    2.58900   -0.08347
 17.2833   33.26800  313.11200   39.7817  123.4986    2.51400   -0.09463
 17.2917   33.44500  312.96500   39.7595  123.5129    2.50700   -0.09344
 17.3000   33.62100  312.81500   39.7374  123.5270    2.51700   -0.07480
 17.3083   33.79600  312.66400   39.7155  123.5408    2.54600   -0.05630
 17.3167   33.97100  312.51001   39.6937  123.5544    2.55600   -0.04822
 17.3250   34.14500  312.35501   39.6721  123.5677    2.53500   -0.04377
 17.3333   34.31800  312.19800   39.6506  123.5808    2.56300   -0.05010
 17.3417   34.49300  312.04199   39.6292  123.5942    2.53600   -0.03940
 17.3500   34.66800  311.88501   39.6079  123.6075    2.60900   -0.03425
 17.3583   34.84100  311.72501   39.5869  123.6203    2.62100   -0.02401
 17.3667   35.01400  311.56400   39.5659  123.6330    2.62700   -0.02231
 17.3750   35.18700  311.39999   39.5449  123.6456    2.66400   -0.00795
 17.3833   35.35800  311.23401   39.5242  123.6578    2.73500    0.01438
 17.3917   35.52900  311.06601   39.5036  123.6699    2.77100    0.03975
 17.4000   35.69900  310.89600   39.4830  123.6817    2.81000    0.05192
 17.4083   35.86900  310.72400   39.4626  123.6934    2.80800    0.06855
 17.4167   36.03700  310.54999   39.4423  123.7048    2.84900    0.08230
 17.4250   36.20500  310.37399   39.4221  123.7160    2.86300    0.09556
 17.4333   36.37200  310.19601   39.4021  123.7271    2.84200    0.10069
 17.4417   36.53800  310.01599   39.3821  123.7379    2.83500    0.10131
 17.4500   36.70400  309.83301   39.3622  123.7486    2.81500    0.09240
 17.4583   36.86800  309.64899   39.3425  123.7590    2.73800    0.08405
 17.4667   37.03200  309.46201   39.3229  123.7693    2.72100    0.06586
 17.4750   37.19500  309.27301   39.3033  123.7794    2.64000    0.05274
 17.4833   37.35700  309.08200   39.2839  123.7893    2.57600    0.01560
 17.4917   37.51800  308.88901   39.2645  123.7989    2.43800   -0.00756
 17.5000   37.67800  308.69400   39.2453  123.8084    2.41300   -0.03070
 17.5083   37.83900  308.50000   39.2262  123.8181    2.34000   -0.02802
 17.5167   38.00000  308.30399   39.2072  123.8277    2.31600   -0.03103
 17.5250   38.16000  308.10599   39.1882  123.8372    2.26200   -0.03705
 17.5333   38.31900  307.90500   39.1693  123.8464    2.17500   -0.03578
 17.5417   38.47700  307.70300   39.1506  123.8554    2.18500   -0.04022
 17.5500   38.63400  307.49799   39.1319  123.8643    2.11000   -0.02623
 17.5583   38.79000  307.29099   39.1133  123.8730    2.11200   -0.02773
 17.5667   38.94600  307.08099   39.0947  123.8816    2.05600   -0.02412
 17.5750   39.10000  306.87000   39.0763  123.8900    2.01200   -0.02930
 17.5833   39.25300  306.65601   39.0580  123.8982    1.98100   -0.01901
 17.5917   39.40500  306.44000   39.0397  123.9062    2.00200   -0.01320
 17.6000   39.55600  306.22101   39.0215  123.9140    1.94200   -0.00554
 17.6083   39.70600  306.00101   39.0034  123.9218    1.92500   -0.00647
 17.6167   39.85400  305.77802   38.9855  123.9292    1.91400    0.00712
 17.6250   40.00200  305.55301   38.9675  123.9367    1.91900    0.01051
 17.6333   40.14900  305.32599   38.9496  123.9439    1.86200    0.00813
 17.6417   40.29400  305.09601   38.9319  123.9509    1.82700   -0.00596
 17.6500   40.43800  304.86401   38.9142  123.9578    1.78900   -0.01534
 17.6583   40.58200  304.63000   38.8965  123.9647    1.75700   -0.02186
 17.6667   40.72300  304.39401   38.8790  123.9712    1.74100   -0.01867
 17.6750   40.86700  304.15900   38.8615  123.9782    1.74600   -0.01511
 17.6833   41.00900  303.92099   38.8440  123.9848    1.71900   -0.01356
 17.6917   41.15000  303.68201   38.8267  123.9914    1.69300   -0.02827
 17.7000   41.29000  303.43900   38.8094  123.9978    1.63200   -0.02851
 17.7083   41.42900  303.19501   38.7922  124.0042    1.66600   -0.02518
 17.7167   41.56600  302.94800   38.7750  124.0103    1.65700   -0.00685
 17.7250   41.70300  302.69901   38.7579  124.0164    1.65900    0.00015
 17.7333   41.83700  302.44800   38.7409  124.0221    1.64600    0.00933
 17.7417   41.97100  302.19400   38.7239  124.0279    1.64700    0.01116
 17.7500   42.10300  301.93799   38.7070  124.0334    1.61700    0.02237
 17.7583   42.23400  301.67999   38.6901  124.0389    1.64200    0.01644
 17.7667   42.36400  301.42001   38.6733  124.0442    1.56800    0.02745
 17.7750   42.49200  301.15701   38.6566  124.0494    1.60900    0.02739
 17.7833   42.61900  300.89200   38.6399  124.0544    1.58800    0.03290
 17.7917   42.74400  300.62500   38.6233  124.0593    1.53700    0.01903
 17.8000   42.86800  300.35599   38.6067  124.0641    1.49800    0.00912
 17.8083   42.99100  300.08401   38.5902  124.0687    1.49300    0.00014
 17.8167   43.11200  299.81000   38.5737  124.0732    1.44700   -0.00986
 17.8250   43.23200  299.53400   38.5573  124.0777    1.40300   -0.01677
 17.8333   43.35000  299.25601   38.5410  124.0819    1.41400   -0.02393
 17.8417   43.46900  298.97800   38.5246  124.0863    1.37000   -0.03031
 17.8500   43.58700  298.69800   38.5084  124.0907    1.33900   -0.04553
 17.8583   43.70400  298.41599   38.4922  124.0950    1.31800   -0.05438
 17.8667   43.81900  298.13199   38.4760  124.0991    1.30800   -0.05050
 17.8750   43.93300  297.84500   38.4598  124.1031    1.33400   -0.04478
 17.8833   44.04500  297.55701   38.4438  124.1070    1.32900   -0.04425
 17.8917   44.15500  297.26599   38.4278  124.1107    1.30600   -0.05202
 17.9000   44.26400  296.97299   38.4118  124.1144    1.30700   -0.05228
 17.9083   44.37200  296.67700   38.3958  124.1180    1.34300   -0.04510
 17.9167   44.47700  296.38000   38.3799  124.1213    1.35800   -0.02664
 17.9250   44.58100  296.07999   38.3640  124.1246    1.41100   -0.01528
 17.9333   44.68400  295.77899   38.3482  124.1278    1.42300   -0.00366
 17.9417   44.78400  295.47501   38.3324  124.1308    1.44400   -0.00212
 17.9500   44.88300  295.16901   38.3166  124.1337    1.45900    0.00017
 17.9583   44.98100  294.86099   38.3009  124.1366    1.47300    0.00665
 17.9667   45.07600  294.55099   38.2852  124.1392    1.51100    0.01734
 17.9750   45.17000  294.23999   38.2696  124.1418    1.54300    0.03091
 17.9833   45.26200  293.92599   38.2540  124.1443    1.56900    0.03676
 17.9917   45.35300  293.60999   38.2383  124.1467    1.57300    0.03746
 18.0000   45.44100  293.29199   38.2228  124.1489    1.57800    0.04083
 18.0083   45.53100  292.97501   38.2073  124.1514    1.60500    0.03774
 18.0167   45.62000  292.65601   38.1918  124.1539    1.57400    0.03615
 18.0250   45.70600  292.33499   38.1764  124.1561    1.57800    0.02932
 18.0333   45.79100  292.01099   38.1609  124.1583    1.58100    0.03103
 18.0417   45.87300  291.68600   38.1455  124.1603    1.58400    0.03062
 18.0500   45.95400  291.35999   38.1302  124.1623    1.57500    0.02813
 18.0583   46.03300  291.03101   38.1148  124.1641    1.56300    0.02365
 18.0667   46.11000  290.70001   38.0995  124.1658    1.54900    0.01311
 18.0750   46.18600  290.36801   38.0842  124.1675    1.51100   -0.00101
 18.0833   46.25900  290.03400   38.0689  124.1690    1.48100   -0.01660
 18.0917   46.33100  289.69800   38.0536  124.1705    1.46000   -0.02276
 18.1000   46.40000  289.36099   38.0384  124.1717    1.46200   -0.01984
 18.1083   46.46800  289.02100   38.0232  124.1730    1.47400   -0.00613
 18.1167   46.53400  288.68100   38.0080  124.1741    1.50200   -0.00837
 18.1250   46.59700  288.33801   37.9929  124.1750    1.44400   -0.01745
 18.1333   46.65900  287.99399   37.9777  124.1760    1.43200   -0.03653
 18.1417   46.71900  287.64899   37.9626  124.1768    1.42500   -0.04502
 18.1500   46.77700  287.30200   37.9475  124.1775    1.41600   -0.05753
 18.1583   46.83300  286.95401   37.9324  124.1782    1.39500   -0.05947
 18.1667   46.88700  286.60400   37.9173  124.1787    1.43700   -0.05516
 18.1750   46.94200  286.25500   37.9022  124.1794    1.46000   -0.03607
 18.1833   46.99500  285.90399   37.8872  124.1801    1.50400   -0.02275
 18.1917   47.04600  285.55200   37.8722  124.1806    1.52800   -0.01336
 18.2000   47.09500  285.19901   37.8572  124.1811    1.53800   -0.01006
 18.2083   47.14200  284.84399   37.8422  124.1815    1.56100   -0.00397
 18.2167   47.18700  284.48801   37.8272  124.1817    1.59900    0.00723
 18.2250   47.22900  284.13101   37.8122  124.1818    1.63300    0.01066
 18.2333   47.27000  283.77200   37.7972  124.1819    1.62800    0.00922
 18.2417   47.30900  283.41299   37.7823  124.1819    1.65100    0.00602
 18.2500   47.34500  283.05200   37.7673  124.1817    1.68100    0.01002
 18.2583   47.38000  282.69000   37.7523  124.1816    1.70400    0.01729
 18.2667   47.41200  282.32700   37.7374  124.1812    1.73700    0.02730
 18.2750   47.44200  281.96399   37.7225  124.1808    1.77300    0.02518
 18.2833   47.47100  281.59900   37.7075  124.1804    1.74500    0.01722
 18.2917   47.49700  281.23401   37.6926  124.1798    1.75200    0.00509
 18.3000   47.52100  280.86700   37.6777  124.1791    1.76900    0.00060
 18.3083   47.54300  280.50000   37.6627  124.1783    1.76900    0.00079
 18.3167   47.56200  280.13199   37.6478  124.1774    1.79400    0.00708
 18.3250   47.58000  279.76401   37.6329  124.1765    1.83700    0.00499
 18.3333   47.59500  279.39499   37.6180  124.1754    1.80600    0.00760
 18.3417   47.61200  279.02600   37.6031  124.1746    1.84900   -0.00358
 18.3500   47.62600  278.65701   37.5882  124.1737    1.83800   -0.01106
 18.3583   47.63900  278.28699   37.5733  124.1727    1.82100   -0.02351
 18.3667   47.64900  277.91599   37.5583  124.1716    1.84800   -0.03150
 18.3750   47.65600  277.54599   37.5435  124.1703    1.85800   -0.03166
 18.3833   47.66200  277.17401   37.5285  124.1691    1.87800   -0.03235
 18.3917   47.66600  276.80200   37.5136  124.1678    1.90800   -0.02595
 18.4000   47.66700  276.42999   37.4987  124.1663    1.94900   -0.02176
 18.4083   47.66700  276.05701   37.4837  124.1648    1.96200   -0.02234
 18.4167   47.66400  275.68500   37.4688  124.1631    1.97600   -0.01910
 18.4250   47.65900  275.31201   37.4539  124.1614    2.03600   -0.01858
 18.4333   47.65200  274.93799   37.4389  124.1596    2.04400   -0.01311
 18.4417   47.64200  274.56500   37.4239  124.1576    2.08300   -0.01505
 18.4500   47.63100  274.19199   37.4089  124.1557    2.11700   -0.00873
 18.4583   47.61800  273.81799   37.3939  124.1537    2.16100   -0.00157
 18.4667   47.60200  273.44501   37.3789  124.1515    2.20300    0.00090
 18.4750   47.58400  273.07101   37.3639  124.1492    2.22100    0.00236
 18.4833   47.56400  272.69800   37.3489  124.1469    2.26000    0.00113
 18.4917   47.54200  272.32501   37.3338  124.1445    2.29100    0.01112
 18.5000   47.51800  271.95200   37.3188  124.1420    2.35300    0.01559
 18.5083   47.49500  271.57999   37.3037  124.1397    2.36800    0.02313
 18.5167   47.47000  271.20801   37.2887  124.1374    2.41300    0.01443
 18.5250   47.44200  270.83600   37.2736  124.1348    2.41000    0.01276
 18.5333   47.41300  270.46500   37.2585  124.1324    2.45600    0.00222
 18.5417   47.38100  270.09299   37.2433  124.1297    2.46500    0.00513
 18.5500   47.34800  269.72299   37.2282  124.1271    2.51500   -0.00039
 18.5583   47.31200  269.35199   37.2130  124.1242    2.52700   -0.00469
 18.5667   47.27400  268.98199   37.1978  124.1213    2.54100   -0.01145
 18.5750   47.23400  268.61301   37.1826  124.1184    2.58200   -0.02433
 18.5833   47.19200  268.24399   37.1674  124.1153    2.56900   -0.01778
 18.5917   47.14800  267.87601   37.1521  124.1122    2.66000   -0.02036
 18.6000   47.10200  267.50800   37.1368  124.1090    2.66600   -0.00923
 18.6083   47.05300  267.14099   37.1215  124.1056    2.71400   -0.01156
 18.6167   47.00300  266.77499   37.1062  124.1022    2.75600   -0.00843
 18.6250   46.95100  266.40900   37.0908  124.0987    2.78900   -0.01470
 18.6333   46.89700  266.04401   37.0754  124.0952    2.80100   -0.01752
 18.6417   46.84100  265.67999   37.0600  124.0916    2.86000   -0.02192
 18.6500   46.78300  265.31699   37.0445  124.0879    2.89000   -0.02343
 18.6583   46.72300  264.95499   37.0290  124.0841    2.91700   -0.02616
 18.6667   46.66100  264.59399   37.0135  124.0802    2.97600   -0.02294
 18.6750   46.59900  264.23300   36.9980  124.0764    3.03100   -0.00854
 18.6833   46.53600  263.87399   36.9824  124.0727    3.10500    0.00066
 18.6917   46.47100  263.51501   36.9668  124.0688    3.14300    0.00624
 18.7000   46.40400  263.15799   36.9512  124.0649    3.18500    0.00518
 18.7083   46.33500  262.80099   36.9355  124.0608    3.23300    0.00551
 18.7167   46.26400  262.44601   36.9199  124.0567    3.27800    0.00664
 18.7250   46.19100  262.09100   36.9041  124.0525    3.32300    0.00732
 18.7333   46.11700  261.73801   36.8883  124.0483    3.36800    0.00830
 18.7417   46.04000  261.38599   36.8725  124.0439    3.41300    0.01145
 18.7500   45.96200  261.03500   36.8567  124.0394    3.46700    0.01221
 18.7583   45.88100  260.68500   36.8407  124.0348    3.50100    0.01444
 18.7667   45.79900  260.33701   36.8248  124.0302    3.55000    0.01352
 18.7750   45.71600  259.98999   36.8088  124.0256    3.58900    0.01460
 18.7833   45.63000  259.64401   36.7928  124.0208    3.63200    0.01156
 18.7917   45.54300  259.29901   36.7767  124.0160    3.66400    0.00549
 18.8000   45.45300  258.95499   36.7606  124.0109    3.69000   -0.00576
 18.8083   45.36300  258.61301   36.7444  124.0060    3.71000   -0.01280
 18.8167   45.27000  258.27301   36.7282  124.0009    3.75700   -0.01254
 18.8250   45.17600  257.93399   36.7119  123.9957    3.81100   -0.01318
 18.8333   45.08000  257.59601   36.6956  123.9904    3.82400   -0.00416
 18.8417   44.98500  257.25900   36.6793  123.9854    3.90900   -0.00154
 18.8500   44.88800  256.92401   36.6629  123.9802    3.93300    0.01373
 18.8583   44.78900  256.59000   36.6465  123.9749    3.99600    0.01811
 18.8667   44.68900  256.25699   36.6299  123.9695    4.03000    0.02273
 18.8750   44.58700  255.92599   36.6134  123.9641    4.05300    0.02291
 18.8833   44.48400  255.59599   36.5968  123.9586    4.09600    0.02243
 18.8917   44.37800  255.26801   36.5801  123.9529    4.12900    0.02424
 18.9000   44.27200  254.94200   36.5634  123.9473    4.15900    0.02111
 18.9083   44.16300  254.61600   36.5466  123.9415    4.17700    0.02514
 18.9167   44.05400  254.29300   36.5298  123.9357    4.23800    0.01762
 18.9250   43.94200  253.97099   36.5128  123.9297    4.21900    0.01774
 18.9333   43.82900  253.64999   36.4958  123.9237    4.26900   -0.00295
 18.9417   43.71500  253.33099   36.4788  123.9177    4.24100   -0.00597
 18.9500   43.59900  253.01401   36.4617  123.9115    4.29400   -0.01068
 18.9583   43.48200  252.69800   36.4445  123.9052    4.33500   -0.00484
 18.9667   43.36300  252.38400   36.4273  123.8988    4.35000   -0.01388
 18.9750   43.24200  252.07100   36.4100  123.8923    4.34200   -0.02697
 18.9833   43.12100  251.75999   36.3926  123.8859    4.36700   -0.02770
 18.9917   42.99800  251.45100   36.3752  123.8793    4.43600   -0.01947
 19.0000   42.87300  251.14301   36.3576  123.8726    4.46700   -0.01058
 19.0083   42.75000  250.83701   36.3401  123.8661    4.49900   -0.00587
 19.0167   42.62500  250.53200   36.3225  123.8595    4.55400   -0.00668
 19.0250   42.49800  250.22800   36.3047  123.8527    4.56900   -0.01317
 19.0333   42.37100  249.92599   36.2870  123.8460    4.58300   -0.02035
 19.0417   42.24100  249.62601   36.2691  123.8390    4.63800   -0.02031
 19.0500   42.11100  249.32700   36.2512  123.8321    4.68500   -0.01768
 19.0583   41.97900  249.03000   36.2331  123.8250    4.71000   -0.01596
 19.0667   41.84600  248.73500   36.2150  123.8179    4.76600   -0.01213
 19.0750   41.71200  248.44099   36.1968  123.8107    4.82200   -0.00872
 19.0833   41.57600  248.14900   36.1786  123.8033    4.84700    0.00010
 19.0917   41.44000  247.85899   36.1602  123.7960    4.92400    0.00487
 19.1000   41.30200  247.57001   36.1418  123.7885    4.96200    0.02155
 19.1083   41.16300  247.28300   36.1232  123.7809    5.03600    0.02284
 19.1167   41.02200  246.99699   36.1046  123.7732    5.04800    0.02696
 19.1250   40.88100  246.71300   36.0859  123.7655    5.09900    0.01094
 19.1333   40.73800  246.43100   36.0670  123.7576    5.08400    0.01385
 19.1417   40.59500  246.14999   36.0481  123.7498    5.17200    0.00852
 19.1500   40.45000  245.87100   36.0291  123.7417    5.18400    0.02085
 19.1583   40.30400  245.59399   36.0100  123.7336    5.24200    0.01838
 19.1667   40.15700  245.31799   35.9908  123.7254    5.26100    0.02111
 19.1750   40.01100  245.04300   35.9715  123.7174    5.28700    0.01549
 19.1833   39.86400  244.77000   35.9522  123.7092    5.30000    0.02206
 19.1917   39.71600  244.49800   35.9327  123.7010    5.36500    0.02836
 19.2000   39.56600  244.22800   35.9131  123.6926    5.38500    0.03232
 19.2083   39.41600  243.96001   35.8935  123.6842    5.38300    0.02109
 19.2167   39.26500  243.69299   35.8737  123.6758    5.37800    0.02406
 19.2250   39.11200  243.42799   35.8538  123.6671    5.45400    0.02588
 19.2333   38.95900  243.16400   35.8338  123.6584    5.44300    0.02746
 19.2417   38.80500  242.90199   35.8137  123.6496    5.43000    0.01642
 19.2500   38.64900  242.64101   35.7934  123.6407    5.44600    0.00347
 19.2583   38.49300  242.38200   35.7730  123.6317    5.42400    0.00510
 19.2667   38.33600  242.12500   35.7526  123.6226    5.47400    0.00482
 19.2750   38.17800  241.86800   35.7319  123.6135    5.47600    0.01023
 19.2833   38.01900  241.61400   35.7112  123.6042    5.47100    0.00658
 19.2917   37.86000  241.36099   35.6904  123.5949    5.47200    0.00222
 19.3000   37.69900  241.10899   35.6694  123.5854    5.46700    0.00322
 19.3083   37.53800  240.85899   35.6483  123.5760    5.48100    0.00872
 19.3167   37.37600  240.61099   35.6271  123.5663    5.49800    0.01490
 19.3250   37.21300  240.36400   35.6057  123.5566    5.49200    0.02980
 19.3333   37.04900  240.11800   35.5842  123.5467    5.54300    0.03362
 19.3417   36.88600  239.87399   35.5626  123.5370    5.50800    0.03665
 19.3500   36.72300  239.63100   35.5410  123.5273    5.49400    0.02456
 19.3583   36.55800  239.38901   35.5191  123.5173    5.47300    0.01437
 19.3667   36.39300  239.14900   35.4971  123.5073    5.44200    0.00709
 19.3750   36.22700  238.91000   35.4750  123.4972    5.43600    0.00594
 19.3833   36.06000  238.67300   35.4527  123.4869    5.44000    0.00601
 19.3917   35.89300  238.43700   35.4303  123.4767    5.41200    0.00608
 19.4000   35.72400  238.20200   35.4076  123.4662    5.40700   -0.00286
 19.4083   35.55600  237.96899   35.3850  123.4557    5.36600   -0.00390
 19.4167   35.38600  237.73700   35.3620  123.4451    5.37300   -0.00559
 19.4250   35.21600  237.50600   35.3390  123.4344    5.36600    0.00067
 19.4333   35.04500  237.27699   35.3158  123.4235    5.36600   -0.00176
 19.4417   34.87400  237.04900   35.2924  123.4127    5.33400   -0.01791
 19.4500   34.70200  236.82300   35.2689  123.4016    5.26200   -0.02880
 19.4583   34.52900  236.59801   35.2452  123.3905    5.28800   -0.03254
 19.4667   34.35600  236.37399   35.2213  123.3792    5.29200   -0.01889
 19.4750   34.18200  236.15100   35.1973  123.3679    5.30700   -0.01869
 19.4833   34.00800  235.92999   35.1731  123.3565    5.27100   -0.01224
 19.4917   33.83300  235.71001   35.1487  123.3450    5.30900   -0.00339
 19.5000   33.65800  235.49100   35.1241  123.3334    5.33900    0.01014
 19.5083   33.48300  235.27299   35.0994  123.3218    5.32800    0.00759
 19.5167   33.30800  235.05600   35.0746  123.3101    5.28900    0.00058
 19.5250   33.13200  234.84100   35.0495  123.2983    5.29800   -0.00659
 19.5333   32.95600  234.62700   35.0243  123.2864    5.29000   -0.00728
 19.5417   32.77900  234.41400   34.9989  123.2744    5.28600   -0.00472
 19.5500   32.60200  234.20200   34.9733  123.2623    5.31200    0.00271
 19.5583   32.42400  233.99100   34.9474  123.2500    5.32600    0.00019
 19.5667   32.24600  233.78200   34.9214  123.2377    5.27400    0.00300
 19.5750   32.06700  233.57401   34.8952  123.2252    5.32900    0.00055
 19.5833   31.88800  233.36700   34.8688  123.2126    5.31500    0.00944
 19.5917   31.70800  233.16100   34.8421  123.1999    5.31800    0.00634
 19.6000   31.52900  232.95599   34.8153  123.1872    5.31500   -0.00036
 19.6083   31.34800  232.75200   34.7881  123.1743    5.28800   -0.00813
 19.6167   31.16800  232.54900   34.7609  123.1614    5.29200   -0.01687
 19.6250   30.98600  232.34801   34.7333  123.1481    5.28500   -0.02101
 19.6333   30.80500  232.14700   34.7056  123.1349    5.28300   -0.01957
 19.6417   30.62300  231.94800   34.6777  123.1215    5.31600   -0.01279
 19.6500   30.44100  231.74899   34.6495  123.1081    5.33900   -0.01471
 19.6583   30.25900  231.55200   34.6211  123.0946    5.29200   -0.01856
 19.6667   30.07600  231.35600   34.5924  123.0808    5.31400   -0.01298
 19.6750   29.89400  231.16000   34.5636  123.0672    5.38400   -0.00302
 19.6833   29.71200  230.96600   34.5346  123.0534    5.35900    0.01144
 19.6917   29.52900  230.77200   34.5052  123.0395    5.40600    0.01274
 19.7000   29.34600  230.58000   34.4757  123.0255    5.40600    0.01678
 19.7083   29.16200  230.38800   34.4458  123.0112    5.39900    0.01986
 19.7167   28.97900  230.19800   34.4158  122.9970    5.43900    0.02141
 19.7250   28.79500  230.00800   34.3855  122.9826    5.43000    0.02464
 19.7333   28.61000  229.82001   34.3548  122.9680    5.42900    0.01784
 19.7417   28.42600  229.63200   34.3240  122.9534    5.41500    0.01301
 19.7500   28.24100  229.44600   34.2928  122.9385    5.41500    0.00379
 19.7583   28.05600  229.25999   34.2614  122.9236    5.38400   -0.00022
 19.7667   27.87100  229.07500   34.2297  122.9086    5.39600   -0.00417
 19.7750   27.68600  228.89101   34.1978  122.8935    5.39500    0.00008
 19.7833   27.50000  228.70799   34.1654  122.8782    5.41300   -0.00741
 19.7917   27.31400  228.52499   34.1328  122.8628    5.35400   -0.00496
 19.8000   27.12800  228.34399   34.0999  122.8472    5.40300   -0.00444
 19.8083   26.94200  228.16299   34.0667  122.8316    5.40600    0.00152
 19.8167   26.75600  227.98300   34.0333  122.8158    5.38200   -0.00354
 19.8250   26.57000  227.80400   33.9995  122.8000    5.37200   -0.01383
 19.8333   26.38300  227.62601   33.9654  122.7839    5.34700   -0.01086
 19.8417   26.19700  227.44901   33.9311  122.7678    5.40000    0.00077
 19.8500   26.01100  227.27200   33.8964  122.7516    5.44200    0.01404
 19.8583   25.82500  227.09700   33.8615  122.7353    5.42800    0.00505
 19.8667   25.63800  226.92200   33.8261  122.7187    5.34700   -0.00880
 19.8750   25.45100  226.74699   33.7903  122.7021    5.36000   -0.01753
 19.8833   25.26500  226.57401   33.7545  122.6854    5.37400    0.00012
 19.8917   25.07800  226.40100   33.7181  122.6685    5.45100    0.00905
 19.9000   24.89100  226.22900   33.6813  122.6515    5.41100    0.01419
 19.9083   24.70400  226.05800   33.6443  122.6343    5.40600    0.00859
 19.9167   24.51700  225.88800   33.6069  122.6170    5.41900    0.01013
 19.9250   24.32900  225.71800   33.5690  122.5994    5.41900    0.01083
 19.9333   24.14200  225.54800   33.5308  122.5819    5.40100    0.00579
 19.9417   23.95500  225.38000   33.4923  122.5642    5.37300    0.00226
 19.9500   23.76700  225.21201   33.4532  122.5462    5.38000    0.00096
 19.9583   23.58000  225.04500   33.4140  122.5283    5.37800    0.00677
 19.9667   23.39200  224.87801   33.3741  122.5101    5.39400    0.00931
 19.9750   23.20500  224.71300   33.3341  122.4918    5.37400    0.01963
 19.9833   23.01700  224.54700   33.2934  122.4733    5.40900    0.01790
 19.9917   22.83000  224.38300   33.2526  122.4548    5.34400    0.01873
 20.0000   22.64300  224.21899   33.2113  122.4362    5.33700    0.01320
 20.0083   22.45500  224.05499   33.1694  122.4173    5.32600    0.01676
 20.0167   22.26800  223.89301   33.1273  122.3983    5.31300    0.01126
 20.0250   22.08100  223.73100   33.0847  122.3792    5.24600    0.01376
 20.0333   21.89400  223.56900   33.0417  122.3600    5.29000    0.01423
 20.0417   21.70700  223.40900   32.9983  122.3405    5.25900    0.01902
 20.0500   21.52000  223.24800   32.9543  122.3210    5.21700    0.00253
 20.0583   21.33300  223.08800   32.9099  122.3014    5.11700    0.00091
 20.0667   21.14600  222.92900   32.8651  122.2815    5.17900   -0.00148
 20.0750   20.95900  222.77100   32.8198  122.2614    5.12800   -0.00485
 20.0833   20.77200  222.61200   32.7739  122.2413    5.01600   -0.00972
 20.0917   20.58500  222.45500   32.7276  122.2209    5.06700   -0.01046
 20.1000   20.39800  222.29800   32.6807  122.2004    5.04100    0.00668
 20.1083   20.21100  222.14101   32.6333  122.1797    5.04900    0.00238
 20.1167   20.02500  221.98500   32.5857  122.1591    4.95000    0.01072
 20.1250   19.83800  221.82899   32.5372  122.1381    5.00100    0.01101
 20.1333   19.65100  221.67400   32.4883  122.1169    4.94500    0.02096
 20.1417   19.46500  221.51900   32.4389  122.0958    4.91200    0.01914
 20.1500   19.27900  221.36501   32.3891  122.0745    4.87800    0.01491
 20.1583   19.09300  221.21100   32.3386  122.0530    4.80600    0.01746
 20.1667   18.90700  221.05701   32.2876  122.0314    4.81500    0.02376
 20.1750   18.72100  220.90401   32.2360  122.0095    4.80200    0.02865
 20.1833   18.53500  220.75200   32.1838  121.9874    4.71000    0.02701
 20.1917   18.35000  220.60001   32.1312  121.9654    4.66200    0.01651
 20.2000   18.16400  220.44901   32.0779  121.9430    4.58500    0.00757
 20.2083   17.97900  220.29800   32.0241  121.9206    4.49800    0.00412
 20.2167   17.79400  220.14799   31.9697  121.8979    4.48400    0.00380
 20.2250   17.60800  219.99699   31.9143  121.8750    4.41900    0.01745
 20.2333   17.42300  219.84801   31.8587  121.8520    4.42400    0.01645
 20.2417   17.23900  219.69800   31.8025  121.8291    4.29000    0.01468
 20.2500   17.05400  219.54900   31.7455  121.8058    4.20400    0.00463
 20.2583   16.86900  219.39999   31.6877  121.7823    4.13700    0.01017
 20.2667   16.68500  219.25200   31.6296  121.7587    4.11000    0.02353
 20.2750   16.50100  219.10400   31.5707  121.7350    4.06900    0.03688
 20.2833   16.31700  218.95599   31.5111  121.7112    3.99500    0.04362
 20.2917   16.13300  218.80800   31.4507  121.6872    3.91500    0.04547
 20.3000   15.95000  218.66100   31.3899  121.6632    3.83600    0.03964
 20.3083   15.76600  218.51401   31.3281  121.6387    3.69600    0.02012
 20.3167   15.58300  218.36700   31.2658  121.6144    3.50400    0.00352
 20.3250   15.40000  218.22099   31.2027  121.5897    3.44900   -0.00034
 20.3333   15.21800  218.07500   31.1392  121.5652    3.41100    0.00130
 20.3417   15.03500  217.92999   31.0746  121.5401    3.26600   -0.01881
 20.3500   14.85300  217.78500   31.0095  121.5150    3.03900   -0.03303
 20.3583   14.67100  217.64000   30.9436  121.4899    3.04400   -0.03793
 20.3667   14.48900  217.49600   30.8768  121.4644    2.97000   -0.03210
 20.3750   14.30700  217.35201   30.8093  121.4387    2.83100   -0.03966
 20.3833   14.12500  217.20799   30.7408  121.4129    2.72600   -0.03471
 20.3917   13.94400  217.06400   30.6718  121.3872    2.75600   -0.01978
 20.4000   13.76300  216.92101   30.6020  121.3612    2.69700   -0.00332
 20.4083   13.58200  216.77800   30.5313  121.3350    2.61100    0.00357
 20.4167   13.40100  216.63499   30.4597  121.3086    2.56100    0.00460
 20.4250   13.22100  216.49200   30.3875  121.2823    2.45500    0.01449
 20.4333   13.04100  216.34900   30.3143  121.2559    2.44900    0.02408
 20.4417   12.86100  216.20700   30.2403  121.2291    2.39900    0.03874
 20.4500   12.68200  216.06500   30.1657  121.2025    2.33400    0.03014
 20.4583   12.50200  215.92300   30.0897  121.1754    2.13100    0.03570
 20.4667   12.32300  215.78101   30.0131  121.1484    2.19700    0.01599
 20.4750   12.14500  215.63901   29.9359  121.1215    1.92000    0.01316
 20.4833   11.96600  215.49699   29.8574  121.0942    1.85000    0.00161
 20.4917   11.78800  215.35600   29.7782  121.0668    1.83500    0.00549
 20.5000   11.61000  215.21500   29.6981  121.0393    1.68100    0.00745
 20.5083   11.43300  215.07401   29.6172  121.0119    1.58900    0.00104
 20.5167   11.25500  214.93401   29.5351  120.9839    1.49900   -0.00350
 20.5250   11.07800  214.79401   29.4522  120.9560    1.35700   -0.00747
 20.5333   10.90100  214.65401   29.3683  120.9279    1.26900   -0.01351
 20.5417   10.72500  214.51401   29.2837  120.9000    1.16400   -0.00840
 20.5500   10.54800  214.37500   29.1976  120.8715    1.11100   -0.00505
 20.5583   10.37200  214.23500   29.1108  120.8432    1.00400    0.00011
 20.5667   10.19700  214.09599   29.0234  120.8149    0.90800   -0.00262
 20.5750   10.02100  213.95599   28.9343  120.7864    0.79200   -0.00951
 20.5833    9.84600  213.81700   28.8446  120.7578    0.64800   -0.00315
 20.5917    9.67100  213.67799   28.7538  120.7291    0.67400    0.00252
 20.6000    9.49700  213.53799   28.6621  120.7007    0.56300    0.01925
 20.6083    9.32300  213.39900   28.5694  120.6720    0.51600    0.02230
 20.6167    9.14900  213.25999   28.4754  120.6432    0.41700    0.01401
 20.6250    8.97600  213.12100   28.3808  120.6145    0.22200   -0.00529
 20.6333    8.80300  212.98199   28.2849  120.5857    0.02600   -0.00621
 20.6417    8.63000  212.84300   28.1878  120.5568    0.00000    0.00000

