hmax        =    300
wind_bottom =      2
wind_top    =     10
critlon     =      0
tbeg, h     =   0.00
tend, h     =  24.00
c_ionex     =      0
c_vert      =      1
time, gamma, az, latp, lonp, tec, tec_filtered
  0.0000   23.36100  -75.43800   38.4446  120.3918    0.04900    0.00000
  0.0083   23.32700  -75.67700   38.4238  120.3775    0.06800   -0.00929
  0.0167   23.29300  -75.91600   38.4029  120.3634    0.00000    0.00589
  0.0250   23.25700  -76.15500   38.3820  120.3488    0.19300   -0.02376
  0.0333   23.22000  -76.39400   38.3611  120.3340    0.01100   -0.02190
  0.0417   23.18200  -76.63200   38.3403  120.3191    0.18800   -0.03373
  0.0500   23.14200  -76.87100   38.3193  120.3037    0.29400   -0.00710
  0.0583   23.10200  -77.10900   38.2984  120.2884    0.37200   -0.00447
  0.0667   23.06000  -77.34700   38.2774  120.2727    0.39700   -0.00534
  0.0750   23.01700  -77.58500   38.2563  120.2568    0.46200   -0.00740
  0.0833   22.97300  -77.82200   38.2353  120.2406    0.52700    0.00193
  0.0917   22.92700  -78.06000   38.2142  120.2240    0.61100    0.01696
  0.1000   22.88100  -78.29700   38.1931  120.2076    0.71700    0.02703
  0.1083   22.83300  -78.53400   38.1719  120.1906    0.75000    0.03138
  0.1167   22.78500  -78.77100   38.1507  120.1737    0.80900    0.02535
  0.1250   22.73500  -79.00700   38.1295  120.1563    0.85000    0.01473
  0.1333   22.68400  -79.24300   38.1082  120.1388    0.86000    0.00244
  0.1417   22.63200  -79.47900   38.0868  120.1210    0.90200    0.00305
  0.1500   22.57900  -79.71500   38.0654  120.1030    1.02400   -0.00076
  0.1583   22.52400  -79.95000   38.0440  120.0846    1.01000   -0.00296
  0.1667   22.46900  -80.18500   38.0225  120.0662    1.06300   -0.02123
  0.1750   22.41500  -80.42000   38.0009  120.0482    1.08800   -0.02916
  0.1833   22.36000  -80.65500   37.9791  120.0299    1.13700   -0.03381
  0.1917   22.30400  -80.88900   37.9574  120.0114    1.21400   -0.03082
  0.2000   22.24700  -81.12300   37.9356  119.9928    1.28900   -0.02692
  0.2083   22.18900  -81.35600   37.9138  119.9739    1.35400   -0.01985
  0.2167   22.12900  -81.59000   37.8918  119.9544    1.45800   -0.02185
  0.2250   22.06900  -81.82200   37.8699  119.9351    1.48300   -0.01550
  0.2333   22.00700  -82.05500   37.8478  119.9152    1.60000   -0.02246
  0.2417   21.94500  -82.28700   37.8257  119.8954    1.62800   -0.00725
  0.2500   21.88100  -82.51900   37.8035  119.8751    1.80300   -0.01317
  0.2583   21.81600  -82.75100   37.7812  119.8545    1.80300   -0.00798
  0.2667   21.75100  -82.98200   37.7588  119.8339    1.91200   -0.01449
  0.2750   21.68400  -83.21300   37.7364  119.8128    2.02100   -0.00473
  0.2833   21.61600  -83.44300   37.7139  119.7915    2.12900   -0.00953
  0.2917   21.54700  -83.67400   37.6912  119.7699    2.14700   -0.01247
  0.3000   21.47800  -83.90300   37.6686  119.7484    2.27000   -0.03313
  0.3083   21.40700  -84.13300   37.6457  119.7263    2.27000   -0.02475
  0.3167   21.33500  -84.36200   37.6228  119.7039    2.48300   -0.02496
  0.3250   21.26300  -84.59000   37.5999  119.6816    2.56000   -0.00322
  0.3333   21.18900  -84.81800   37.5768  119.6587    2.70400   -0.00271
  0.3417   21.11700  -85.04600   37.5536  119.6364    2.78400    0.00308
  0.3500   21.04300  -85.27300   37.5303  119.6136    2.89800   -0.00674
  0.3583   20.96900  -85.50000   37.5069  119.5908    2.94800   -0.01076
  0.3667   20.89400  -85.72700   37.4834  119.5676    3.07200   -0.01775
  0.3750   20.81800  -85.95300   37.4598  119.5443    3.17900   -0.01668
  0.3833   20.74100  -86.17900   37.4360  119.5206    3.29400   -0.01768
  0.3917   20.66300  -86.40500   37.4121  119.4966    3.41600   -0.01556
  0.4000   20.58400  -86.63000   37.3882  119.4724    3.54300   -0.02195
  0.4083   20.50400  -86.85400   37.3641  119.4478    3.60600   -0.02587
  0.4167   20.42300  -87.07800   37.3399  119.4229    3.74100   -0.03140
  0.4250   20.34100  -87.30200   37.3156  119.3978    3.86600   -0.02740
  0.4333   20.25900  -87.52500   37.2911  119.3726    4.00000   -0.01935
  0.4417   20.17500  -87.74800   37.2665  119.3467    4.17500   -0.00486
  0.4500   20.09100  -87.97000   37.2418  119.3209    4.34700    0.00707
  0.4583   20.00500  -88.19200   37.2169  119.2945    4.46700    0.00320
  0.4667   19.91900  -88.41300   37.1920  119.2680    4.54000   -0.00809
  0.4750   19.83200  -88.63400   37.1668  119.2412    4.66700   -0.01047
  0.4833   19.74500  -88.85500   37.1415  119.2143    4.85100   -0.01547
  0.4917   19.65600  -89.07500   37.1160  119.1868    4.91000   -0.00656
  0.5000   19.56700  -89.29400   37.0905  119.1593    5.13800    0.00126
  0.5083   19.47800  -89.51400   37.0647  119.1318    5.32000    0.01028
  0.5167   19.38900  -89.73200   37.0389  119.1042    5.39200   -0.00069
  0.5250   19.30000  -89.95100   37.0128  119.0766    5.48700   -0.01409
  0.5333   19.20900  -90.16900   36.9865  119.0483    5.65700   -0.01239
  0.5417   19.11700  -90.38600   36.9602  119.0197    5.83400   -0.00944
  0.5500   19.02500  -90.60300   36.9337  118.9910    5.93900   -0.00949
  0.5583   18.93200  -90.82000   36.9069  118.9619    6.08700   -0.01558
  0.5667   18.83800  -91.03600   36.8800  118.9324    6.22200   -0.01476
  0.5750   18.74300  -91.25100   36.8530  118.9026    6.37300   -0.01513
  0.5833   18.64800  -91.46600   36.8257  118.8727    6.51000   -0.00667
  0.5917   18.55200  -91.68100   36.7983  118.8424    6.70000    0.00827
  0.6000   18.45500  -91.89500   36.7706  118.8117    6.89800    0.02993
  0.6083   18.35700  -92.10800   36.7429  118.7806    7.09200    0.03448
  0.6167   18.25900  -92.32200   36.7148  118.7494    7.17700    0.02484
  0.6250   18.15900  -92.53400   36.6866  118.7175    7.28600    0.00148
  0.6333   18.06000  -92.74600   36.6582  118.6858    7.39100   -0.00970
  0.6417   17.95900  -92.95800   36.6295  118.6534    7.56600   -0.02921
  0.6500   17.85800  -93.16900   36.6007  118.6208    7.61200   -0.03434
  0.6583   17.75600  -93.38000   36.5716  118.5878    7.81300   -0.05213
  0.6667   17.65300  -93.59000   36.5424  118.5544    7.89700   -0.04718
  0.6750   17.55200  -93.80000   36.5129  118.5217    8.11100   -0.03949
  0.6833   17.45000  -94.00900   36.4833  118.4884    8.33100   -0.01512
  0.6917   17.34700  -94.21800   36.4534  118.4547    8.53300    0.01410
  0.7000   17.24400  -94.42700   36.4233  118.4210    8.77800    0.03782
  0.7083   17.13900  -94.63500   36.3929  118.3863    8.96000    0.04320
  0.7167   17.03500  -94.84200   36.3624  118.3520    9.03300    0.02529
  0.7250   16.92900  -95.04900   36.3315  118.3168    9.11400    0.00100
  0.7333   16.82300  -95.25600   36.3004  118.2815    9.26500   -0.00649
  0.7417   16.71600  -95.46200   36.2690  118.2457    9.46800    0.00103
  0.7500   16.60900  -95.66800   36.2374  118.2097    9.67000    0.00284
  0.7583   16.50100  -95.87300   36.2055  118.1733    9.76900    0.00628
  0.7667   16.39200  -96.07700   36.1734  118.1363    9.98000   -0.00693
  0.7750   16.28300  -96.28200   36.1409  118.0992   10.04600   -0.01527
  0.7833   16.17300  -96.48500   36.1083  118.0616   10.17600   -0.02592
  0.7917   16.06300  -96.68800   36.0754  118.0238   10.36800   -0.01870
  0.8000   15.95200  -96.89100   36.0421  117.9856   10.57000    0.00216
  0.8083   15.84100  -97.09300   36.0087  117.9471   10.82200    0.00827
  0.8167   15.72900  -97.29500   35.9748  117.9081   10.91700    0.00933
  0.8250   15.61600  -97.49600   35.9407  117.8686   11.08900   -0.01598
  0.8333   15.50300  -97.69700   35.9062  117.8288   11.13400   -0.02433
  0.8417   15.39100  -97.89800   35.8715  117.7894   11.35500   -0.03514
  0.8500   15.27900  -98.09800   35.8366  117.7498   11.50700   -0.02641
  0.8583   15.16600  -98.29700   35.8015  117.7096   11.70500   -0.01298
  0.8667   15.05200  -98.49700   35.7657  117.6689   11.96200   -0.01062
  0.8750   14.93800  -98.69500   35.7299  117.6279   12.03400    0.01288
  0.8833   14.82300  -98.89400   35.6935  117.5864   12.39100    0.02286
  0.8917   14.70800  -99.09100   35.6571  117.5447   12.53500    0.03419
  0.9000   14.59200  -99.28900   35.6200  117.5023   12.62500    0.02579
  0.9083   14.47600  -99.48500   35.5829  117.4598   12.84300    0.01453
  0.9167   14.35900  -99.68200   35.5451  117.4167   12.98400    0.00943
  0.9250   14.24200  -99.87800   35.5071  117.3733   13.12400   -0.00462
  0.9333   14.12400 -100.07300   35.4688  117.3293   13.27200   -0.02308
  0.9417   14.00600 -100.26800   35.4301  117.2851   13.37700   -0.02861
  0.9500   13.88800 -100.46300   35.3910  117.2407   13.61200   -0.04344
  0.9583   13.76900 -100.65700   35.3515  117.1956   13.68800   -0.04873
  0.9667   13.65000 -100.85100   35.3116  117.1503   13.86100   -0.02950
  0.9750   13.53000 -101.04400   35.2714  117.1044   14.29200    0.00679
  0.9833   13.41000 -101.23700   35.2307  117.0582   14.50100    0.02698
  0.9917   13.29000 -101.42900   35.1898  117.0117   14.55200    0.01934
  1.0000   13.16900 -101.62100   35.1483  116.9646   14.76500    0.00743
  1.0083   13.04900 -101.81300   35.1065  116.9177   14.94300    0.01036
  1.0167   12.92800 -102.00400   35.0643  116.8701   15.11800    0.00048
  1.0250   12.80700 -102.19500   35.0216  116.8223   15.23400    0.00375
  1.0333   12.68600 -102.38600   34.9785  116.7743   15.52300    0.00028
  1.0417   12.56400 -102.57600   34.9350  116.7255   15.65400   -0.00234
  1.0500   12.44200 -102.76500   34.8912  116.6764   15.78200   -0.01213
  1.0583   12.32000 -102.95400   34.8469  116.6271   16.00600   -0.00917
  1.0667   12.19700 -103.14300   34.8019  116.5771   16.23100   -0.00450
  1.0750   12.07400 -103.33200   34.7566  116.5268   16.36900   -0.00121
  1.0833   11.95100 -103.52000   34.7108  116.4762   16.58600   -0.00890
  1.0917   11.82700 -103.70700   34.6646  116.4249   16.71900   -0.00937
  1.1000   11.70300 -103.89400   34.6179  116.3732   16.91600   -0.01119
  1.1083   11.57900 -104.08100   34.5707  116.3213   17.13300   -0.00339
  1.1167   11.45400 -104.26700   34.5230  116.2686   17.35500   -0.00239
  1.1250   11.32900 -104.45300   34.4747  116.2156   17.49800   -0.00102
  1.1333   11.20400 -104.63900   34.4260  116.1624   17.71100    0.00163
  1.1417   11.07800 -104.82400   34.3766  116.1083   17.94600    0.00537
  1.1500   10.95200 -105.00900   34.3268  116.0539   18.10300    0.00399
  1.1583   10.82600 -105.19400   34.2764  115.9993   18.26600   -0.01090
  1.1667   10.70000 -105.37800   34.2256  115.9443   18.39500   -0.01620
  1.1750   10.57400 -105.56200   34.1742  115.8890   18.63700   -0.00320
  1.1833   10.44900 -105.74500   34.1227  115.8339   18.95400    0.01419
  1.1917   10.32200 -105.92800   34.0701  115.7775   19.11500    0.01625
  1.2000   10.19600 -106.11100   34.0173  115.7214   19.23900   -0.00626
  1.2083   10.06900 -106.29300   33.9637  115.6643   19.36600   -0.00544
  1.2167    9.94200 -106.47500   33.9096  115.6069   19.63400    0.00000

  6.2000    8.32600 -204.24200   27.3468  132.0106   99.05700    0.00000
  6.2083    8.49800 -204.36600   27.4470  131.9937   97.12400   -0.00496
  6.2167    8.67100 -204.49001   27.5465  131.9767   95.18200   -0.02257
  6.2250    8.84400 -204.61400   27.6448  131.9596   93.38500   -0.05822
  6.2333    9.01800 -204.73801   27.7424  131.9424   91.60900   -0.08528
  6.2417    9.19200 -204.86200   27.8388  131.9251   90.08701   -0.13150
  6.2500    9.36700 -204.98599   27.9344  131.9077   88.40500   -0.18129
  6.2583    9.54200 -205.10899   28.0288  131.8902   86.85201   -0.22196
  6.2667    9.71700 -205.23300   28.1221  131.8728   85.67000   -0.25566
  6.2750    9.89300 -205.35699   28.2146  131.8553   84.28500   -0.31159
  6.2833   10.06900 -205.48100   28.3060  131.8378   82.79800   -0.31960
  6.2917   10.24600 -205.60400   28.3967  131.8200   81.62801   -0.31563
  6.3000   10.42200 -205.72800   28.4858  131.8027   80.51600   -0.29096
  6.3083   10.59900 -205.85100   28.5741  131.7849   79.38000   -0.27970
  6.3167   10.77700 -205.97501   28.6619  131.7673   78.26801   -0.28000
  6.3250   10.95500 -206.09900   28.7485  131.7496   77.21700   -0.27167
  6.3333   11.13300 -206.22200   28.8339  131.7319   76.32200   -0.26101
  6.3417   11.31100 -206.34700   28.9185  131.7146   75.38600   -0.21989
  6.3500   11.49000 -206.47200   29.0023  131.6971   74.74200   -0.20112
  6.3583   11.66800 -206.59700   29.0847  131.6799   73.78500   -0.18226
  6.3667   11.84800 -206.72099   29.1668  131.6622   72.97100   -0.20399
  6.3750   12.02700 -206.84599   29.2474  131.6450   72.11000   -0.21613
  6.3833   12.20700 -206.97099   29.3275  131.6276   71.34900   -0.20864
  6.3917   12.38700 -207.09599   29.4065  131.6103   70.80800   -0.19749
  6.4000   12.56800 -207.22099   29.4850  131.5928   70.09300   -0.17619
  6.4083   12.74900 -207.34500   29.5623  131.5753   69.53200   -0.16285
  6.4167   12.93000 -207.47000   29.6388  131.5580   69.02600   -0.13877
  6.4250   13.11200 -207.59599   29.7147  131.5408   68.47400   -0.12199
  6.4333   13.29400 -207.72099   29.7895  131.5235   67.90700   -0.12460
  6.4417   13.47600 -207.84599   29.8635  131.5062   67.30400   -0.12366
  6.4500   13.65900 -207.97099   29.9368  131.4889   66.84300   -0.12904
  6.4583   13.84200 -208.09599   30.0092  131.4716   66.30000   -0.11211
  6.4667   14.02500 -208.22200   30.0807  131.4546   65.93700   -0.07432
  6.4750   14.20800 -208.34700   30.1513  131.4375   65.68800   -0.03215
  6.4833   14.39200 -208.47301   30.2214  131.4205   65.21700    0.00304
  6.4917   14.57600 -208.59900   30.2906  131.4036   64.82600   -0.00803
  6.5000   14.76100 -208.72501   30.3592  131.3866   64.24500   -0.01876
  6.5083   14.94500 -208.85201   30.4267  131.3699   63.79800   -0.02495
  6.5167   15.13000 -208.97900   30.4937  131.3532   63.46600   -0.01853
  6.5250   15.31500 -209.10600   30.5599  131.3366   63.00800   -0.01090
  6.5333   15.50000 -209.23300   30.6252  131.3200   62.59200   -0.01560
  6.5417   15.68500 -209.36099   30.6897  131.3037   62.18400   -0.01924
  6.5500   15.87100 -209.48801   30.7537  131.2872   61.73700   -0.01950
  6.5583   16.05700 -209.61600   30.8170  131.2709   61.33700   -0.01553
  6.5667   16.24400 -209.74400   30.8797  131.2545   60.94600    0.00387
  6.5750   16.43100 -209.87199   30.9417  131.2381   60.60600    0.00861
  6.5833   16.61800 -210.00101   31.0029  131.2221   60.10800    0.01770
  6.5917   16.80500 -210.12900   31.0634  131.2059   59.75400    0.01985
  6.6000   16.99200 -210.25800   31.1231  131.1900   59.35700    0.02908
  6.6083   17.18000 -210.38699   31.1824  131.1740   58.89900    0.03444
  6.6167   17.36800 -210.51601   31.2410  131.1581   58.50900    0.02877
  6.6250   17.55600 -210.64500   31.2988  131.1423   58.04000    0.01823
  6.6333   17.74500 -210.77400   31.3562  131.1263   57.55500    0.00344
  6.6417   17.93400 -210.90401   31.4130  131.1106   57.14000    0.00304
  6.6500   18.12200 -211.03400   31.4688  131.0952   56.76600    0.01478
  6.6583   18.31200 -211.16400   31.5244  131.0795   56.36100    0.00759
  6.6667   18.50100 -211.29500   31.5791  131.0642   55.81500   -0.01978
  6.6750   18.69000 -211.42599   31.6332  131.0489   55.31100   -0.05040
  6.6833   18.88000 -211.55800   31.6870  131.0337   54.89800   -0.06562
  6.6917   19.07000 -211.69000   31.7401  131.0186   54.47500   -0.04933
  6.7000   19.26000 -211.82300   31.7926  131.0037   54.19800   -0.03475
  6.7083   19.45000 -211.95500   31.8444  130.9887   53.77800   -0.02722
  6.7167   19.64100 -212.08800   31.8959  130.9738   53.31200   -0.05858
  6.7250   19.83200 -212.22099   31.9468  130.9590   52.78100   -0.06818
  6.7333   20.02300 -212.35500   31.9972  130.9443   52.51800   -0.05980
  6.7417   20.21400 -212.48801   32.0469  130.9296   52.16800   -0.02369
  6.7500   20.40600 -212.62199   32.0963  130.9149   51.82200    0.00568
  6.7583   20.59700 -212.75700   32.1449  130.9006   51.51400    0.04071
  6.7667   20.78900 -212.89200   32.1932  130.8862   51.20600    0.05223
  6.7750   20.98100 -213.02699   32.2409  130.8719   50.69700    0.05403
  6.7833   21.17300 -213.16200   32.2881  130.8576   50.31100    0.05603
  6.7917   21.36500 -213.29800   32.3348  130.8435   49.98800    0.07603
  6.8000   21.55800 -213.43401   32.3811  130.8293   49.58600    0.08951
  6.8083   21.75000 -213.57100   32.4268  130.8155   49.15500    0.07813
  6.8167   21.94300 -213.70799   32.4721  130.8016   48.66300    0.06308
  6.8250   22.13600 -213.84599   32.5170  130.7878   48.22500    0.04476
  6.8333   22.32900 -213.98300   32.5614  130.7740   47.75300    0.03743
  6.8417   22.52200 -214.12199   32.6053  130.7605   47.31500    0.02197
  6.8500   22.71500 -214.26199   32.6488  130.7471   46.80900    0.01692
  6.8583   22.90900 -214.40100   32.6919  130.7335   46.39600    0.00168
  6.8667   23.10200 -214.54100   32.7344  130.7203   45.88800   -0.00345
  6.8750   23.29600 -214.68201   32.7767  130.7070   45.43600   -0.01649
  6.8833   23.49000 -214.82300   32.8185  130.6938   44.95700   -0.01856
  6.8917   23.68400 -214.96500   32.8599  130.6808   44.50300   -0.02040
  6.9000   23.87800 -215.10600   32.9007  130.6677   44.04500   -0.01646
  6.9083   24.07200 -215.24899   32.9413  130.6548   43.59900   -0.00929
  6.9167   24.26700 -215.39200   32.9815  130.6419   43.16700    0.00750
  6.9250   24.46100 -215.53500   33.0212  130.6292   42.76600    0.02501
  6.9333   24.65600 -215.67900   33.0607  130.6165   42.32200    0.03732
  6.9417   24.85000 -215.82401   33.0996  130.6040   41.85000    0.03224
  6.9500   25.04500 -215.96899   33.1382  130.5914   41.35000    0.02313
  6.9583   25.23900 -216.11400   33.1763  130.5791   40.89000    0.00938
  6.9667   25.43400 -216.26100   33.2142  130.5668   40.40800   -0.01110
  6.9750   25.62900 -216.40700   33.2517  130.5544   39.88300   -0.02488
  6.9833   25.82400 -216.55499   33.2889  130.5423   39.47700   -0.03108
  6.9917   26.01900 -216.70300   33.3257  130.5302   39.05400   -0.04316
  7.0000   26.21300 -216.85100   33.3620  130.5183   38.51000   -0.07003
  7.0083   26.40900 -217.00101   33.3982  130.5063   38.03500   -0.11072
  7.0167   26.60400 -217.15100   33.4340  130.4945   37.55200   -0.12198
  7.0250   26.79900 -217.30200   33.4694  130.4828   37.20300   -0.12432
  7.0333   26.99400 -217.45300   33.5045  130.4712   36.81000   -0.11211
  7.0417   27.19000 -217.60500   33.5394  130.4595   36.43800   -0.10492
  7.0500   27.38500 -217.75800   33.5738  130.4480   36.08700   -0.10672
  7.0583   27.58100 -217.91100   33.6081  130.4365   35.67100   -0.10543
  7.0667   27.77600 -218.06500   33.6419  130.4252   35.34300   -0.10051
  7.0750   27.97100 -218.22000   33.6754  130.4140   35.03500   -0.08622
  7.0833   28.16700 -218.37500   33.7087  130.4027   34.70400   -0.07194
  7.0917   28.36200 -218.53101   33.7416  130.3916   34.42000   -0.05883
  7.1000   28.55700 -218.68800   33.7742  130.3806   34.15900   -0.04707
  7.1083   28.75300 -218.84599   33.8067  130.3696   33.86100   -0.05298
  7.1167   28.94800 -219.00400   33.8387  130.3587   33.51700   -0.06818
  7.1250   29.14300 -219.16299   33.8705  130.3480   33.23400   -0.08879
  7.1333   29.33800 -219.32300   33.9020  130.3373   32.93100   -0.10903
  7.1417   29.53300 -219.48399   33.9332  130.3267   32.60800   -0.13397
  7.1500   29.72800 -219.64500   33.9642  130.3161   32.31300   -0.12742
  7.1583   29.92300 -219.80800   33.9949  130.3056   32.18300   -0.09132
  7.1667   30.11700 -219.97099   34.0252  130.2953   32.01700   -0.03313
  7.1750   30.31300 -220.13499   34.0556  130.2849   31.84000    0.01432
  7.1833   30.50800 -220.30000   34.0855  130.2746   31.65800    0.06409
  7.1917   30.70300 -220.46600   34.1152  130.2644   31.50400    0.10348
  7.2000   30.89800 -220.63300   34.1447  130.2543   31.26800    0.12678
  7.2083   31.09200 -220.80000   34.1738  130.2443   30.99200    0.12661
  7.2167   31.28700 -220.96899   34.2029  130.2343   30.70800    0.11637
  7.2250   31.48200 -221.13800   34.2316  130.2243   30.40900    0.07972
  7.2333   31.67600 -221.30800   34.2601  130.2145   29.99300    0.04862
  7.2417   31.87000 -221.47900   34.2883  130.2048   29.72800    0.03801
  7.2500   32.06400 -221.65199   34.3163  130.1951   29.52600    0.05901
  7.2583   32.25800 -221.82500   34.3441  130.1855   29.26100    0.06499
  7.2667   32.45200 -221.99899   34.3717  130.1760   28.92000    0.04473
  7.2750   32.64600 -222.17400   34.3991  130.1665   28.58000   -0.00055
  7.2833   32.83900 -222.35001   34.4262  130.1571   28.18400   -0.04138
  7.2917   33.03200 -222.52699   34.4531  130.1478   27.86300   -0.09525
  7.3000   33.22500 -222.70500   34.4798  130.1386   27.46700   -0.12929
  7.3083   33.41800 -222.88499   34.5063  130.1294   27.18900   -0.16052
  7.3167   33.61000 -223.06500   34.5326  130.1204   26.90200   -0.15612
  7.3250   33.80200 -223.24600   34.5586  130.1114   26.69800   -0.13422
  7.3333   33.99400 -223.42900   34.5845  130.1025   26.50900   -0.07489
  7.3417   34.18600 -223.61200   34.6102  130.0936   26.40100   -0.03605
  7.3500   34.37900 -223.79700   34.6358  130.0847   26.09400   -0.01281
  7.3583   34.57000 -223.98300   34.6611  130.0760   25.83100   -0.00509
  7.3667   34.76200 -224.16901   34.6862  130.0672   25.65500    0.02067
  7.3750   34.95400 -224.35699   34.7113  130.0585   25.44500    0.06659
  7.3833   35.14500 -224.54700   34.7361  130.0499   25.29500    0.08826
  7.3917   35.33600 -224.73700   34.7607  130.0414   25.01200    0.09490
  7.4000   35.52600 -224.92799   34.7850  130.0330   24.73900    0.07709
  7.4083   35.71600 -225.12100   34.8092  130.0246   24.46900    0.06407
  7.4167   35.90600 -225.31500   34.8333  130.0163   24.20300    0.05210
  7.4250   36.09600 -225.50999   34.8572  130.0080   23.92200    0.02700
  7.4333   36.28500 -225.70700   34.8810  129.9999   23.58900   -0.00814
  7.4417   36.47400 -225.90500   34.9045  129.9918   23.28200   -0.03293
  7.4500   36.66200 -226.10400   34.9279  129.9838   23.05500   -0.04309
  7.4583   36.85000 -226.30400   34.9510  129.9759   22.79400   -0.05193
  7.4667   37.03800 -226.50600   34.9741  129.9680   22.49800   -0.06399
  7.4750   37.22500 -226.70900   34.9970  129.9602   22.27800   -0.09403
  7.4833   37.41100 -226.91299   35.0197  129.9525   21.96300   -0.12402
  7.4917   37.59800 -227.11900   35.0423  129.9448   21.69800   -0.14934
  7.5000   37.78300 -227.32600   35.0646  129.9373   21.52100   -0.15109
  7.5083   37.97000 -227.53400   35.0870  129.9296   21.33100   -0.14560
  7.5167   38.15600 -227.74400   35.1092  129.9220   21.12200   -0.16529
  7.5250   38.34100 -227.95500   35.1312  129.9145   20.85700   -0.17463
  7.5333   38.52600 -228.16800   35.1531  129.9071   20.73800   -0.15464
  7.5417   38.71100 -228.38100   35.1748  129.8997   20.67200   -0.08825
  7.5500   38.89500 -228.59700   35.1964  129.8924   20.62600   -0.00685
  7.5583   39.07800 -228.81400   35.2178  129.8852   20.57600    0.05150
  7.5667   39.26100 -229.03200   35.2391  129.8780   20.41400    0.07370
  7.5750   39.44400 -229.25200   35.2603  129.8708   20.20900    0.07637
  7.5833   39.62600 -229.47400   35.2814  129.8638   20.07200    0.09341
  7.5917   39.80700 -229.69701   35.3023  129.8569   19.97000    0.11851
  7.6000   39.98800 -229.92101   35.3231  129.8499   19.79300    0.14298
  7.6083   40.16800 -230.14700   35.3437  129.8431   19.65300    0.12773
  7.6167   40.34700 -230.37500   35.3642  129.8364   19.37200    0.11797
  7.6250   40.52600 -230.60500   35.3846  129.8297   19.21500    0.08160
  7.6333   40.70400 -230.83600   35.4048  129.8231   18.94500    0.06265
  7.6417   40.88200 -231.06799   35.4250  129.8165   18.71900    0.03159
  7.6500   41.05900 -231.30299   35.4450  129.8100   18.48600   -0.00027
  7.6583   41.23500 -231.53900   35.4649  129.8035   18.19500   -0.01737
  7.6667   41.41000 -231.77699   35.4847  129.7972   18.01900   -0.03377
  7.6750   41.58700 -232.01601   35.5044  129.7907   17.77500   -0.03525
  7.6833   41.76200 -232.25600   35.5240  129.7843   17.53900   -0.03774
  7.6917   41.93700 -232.49899   35.5435  129.7780   17.34900   -0.00914
  7.7000   42.11100 -232.74300   35.5629  129.7718   17.24000    0.02747
  7.7083   42.28400 -232.98900   35.5822  129.7656   17.03800    0.04374
  7.7167   42.45600 -233.23599   35.6013  129.7595   16.77500    0.02252
  7.7250   42.62800 -233.48599   35.6204  129.7534   16.52600   -0.01749
  7.7333   42.79900 -233.73700   35.6393  129.7474   16.27300   -0.06870
  7.7417   42.96900 -233.99001   35.6581  129.7415   15.99700   -0.11274
  7.7500   43.13800 -234.24500   35.6769  129.7356   15.80700   -0.13282
  7.7583   43.30700 -234.50200   35.6955  129.7298   15.68000   -0.15967
  7.7667   43.47400 -234.76100   35.7141  129.7241   15.39300   -0.17734
  7.7750   43.64100 -235.02100   35.7325  129.7184   15.25500   -0.20092
  7.7833   43.80700 -235.28400   35.7509  129.7128   15.11400   -0.19754
  7.7917   43.97200 -235.54800   35.7691  129.7072   14.95300   -0.16437
  7.8000   44.13600 -235.81400   35.7873  129.7017   14.96000   -0.11487
  7.8083   44.29900 -236.08299   35.8053  129.6963   14.91200   -0.05181
  7.8167   44.46100 -236.35300   35.8233  129.6910   14.83400   -0.00753
  7.8250   44.62200 -236.62500   35.8412  129.6857   14.78800    0.01430
  7.8333   44.78200 -236.89900   35.8589  129.6805   14.67200    0.00931
  7.8417   44.94200 -237.17400   35.8766  129.6752   14.49800   -0.01860
  7.8500   45.10200 -237.45200   35.8943  129.6699   14.37000   -0.02971
  7.8583   45.26000 -237.73100   35.9119  129.6647   14.33000   -0.01710
  7.8667   45.41800 -238.01300   35.9294  129.6596   14.26100    0.01587
  7.8750   45.57500 -238.29601   35.9468  129.6544   14.21600    0.03737
  7.8833   45.73000 -238.58200   35.9641  129.6495   14.11700    0.05863
  7.8917   45.88400 -238.86900   35.9813  129.6446   14.03400    0.06605
  7.9000   46.03800 -239.15900   35.9985  129.6396   13.91800    0.08945
  7.9083   46.19000 -239.45000   36.0156  129.6348   13.86700    0.09859
  7.9167   46.34100 -239.74400   36.0326  129.6300   13.70400    0.09469
  7.9250   46.49100 -240.03999   36.0495  129.6253   13.52800    0.08428
  7.9333   46.63900 -240.33800   36.0663  129.6207   13.45200    0.07705
  7.9417   46.78700 -240.63800   36.0831  129.6161   13.30300    0.06785
  7.9500   46.93300 -240.94000   36.0998  129.6116   13.10500    0.03723
  7.9583   47.07800 -241.24400   36.1164  129.6071   12.92700    0.03036
  7.9667   47.22100 -241.55099   36.1330  129.6028   12.86000    0.03510
  7.9750   47.36400 -241.85899   36.1495  129.5984   12.70100    0.02233
  7.9833   47.50500 -242.16901   36.1659  129.5942   12.45200   -0.03836
  7.9917   47.64400 -242.48199   36.1822  129.5901   12.19200   -0.05200
  8.0000   47.78300 -242.79700   36.1985  129.5859   12.21500   -0.04369
  8.0083   47.92200 -243.11301   36.2148  129.5816   12.05100   -0.01484
  8.0167   48.05900 -243.43100   36.2309  129.5775   11.87200   -0.03519
  8.0250   48.19500 -243.75200   36.2471  129.5734   11.70600   -0.05178
  8.0333   48.33000 -244.07500   36.2632  129.5693   11.56700   -0.06350
  8.0417   48.46400 -244.39900   36.2792  129.5652   11.42500   -0.05537
  8.0500   48.59600 -244.72600   36.2951  129.5613   11.34800   -0.04291
  8.0583   48.72600 -245.05499   36.3110  129.5575   11.23100   -0.03653
  8.0667   48.85500 -245.38600   36.3268  129.5536   11.07899   -0.04861
  8.0750   48.98300 -245.72000   36.3426  129.5499   10.95500   -0.06827
  8.0833   49.10900 -246.05499   36.3583  129.5462   10.82100   -0.08502
  8.0917   49.23400 -246.39301   36.3739  129.5425   10.68201   -0.08669
  8.1000   49.35700 -246.73199   36.3895  129.5389   10.61400   -0.06306
  8.1083   49.47800 -247.07401   36.4050  129.5355   10.58900   -0.02957
  8.1167   49.59800 -247.41800   36.4205  129.5320   10.49699   -0.00543
  8.1250   49.71600 -247.76401   36.4360  129.5287   10.39700   -0.00356
  8.1333   49.83300 -248.11200   36.4513  129.5253   10.28700    0.02053
  8.1417   49.94700 -248.46201   36.4666  129.5221   10.28101    0.04661
  8.1500   50.06100 -248.81400   36.4819  129.5189   10.19099    0.05941
  8.1583   50.17200 -249.16800   36.4971  129.5158   10.02901    0.04258
  8.1667   50.28200 -249.52400   36.5123  129.5127    9.91000    0.02791
  8.1750   50.39200 -249.88200   36.5275  129.5096    9.83200    0.03354
  8.1833   50.50100 -250.24100   36.5426  129.5064    9.74899    0.03552
  8.1917   50.60700 -250.60300   36.5577  129.5034    9.60699    0.02386
  8.2000   50.71300 -250.96600   36.5727  129.5003    9.46400    0.01833
  8.2083   50.81600 -251.33200   36.5877  129.4974    9.39500    0.02414
  8.2167   50.91700 -251.69901   36.6026  129.4946    9.29800    0.03415
  8.2250   51.01700 -252.06900   36.6175  129.4917    9.16800    0.01100
  8.2333   51.11500 -252.44000   36.6323  129.4890    8.97900   -0.01514
  8.2417   51.21100 -252.81300   36.6472  129.4863    8.87700   -0.01892
  8.2500   51.30500 -253.18800   36.6619  129.4837    8.84100   -0.01732
  8.2583   51.39800 -253.56500   36.6767  129.4810    8.67700   -0.04503
  8.2667   51.48800 -253.94400   36.6914  129.4786    8.47099   -0.08339
  8.2750   51.57600 -254.32401   36.7060  129.4762    8.39900   -0.10919
  8.2833   51.66300 -254.70599   36.7206  129.4738    8.28500   -0.09806
  8.2917   51.74700 -255.09000   36.7352  129.4715    8.21300   -0.08937
  8.3000   51.83000 -255.47501   36.7497  129.4692    8.13000   -0.04042
  8.3083   51.91000 -255.86200   36.7642  129.4671    8.16600   -0.00013
  8.3167   51.98800 -256.25101   36.7787  129.4650    8.06799    0.02943
  8.3250   52.06500 -256.64099   36.7931  129.4629    7.95100    0.03575
  8.3333   52.13900 -257.03299   36.8075  129.4610    7.89900    0.06671
  8.3417   52.21400 -257.42599   36.8219  129.4588    7.89200    0.07830
  8.3500   52.28700 -257.82001   36.8362  129.4567    7.71500    0.06451
  8.3583   52.35700 -258.21600   36.8506  129.4548    7.58600    0.01721
  8.3667   52.42600 -258.61401   36.8649  129.4529    7.46800   -0.00867
  8.3750   52.49300 -259.01199   36.8792  129.4509    7.37100   -0.01952
  8.3833   52.55700 -259.41299   36.8934  129.4492    7.29800   -0.02941
  8.3917   52.61900 -259.81400   36.9076  129.4474    7.17599   -0.04135
  8.4000   52.67900 -260.21701   36.9218  129.4458    7.06599   -0.06787
  8.4083   52.73700 -260.62000   36.9360  129.4442    6.93900   -0.08179
  8.4167   52.79300 -261.02499   36.9501  129.4426    6.87000   -0.06106
  8.4250   52.84700 -261.43201   36.9642  129.4411    6.88499   -0.02375
  8.4333   52.89800 -261.83899   36.9783  129.4398    6.81799    0.00383
  8.4417   52.94700 -262.24701   36.9924  129.4384    6.71899    0.00205
  8.4500   52.99400 -262.65601   37.0064  129.4372    6.64000   -0.00774
  8.4583   53.03900 -263.06601   37.0204  129.4359    6.55701   -0.02114
  8.4667   53.08100 -263.47601   37.0344  129.4348    6.45500   -0.03336
  8.4750   53.12200 -263.88800   37.0484  129.4337    6.39101   -0.03081
  8.4833   53.16000 -264.29999   37.0623  129.4327    6.37000   -0.01900
  8.4917   53.19500 -264.71301   37.0762  129.4319    6.31200   -0.03012
  8.5000   53.22800 -265.12601   37.0901  129.4310    6.17000   -0.04914
  8.5083   53.26200 -265.54001   37.1040  129.4300    6.11900   -0.05346
  8.5167   53.29400 -265.95499   37.1179  129.4290    6.11101   -0.04710
  8.5250   53.32300 -266.37100   37.1318  129.4281    6.00800   -0.02297
  8.5333   53.35000 -266.78699   37.1457  129.4273    6.02901   -0.00176
  8.5417   53.37500 -267.20300   37.1595  129.4266    6.01700    0.01856
  8.5500   53.39700 -267.62000   37.1733  129.4259    5.91800    0.01895
  8.5583   53.41700 -268.03601   37.1871  129.4253    5.87300    0.01545
  8.5667   53.43500 -268.45401   37.2009  129.4248    5.85100    0.00294
  8.5750   53.45000 -268.87100   37.2147  129.4243    5.72400   -0.01367
  8.5833   53.46300 -269.28799   37.2285  129.4240    5.67101   -0.02971
  8.5917   53.47400 -269.70499   37.2422  129.4236    5.65800   -0.03497
  8.6000   53.48300 -270.12299   37.2560  129.4233    5.57201   -0.02845
  8.6083   53.48900 -270.54001   37.2697  129.4231    5.56100   -0.02643
  8.6167   53.49200 -270.95700   37.2834  129.4231    5.52499   -0.02076
  8.6250   53.49400 -271.37299   37.2971  129.4230    5.44701   -0.01195
  8.6333   53.49300 -271.79001   37.3108  129.4230    5.44000    0.00152
  8.6417   53.48900 -272.20599   37.3245  129.4232    5.41800    0.03254
  8.6500   53.48400 -272.62100   37.3381  129.4233    5.39600    0.05456
  8.6583   53.47500 -273.03601   37.3518  129.4237    5.35100    0.07058
  8.6667   53.46500 -273.45001   37.3654  129.4240    5.29900    0.07373
  8.6750   53.45500 -273.86499   37.3791  129.4241    5.22600    0.07622
  8.6833   53.44300 -274.28000   37.3928  129.4244    5.17101    0.07004
  8.6917   53.42900 -274.69299   37.4064  129.4246    5.08400    0.06957
  8.7000   53.41200 -275.10599   37.4201  129.4250    5.03101    0.05901
  8.7083   53.39300 -275.51801   37.4337  129.4255    4.94000    0.05397
  8.7167   53.37100 -275.92999   37.4474  129.4261    4.87100    0.02174
  8.7250   53.34800 -276.34000   37.4611  129.4266    4.71300   -0.00151
  8.7333   53.32200 -276.75000   37.4747  129.4273    4.64700   -0.04023
  8.7417   53.29300 -277.15799   37.4883  129.4281    4.51500   -0.05498
  8.7500   53.26300 -277.56500   37.5020  129.4289    4.44200   -0.07645
  8.7583   53.23000 -277.97198   37.5156  129.4298    4.35100   -0.06408
  8.7667   53.19400 -278.37601   37.5292  129.4309    4.34100   -0.04482
  8.7750   53.15700 -278.78000   37.5429  129.4319    4.29300   -0.01425
  8.7833   53.11700 -279.18201   37.5565  129.4331    4.24100    0.00266
  8.7917   53.07500 -279.58301   37.5702  129.4343    4.18001    0.00519
  8.8000   53.03100 -279.98199   37.5838  129.4356    4.07600    0.01235
  8.8083   52.98400 -280.38000   37.5974  129.4370    4.04401    0.01463
  8.8167   52.93500 -280.77701   37.6111  129.4385    3.96800    0.02755
  8.8250   52.88400 -281.17099   37.6247  129.4401    3.91000    0.03672
  8.8333   52.83100 -281.56400   37.6383  129.4417    3.86600    0.03624
  8.8417   52.77800 -281.95700   37.6520  129.4432    3.75700    0.03466
  8.8500   52.72400 -282.34900   37.6657  129.4447    3.69000    0.02904
  8.8583   52.66700 -282.73901   37.6794  129.4463    3.62500    0.02290
  8.8667   52.60800 -283.12701   37.6931  129.4480    3.50500    0.01232
  8.8750   52.54700 -283.51300   37.7068  129.4498    3.41299    0.00815
  8.8833   52.48300 -283.89700   37.7205  129.4517    3.36400    0.01269
  8.8917   52.41800 -284.28000   37.7342  129.4536    3.26700    0.02284
  8.9000   52.35100 -284.66000   37.7479  129.4556    3.18900    0.03160
  8.9083   52.28100 -285.03799   37.7617  129.4578    3.12500    0.03901
  8.9167   52.20900 -285.41501   37.7754  129.4600    3.01700    0.04261
  8.9250   52.13500 -285.78900   37.7892  129.4623    2.92101    0.04713
  8.9333   52.05900 -286.16101   37.8030  129.4647    2.85899    0.04779
  8.9417   51.98100 -286.53101   37.8167  129.4672    2.73500    0.03676
  8.9500   51.90200 -286.89899   37.8305  129.4697    2.59599    0.01583
  8.9583   51.82000 -287.26401   37.8443  129.4723    2.49800   -0.00792
  8.9667   51.73600 -287.62701   37.8581  129.4751    2.36600   -0.02443
  8.9750   51.65000 -287.98801   37.8719  129.4779    2.25500   -0.04550
  8.9833   51.56200 -288.34601   37.8858  129.4808    2.14400   -0.05146
  8.9917   51.47200 -288.70200   37.8996  129.4838    2.07300   -0.05723
  9.0000   51.38000 -289.05600   37.9135  129.4869    1.96899   -0.05404
  9.0083   51.28900 -289.40900   37.9274  129.4899    1.89600   -0.05920
  9.0167   51.19600 -289.76099   37.9414  129.4929    1.80000   -0.05916
  9.0250   51.10200 -290.10999   37.9553  129.4959    1.72301   -0.06587
  9.0333   51.00500 -290.45599   37.9693  129.4992    1.63499   -0.06181
  9.0417   50.90700 -290.79999   37.9832  129.5024    1.58900   -0.06164
  9.0500   50.80700 -291.14200   37.9973  129.5058    1.50900   -0.04682
  9.0583   50.70500 -291.48001   38.0113  129.5092    1.48900   -0.03672
  9.0667   50.60100 -291.81699   38.0253  129.5128    1.44099   -0.02406
  9.0750   50.49500 -292.15100   38.0394  129.5165    1.38000   -0.02744
  9.0833   50.38800 -292.48199   38.0535  129.5202    1.30800   -0.02342
  9.0917   50.27900 -292.81000   38.0676  129.5241    1.29300   -0.01880
  9.1000   50.16800 -293.13599   38.0817  129.5281    1.24200   -0.01404
  9.1083   50.05600 -293.45901   38.0959  129.5321    1.17900   -0.02433
  9.1167   49.94100 -293.78000   38.1101  129.5363    1.11501   -0.02941
  9.1250   49.82500 -294.09698   38.1243  129.5406    1.09300   -0.02230
  9.1333   49.70800 -294.41199   38.1385  129.5449    1.08301   -0.00601
  9.1417   49.58800 -294.72501   38.1528  129.5494    1.05800   -0.00576
  9.1500   49.46800 -295.03400   38.1670  129.5539    0.97600   -0.00702
  9.1583   49.34500 -295.34100   38.1814  129.5586    0.95801   -0.01608
  9.1667   49.22100 -295.64499   38.1957  129.5634    0.90601   -0.01921
  9.1750   49.09800 -295.94901   38.2101  129.5680    0.84900   -0.01306
  9.1833   48.97400 -296.25101   38.2245  129.5726    0.87199   -0.01381
  9.1917   48.84800 -296.54999   38.2389  129.5774    0.79900    0.00215
  9.2000   48.72100 -296.84601   38.2534  129.5823    0.81400    0.00291
  9.2083   48.59200 -297.14001   38.2679  129.5873    0.78500    0.00692
  9.2167   48.46100 -297.43100   38.2825  129.5925    0.72701   -0.00391
  9.2250   48.33000 -297.71899   38.2971  129.5976    0.68600   -0.02643
  9.2333   48.19600 -298.00400   38.3117  129.6030    0.61400   -0.03800
  9.2417   48.06100 -298.28699   38.3264  129.6085    0.60201   -0.04530
  9.2500   47.92500 -298.56601   38.3410  129.6141    0.58200   -0.03613
  9.2583   47.78800 -298.84299   38.3557  129.6197    0.57800   -0.02469
  9.2667   47.64900 -299.11801   38.3705  129.6254    0.57700   -0.01671
  9.2750   47.50800 -299.38901   38.3853  129.6314    0.54800   -0.00652
  9.2833   47.36700 -299.65799   38.4002  129.6374    0.55299   -0.00370
  9.2917   47.22400 -299.92401   38.4150  129.6435    0.52699    0.00352
  9.3000   47.08000 -300.18701   38.4299  129.6498    0.51900   -0.00087
  9.3083   46.93400 -300.44699   38.4449  129.6562    0.48399   -0.00358
  9.3167   46.78700 -300.70401   38.4599  129.6627    0.47301   -0.01009
  9.3250   46.63900 -300.95901   38.4749  129.6694    0.45200   -0.01421
  9.3333   46.49000 -301.21100   38.4900  129.6761    0.43001   -0.01640
  9.3417   46.34200 -301.46399   38.5051  129.6826    0.42500   -0.01254
  9.3500   46.19300 -301.71399   38.5203  129.6893    0.42799   -0.01012
  9.3583   46.04300 -301.96100   38.5355  129.6961    0.39900   -0.00314
  9.3667   45.89100 -302.20599   38.5508  129.7030    0.41100    0.00683
  9.3750   45.73900 -302.44800   38.5661  129.7101    0.42500    0.01338
  9.3833   45.58500 -302.68799   38.5815  129.7172    0.38000    0.02177
  9.3917   45.43000 -302.92401   38.5969  129.7246    0.39999    0.01130
  9.4000   45.27400 -303.15799   38.6124  129.7320    0.34000    0.01273
  9.4083   45.11700 -303.39001   38.6279  129.7395    0.34500    0.00635
  9.4167   44.95900 -303.61899   38.6435  129.7472    0.33301    0.00991
  9.4250   44.80000 -303.84500   38.6591  129.7551    0.31300    0.00526
  9.4333   44.63900 -304.06799   38.6748  129.7631    0.28600    0.00281
  9.4417   44.47800 -304.28900   38.6905  129.7712    0.28300   -0.00478
  9.4500   44.31600 -304.50699   38.7063  129.7794    0.24200   -0.01277
  9.4583   44.15200 -304.72198   38.7221  129.7879    0.21100   -0.01725
  9.4667   43.98800 -304.93500   38.7380  129.7964    0.22301   -0.01048
  9.4750   43.82300 -305.14600   38.7540  129.8051    0.22701   -0.00804
  9.4833   43.65700 -305.35300   38.7700  129.8139    0.18201   -0.01289
  9.4917   43.49000 -305.55801   38.7860  129.8229    0.16299   -0.01695
  9.5000   43.32200 -305.76099   38.8021  129.8320    0.17300   -0.00762
  9.5083   43.15500 -305.96500   38.8184  129.8409    0.18401   -0.00622
  9.5167   42.98800 -306.16599   38.8346  129.8500    0.13499   -0.00123
  9.5250   42.82000 -306.36499   38.8509  129.8592    0.16000   -0.00375
  9.5333   42.65100 -306.56100   38.8673  129.8685    0.14000    0.00228
  9.5417   42.48100 -306.75500   38.8838  129.8780    0.12900    0.00020
  9.5500   42.31000 -306.94699   38.9003  129.8877    0.12300    0.00430
  9.5583   42.13800 -307.13599   38.9169  129.8976    0.12801   -0.00168
  9.5667   41.96500 -307.32199   38.9336  129.9076    0.07700    0.00105
  9.5750   41.79200 -307.50699   38.9503  129.9177    0.11101    0.00016
  9.5833   41.61800 -307.68799   38.9671  129.9280    0.10500    0.00412
  9.5917   41.44300 -307.86801   38.9840  129.9385    0.07401   -0.00277
  9.6000   41.26800 -308.04501   39.0009  129.9491    0.06000   -0.01329
  9.6083   41.09100 -308.21899   39.0179  129.9600    0.04201   -0.01817
  9.6167   40.91400 -308.39099   39.0350  129.9710    0.03799   -0.01519
  9.6250   40.73600 -308.56100   39.0522  129.9821    0.06000   -0.02074
  9.6333   40.55800 -308.72800   39.0694  129.9934    0.00500   -0.01252
  9.6417   40.37900 -308.89401   39.0867  130.0049    0.06100   -0.01130
  9.6500   40.19900 -309.05600   39.1041  130.0166    0.05701   -0.00295
  9.6583   40.01800 -309.21701   39.1216  130.0285    0.03500   -0.00486
  9.6667   39.83700 -309.37500   39.1391  130.0405    0.04900   -0.01678
  9.6750   39.65800 -309.53500   39.1567  130.0523    0.00000   -0.00263
  9.6833   39.47800 -309.69299   39.1744  130.0642    0.09500    0.00034
  9.6917   39.29700 -309.84799   39.1922  130.0765    0.06000    0.00750
  9.7000   39.11500 -310.00101   39.2102  130.0889    0.03300   -0.00134
  9.7083   38.93300 -310.15302   39.2282  130.1014    0.05800   -0.00581
  9.7167   38.75000 -310.30099   39.2462  130.1143    0.05000   -0.00116
  9.7250   38.56700 -310.44800   39.2644  130.1272    0.06500    0.00069
  9.7333   38.38300 -310.59299   39.2827  130.1403    0.07800    0.00555
  9.7417   38.19900 -310.73499   39.3010  130.1537    0.08200   -0.00089
  9.7500   38.01400 -310.87500   39.3194  130.1672    0.04800   -0.00823
  9.7583   37.82800 -311.01401   39.3380  130.1810    0.06300   -0.02495
  9.7667   37.64200 -311.14999   39.3566  130.1949    0.02400   -0.02402
  9.7750   37.45500 -311.28400   39.3753  130.2092    0.07401   -0.02374
  9.7833   37.26800 -311.41501   39.3941  130.2236    0.08800   -0.00641
  9.7917   37.08100 -311.54501   39.4130  130.2381    0.13200   -0.00321
  9.8000   36.89300 -311.67300   39.4320  130.2529    0.11800   -0.00812
  9.8083   36.70400 -311.79901   39.4512  130.2680    0.09500   -0.01521
  9.8167   36.51500 -311.92200   39.4704  130.2833    0.13000   -0.01574
  9.8250   36.32600 -312.04401   39.4897  130.2987    0.14700   -0.00960
  9.8333   36.13600 -312.16400   39.5091  130.3144    0.15700   -0.00348
  9.8417   35.94800 -312.28500   39.5286  130.3299    0.19200    0.00574
  9.8500   35.75900 -312.40500   39.5483  130.3456    0.22701    0.01250
  9.8583   35.57000 -312.52301   39.5681  130.3616    0.22600    0.01353
  9.8667   35.38100 -312.63901   39.5880  130.3777    0.23700    0.00758
  9.8750   35.19100 -312.75299   39.6080  130.3941    0.23399    0.00997
  9.8833   35.00000 -312.86499   39.6282  130.4109    0.27000    0.01225
  9.8917   34.80900 -312.97501   39.6484  130.4278    0.28200    0.01283
  9.9000   34.61800 -313.08301   39.6688  130.4450    0.27600    0.00757
  9.9083   34.42700 -313.18900   39.6892  130.4624    0.28500   -0.00324
  9.9167   34.23500 -313.29401   39.7098  130.4800    0.26500   -0.00918
  9.9250   34.04200 -313.39700   39.7306  130.4980    0.27699   -0.00797
  9.9333   33.85000 -313.49701   39.7514  130.5162    0.31900    0.00265
  9.9417   33.65700 -313.59601   39.7724  130.5347    0.34700    0.00045
  9.9500   33.46400 -313.69400   39.7935  130.5533    0.29700   -0.00793
  9.9583   33.27000 -313.78900   39.8147  130.5724    0.31000   -0.00787
  9.9667   33.07600 -313.88300   39.8361  130.5916    0.38100    0.00401
  9.9750   32.88200 -313.97400   39.8575  130.6112    0.39301    0.00683
  9.9833   32.68800 -314.06400   39.8791  130.6310    0.36301   -0.00668
  9.9917   32.49300 -314.15302   39.9010  130.6511    0.35300   -0.02350
 10.0000   32.29800 -314.23901   39.9228  130.6715    0.35201   -0.02397
 10.0083   32.10500 -314.32800   39.9449  130.6917    0.40700   -0.01355
 10.0167   31.91100 -314.41501   39.9671  130.7123    0.45300   -0.01046
 10.0250   31.71700 -314.50101   39.9895  130.7331    0.41600   -0.01357
 10.0333   31.52300 -314.58401   40.0120  130.7542    0.44701   -0.01317
 10.0417   31.32800 -314.66699   40.0347  130.7756    0.52100   -0.00697
 10.0500   31.13300 -314.74701   40.0575  130.7974    0.51601   -0.00411
 10.0583   30.93800 -314.82599   40.0805  130.8194    0.52699   -0.00846
 10.0667   30.74300 -314.90302   40.1036  130.8418    0.56000   -0.00866
 10.0750   30.54700 -314.97800   40.1269  130.8646    0.58099   -0.01335
 10.0833   30.35100 -315.05200   40.1504  130.8877    0.57600   -0.01996
 10.0917   30.15500 -315.12399   40.1740  130.9111    0.60300   -0.01552
 10.1000   29.95900 -315.19501   40.1977  130.9347    0.68401    0.00102
 10.1083   29.76300 -315.26401   40.2216  130.9587    0.74500    0.01888
 10.1167   29.56600 -315.33200   40.2458  130.9832    0.78300    0.01572
 10.1250   29.37000 -315.39801   40.2700  131.0078    0.75400    0.00751
 10.1333   29.17300 -315.46201   40.2944  131.0330    0.78700   -0.01048
 10.1417   28.97600 -315.52499   40.3191  131.0584    0.77100   -0.01592
 10.1500   28.77900 -315.58600   40.3438  131.0843    0.80901   -0.01193
 10.1583   28.58200 -315.64600   40.3688  131.1104    0.89301   -0.00427
 10.1667   28.38400 -315.70401   40.3940  131.1371    0.89799    0.00371
 10.1750   28.18800 -315.76501   40.4194  131.1636    0.93800    0.00394
 10.1833   27.99200 -315.82401   40.4449  131.1904    0.97800    0.00781
 10.1917   27.79600 -315.88199   40.4706  131.2175    1.00000    0.01388
 10.2000   27.59900 -315.93799   40.4966  131.2453    1.05099    0.01586
 10.2083   27.40200 -315.99301   40.5228  131.2734    1.06799    0.01429
 10.2167   27.20600 -316.04599   40.5491  131.3017    1.07100    0.00396
 10.2250   27.00900 -316.09799   40.5756  131.3306    1.07800   -0.00134
 10.2333   26.81200 -316.14899   40.6024  131.3599    1.12500   -0.00590
 10.2417   26.61400 -316.19800   40.6295  131.3898    1.13100   -0.01352
 10.2500   26.41700 -316.24500   40.6566  131.4199    1.11800   -0.01469
 10.2583   26.22000 -316.29099   40.6839  131.4505    1.20300   -0.01239
 10.2667   26.02300 -316.33600   40.7115  131.4815    1.23700   -0.00328
 10.2750   25.82500 -316.38000   40.7394  131.5130    1.26801   -0.00876
 10.2833   25.62800 -316.42200   40.7673  131.5449    1.26900   -0.01467
 10.2917   25.43000 -316.46201   40.7956  131.5775    1.29700   -0.01366
 10.3000   25.23200 -316.50201   40.8242  131.6104    1.36700   -0.01477
 10.3083   25.03500 -316.54001   40.8528  131.6437    1.35899   -0.01676
 10.3167   24.83700 -316.57599   40.8817  131.6777    1.38499   -0.01890
 10.3250   24.63900 -316.61200   40.9109  131.7121    1.45300   -0.00992
 10.3333   24.44100 -316.64600   40.9404  131.7470    1.50900    0.01341
 10.3417   24.24500 -316.68201   40.9700  131.7818    1.62000    0.02730
 10.3500   24.04800 -316.71701   40.9999  131.8173    1.63100    0.03466
 10.3583   23.85100 -316.75101   41.0302  131.8533    1.64600    0.02413
 10.3667   23.65500 -316.78400   41.0606  131.8895    1.64799    0.01503
 10.3750   23.45800 -316.81500   41.0913  131.9266    1.67200    0.01441
 10.3833   23.26100 -316.84500   41.1223  131.9642    1.74001    0.01775
 10.3917   23.06400 -316.87399   41.1536  132.0023    1.76801    0.00915
 10.4000   22.86700 -316.90100   41.1851  132.0410    1.71400   -0.00838
 10.4083   22.67000 -316.92801   41.2169  132.0803    1.72099   -0.01712
 10.4167   22.47300 -316.95300   41.2490  132.1201    1.79601   -0.01413
 10.4250   22.27600 -316.97601   41.2812  132.1607    1.80501   -0.00640
 10.4333   22.07900 -316.99899   41.3139  132.2018    1.83701   -0.00412
 10.4417   21.88200 -317.01999   41.3468  132.2435    1.87700    0.00824
 10.4500   21.68500 -317.04001   41.3799  132.2859    1.95500    0.01501
 10.4583   21.48800 -317.05899   41.4134  132.3289    1.95200    0.02229
 10.4667   21.29200 -317.07700   41.4470  132.3722    1.99100    0.01739
 10.4750   21.09500 -317.09399   41.4812  132.4165    1.98300    0.00914
 10.4833   20.89800 -317.10901   41.5155  132.4615    1.95900    0.00080
 10.4917   20.70100 -317.12299   41.5502  132.5072    1.99699   -0.00535
 10.5000   20.50500 -317.13599   41.5850  132.5534    2.00301   -0.00285
 10.5083   20.30900 -317.15201   41.6205  132.5999    2.03101    0.00883
 10.5167   20.11300 -317.16599   41.6562  132.6472    2.12601    0.01585
 10.5250   19.91800 -317.17899   41.6921  132.6949    2.10001    0.01701
 10.5333   19.72200 -317.19101   41.7285  132.7436    2.08200    0.01130
 10.5417   19.52600 -317.20200   41.7652  132.7931    2.13000    0.00503
 10.5500   19.33100 -317.21201   41.8022  132.8431    2.09801    0.00842
 10.5583   19.13500 -317.22101   41.8396  132.8941    2.15199   -0.00091
 10.5667   18.94000 -317.22800   41.8772  132.9457    2.11400   -0.00419
 10.5750   18.74400 -317.23499   41.9154  132.9983    2.12500   -0.01359
 10.5833   18.54900 -317.23999   41.9537  133.0516    2.13600   -0.01796
 10.5917   18.35400 -317.24399   41.9924  133.1057    2.13200   -0.01520
 10.6000   18.15900 -317.24701   42.0314  133.1607    2.18401   -0.01597
 10.6083   17.96400 -317.24899   42.0708  133.2165    2.16200   -0.00337
 10.6167   17.76800 -317.25000   42.1108  133.2735    2.24500    0.00454
 10.6250   17.57400 -317.25000   42.1508  133.3309    2.26601    0.01937
 10.6333   17.37900 -317.24899   42.1915  133.3894    2.29601    0.02186
 10.6417   17.18400 -317.24701   42.2325  133.4489    2.29401    0.02155
 10.6500   16.98900 -317.24399   42.2739  133.5093    2.29900    0.01984
 10.6583   16.79500 -317.23999   42.3155  133.5704    2.32001    0.02246
 10.6667   16.60000 -317.23401   42.3576  133.6330    2.35001    0.01127
 10.6750   16.40700 -317.23099   42.4001  133.6954    2.25101   -0.00061
 10.6833   16.21300 -317.22699   42.4433  133.7592    2.26601   -0.02137
 10.6917   16.02000 -317.22299   42.4867  133.8236    2.23000   -0.02034
 10.7000   15.82600 -317.21701   42.5307  133.8895    2.29300   -0.02248
 10.7083   15.63300 -317.20999   42.5749  133.9562    2.28600   -0.00842
 10.7167   15.44000 -317.20200   42.6196  134.0239    2.37300   -0.00555
 10.7250   15.24700 -317.19299   42.6647  134.0927    2.35899   -0.00503
 10.7333   15.05400 -317.18301   42.7102  134.1627    2.33900   -0.01471
 10.7417   14.86100 -317.17200   42.7563  134.2339    2.35800   -0.02474
 10.7500   14.66800 -317.16000   42.8027  134.3062    2.35001   -0.02834
 10.7583   14.47600 -317.14700   42.8494  134.3794    2.39900   -0.03482
 10.7667   14.28300 -317.13300   42.8968  134.4542    2.41701   -0.04109
 10.7750   14.09100 -317.11801   42.9445  134.5299    2.44000   -0.04707
 10.7833   13.89800 -317.10199   42.9928  134.6072    2.52000   -0.05631
 10.7917   13.70600 -317.08499   43.0414  134.6854    2.53999   -0.05921
 10.8000   13.51400 -317.06799   43.0906  134.7648    2.63699   -0.07405
 10.8083   13.32200 -317.04901   43.1402  134.8458    2.64700   -0.07929
 10.8167   13.13100 -317.02899   43.1900  134.9276    2.77600   -0.08839
 10.8250   12.93900 -317.00900   43.2406  135.0112    2.87300   -0.09035
 10.8333   12.74800 -316.98700   43.2914  135.0959    2.96700   -0.08944
 10.8417   12.55700 -316.96799   43.3431  135.1814    3.14000   -0.08166
 10.8500   12.36700 -316.94800   43.3951  135.2680    3.32001   -0.05894
 10.8583   12.17600 -316.92700   43.4478  135.3566    3.56400   -0.04371
 10.8667   11.98600 -316.90500   43.5008  135.4461    3.70399   -0.02761
 10.8750   11.79600 -316.88300   43.5544  135.5371    3.91299   -0.01525
 10.8833   11.60600 -316.85901   43.6085  135.6298    4.14000    0.00480
 10.8917   11.41600 -316.83401   43.6630  135.7241    4.36700    0.01332
 10.9000   11.22600 -316.80899   43.7182  135.8199    4.50700    0.00907
 10.9083   11.03600 -316.78201   43.7738  135.9174    4.62700   -0.00405
 10.9167   10.84700 -316.75500   43.8297  136.0161    4.81700   -0.00578
 10.9250   10.65800 -316.72699   43.8862  136.1164    5.05800   -0.00513
 10.9333   10.46900 -316.69800   43.9432  136.2184    5.19299    0.00826
 10.9417   10.28000 -316.66800   44.0008  136.3223    5.46600    0.00386
 10.9500   10.09100 -316.63699   44.0588  136.4279    5.56799   -0.00890
 10.9583    9.90200 -316.60501   44.1175  136.5353    5.64400   -0.00908
 10.9667    9.71400 -316.57300   44.1764  136.6440    5.98700    0.00000

 23.2083   22.05800  -55.10400   40.3681  120.9437    0.00000    0.00000
 23.2167   22.12200  -55.32000   40.3423  120.9458    0.10500    0.00694
 23.2250   22.18400  -55.53600   40.3168  120.9474    0.23800   -0.00766
 23.2333   22.24600  -55.75300   40.2913  120.9491    0.20900   -0.00191
 23.2417   22.30600  -55.97100   40.2660  120.9504    0.45800    0.00279
 23.2500   22.36500  -56.18900   40.2408  120.9515    0.53900    0.01924
 23.2583   22.42300  -56.40900   40.2157  120.9523    0.55700    0.02588
 23.2667   22.48000  -56.62800   40.1909  120.9530    0.76500    0.00903
 23.2750   22.53500  -56.84900   40.1662  120.9532    0.69900    0.00475
 23.2833   22.58900  -57.07000   40.1416  120.9532    0.78700   -0.01317
 23.2917   22.64200  -57.29200   40.1171  120.9531    0.87100    0.00238
 23.3000   22.69400  -57.51500   40.0927  120.9527    1.03200    0.01615
 23.3083   22.74400  -57.73800   40.0686  120.9520    1.09800    0.02874
 23.3167   22.79300  -57.96200   40.0445  120.9510    1.17300    0.04121
 23.3250   22.84100  -58.18600   40.0206  120.9499    1.32800    0.04078
 23.3333   22.88700  -58.41100   39.9969  120.9484    1.30700    0.05617
 23.3417   22.93600  -58.63600   39.9728  120.9477    1.47400    0.03947
 23.3500   22.98300  -58.86100   39.9491  120.9466    1.41200    0.02816
 23.3583   23.02900  -59.08600   39.9255  120.9454    1.41800    0.00259
 23.3667   23.07300  -59.31200   39.9020  120.9438    1.48800   -0.00422
 23.3750   23.11700  -59.53900   39.8785  120.9422    1.54200   -0.00727
 23.3833   23.15900  -59.76700   39.8551  120.9402    1.56200   -0.00029
 23.3917   23.19900  -59.99500   39.8320  120.9378    1.67400    0.02045
 23.4000   23.23900  -60.22300   39.8089  120.9355    1.79800    0.03504
 23.4083   23.27700  -60.45200   39.7859  120.9327    1.76200    0.05107
 23.4167   23.31300  -60.68200   39.7631  120.9296    1.87300    0.04296
 23.4250   23.34900  -60.91200   39.7403  120.9265    1.83100    0.03456
 23.4333   23.38300  -61.14300   39.7176  120.9231    1.78500    0.03756
 23.4417   23.41600  -61.37400   39.6950  120.9195    1.96100    0.03703
 23.4500   23.44800  -61.60500   39.6725  120.9157    1.89400    0.05098
 23.4583   23.47800  -61.83700   39.6501  120.9115    1.93400    0.02920
 23.4667   23.50700  -62.07000   39.6278  120.9072    1.87400    0.02290
 23.4750   23.53400  -62.30300   39.6056  120.9025    1.89200    0.01400
 23.4833   23.56100  -62.53600   39.5834  120.8979    1.90100    0.01604
 23.4917   23.58600  -62.77000   39.5613  120.8928    1.89600    0.01948
 23.5000   23.61000  -63.00400   39.5394  120.8877    1.90700    0.00948
 23.5083   23.63500  -63.23800   39.5173  120.8829    1.82700    0.00946
 23.5167   23.65900  -63.47200   39.4953  120.8780    1.89000    0.00278
 23.5250   23.68200  -63.70600   39.4734  120.8729    1.86500    0.01017
 23.5333   23.70400  -63.94100   39.4515  120.8677    1.87700   -0.00901
 23.5417   23.72400  -64.17600   39.4298  120.8621    1.77600   -0.01746
 23.5500   23.74300  -64.41200   39.4081  120.8564    1.83300   -0.02705
 23.5583   23.76100  -64.64800   39.3864  120.8505    1.85000   -0.04200
 23.5667   23.77700  -64.88400   39.3649  120.8442    1.72900   -0.06701
 23.5750   23.79200  -65.12100   39.3434  120.8377    1.73500   -0.09012
 23.5833   23.80600  -65.35800   39.3219  120.8311    1.77500   -0.08050
 23.5917   23.81900  -65.59500   39.3005  120.8244    1.86900   -0.06412
 23.6000   23.83000  -65.83300   39.2791  120.8173    1.92100   -0.05373
 23.6083   23.83900  -66.07000   39.2580  120.8098    1.93100   -0.04365
 23.6167   23.84800  -66.30900   39.2366  120.8024    2.02600   -0.02766
 23.6250   23.85500  -66.54700   39.2155  120.7946    2.12800   -0.00987
 23.6333   23.86100  -66.78500   39.1944  120.7867    2.15800    0.00401
 23.6417   23.86600  -67.02400   39.1733  120.7786    2.24100    0.01770
 23.6500   23.86900  -67.26300   39.1523  120.7701    2.36000    0.02738
 23.6583   23.87100  -67.50200   39.1314  120.7616    2.38400    0.02533
 23.6667   23.87200  -67.74200   39.1103  120.7528    2.41500    0.00665
 23.6750   23.87400  -67.98000   39.0894  120.7445    2.43700   -0.01079
 23.6833   23.87500  -68.22000   39.0683  120.7359    2.47500   -0.02611
 23.6917   23.87500  -68.45900   39.0474  120.7273    2.52100   -0.03570
 23.7000   23.87300  -68.69800   39.0266  120.7183    2.58200   -0.04701
 23.7083   23.87100  -68.93800   39.0056  120.7093    2.61200   -0.04715
 23.7167   23.86700  -69.17800   38.9847  120.7000    2.72600   -0.03122
 23.7250   23.86100  -69.41800   38.9639  120.6902    2.88000   -0.02044
 23.7333   23.85400  -69.65800   38.9431  120.6804    2.86900   -0.00036
 23.7417   23.84600  -69.89800   38.9224  120.6704    3.03600    0.00881
 23.7500   23.83700  -70.13800   38.9016  120.6602    3.12300    0.02690
 23.7583   23.82700  -70.37900   38.8808  120.6499    3.17500    0.02621
 23.7667   23.81500  -70.61900   38.8602  120.6392    3.23000    0.03034
 23.7750   23.80200  -70.85900   38.8395  120.6284    3.35000    0.04035
 23.7833   23.78700  -71.10000   38.8189  120.6171    3.43200    0.04416
 23.7917   23.77200  -71.34100   38.7981  120.6059    3.44100    0.03092
 23.8000   23.75500  -71.58100   38.7775  120.5944    3.45200    0.00990
 23.8083   23.73600  -71.82200   38.7569  120.5824    3.48800    0.00176
 23.8167   23.71700  -72.06200   38.7363  120.5706    3.58500   -0.00131
 23.8250   23.69600  -72.30300   38.7157  120.5583    3.63000    0.00297
 23.8333   23.67400  -72.54300   38.6952  120.5459    3.71600   -0.00389
 23.8417   23.65400  -72.78300   38.6745  120.5341    3.74700   -0.01108
 23.8500   23.63300  -73.02300   38.6537  120.5221    3.79800   -0.04290
 23.8583   23.61000  -73.26400   38.6330  120.5098    3.74100   -0.08127
 23.8667   23.58600  -73.50400   38.6123  120.4972    3.73700   -0.09706
 23.8750   23.56000  -73.74400   38.5916  120.4843    3.93100   -0.08056
 23.8833   23.53400  -73.98400   38.5709  120.4715    4.07900   -0.05203
 23.8917   23.50600  -74.22400   38.5502  120.4582    4.15600   -0.03328
 23.9000   23.47700  -74.46300   38.5296  120.4448    4.29300   -0.02111
 23.9083   23.44700  -74.70300   38.5088  120.4312    4.40800   -0.00485
 23.9167   23.41500  -74.94300   38.4881  120.4172    4.51800    0.00686
 23.9250   23.38300  -75.18200   38.4673  120.4033    4.63900    0.03051
 23.9333   23.34900  -75.42200   38.4465  120.3889    4.82000    0.03707
 23.9417   23.31400  -75.66100   38.4258  120.3744    4.88500    0.02747
 23.9500   23.27700  -75.90000   38.4050  120.3594    4.91100    0.00736
 23.9583   23.24000  -76.13900   38.3842  120.3445    5.01300   -0.01369
 23.9667   23.20100  -76.37800   38.3633  120.3292    5.05800   -0.02137
 23.9750   23.16100  -76.61700   38.3424  120.3137    5.12200   -0.00855
 23.9833   23.12000  -76.85500   38.3215  120.2980    5.33900   -0.00127
 23.9917   23.07800  -77.09300   38.3006  120.2822    5.42700    0.00000
