hmax        =    300
wind_bottom =      2
wind_top    =     10
critlon     =      0
tbeg, h     =   0.00
tend, h     =  24.00
c_ionex     =      0
c_vert      =      1
time, gamma, az, latp, lonp, tec, tec_filtered
  0.0000   76.81100 -101.66500   37.1513  126.3135    1.49700    0.00000
  0.0083   76.98200 -100.80900   37.1617  126.3212    1.43800   -0.00130
  0.0167   77.15000  -99.93300   37.1720  126.3288    1.39300   -0.00202
  0.0250   77.31500  -99.03800   37.1823  126.3365    1.34600    0.00610
  0.0333   77.47900  -98.12200   37.1926  126.3442    1.30600    0.00062
  0.0417   77.63900  -97.18500   37.2029  126.3519    1.22300   -0.00101
  0.0500   77.79700  -96.22700   37.2131  126.3597    1.18800   -0.00575
  0.0583   77.95200  -95.24800   37.2233  126.3675    1.14000    0.00157
  0.0667   78.10400  -94.24700   37.2334  126.3753    1.08700    0.00700
  0.0750   78.25300  -93.22300   37.2435  126.3832    1.03200    0.01230
  0.0833   78.39800  -92.17700   37.2536  126.3911    0.98200    0.02137
  0.0917   78.54100  -91.10800   37.2636  126.3990    0.94800    0.02837
  0.1000   78.68000  -90.01500   37.2736  126.4069    0.88700    0.02907
  0.1083   78.81600  -88.89900   37.2836  126.4149    0.81900    0.02503
  0.1167   78.94800  -87.76000   37.2935  126.4230    0.77300    0.01299
  0.1250   79.07700  -86.59700   37.3034  126.4311    0.69000   -0.01189
  0.1333   79.20100  -85.41000   37.3132  126.4391    0.58500   -0.02971
  0.1417   79.32200  -84.19900   37.3230  126.4472    0.56300   -0.03980
  0.1500   79.43900  -82.96400   37.3328  126.4554    0.50600   -0.03776
  0.1583   79.55100  -81.70600   37.3425  126.4636    0.44200   -0.05163
  0.1667   79.66000  -80.42400   37.3522  126.4718    0.37600   -0.05719
  0.1750   79.76100  -79.10900   37.3620  126.4800    0.34900   -0.05448
  0.1833   79.85800  -77.77200   37.3717  126.4881    0.31500   -0.03983
  0.1917   79.95000  -76.41200   37.3814  126.4963    0.29100   -0.04010
  0.2000   80.03700  -75.03000   37.3911  126.5046    0.22500   -0.04122
  0.2083   80.11900  -73.62800   37.4007  126.5129    0.19700   -0.04702
  0.2167   80.19600  -72.20500   37.4103  126.5212    0.17100   -0.04658
  0.2250   80.26800  -70.76400   37.4198  126.5295    0.13500   -0.04569
  0.2333   80.33500  -69.30500   37.4294  126.5380    0.11700   -0.04447
  0.2417   80.39600  -67.82800   37.4389  126.5464    0.09800   -0.03893
  0.2500   80.45200  -66.33700   37.4483  126.5549    0.08500   -0.03780
  0.2583   80.50200  -64.83000   37.4577  126.5634    0.06300   -0.03953
  0.2667   80.54600  -63.31200   37.4671  126.5719    0.04300   -0.04235
  0.2750   80.58500  -61.78100   37.4765  126.5805    0.03200   -0.04135
  0.2833   80.61800  -60.24200   37.4858  126.5891    0.02900   -0.03140
  0.2917   80.64600  -58.69400   37.4950  126.5978    0.04200   -0.02321
  0.3000   80.66700  -57.14000   37.5043  126.6065    0.03100   -0.02253
  0.3083   80.68300  -55.58100   37.5135  126.6152    0.00900   -0.02622
  0.3167   80.69300  -54.02000   37.5227  126.6240    0.01300   -0.02109
  0.3250   80.69700  -52.45800   37.5318  126.6328    0.03200   -0.00991
  0.3333   80.69500  -50.89700   37.5409  126.6416    0.03000    0.00047
  0.3417   80.68400  -49.33500   37.5501  126.6504    0.03300    0.00835
  0.3500   80.66700  -47.78000   37.5592  126.6592    0.04700    0.01610
  0.3583   80.64500  -46.23100   37.5683  126.6681    0.04700    0.01501
  0.3667   80.61700  -44.69100   37.5774  126.6770    0.02600    0.00976
  0.3750   80.58300  -43.16100   37.5865  126.6859    0.02800    0.00478
  0.3833   80.54400  -41.64300   37.5955  126.6949    0.03000    0.00504
  0.3917   80.49900  -40.13900   37.6045  126.7039    0.02700   -0.00012
  0.4000   80.44900  -38.65000   37.6134  126.7130    0.01600   -0.00890
  0.4083   80.39300  -37.17700   37.6223  126.7220    0.01100   -0.02116
  0.4167   80.33200  -35.72100   37.6312  126.7312    0.00000   -0.02722
  0.4250   80.26700  -34.28400   37.6400  126.7404    0.01000   -0.03397
  0.4333   80.19600  -32.86500   37.6489  126.7496    0.00400   -0.03235
  0.4417   80.12100  -31.46800   37.6576  126.7589    0.02000   -0.03503
  0.4500   80.04000  -30.09100   37.6664  126.7682    0.02100   -0.03644
  0.4583   79.95600  -28.73600   37.6751  126.7775    0.02500   -0.04041
  0.4667   79.86700  -27.40300   37.6838  126.7869    0.04000   -0.04094
  0.4750   79.77300  -26.09200   37.6924  126.7964    0.05800   -0.03024
  0.4833   79.67600  -24.80400   37.7010  126.8059    0.10200   -0.02311
  0.4917   79.57500  -23.54000   37.7096  126.8154    0.11000   -0.02048
  0.5000   79.46900  -22.29900   37.7181  126.8250    0.11900   -0.02745
  0.5083   79.35700  -21.08700   37.7267  126.8345    0.13800   -0.03257
  0.5167   79.24100  -19.89900   37.7353  126.8440    0.15700   -0.03140
  0.5250   79.12200  -18.73400   37.7439  126.8536    0.18900   -0.02259
  0.5333   78.99900  -17.59300   37.7524  126.8633    0.23600   -0.01107
  0.5417   78.87400  -16.47600   37.7609  126.8729    0.26900    0.00364
  0.5500   78.74500  -15.38200   37.7693  126.8827    0.31400    0.00910
  0.5583   78.61300  -14.31000   37.7778  126.8924    0.33500    0.00019
  0.5667   78.47800  -13.26200   37.7862  126.9022    0.32300   -0.00679
  0.5750   78.34100  -12.23500   37.7945  126.9121    0.37600   -0.01066
  0.5833   78.20100  -11.23000   37.8029  126.9220    0.41000   -0.00991
  0.5917   78.05900  -10.24700   37.8111  126.9320    0.41800   -0.01138
  0.6000   77.91400   -9.28400   37.8194  126.9420    0.46900   -0.01122
  0.6083   77.76700   -8.34200   37.8276  126.9521    0.51000   -0.00149
  0.6167   77.61700   -7.42100   37.8358  126.9622    0.54800   -0.00713
  0.6250   77.46600   -6.51800   37.8440  126.9723    0.55000   -0.01313
  0.6333   77.31300   -5.63500   37.8521  126.9825    0.58900   -0.02700
  0.6417   77.15700   -4.77100   37.8602  126.9928    0.60400   -0.02462
  0.6500   77.00000   -3.92500   37.8683  127.0031    0.66000   -0.01751
  0.6583   76.84200   -3.09600   37.8763  127.0134    0.71700   -0.00478
  0.6667   76.68100   -2.28500   37.8843  127.0238    0.75200    0.00392
  0.6750   76.51700   -1.49900   37.8923  127.0341    0.79800    0.00282
  0.6833   76.35000   -0.72900   37.9004  127.0445    0.82500    0.00297
  0.6917   76.18200    0.02400   37.9084  127.0549    0.86300   -0.00803
  0.7000   76.01300    0.76200   37.9164  127.0654    0.87300   -0.00857
  0.7083   75.84300    1.48600   37.9243  127.0759    0.93400   -0.00556
  0.7167   75.67100    2.19500   37.9322  127.0865    0.98400    0.00082
  0.7250   75.49900    2.88900   37.9401  127.0971    1.00600    0.00598
  0.7333   75.32500    3.57000   37.9479  127.1078    1.06200    0.01095
  0.7417   75.15000    4.23800   37.9557  127.1185    1.11000    0.02155
  0.7500   74.97400    4.89300   37.9635  127.1293    1.14600    0.01809
  0.7583   74.79700    5.53600   37.9713  127.1401    1.15700    0.01099
  0.7667   74.61900    6.16700   37.9790  127.1510    1.19400    0.00820
  0.7750   74.44100    6.78600   37.9866  127.1619    1.24500    0.01002
  0.7833   74.26100    7.39300   37.9943  127.1729    1.27200    0.00681
  0.7917   74.08100    7.99000   38.0019  127.1840    1.29300   -0.00068
  0.8000   73.90000    8.57600   38.0095  127.1951    1.33100   -0.00837
  0.8083   73.71800    9.15200   38.0170  127.2062    1.35800   -0.01129
  0.8167   73.53600    9.71700   38.0245  127.2174    1.39400   -0.02010
  0.8250   73.35300   10.27300   38.0320  127.2287    1.41300   -0.01947
  0.8333   73.17000   10.82000   38.0394  127.2400    1.46800   -0.01922
  0.8417   72.98300   11.34900   38.0469  127.2512    1.50700   -0.01026
  0.8500   72.79600   11.86900   38.0544  127.2625    1.55600   -0.01392
  0.8583   72.60900   12.38000   38.0619  127.2738    1.57500   -0.01915
  0.8667   72.42100   12.88400   38.0693  127.2852    1.60900   -0.01760
  0.8750   72.23300   13.37900   38.0767  127.2967    1.68300   -0.01113
  0.8833   72.04400   13.86700   38.0840  127.3082    1.72100   -0.01112
  0.8917   71.85500   14.34700   38.0914  127.3198    1.74000   -0.01774
  0.9000   71.66500   14.82000   38.0987  127.3314    1.79700   -0.02630
  0.9083   71.47500   15.28600   38.1059  127.3431    1.83500   -0.01697
  0.9167   71.28500   15.74600   38.1131  127.3549    1.91400   -0.02079
  0.9250   71.09500   16.19800   38.1203  127.3666    1.93400   -0.01670
  0.9333   70.90400   16.64500   38.1275  127.3785    1.99900   -0.02961
  0.9417   70.71400   17.08500   38.1345  127.3904    2.02800   -0.02516
  0.9500   70.52300   17.51900   38.1416  127.4024    2.10500   -0.02636
  0.9583   70.33100   17.94700   38.1487  127.4144    2.15200   -0.01719
  0.9667   70.14000   18.37000   38.1557  127.4265    2.21400   -0.01279
  0.9750   69.94800   18.78700   38.1626  127.4386    2.27900   -0.00252
  0.9833   69.75700   19.19900   38.1695  127.4508    2.35100    0.00030
  0.9917   69.56500   19.60500   38.1764  127.4631    2.39400    0.00835
  1.0000   69.37300   20.00700   38.1833  127.4754    2.47600    0.01107
  1.0083   69.17900   20.39600   38.1902  127.4876    2.53300    0.01167
  1.0167   68.98400   20.77900   38.1972  127.5000    2.57100    0.00040
  1.0250   68.79000   21.15900   38.2041  127.5123    2.61900   -0.01622
  1.0333   68.59600   21.53400   38.2109  127.5248    2.65800   -0.02532
  1.0417   68.40100   21.90500   38.2177  127.5373    2.72000   -0.02127
  1.0500   68.20600   22.27200   38.2245  127.5499    2.80800   -0.00295
  1.0583   68.01200   22.63400   38.2313  127.5624    2.89200    0.00636
  1.0667   67.81700   22.99300   38.2380  127.5751    2.92200    0.00885
  1.0750   67.62300   23.34800   38.2446  127.5879    2.98800    0.00971
  1.0833   67.42800   23.70000   38.2513  127.6007    3.06600    0.01769
  1.0917   67.23400   24.04700   38.2579  127.6135    3.11900    0.02294
  1.1000   67.03900   24.39200   38.2644  127.6265    3.17600    0.01773
  1.1083   66.84500   24.73300   38.2709  127.6394    3.22100    0.01198
  1.1167   66.65100   25.07000   38.2774  127.6525    3.27400    0.00333
  1.1250   66.45600   25.40500   38.2839  127.6656    3.32200   -0.00162
  1.1333   66.26200   25.73600   38.2903  127.6787    3.38000   -0.01224
  1.1417   66.06800   26.06500   38.2966  127.6920    3.41200   -0.01040
  1.1500   65.87400   26.39000   38.3029  127.7053    3.49900   -0.00541
  1.1583   65.68000   26.71200   38.3092  127.7186    3.56300   -0.00103
  1.1667   65.48600   27.03200   38.3155  127.7320    3.59400    0.00021
  1.1750   65.29100   27.34200   38.3218  127.7454    3.67200   -0.00468
  1.1833   65.09500   27.64900   38.3281  127.7589    3.72000   -0.01001
  1.1917   64.90000   27.95300   38.3344  127.7723    3.75300   -0.01623
  1.2000   64.70400   28.25600   38.3407  127.7859    3.83000   -0.00766
  1.2083   64.50900   28.55500   38.3469  127.7995    3.92900   -0.00616
  1.2167   64.31400   28.85300   38.3530  127.8133    3.93900   -0.00851
  1.2250   64.11900   29.14800   38.3592  127.8270    4.00400   -0.03318
  1.2333   63.92500   29.44200   38.3652  127.8408    4.02800   -0.02987
  1.2417   63.73000   29.73300   38.3713  127.8548    4.13100   -0.01906
  1.2500   63.53600   30.02200   38.3773  127.8687    4.22400    0.00448
  1.2583   63.34100   30.30900   38.3833  127.8828    4.29300    0.01384
  1.2667   63.14700   30.59400   38.3892  127.8969    4.35200    0.01415
  1.2750   62.95300   30.87700   38.3951  127.9110    4.41700    0.01312
  1.2833   62.76000   31.15800   38.4009  127.9252    4.48500    0.00404
  1.2917   62.56600   31.43700   38.4067  127.9395    4.51500   -0.00852
  1.3000   62.37300   31.71500   38.4125  127.9539    4.56800   -0.02050
  1.3083   62.18000   31.99100   38.4182  127.9683    4.63700   -0.02067
  1.3167   61.98700   32.26500   38.4238  127.9828    4.71200   -0.00690
  1.3250   61.79500   32.53700   38.4294  127.9973    4.81000    0.00268
  1.3333   61.60200   32.80800   38.4351  128.0119    4.86100    0.00960
  1.3417   61.40800   33.07100   38.4408  128.0266    4.92300    0.01241
  1.3500   61.21400   33.33200   38.4465  128.0412    5.00700    0.02229
  1.3583   61.02100   33.59200   38.4521  128.0559    5.08500    0.01521
  1.3667   60.82700   33.85100   38.4577  128.0708    5.09100    0.01118
  1.3750   60.63400   34.10800   38.4632  128.0856    5.18800   -0.00073
  1.3833   60.44100   34.36400   38.4687  128.1006    5.24300    0.00025
  1.3917   60.24900   34.61800   38.4742  128.1156    5.29600   -0.01275
  1.4000   60.05600   34.87200   38.4796  128.1307    5.34600   -0.02986
  1.4083   59.86400   35.12400   38.4850  128.1458    5.38600   -0.03424
  1.4167   59.67200   35.37500   38.4903  128.1611    5.48200   -0.03005
  1.4250   59.48000   35.62500   38.4956  128.1764    5.56300   -0.01642
  1.4333   59.28900   35.87300   38.5008  128.1917    5.63700   -0.01320
  1.4417   59.09800   36.12100   38.5060  128.2072    5.69900   -0.01173
  1.4500   58.90700   36.36700   38.5111  128.2227    5.77800   -0.00874
  1.4583   58.71600   36.61300   38.5163  128.2383    5.86000   -0.00949
  1.4667   58.52600   36.85700   38.5213  128.2539    5.91400   -0.01318
  1.4750   58.33500   37.10000   38.5264  128.2697    5.98600   -0.01280
  1.4833   58.14600   37.34300   38.5313  128.2855    6.08700   -0.01639
  1.4917   57.95600   37.58400   38.5362  128.3013    6.13200   -0.01375
  1.5000   57.76700   37.82500   38.5411  128.3173    6.22900   -0.01633
  1.5083   57.57600   38.05800   38.5461  128.3332    6.31400   -0.01127
  1.5167   57.38500   38.29100   38.5511  128.3493    6.38700   -0.00975
  1.5250   57.19500   38.52300   38.5560  128.3653    6.47200   -0.01025
  1.5333   57.00500   38.75400   38.5609  128.3815    6.54800   -0.00592
  1.5417   56.81600   38.98400   38.5656  128.3977    6.63700    0.00259
  1.5500   56.62600   39.21400   38.5704  128.4140    6.73800    0.00548
  1.5583   56.43700   39.44300   38.5752  128.4304    6.79900    0.00428
  1.5667   56.24800   39.67100   38.5799  128.4469    6.87200    0.00782
  1.5750   56.06000   39.89800   38.5845  128.4634    6.98700    0.01535
  1.5833   55.87100   40.12500   38.5891  128.4800    7.05800    0.02690
  1.5917   55.68300   40.35100   38.5936  128.4967    7.14800    0.02269
  1.6000   55.49600   40.57700   38.5981  128.5135    7.21000    0.00457
  1.6083   55.30800   40.80100   38.6026  128.5303    7.23700   -0.00607
  1.6167   55.12100   41.02500   38.6069  128.5472    7.35200   -0.00661
  1.6250   54.93400   41.24900   38.6113  128.5643    7.44900    0.01074
  1.6333   54.74800   41.47200   38.6155  128.5813    7.53400   -0.00012
  1.6417   54.56200   41.69400   38.6198  128.5984    7.54900   -0.02066
  1.6500   54.37600   41.91600   38.6240  128.6157    7.61400   -0.04250
  1.6583   54.19000   42.13700   38.6281  128.6330    7.69800   -0.03457
  1.6667   54.00500   42.35800   38.6322  128.6504    7.82500   -0.01655
  1.6750   53.81800   42.57200   38.6364  128.6678    7.92500    0.01158
  1.6833   53.63200   42.78600   38.6406  128.6852    8.04900   -0.00106
  1.6917   53.44600   43.00000   38.6447  128.7028    8.03100   -0.00779
  1.7000   53.26000   43.21300   38.6488  128.7204    8.15600   -0.03728
  1.7083   53.07400   43.42600   38.6529  128.7382    8.19700   -0.03198
  1.7167   52.88900   43.63900   38.6568  128.7560    8.30400   -0.02230
  1.7250   52.70400   43.85100   38.6608  128.7739    8.44900   -0.00577
  1.7333   52.52000   44.06200   38.6646  128.7918    8.52200    0.01511
  1.7417   52.33500   44.27400   38.6684  128.8099    8.65100    0.00861
  1.7500   52.15100   44.48400   38.6722  128.8280    8.69300    0.01301
  1.7583   51.96800   44.69500   38.6759  128.8462    8.80200    0.00616
  1.7667   51.78400   44.90500   38.6796  128.8646    8.88600    0.00808
  1.7750   51.60100   45.11500   38.6832  128.8829    8.96700    0.00079
  1.7833   51.41900   45.32400   38.6867  128.9014    9.04600   -0.00442
  1.7917   51.23600   45.53300   38.6902  128.9199    9.14600   -0.00780
  1.8000   51.05400   45.74100   38.6936  128.9385    9.23600   -0.00543
  1.8083   50.87200   45.95000   38.6970  128.9573    9.33800   -0.00777
  1.8167   50.69100   46.15800   38.7003  128.9760    9.41900   -0.02046
  1.8250   50.50900   46.36500   38.7036  128.9950    9.47000   -0.03565
  1.8333   50.32900   46.57300   38.7068  129.0139    9.56800   -0.03607
  1.8417   50.14700   46.77500   38.7101  129.0329    9.70700   -0.02638
  1.8500   49.96500   46.97600   38.7135  129.0520    9.79900   -0.02074
  1.8583   49.78300   47.17800   38.7168  129.0712    9.88100   -0.01758
  1.8667   49.60200   47.37900   38.7199  129.0904   10.01400   -0.01363
  1.8750   49.42100   47.58000   38.7231  129.1098   10.11400   -0.00933
  1.8833   49.24000   47.78100   38.7262  129.1292   10.20200   -0.01079
  1.8917   49.06000   47.98200   38.7292  129.1488   10.31400    0.00123
  1.9000   48.88000   48.18200   38.7322  129.1684   10.46200    0.01365
  1.9083   48.70100   48.38200   38.7350  129.1880   10.55300    0.01902
  1.9167   48.52100   48.58200   38.7379  129.2079   10.63900    0.01333
  1.9250   48.34200   48.78200   38.7407  129.2277   10.74700    0.00172
  1.9333   48.16300   48.98200   38.7434  129.2478   10.81300    0.00254
  1.9417   47.98500   49.18100   38.7461  129.2678   10.94700    0.01518
  1.9500   47.80700   49.38100   38.7486  129.2879   11.10000    0.02919
  1.9583   47.62900   49.57900   38.7512  129.3082   11.17000    0.03190
  1.9667   47.45100   49.77800   38.7537  129.3286   11.25800    0.00757
  1.9750   47.27400   49.97700   38.7561  129.3490   11.30000   -0.00025
  1.9833   47.09700   50.17500   38.7585  129.3695   11.42800   -0.00848
  1.9917   46.92100   50.37400   38.7608  129.3901   11.50800    0.00642
  2.0000   46.74400   50.57200   38.7630  129.4108   11.63900    0.00931
  2.0083   46.56700   50.76500   38.7654  129.4315   11.72100    0.01614
  2.0167   46.39000   50.95800   38.7678  129.4524   11.81800    0.01692
  2.0250   46.21300   51.15100   38.7700  129.4733   11.92500    0.01850
  2.0333   46.03600   51.34500   38.7722  129.4945   12.00500    0.02099
  2.0417   45.86000   51.53800   38.7744  129.5156   12.10200    0.00503
  2.0500   45.68400   51.73000   38.7765  129.5368   12.13400   -0.00831
  2.0583   45.50900   51.92300   38.7784  129.5581   12.22800   -0.01979
  2.0667   45.33300   52.11600   38.7804  129.5796   12.33400   -0.01955
  2.0750   45.15800   52.30900   38.7823  129.6012   12.41400   -0.01127
  2.0833   44.98400   52.50100   38.7841  129.6227   12.53900   -0.00993
  2.0917   44.80900   52.69300   38.7859  129.6445   12.61800   -0.00351
  2.1000   44.63500   52.88600   38.7875  129.6664   12.72200   -0.01136
  2.1083   44.46100   53.07800   38.7892  129.6883   12.79300   -0.01254
  2.1167   44.28800   53.27000   38.7907  129.7103   12.90500   -0.01277
  2.1250   44.11400   53.46200   38.7922  129.7325   13.01500   -0.01899
  2.1333   43.94200   53.65400   38.7936  129.7546   13.06500   -0.02104
  2.1417   43.76900   53.84600   38.7949  129.7770   13.19600   -0.03060
  2.1500   43.59700   54.03700   38.7962  129.7994   13.28100   -0.03217
  2.1583   43.42500   54.22900   38.7974  129.8219   13.37200   -0.03331
  2.1667   43.25300   54.42100   38.7985  129.8446   13.51000   -0.02169
  2.1750   43.08000   54.60800   38.7999  129.8673   13.65200   -0.01139
  2.1833   42.90800   54.79500   38.8011  129.8901   13.73900    0.00422
  2.1917   42.73600   54.98300   38.8022  129.9130   13.90400    0.00310
  2.2000   42.56400   55.17000   38.8033  129.9361   13.97600   -0.00889
  2.2083   42.39200   55.35700   38.8043  129.9593   14.01900   -0.02647
  2.2167   42.22100   55.54400   38.8053  129.9825   14.16300   -0.02426
  2.2250   42.05000   55.73200   38.8061  130.0059   14.32500   -0.00434
  2.2333   41.87900   55.91900   38.8069  130.0294   14.45100    0.00946
  2.2417   41.70900   56.10600   38.8076  130.0529   14.57400    0.00934
  2.2500   41.53800   56.29300   38.8083  130.0767   14.68000    0.00373
  2.2583   41.36900   56.48000   38.8089  130.1004   14.78300   -0.00112
  2.2667   41.19900   56.66700   38.8094  130.1243   14.91300   -0.01862
  2.2750   41.03000   56.85400   38.8098  130.1483   14.96900   -0.02835
  2.2833   40.86100   57.04100   38.8102  130.1724   15.11200   -0.03989
  2.2917   40.69200   57.22800   38.8105  130.1967   15.24000   -0.03221
  2.3000   40.52400   57.41500   38.8106  130.2210   15.38300   -0.02556
  2.3083   40.35500   57.60200   38.8108  130.2455   15.52200   -0.02147
  2.3167   40.18800   57.78900   38.8108  130.2700   15.63500   -0.02201
  2.3250   40.02000   57.97600   38.8108  130.2948   15.75900   -0.02284
  2.3333   39.85300   58.16200   38.8107  130.3195   15.90300   -0.01068
  2.3417   39.68400   58.34500   38.8108  130.3445   16.07600    0.00972
  2.3500   39.51700   58.52800   38.8107  130.3694   16.24100    0.02256
  2.3583   39.34900   58.71100   38.8106  130.3946   16.35700    0.01989
  2.3667   39.18100   58.89500   38.8104  130.4200   16.47200    0.00012
  2.3750   39.01400   59.07800   38.8101  130.4454   16.56900   -0.01495
  2.3833   38.84700   59.26100   38.8098  130.4709   16.71200   -0.03084
  2.3917   38.68100   59.44400   38.8093  130.4964   16.82900   -0.03092
  2.4000   38.51500   59.62700   38.8088  130.5222   17.00300   -0.02318
  2.4083   38.34900   59.81000   38.8082  130.5480   17.18700   -0.03697
  2.4167   38.18300   59.99300   38.8076  130.5740   17.21200   -0.04346
  2.4250   38.01700   60.17700   38.8068  130.6002   17.42300   -0.05853
  2.4333   37.85200   60.36000   38.8059  130.6264   17.57100   -0.04149
  2.4417   37.68700   60.54300   38.8050  130.6528   17.74500   -0.03626
  2.4500   37.52200   60.72600   38.8040  130.6793   17.90800   -0.02113
  2.4583   37.35800   60.90900   38.8029  130.7059   18.10800   -0.01014
  2.4667   37.19400   61.09200   38.8017  130.7326   18.27100   -0.00377
  2.4750   37.03000   61.27600   38.8004  130.7595   18.42100   -0.00599
  2.4833   36.86600   61.45900   38.7991  130.7865   18.59300   -0.01080
  2.4917   36.70300   61.64200   38.7977  130.8136   18.75200   -0.00988
  2.5000   36.54000   61.82500   38.7961  130.8408   18.94300   -0.00590
  2.5083   36.37600   62.00500   38.7947  130.8682   19.13600   -0.01125
  2.5167   36.21200   62.18500   38.7933  130.8958   19.25800   -0.01619
  2.5250   36.04900   62.36400   38.7917  130.9234   19.44600   -0.03245
  2.5333   35.88600   62.54400   38.7901  130.9512   19.58600   -0.03882
  2.5417   35.72300   62.72400   38.7883  130.9792   19.75800   -0.04375
  2.5500   35.56000   62.90400   38.7865  131.0073   19.95600   -0.01826
  2.5583   35.39800   63.08400   38.7845  131.0354   20.24200    0.00080
  2.5667   35.23500   63.26400   38.7826  131.0639   20.38600    0.02514
  2.5750   35.07400   63.44500   38.7804  131.0923   20.61400    0.02520
  2.5833   34.91200   63.62500   38.7782  131.1210   20.78700    0.01751
  2.5917   34.75100   63.80500   38.7759  131.1497   20.89800   -0.00644
  2.6000   34.58900   63.98500   38.7735  131.1787   21.05600   -0.02093
  2.6083   34.42800   64.16500   38.7710  131.2078   21.28300   -0.01446
  2.6167   34.26800   64.34500   38.7684  131.2368   21.50400   -0.01213
  2.6250   34.10700   64.52600   38.7657  131.2663   21.64600   -0.02140
  2.6333   33.94700   64.70600   38.7630  131.2957   21.81800   -0.03138
  2.6417   33.78700   64.88600   38.7601  131.3254   22.02700   -0.03216
  2.6500   33.62700   65.06600   38.7571  131.3552   22.20600   -0.02814
  2.6583   33.46800   65.24600   38.7541  131.3850   22.39700   -0.01669
  2.6667   33.30900   65.42700   38.7508  131.4150   22.65400    0.00212
  2.6750   33.14900   65.60400   38.7478  131.4453   22.88100    0.01755
  2.6833   32.98900   65.78100   38.7447  131.4758   23.06800    0.01929
  2.6917   32.83000   65.95900   38.7414  131.5063   23.26200    0.01485
  2.7000   32.67000   66.13600   38.7381  131.5371   23.45800    0.00441
  2.7083   32.51100   66.31300   38.7347  131.5680   23.61200   -0.01406
  2.7167   32.35300   66.49100   38.7310  131.5989   23.76100   -0.03686
  2.7250   32.19400   66.66800   38.7274  131.6301   23.93400   -0.04249
  2.7333   32.03600   66.84600   38.7236  131.6615   24.17900   -0.01256
  2.7417   31.87800   67.02400   38.7197  131.6930   24.51600    0.00951
  2.7500   31.72000   67.20100   38.7157  131.7246   24.65400    0.02323
  2.7583   31.56200   67.37900   38.7116  131.7565   24.85500    0.02055
  2.7667   31.40500   67.55700   38.7074  131.7885   25.10900    0.01984
  2.7750   31.24800   67.73400   38.7031  131.8206   25.26000    0.00556
  2.7833   31.09100   67.91200   38.6987  131.8529   25.39600   -0.02487
  2.7917   30.93400   68.09000   38.6941  131.8855   25.56800   -0.04566
  2.8000   30.77700   68.26800   38.6895  131.9182   25.77500   -0.04394
  2.8083   30.62100   68.44500   38.6848  131.9510   26.03800   -0.03246
  2.8167   30.46500   68.62300   38.6799  131.9839   26.26800   -0.01901
  2.8250   30.30900   68.80100   38.6749  132.0171   26.48500   -0.01837
  2.8333   30.15300   68.97900   38.6698  132.0505   26.67900   -0.00823
  2.8417   29.99700   69.15400   38.6648  132.0841   26.96200   -0.00455
  2.8500   29.84100   69.32900   38.6597  132.1178   27.14700    0.00215
  2.8583   29.68500   69.50400   38.6545  132.1518   27.36100   -0.00880
  2.8667   29.52900   69.68000   38.6491  132.1860   27.55700   -0.01696
  2.8750   29.37400   69.85500   38.6436  132.2202   27.77300   -0.02196
  2.8833   29.21900   70.03000   38.6380  132.2547   28.01900   -0.02175
  2.8917   29.06400   70.20600   38.6323  132.2893   28.24800   -0.01306
  2.9000   28.90900   70.38100   38.6265  132.3242   28.51200   -0.01357
  2.9083   28.75400   70.55700   38.6205  132.3594   28.71000   -0.00959
  2.9167   28.60000   70.73200   38.6144  132.3945   28.97100   -0.02315
  2.9250   28.44500   70.90800   38.6082  132.4301   29.14400   -0.02984
  2.9333   28.29100   71.08300   38.6019  132.4657   29.38700   -0.03660
  2.9417   28.13800   71.25900   38.5953  132.5014   29.65700   -0.03098
  2.9500   27.98400   71.43400   38.5888  132.5374   29.91300   -0.02122
  2.9583   27.83000   71.61000   38.5820  132.5738   30.19100   -0.02544
  2.9667   27.67700   71.78600   38.5751  132.6101   30.39200   -0.03114
  2.9750   27.52400   71.96100   38.5682  132.6467   30.64700   -0.03554
  2.9833   27.37100   72.13700   38.5610  132.6836   30.93900   -0.03702
  2.9917   27.21800   72.31200   38.5538  132.7206   31.17300   -0.03814
  3.0000   27.06600   72.48800   38.5464  132.7578   31.44400   -0.04111
  3.0083   26.91300   72.66100   38.5391  132.7953   31.74400   -0.03508
  3.0167   26.76000   72.83400   38.5316  132.8330   32.03900   -0.03162
  3.0250   26.60700   73.00800   38.5240  132.8711   32.31300   -0.03342
  3.0333   26.45500   73.18100   38.5163  132.9091   32.59100   -0.04086
  3.0417   26.30300   73.35400   38.5084  132.9474   32.86700   -0.04960
  3.0500   26.15100   73.52800   38.5003  132.9860   33.14600   -0.05535
  3.0583   25.99900   73.70100   38.4922  133.0249   33.46200   -0.04110
  3.0667   25.84700   73.87500   38.4838  133.0640   33.87400   -0.03255
  3.0750   25.69500   74.04800   38.4754  133.1033   34.13500   -0.02779
  3.0833   25.54400   74.22200   38.4667  133.1427   34.44700   -0.04665
  3.0917   25.39300   74.39500   38.4580  133.1824   34.73500   -0.04218
  3.1000   25.24200   74.56900   38.4490  133.2224   35.15300   -0.05602
  3.1083   25.09100   74.74200   38.4400  133.2626   35.37100   -0.04972
  3.1167   24.94000   74.91600   38.4307  133.3031   35.80000   -0.06182
  3.1250   24.79000   75.08900   38.4214  133.3436   36.13200   -0.05194
  3.1333   24.63900   75.26300   38.4118  133.3846   36.50400   -0.04870
  3.1417   24.48900   75.43600   38.4022  133.4257   36.91300   -0.05438
  3.1500   24.33900   75.61000   38.3923  133.4671   37.19600   -0.04909
  3.1583   24.18900   75.78300   38.3823  133.5087   37.64300   -0.05026
  3.1667   24.03900   75.95700   38.3721  133.5507   38.01100   -0.02976
  3.1750   23.88900   76.12800   38.3619  133.5929   38.43000   -0.02162
  3.1833   23.73900   76.29900   38.3517  133.6354   38.79400    0.00267
  3.1917   23.58900   76.47100   38.3411  133.6782   39.26200    0.03361
  3.2000   23.44000   76.64200   38.3305  133.7210   39.71600    0.06040
  3.2083   23.29000   76.81400   38.3196  133.7644   40.04900    0.08741
  3.2167   23.14100   76.98500   38.3087  133.8078   40.50700    0.09242
  3.2250   22.99200   77.15700   38.2974  133.8516   40.81700    0.10589
  3.2333   22.84300   77.32800   38.2861  133.8956   41.19900    0.08958
  3.2417   22.69400   77.50000   38.2746  133.9400   41.45900    0.07013
  3.2500   22.54500   77.67100   38.2629  133.9847   41.73800    0.04563
  3.2583   22.39700   77.84300   38.2509  134.0294   42.06800    0.03176
  3.2667   22.24800   78.01400   38.2389  134.0747   42.37900    0.02209
  3.2750   22.10000   78.18600   38.2266  134.1201   42.66400    0.00498
  3.2833   21.95200   78.35700   38.2142  134.1658   42.92200   -0.00185
  3.2917   21.80400   78.52900   38.2014  134.2118   43.27100    0.00865
  3.3000   21.65600   78.70000   38.1886  134.2582   43.63900    0.02256
  3.3083   21.50800   78.87100   38.1757  134.3049   43.90100    0.03333
  3.3167   21.36000   79.04300   38.1624  134.3519   44.21000    0.04038
  3.3250   21.21300   79.21400   38.1490  134.3990   44.54200    0.04495
  3.3333   21.06500   79.38500   38.1354  134.4467   44.77500    0.04707
  3.3417   20.91800   79.55500   38.1217  134.4944   45.06100    0.05273
  3.3500   20.77000   79.72400   38.1079  134.5428   45.40900    0.05446
  3.3583   20.62300   79.89400   38.0937  134.5912   45.61000    0.04217
  3.3667   20.47600   80.06300   38.0795  134.6400   45.79300    0.02600
  3.3750   20.32900   80.23300   38.0650  134.6892   46.10100    0.02066
  3.3833   20.18200   80.40200   38.0503  134.7387   46.35400    0.02087
  3.3917   20.03500   80.57200   38.0354  134.7886   46.56000    0.01661
  3.4000   19.88800   80.74100   38.0203  134.8388   46.82400    0.00585
  3.4083   19.74200   80.91100   38.0048  134.8891   47.02700    0.00487
  3.4167   19.59500   81.08000   37.9893  134.9402   47.29400    0.01078
  3.4250   19.44900   81.25000   37.9734  134.9912   47.60000    0.02255
  3.4333   19.30200   81.41900   37.9574  135.0430   47.83700    0.01568
  3.4417   19.15600   81.58800   37.9411  135.0948   47.97300    0.00124
  3.4500   19.01000   81.75800   37.9245  135.1470   48.23700   -0.02132
  3.4583   18.86400   81.92700   37.9078  135.1996   48.42900   -0.02922
  3.4667   18.71900   82.09600   37.8908  135.2523   48.68100   -0.04239
  3.4750   18.57300   82.26500   37.8736  135.3057   48.91600   -0.03925
  3.4833   18.42700   82.43400   37.8561  135.3595   49.23000   -0.04155
  3.4917   18.28200   82.60300   37.8384  135.4133   49.45200   -0.04824
  3.5000   18.13600   82.77200   37.8204  135.4680   49.66500   -0.05797
  3.5083   17.99100   82.94000   37.8022  135.5227   49.96900   -0.06162
  3.5167   17.84500   83.10700   37.7840  135.5781   50.24100   -0.04592
  3.5250   17.70000   83.27500   37.7653  135.6336   50.60500   -0.03404
  3.5333   17.55500   83.44200   37.7465  135.6896   50.89700   -0.01238
  3.5417   17.41000   83.60900   37.7274  135.7460   51.26000   -0.00558
  3.5500   17.26500   83.77700   37.7079  135.8027   51.53500   -0.01010
  3.5583   17.12000   83.94400   37.6882  135.8600   51.76300   -0.02110
  3.5667   16.97500   84.11100   37.6683  135.9177   52.09300   -0.02324
  3.5750   16.83000   84.27900   37.6479  135.9758   52.44600   -0.01375
  3.5833   16.68600   84.44600   37.6274  136.0340   52.76900   -0.01406
  3.5917   16.54100   84.61300   37.6066  136.0931   53.03500   -0.01963
  3.6000   16.39700   84.78000   37.5855  136.1522   53.35000   -0.02356
  3.6083   16.25300   84.94700   37.5640  136.2117   53.68800   -0.02373
  3.6167   16.10800   85.11400   37.5423  136.2722   53.99300   -0.01274
  3.6250   15.96400   85.28100   37.5203  136.3326   54.40100   -0.00584
  3.6333   15.82000   85.44800   37.4979  136.3936   54.71800    0.00771
  3.6417   15.67600   85.61500   37.4752  136.4550   55.07500    0.01281
  3.6500   15.53200   85.78100   37.4523  136.5170   55.42400    0.00438
  3.6583   15.38800   85.94800   37.4290  136.5794   55.64100   -0.00797
  3.6667   15.24400   86.11400   37.4054  136.6423   55.97100   -0.03245
  3.6750   15.10000   86.28000   37.3815  136.7057   56.23500   -0.03424
  3.6833   14.95700   86.44500   37.3574  136.7691   56.64000   -0.01988
  3.6917   14.81300   86.61000   37.3330  136.8335   57.10800   -0.00007
  3.7000   14.67000   86.77500   37.3082  136.8980   57.42100    0.00970
  3.7083   14.52600   86.94000   37.2830  136.9634   57.74700   -0.00825
  3.7167   14.38300   87.10500   37.2575  137.0289   57.99400   -0.02089
  3.7250   14.23900   87.27000   37.2316  137.0954   58.34300   -0.02720
  3.7333   14.09600   87.43500   37.2053  137.1619   58.72100   -0.02249
  3.7417   13.95300   87.60000   37.1787  137.2290   59.07100   -0.01508
  3.7500   13.81000   87.76400   37.1518  137.2966   59.46300   -0.00486
  3.7583   13.66700   87.92900   37.1244  137.3647   59.88300    0.00398
  3.7667   13.52400   88.09400   37.0966  137.4334   60.22600    0.00282
  3.7750   13.38100   88.25800   37.0686  137.5026   60.52700   -0.00240
  3.7833   13.23800   88.42300   37.0400  137.5724   60.90700   -0.01519
  3.7917   13.09500   88.58700   37.0111  137.6427   61.19100   -0.02674
  3.8000   12.95200   88.75100   36.9818  137.7136   61.51500   -0.02849
  3.8083   12.81000   88.91500   36.9521  137.7846   61.98100   -0.01257
  3.8167   12.66700   89.07900   36.9219  137.8566   62.41000    0.01201
  3.8250   12.52400   89.24300   36.8914  137.9292   62.81200    0.02153
  3.8333   12.38200   89.40700   36.8604  138.0018   63.15500    0.01881
  3.8417   12.23900   89.57000   36.8290  138.0756   63.47300    0.00227
  3.8500   12.09700   89.73200   36.7975  138.1495   63.74800    0.00027
  3.8583   11.95400   89.89500   36.7652  138.2244   64.20700    0.01160
  3.8667   11.81200   90.05700   36.7327  138.2995   64.63600    0.02066
  3.8750   11.67000   90.22000   36.6996  138.3751   64.89400    0.01817
  3.8833   11.52800   90.38200   36.6661  138.4513   65.24800    0.00682
  3.8917   11.38600   90.54500   36.6320  138.5281   65.60201    0.02270
  3.9000   11.24400   90.70700   36.5976  138.6055   66.07600    0.03341
  3.9083   11.10200   90.86900   36.5627  138.6836   66.37500    0.02934
  3.9167   10.96000   91.03100   36.5272  138.7622   66.58200    0.02146
  3.9250   10.81800   91.19300   36.4913  138.8415   67.01300    0.01895
  3.9333   10.67600   91.35500   36.4548  138.9214   67.34700    0.02144
  3.9417   10.53400   91.51600   36.4180  139.0020   67.58400    0.02528
  3.9500   10.39200   91.67800   36.3805  139.0831   68.00900    0.01301
  3.9583   10.25000   91.83900   36.3425  139.1650   68.18800    0.02914
  3.9667   10.10800   92.00100   36.3039  139.2474   68.66800    0.02720
  3.9750    9.96600   92.16200   36.2649  139.3306   68.92800    0.04470
  3.9833    9.82500   92.32300   36.2254  139.4137   69.26300    0.03184
  3.9917    9.68300   92.48400   36.1852  139.4981   69.45100    0.03154
  4.0000    9.54100   92.64500   36.1445  139.5832   69.80500    0.01607
  4.0083    9.40000   92.80500   36.1034  139.6683   69.98800    0.00999
  4.0167    9.25800   92.96400   36.0619  139.7548   70.25100    0.00737
  4.0250    9.11700   93.12400   36.0196  139.8412   70.62800    0.01145
  4.0333    8.97600   93.28400   35.9767  139.9283   70.86300    0.02207
  4.0417    8.83400   93.44300   35.9333  140.0168   71.18501    0.02414
  4.0500    8.69300   93.60300   35.8892  140.1053   71.46400    0.03185
  4.0583    8.55200   93.76200   35.8447  140.1944   71.74900    0.01646
  4.0667    8.41100   93.92200   35.7993  140.2842   71.85900   -0.00204
  4.0750    8.26900   94.08100   35.7533  140.3754   72.12100   -0.02434
  4.0833    8.12800   94.24000   35.7068  140.4666   72.37100   -0.02548
  4.0917    7.98700   94.39900   35.6596  140.5585   72.67500   -0.02187
  4.1000    7.84600   94.55700   35.6119  140.6511   72.97800   -0.01862
  4.1083    7.70500   94.71600   35.5634  140.7443   73.20900   -0.01477
  4.1167    7.56300   94.87400   35.5142  140.8390   73.50800   -0.02692
  4.1250    7.42200   95.03300   35.4642  140.9336   73.66400   -0.01544
  4.1333    7.28100   95.19100   35.4137  141.0290   74.10100    0.01041
  4.1417    7.14000   95.34900   35.3625  141.1250   74.55200    0.02911
  4.1500    6.99900   95.50700   35.3106  141.2218   74.68000    0.03483
  4.1583    6.85700   95.66400   35.2580  141.3200   74.99500    0.02161
  4.1667    6.71600   95.82200   35.2045  141.4182   75.28600    0.01097
  4.1750    6.57600   95.97900   35.1507  141.5163   75.42600   -0.01100
  4.1833    6.43500   96.13500   35.0961  141.6160   75.51600   -0.01051
  4.1917    6.29400   96.29200   35.0406  141.7163   75.95600    0.00000

 21.5000   11.19200 -156.29100   28.7042  122.8168    0.16000    0.00000
 21.5083   11.40000 -156.26401   28.7961  122.8526    0.03200   -0.01308
 21.5167   11.60900 -156.23700   28.8870  122.8882    0.00000   -0.00865
 21.5250   11.81800 -156.20900   28.9767  122.9231    0.20700   -0.00118
 21.5333   12.02700 -156.18100   29.0650  122.9577    0.07000    0.01226
 21.5417   12.23700 -156.15100   29.1525  122.9916    0.09700   -0.00903
 21.5500   12.44600 -156.12199   29.2382  123.0251    0.03900   -0.01035
 21.5583   12.65600 -156.09100   29.3232  123.0581    0.10500   -0.03016
 21.5667   12.86600 -156.06000   29.4069  123.0907    0.02900   -0.03728
 21.5750   13.07700 -156.02901   29.4897  123.1230    0.12300   -0.05908
 21.5833   13.28700 -155.99699   29.5710  123.1547    0.10500   -0.05387
 21.5917   13.49800 -155.96400   29.6515  123.1859    0.17200   -0.06371
 21.6000   13.70900 -155.93100   29.7308  123.2168    0.16400   -0.04524
 21.6083   13.92100 -155.89700   29.8094  123.2473    0.37800   -0.03128
 21.6167   14.13200 -155.86200   29.8865  123.2771    0.41400   -0.02579
 21.6250   14.34400 -155.82700   29.9628  123.3068    0.33600   -0.00304
 21.6333   14.55600 -155.79100   30.0380  123.3359    0.69500    0.02507
 21.6417   14.76800 -155.75500   30.1121  123.3647    0.76900    0.05653
 21.6500   14.98000 -155.71899   30.1852  123.3931    0.72600    0.05109
 21.6583   15.19300 -155.68100   30.2576  123.4211    0.79600    0.03897
 21.6667   15.40600 -155.64301   30.3289  123.4487    0.82000    0.03315
 21.6750   15.61900 -155.60600   30.3992  123.4762    0.82100    0.02933
 21.6833   15.83300 -155.56900   30.4687  123.5034    0.90900    0.03307
 21.6917   16.04700 -155.53000   30.5374  123.5301    0.98500    0.02512
 21.7000   16.26200 -155.49100   30.6053  123.5566    0.89200    0.00751
 21.7083   16.47600 -155.45200   30.6720  123.5826    0.91200   -0.01072
 21.7167   16.69100 -155.41200   30.7381  123.6084    0.97900   -0.00805
 21.7250   16.90600 -155.37100   30.8032  123.6337    1.03900   -0.01081
 21.7333   17.12100 -155.33000   30.8675  123.6587    1.00900   -0.02408
 21.7417   17.33700 -155.28799   30.9311  123.6834    1.00200   -0.03632
 21.7500   17.55200 -155.24600   30.9936  123.7077    1.07600   -0.04275
 21.7583   17.76800 -155.20300   31.0555  123.7318    1.09300   -0.03988
 21.7667   17.98400 -155.15900   31.1166  123.7554    1.16400   -0.04064
 21.7750   18.20000 -155.11501   31.1768  123.7788    1.21700   -0.02814
 21.7833   18.41700 -155.07001   31.2365  123.8019    1.33800   -0.02259
 21.7917   18.63300 -155.02499   31.2951  123.8246    1.37000   -0.00800
 21.8000   18.85000 -154.97900   31.3532  123.8471    1.49900   -0.00478
 21.8083   19.06700 -154.93201   31.4105  123.8692    1.54500   -0.01002
 21.8167   19.28500 -154.88499   31.4673  123.8912    1.52600   -0.01726
 21.8250   19.50200 -154.83701   31.5231  123.9127    1.65200   -0.02405
 21.8333   19.72000 -154.78900   31.5784  123.9340    1.71300   -0.01147
 21.8417   19.93800 -154.74200   31.6329  123.9553    1.83600   -0.00590
 21.8500   20.15700 -154.69299   31.6869  123.9762    1.91700   -0.00362
 21.8583   20.37600 -154.64500   31.7402  123.9970    1.96100   -0.00468
 21.8667   20.59500 -154.59500   31.7929  124.0174    2.05600   -0.00332
 21.8750   20.81400 -154.54500   31.8448  124.0375    2.15200    0.00216
 21.8833   21.03400 -154.49400   31.8963  124.0574    2.22000    0.00726
 21.8917   21.25300 -154.44299   31.9470  124.0770    2.30900    0.00783
 21.9000   21.47300 -154.39101   31.9972  124.0964    2.37400    0.01362
 21.9083   21.69300 -154.33900   32.0467  124.1156    2.47200    0.01844
 21.9167   21.91400 -154.28600   32.0958  124.1346    2.55900    0.02111
 21.9250   22.13400 -154.23199   32.1442  124.1532    2.60800    0.02612
 21.9333   22.35500 -154.17799   32.1921  124.1717    2.72100    0.01440
 21.9417   22.57600 -154.12300   32.2394  124.1899    2.70300    0.00813
 21.9500   22.79700 -154.06799   32.2861  124.2080    2.78900    0.00804
 21.9583   23.01800 -154.01199   32.3322  124.2257    2.94100   -0.00260
 21.9667   23.24000 -153.95500   32.3780  124.2433    2.85100   -0.01449
 21.9750   23.46100 -153.89799   32.4231  124.2606    2.93000   -0.03726
 21.9833   23.68300 -153.84000   32.4677  124.2777    3.01600   -0.03062
 21.9917   23.90500 -153.78200   32.5118  124.2947    3.10800   -0.02007
 22.0000   24.12700 -153.72301   32.5554  124.3114    3.20800   -0.01078
 22.0083   24.35000 -153.66400   32.5987  124.3280    3.28300    0.00301
 22.0167   24.57300 -153.60500   32.6414  124.3445    3.40200    0.00875
 22.0250   24.79700 -153.54500   32.6838  124.3609    3.45500    0.01111
 22.0333   25.02000 -153.48500   32.7254  124.3769    3.50900    0.00136
 22.0417   25.24400 -153.42400   32.7668  124.3929    3.55300    0.00903
 22.0500   25.46800 -153.36200   32.8077  124.4086    3.71000    0.01366
 22.0583   25.69200 -153.30000   32.8481  124.4241    3.74700    0.01563
 22.0667   25.91600 -153.23700   32.8881  124.4395    3.77600    0.01508
 22.0750   26.14100 -153.17300   32.9278  124.4547    3.91100    0.01280
 22.0833   26.36500 -153.10899   32.9668  124.4696    3.93100    0.02422
 22.0917   26.59000 -153.04401   33.0056  124.4845    4.03100    0.02685
 22.1000   26.81500 -152.97900   33.0439  124.4992    4.10500    0.02763
 22.1083   27.04000 -152.91299   33.0818  124.5137    4.10600    0.02934
 22.1167   27.26600 -152.84599   33.1194  124.5280    4.20700    0.02546
 22.1250   27.49100 -152.77901   33.1565  124.5422    4.24600    0.02817
 22.1333   27.71700 -152.71100   33.1933  124.5563    4.27600    0.01793
 22.1417   27.94300 -152.64301   33.2296  124.5702    4.29900    0.01432
 22.1500   28.16900 -152.57401   33.2656  124.5839    4.36900    0.01539
 22.1583   28.39500 -152.50400   33.3012  124.5975    4.42200    0.00940
 22.1667   28.62100 -152.43401   33.3364  124.6109    4.40200    0.00590
 22.1750   28.84800 -152.36400   33.3714  124.6244    4.48100   -0.00078
 22.1833   29.07500 -152.29300   33.4060  124.6376    4.51300    0.00297
 22.1917   29.30300 -152.22099   33.4404  124.6507    4.54600   -0.00257
 22.2000   29.53000 -152.14900   33.4742  124.6637    4.57200   -0.00697
 22.2083   29.75800 -152.07600   33.5079  124.6765    4.60800   -0.00267
 22.2167   29.98600 -152.00301   33.5411  124.6893    4.68600   -0.00670
 22.2250   30.21400 -151.92799   33.5741  124.7018    4.66900   -0.00294
 22.2333   30.44200 -151.85400   33.6067  124.7143    4.74800   -0.00465
 22.2417   30.67100 -151.77800   33.6391  124.7267    4.79600    0.00284
 22.2500   30.89900 -151.70200   33.6710  124.7389    4.82800    0.00325
 22.2583   31.12800 -151.62500   33.7028  124.7510    4.87000   -0.00187
 22.2667   31.35700 -151.54800   33.7342  124.7630    4.89200   -0.00056
 22.2750   31.58600 -151.47000   33.7653  124.7748    4.95700   -0.00660
 22.2833   31.81500 -151.39101   33.7961  124.7865    4.96400   -0.00503
 22.2917   32.04400 -151.31100   33.8266  124.7981    5.02600   -0.00534
 22.3000   32.27400 -151.23100   33.8569  124.8097    5.08200   -0.00159
 22.3083   32.50300 -151.15100   33.8867  124.8211    5.11300   -0.00218
 22.3167   32.73300 -151.06900   33.9165  124.8324    5.15500   -0.00639
 22.3250   32.96300 -150.98801   33.9459  124.8437    5.19500   -0.00884
 22.3333   33.19200 -150.90500   33.9749  124.8547    5.23400   -0.00715
 22.3417   33.42300 -150.82201   34.0039  124.8658    5.29900   -0.00898
 22.3500   33.65400 -150.73801   34.0326  124.8767    5.32800   -0.00877
 22.3583   33.88500 -150.65401   34.0611  124.8876    5.38200   -0.01855
 22.3667   34.11600 -150.56900   34.0892  124.8984    5.40600   -0.01990
 22.3750   34.34800 -150.48300   34.1172  124.9091    5.48000   -0.02058
 22.3833   34.57900 -150.39700   34.1449  124.9197    5.54400   -0.01855
 22.3917   34.81100 -150.30901   34.1724  124.9302    5.58600   -0.02381
 22.4000   35.04200 -150.22099   34.1995  124.9405    5.63200   -0.03302
 22.4083   35.27400 -150.13300   34.2265  124.9509    5.68300   -0.03810
 22.4167   35.50600 -150.04300   34.2533  124.9610    5.75100   -0.03247
 22.4250   35.73800 -149.95300   34.2798  124.9712    5.85300   -0.02865
 22.4333   35.97000 -149.86301   34.3060  124.9813    5.90300   -0.02000
 22.4417   36.20300 -149.77100   34.3322  124.9913    6.00100   -0.02472
 22.4500   36.43500 -149.67900   34.3580  125.0012    6.04900   -0.01949
 22.4583   36.66700 -149.58600   34.3836  125.0109    6.15400   -0.01837
 22.4667   36.90000 -149.49200   34.4091  125.0207    6.24200   -0.01319
 22.4750   37.13300 -149.39799   34.4343  125.0304    6.31800   -0.02031
 22.4833   37.36600 -149.30299   34.4593  125.0400    6.37600   -0.02702
 22.4917   37.59900 -149.20700   34.4841  125.0495    6.47400   -0.03513
 22.5000   37.83200 -149.11099   34.5087  125.0589    6.55200   -0.03375
 22.5083   38.06500 -149.01401   34.5331  125.0683    6.65700   -0.03162
 22.5167   38.29900 -148.91600   34.5574  125.0777    6.76200   -0.03022
 22.5250   38.53300 -148.81700   34.5815  125.0869    6.83500   -0.02336
 22.5333   38.76700 -148.71700   34.6054  125.0961    6.96500   -0.00809
 22.5417   39.00200 -148.61700   34.6292  125.1053    7.10200    0.01228
 22.5500   39.23600 -148.51500   34.6527  125.1143    7.19000    0.03199
 22.5583   39.47000 -148.41299   34.6760  125.1233    7.30900    0.04090
 22.5667   39.70500 -148.31000   34.6992  125.1323    7.39000    0.05834
 22.5750   39.94000 -148.20700   34.7222  125.1412    7.51000    0.06965
 22.5833   40.17400 -148.10201   34.7449  125.1500    7.59300    0.08430
 22.5917   40.40900 -147.99699   34.7676  125.1588    7.68000    0.08527
 22.6000   40.64400 -147.89101   34.7901  125.1675    7.72900    0.08585
 22.6083   40.87900 -147.78400   34.8124  125.1762    7.79700    0.07700
 22.6167   41.11400 -147.67599   34.8345  125.1847    7.82600    0.06236
 22.6250   41.34900 -147.56799   34.8565  125.1933    7.83200    0.05786
 22.6333   41.58400 -147.45900   34.8783  125.2018    7.92600    0.04641
 22.6417   41.81900 -147.34801   34.8999  125.2102    7.90900    0.04892
 22.6500   42.05500 -147.23801   34.9214  125.2187    7.96200    0.04193
 22.6583   42.29000 -147.12601   34.9427  125.2270    8.00000    0.04914
 22.6667   42.52600 -147.01300   34.9640  125.2353    8.03200    0.04948
 22.6750   42.76200 -146.89900   34.9850  125.2435    8.04700    0.03759
 22.6833   42.99800 -146.78400   35.0060  125.2517    8.03100    0.01431
 22.6917   43.23400 -146.66901   35.0267  125.2599    8.01500   -0.00727
 22.7000   43.47100 -146.55200   35.0474  125.2680    8.03900   -0.02644
 22.7083   43.70700 -146.43401   35.0679  125.2761    8.04100   -0.04135
 22.7167   43.94400 -146.31599   35.0883  125.2841    8.04900   -0.05719
 22.7250   44.18000 -146.19600   35.1085  125.2921    8.07900   -0.07832
 22.7333   44.41700 -146.07600   35.1286  125.3001    8.06700   -0.09302
 22.7417   44.65300 -145.95399   35.1485  125.3079    8.11600   -0.09765
 22.7500   44.89000 -145.83200   35.1683  125.3158    8.20300   -0.09584
 22.7583   45.12700 -145.70900   35.1880  125.3237    8.23700   -0.09423
 22.7667   45.36400 -145.58400   35.2076  125.3314    8.30800   -0.10360
 22.7750   45.60000 -145.45900   35.2269  125.3392    8.37200   -0.09926
 22.7833   45.83700 -145.33299   35.2462  125.3469    8.47900   -0.09917
 22.7917   46.07400 -145.20599   35.2654  125.3546    8.54600   -0.09596
 22.8000   46.31100 -145.07700   35.2845  125.3622    8.63400   -0.09385
 22.8083   46.54800 -144.94800   35.3034  125.3698    8.74800   -0.07678
 22.8167   46.78500 -144.81799   35.3222  125.3774    8.88600   -0.04208
 22.8250   47.02200 -144.68700   35.3408  125.3850    9.05000    0.00373
 22.8333   47.25900 -144.55499   35.3594  125.3925    9.20700    0.05276
 22.8417   47.49700 -144.42101   35.3779  125.4000    9.35100    0.08508
 22.8500   47.73500 -144.28600   35.3963  125.4075    9.44100    0.10211
 22.8583   47.97200 -144.14900   35.4145  125.4149    9.53200    0.10451
 22.8667   48.21000 -144.01199   35.4326  125.4223    9.61100    0.10750
 22.8750   48.44800 -143.87300   35.4507  125.4297    9.69400    0.11487
 22.8833   48.68500 -143.73300   35.4686  125.4370    9.79100    0.12221
 22.8917   48.92300 -143.59200   35.4864  125.4443    9.85600    0.11978
 22.9000   49.16100 -143.45000   35.5041  125.4516    9.88500    0.10618
 22.9083   49.39900 -143.30600   35.5217  125.4589    9.91600    0.08389
 22.9167   49.63600 -143.16200   35.5392  125.4661    9.92100    0.06628
 22.9250   49.87400 -143.01601   35.5566  125.4733    9.94100    0.05818
 22.9333   50.11200 -142.86900   35.5739  125.4805    9.98400    0.06325
 22.9417   50.35000 -142.72099   35.5911  125.4877   10.02000    0.06376
 22.9500   50.58700 -142.57100   35.6081  125.4948   10.00400    0.06649
 22.9583   50.82500 -142.42101   35.6251  125.5020   10.03800    0.06217
 22.9667   51.06300 -142.26900   35.6420  125.5091   10.02800    0.06926
 22.9750   51.30000 -142.11600   35.6588  125.5162   10.03700    0.06547
 22.9833   51.53800 -141.96201   35.6755  125.5233   10.01400    0.05586
 22.9917   51.77600 -141.80600   35.6921  125.5303    9.97200    0.04842
 23.0000   52.01300 -141.64900   35.7085  125.5374    9.98200    0.03628
 23.0083   52.25100 -141.48900   35.7250  125.5444    9.93700    0.03588
 23.0167   52.48900 -141.32800   35.7414  125.5513    9.93300    0.02249
 23.0250   52.72700 -141.16499   35.7576  125.5583    9.88800    0.01474
 23.0333   52.96500 -141.00101   35.7738  125.5653    9.86000   -0.00043
 23.0417   53.20300 -140.83501   35.7899  125.5722    9.82300   -0.01140
 23.0500   53.44100 -140.66800   35.8059  125.5792    9.79200   -0.02653
 23.0583   53.67800 -140.49899   35.8218  125.5860    9.74500   -0.02983
 23.0667   53.91600 -140.32800   35.8377  125.5929    9.75000   -0.03307
 23.0750   54.15400 -140.15700   35.8535  125.5999    9.71900   -0.02529
 23.0833   54.39100 -139.98300   35.8691  125.6067    9.71100   -0.01877
 23.0917   54.62900 -139.80800   35.8847  125.6136    9.71000   -0.00934
 23.1000   54.86600 -139.63100   35.9002  125.6204    9.68300    0.00837
 23.1083   55.10300 -139.45300   35.9156  125.6272    9.69800    0.01600
 23.1167   55.34100 -139.27299   35.9310  125.6341    9.65100    0.03612
 23.1250   55.57800 -139.09200   35.9462  125.6409    9.65900    0.05321
 23.1333   55.81500 -138.90900   35.9614  125.6478    9.65500    0.07023
 23.1417   56.05200 -138.72400   35.9764  125.6546    9.60100    0.08705
 23.1500   56.28900 -138.53700   35.9915  125.6614    9.59800    0.10400
 23.1583   56.52600 -138.34900   36.0064  125.6682    9.58200    0.11612
 23.1667   56.76200 -138.15900   36.0212  125.6750    9.49900    0.11519
 23.1750   56.99900 -137.96400   36.0361  125.6817    9.43900    0.10097
 23.1833   57.23600 -137.76801   36.0509  125.6885    9.36300    0.08053
 23.1917   57.47300 -137.56900   36.0656  125.6952    9.24000    0.05660
 23.2000   57.70900 -137.36900   36.0802  125.7019    9.14900    0.05156
 23.2083   57.94600 -137.16600   36.0948  125.7087    9.11800    0.05449
 23.2167   58.18200 -136.96201   36.1092  125.7154    9.00200    0.05533
 23.2250   58.41800 -136.75500   36.1236  125.7221    8.88600    0.04820
 23.2333   58.65400 -136.54601   36.1380  125.7288    8.81400    0.05697
 23.2417   58.89000 -136.33501   36.1523  125.7356    8.74600    0.06923
 23.2500   59.12500 -136.12199   36.1664  125.7423    8.64000    0.06885
 23.2583   59.36100 -135.90601   36.1806  125.7490    8.52400    0.04658
 23.2667   59.59600 -135.68800   36.1946  125.7557    8.38300    0.00551
 23.2750   59.83200 -135.46800   36.2087  125.7624    8.21700   -0.03893
 23.2833   60.06700 -135.24600   36.2226  125.7692    8.09600   -0.08671
 23.2917   60.30100 -135.02100   36.2364  125.7758    7.94400   -0.11847
 23.3000   60.53600 -134.79401   36.2502  125.7826    7.83100   -0.12886
 23.3083   60.77100 -134.56400   36.2640  125.7893    7.78000   -0.10682
 23.3167   61.00500 -134.33200   36.2776  125.7961    7.73700   -0.06262
 23.3250   61.23900 -134.09700   36.2912  125.8028    7.69300   -0.02406
 23.3333   61.47300 -133.85899   36.3048  125.8095    7.61500    0.01262
 23.3417   61.70600 -133.61600   36.3183  125.8162    7.55900    0.04842
 23.3500   61.94000 -133.36900   36.3318  125.8229    7.51100    0.08404
 23.3583   62.17300 -133.11900   36.3452  125.8296    7.43800    0.09536
 23.3667   62.40600 -132.86700   36.3586  125.8363    7.31000    0.09481
 23.3750   62.63900 -132.61099   36.3719  125.8430    7.23000    0.08106
 23.3833   62.87200 -132.35201   36.3851  125.8497    7.11700    0.06646
 23.3917   63.10400 -132.09000   36.3983  125.8564    6.98500    0.04130
 23.4000   63.33600 -131.82500   36.4114  125.8631    6.86600    0.01162
 23.4083   63.56700 -131.55701   36.4245  125.8698    6.73100   -0.02363
 23.4167   63.79900 -131.28500   36.4375  125.8766    6.57900   -0.04900
 23.4250   64.03000 -131.00999   36.4505  125.8833    6.49200   -0.05428
 23.4333   64.26100 -130.73100   36.4634  125.8901    6.42300   -0.03755
 23.4417   64.49100 -130.44800   36.4762  125.8968    6.34000   -0.03680
 23.4500   64.72100 -130.16200   36.4890  125.9036    6.20100   -0.04168
 23.4583   64.95100 -129.87300   36.5017  125.9104    6.11500   -0.05828
 23.4667   65.18100 -129.57899   36.5144  125.9172    5.99800   -0.05833
 23.4750   65.41000 -129.28200   36.5270  125.9240    5.91700   -0.05800
 23.4833   65.63900 -128.98000   36.5396  125.9308    5.83800   -0.03620
 23.4917   65.86700 -128.67500   36.5521  125.9376    5.79700   -0.01515
 23.5000   66.09500 -128.36501   36.5645  125.9445    5.71800    0.00636
 23.5083   66.32200 -128.04601   36.5770  125.9512    5.64400    0.01123
 23.5167   66.54900 -127.72300   36.5894  125.9580    5.55100    0.01947
 23.5250   66.77600 -127.39500   36.6018  125.9648    5.48400    0.02106
 23.5333   67.00200 -127.06100   36.6141  125.9716    5.39200    0.02627
 23.5417   67.22800 -126.72300   36.6264  125.9785    5.31300    0.02502
 23.5500   67.45300 -126.38000   36.6386  125.9853    5.22800    0.02375
 23.5583   67.67800 -126.03200   36.6507  125.9922    5.13800    0.01445
 23.5667   67.90200 -125.67900   36.6629  125.9990    5.03900   -0.00981
 23.5750   68.12600 -125.32000   36.6749  126.0059    4.91100   -0.03145
 23.5833   68.34900 -124.95500   36.6870  126.0128    4.83500   -0.04256
 23.5917   68.57100 -124.58500   36.6989  126.0197    4.77400   -0.04114
 23.6000   68.79400 -124.20900   36.7109  126.0267    4.69300   -0.04297
 23.6083   69.01500 -123.82700   36.7227  126.0336    4.61300   -0.06024
 23.6167   69.23600 -123.43900   36.7345  126.0406    4.51000   -0.08703
 23.6250   69.45600 -123.04500   36.7463  126.0475    4.40600   -0.10303
 23.6333   69.67600 -122.64400   36.7581  126.0546    4.36800   -0.09654
 23.6417   69.89500 -122.23700   36.7697  126.0616    4.34400   -0.07340
 23.6500   70.11300 -121.82200   36.7814  126.0686    4.30000   -0.05001
 23.6583   70.33100 -121.40100   36.7930  126.0757    4.27100   -0.03585
 23.6667   70.54800 -120.97300   36.8045  126.0828    4.22700   -0.02405
 23.6750   70.76400 -120.53000   36.8161  126.0898    4.18300   -0.01232
 23.6833   70.97800 -120.08000   36.8276  126.0968    4.15900   -0.00258
 23.6917   71.19300 -119.62100   36.8391  126.1038    4.11300    0.00898
 23.7000   71.40600 -119.15400   36.8505  126.1109    4.08200    0.01320
 23.7083   71.61800 -118.67800   36.8619  126.1179    4.04400    0.01536
 23.7167   71.83000 -118.19400   36.8733  126.1251    3.99900    0.00866
 23.7250   72.04000 -117.70100   36.8846  126.1322    3.94400   -0.00441
 23.7333   72.25000 -117.19800   36.8958  126.1393    3.88700   -0.00749
 23.7417   72.45900 -116.68600   36.9071  126.1465    3.87500   -0.01055
 23.7500   72.66600 -116.16400   36.9182  126.1537    3.82300   -0.01356
 23.7583   72.87300 -115.63200   36.9294  126.1609    3.77000   -0.02465
 23.7667   73.07900 -115.08900   36.9405  126.1682    3.73600   -0.03249
 23.7750   73.28300 -114.53600   36.9515  126.1754    3.69800   -0.03704
 23.7833   73.48700 -113.97200   36.9626  126.1827    3.65800   -0.03870
 23.7917   73.68900 -113.39600   36.9735  126.1900    3.63400   -0.03781
 23.8000   73.89000 -112.80900   36.9845  126.1973    3.60500   -0.03593
 23.8083   74.08900 -112.20900   36.9953  126.2047    3.57000   -0.02870
 23.8167   74.28800 -111.59800   37.0062  126.2121    3.56700   -0.01983
 23.8250   74.48500 -110.97400   37.0170  126.2195    3.54400   -0.00612
 23.8333   74.68100 -110.33700   37.0277  126.2270    3.52500    0.00586
 23.8417   74.87400 -109.67700   37.0385  126.2343    3.51700    0.01984
 23.8500   75.06500 -109.00300   37.0493  126.2416    3.50200    0.03146
 23.8583   75.25500 -108.31400   37.0600  126.2491    3.47500    0.02794
 23.8667   75.44400 -107.61000   37.0707  126.2565    3.42000    0.02526
 23.8750   75.63000 -106.89100   37.0814  126.2639    3.40800    0.01991
 23.8833   75.81500 -106.15600   37.0920  126.2714    3.37400    0.02304
 23.8917   75.99800 -105.40500   37.1025  126.2790    3.34600    0.01618
 23.9000   76.17900 -104.63700   37.1131  126.2865    3.30200    0.01112
 23.9083   76.35800 -103.85200   37.1236  126.2941    3.27300    0.00362
 23.9167   76.53600 -103.04900   37.1340  126.3017    3.23700   -0.00274
 23.9250   76.71100 -102.22800   37.1444  126.3093    3.19800   -0.01626
 23.9333   76.88300 -101.38900   37.1548  126.3169    3.13700   -0.02211
 23.9417   77.05400 -100.53000   37.1652  126.3247    3.12200   -0.02066
 23.9500   77.22200  -99.65300   37.1754  126.3324    3.10400   -0.01120
 23.9583   77.38800  -98.75500   37.1857  126.3401    3.06700   -0.00366
 23.9667   77.55100  -97.83700   37.1959  126.3479    3.04900   -0.00629
 23.9750   77.71100  -96.89800   37.2061  126.3557    3.01500   -0.00659
 23.9833   77.86900  -95.93900   37.2163  126.3635    2.99500   -0.00359
 23.9917   78.02400  -94.95700   37.2264  126.3714    2.99400    0.00000
