hmax        =    300
wind_bottom =      2
wind_top    =     10
critlon     =      0
tbeg, h     =   0.00
tend, h     =  24.00
c_ionex     =      0
c_vert      =      1
time, gamma, az, latp, lonp, tec, tec_filtered
 16.3000   11.23200 -173.31599   28.0746  125.8386   21.81300    0.00000
 16.3083   11.43800 -173.35400   28.1693  125.8568   21.68800   -0.00219
 16.3167   11.64500 -173.39200   28.2630  125.8748   21.45200    0.00646
 16.3250   11.85200 -173.42900   28.3554  125.8924   21.38300   -0.00073
 16.3333   12.05900 -173.46600   28.4464  125.9097   21.12200    0.00471
 16.3417   12.26600 -173.50400   28.5361  125.9269   20.96400    0.00305
 16.3500   12.47400 -173.54201   28.6249  125.9439   20.82500    0.01442
 16.3583   12.68300 -173.57899   28.7129  125.9606   20.70100    0.00134
 16.3667   12.89100 -173.61600   28.7991  125.9769   20.34800   -0.01642
 16.3750   13.10000 -173.65300   28.8845  125.9930   20.20000   -0.03300
 16.3833   13.31000 -173.68900   28.9691  126.0088   20.11800   -0.03213
 16.3917   13.52000 -173.72400   29.0525  126.0242   19.89200   -0.02910
 16.4000   13.73000 -173.75999   29.1346  126.0395   19.77200   -0.03413
 16.4083   13.94100 -173.79500   29.2160  126.0544   19.62600   -0.03988
 16.4167   14.15200 -173.82899   29.2962  126.0690   19.40400   -0.04458
 16.4250   14.36300 -173.86301   29.3752  126.0834   19.29900   -0.03951
 16.4333   14.57500 -173.89700   29.4535  126.0975   19.23700   -0.02269
 16.4417   14.78700 -173.93100   29.5306  126.1115   19.10600   -0.01192
 16.4500   14.99900 -173.96400   29.6066  126.1251   18.95900   -0.00409
 16.4583   15.21200 -173.99600   29.6819  126.1384   18.88500    0.00430
 16.4667   15.42500 -174.02901   29.7561  126.1517   18.76800    0.01960
 16.4750   15.63800 -174.06100   29.8293  126.1646   18.67600    0.01781
 16.4833   15.85200 -174.09200   29.9017  126.1772   18.47500    0.01723
 16.4917   16.06600 -174.12399   29.9732  126.1897   18.37700    0.01802
 16.5000   16.28100 -174.15500   30.0439  126.2020   18.30600    0.00839
 16.5083   16.49600 -174.18700   30.1136  126.2142   18.03900   -0.00247
 16.5167   16.71100 -174.21899   30.1823  126.2263   17.93800   -0.01998
 16.5250   16.92600 -174.25000   30.2501  126.2380   17.81800   -0.02595
 16.5333   17.14200 -174.28101   30.3172  126.2496   17.63900   -0.03059
 16.5417   17.35900 -174.31200   30.3837  126.2611   17.55200   -0.03864
 16.5500   17.57600 -174.34200   30.4493  126.2722   17.41100   -0.03646
 16.5583   17.79300 -174.37199   30.5140  126.2832   17.30600   -0.03155
 16.5667   18.01000 -174.40199   30.5777  126.2941   17.24200   -0.02414
 16.5750   18.22800 -174.43100   30.6409  126.3046   17.12500   -0.01043
 16.5833   18.44600 -174.46001   30.7031  126.3150   17.06700   -0.00440
 16.5917   18.66400 -174.48900   30.7646  126.3253   16.95500   -0.00272
 16.6000   18.88300 -174.51801   30.8254  126.3355   16.81500   -0.00334
 16.6083   19.10200 -174.54601   30.8854  126.3453   16.75300    0.00024
 16.6167   19.32200 -174.57300   30.9449  126.3550   16.67400    0.00551
 16.6250   19.54100 -174.60100   31.0033  126.3646   16.54300    0.00590
 16.6333   19.76200 -174.62801   31.0615  126.3740   16.45300   -0.00070
 16.6417   19.98200 -174.65500   31.1186  126.3832   16.33100    0.00275
 16.6500   20.20300 -174.68201   31.1751  126.3923   16.27600   -0.00186
 16.6583   20.42400 -174.70799   31.2310  126.4012   16.13400   -0.00237
 16.6667   20.64500 -174.73399   31.2860  126.4100   16.04000   -0.00242
 16.6750   20.86700 -174.76100   31.3406  126.4187   15.99000    0.00233
 16.6833   21.08900 -174.78799   31.3945  126.4274   15.88000   -0.00495
 16.6917   21.31200 -174.81400   31.4479  126.4358   15.70900   -0.02710
 16.7000   21.53500 -174.84100   31.5005  126.4442   15.55900   -0.02832
 16.7083   21.75800 -174.86600   31.5525  126.4523   15.58800   -0.02194
 16.7167   21.98200 -174.89200   31.6040  126.4604   15.46700   -0.00644
 16.7250   22.20500 -174.91701   31.6547  126.4683   15.38500   -0.00067
 16.7333   22.43000 -174.94200   31.7051  126.4761   15.35400    0.00352
 16.7417   22.65400 -174.96700   31.7547  126.4838   15.23000    0.00499
 16.7500   22.87900 -174.99200   31.8038  126.4914   15.13300   -0.00301
 16.7583   23.10400 -175.01601   31.8523  126.4987   15.04600   -0.00334
 16.7667   23.33000 -175.03999   31.9004  126.5060   14.97200   -0.01712
 16.7750   23.55600 -175.06400   31.9479  126.5132   14.79700   -0.02030
 16.7833   23.78200 -175.08701   31.9948  126.5202   14.78500   -0.02829
 16.7917   24.00800 -175.11000   32.0412  126.5271   14.68200   -0.01552
 16.8000   24.23500 -175.13300   32.0871  126.5339   14.63600   -0.00744
 16.8083   24.46200 -175.15601   32.1324  126.5407   14.58800    0.00400
 16.8167   24.68900 -175.17900   32.1772  126.5473   14.50500    0.00521
 16.8250   24.91700 -175.20100   32.2217  126.5538   14.39400    0.01096
 16.8333   25.14500 -175.22301   32.2656  126.5602   14.37600    0.01292
 16.8417   25.37400 -175.24600   32.3091  126.5666   14.27600    0.01594
 16.8500   25.60200 -175.26900   32.3519  126.5729   14.17400    0.00910
 16.8583   25.83200 -175.29100   32.3946  126.5791   14.10300    0.00082
 16.8667   26.06100 -175.31400   32.4366  126.5853   13.99300    0.00213
 16.8750   26.29100 -175.33600   32.4782  126.5913   13.95100   -0.00847
 16.8833   26.52100 -175.35800   32.5194  126.5972   13.80600   -0.00775
 16.8917   26.75100 -175.37900   32.5600  126.6029   13.76200   -0.01589
 16.9000   26.98200 -175.40100   32.6004  126.6087   13.66700   -0.00987
 16.9083   27.21300 -175.42200   32.6403  126.6144   13.60700   -0.00285
 16.9167   27.44400 -175.44299   32.6797  126.6199   13.56900    0.00155
 16.9250   27.67600 -175.46400   32.7188  126.6254   13.46200    0.00089
 16.9333   27.90800 -175.48500   32.7574  126.6308   13.37400   -0.01240
 16.9417   28.14000 -175.50500   32.7957  126.6361   13.27100   -0.01377
 16.9500   28.37200 -175.52499   32.8334  126.6413   13.23700   -0.02093
 16.9583   28.60500 -175.54601   32.8709  126.6465   13.12300   -0.02027
 16.9667   28.83800 -175.56599   32.9080  126.6516   13.07200   -0.02330
 16.9750   29.07100 -175.58501   32.9447  126.6566   13.02200   -0.01955
 16.9833   29.30500 -175.60500   32.9811  126.6615   12.94900   -0.02068
 16.9917   29.53900 -175.62500   33.0171  126.6664   12.87400   -0.01624
 17.0000   29.77300 -175.64400   33.0527  126.6712   12.85400   -0.01976
 17.0083   30.00800 -175.66400   33.0880  126.6760   12.74200   -0.01586
 17.0167   30.24300 -175.68401   33.1230  126.6807   12.70800   -0.01374
 17.0250   30.47800 -175.70399   33.1575  126.6854   12.68200    0.00061
 17.0333   30.71400 -175.72400   33.1919  126.6901   12.63400    0.00954
 17.0417   30.94900 -175.74300   33.2257  126.6945   12.57200    0.01598
 17.0500   31.18600 -175.76300   33.2594  126.6991   12.53200    0.01130
 17.0583   31.42200 -175.78200   33.2927  126.7035   12.42500    0.01871
 17.0667   31.65900 -175.80099   33.3257  126.7078   12.42200    0.01755
 17.0750   31.89600 -175.82001   33.3584  126.7121   12.33900    0.02901
 17.0833   32.13300 -175.83900   33.3907  126.7164   12.29400    0.02464
 17.0917   32.37100 -175.85800   33.4228  126.7206   12.21200    0.01776
 17.1000   32.60800 -175.87700   33.4545  126.7247   12.11100    0.00959
 17.1083   32.84700 -175.89500   33.4860  126.7288   12.06000    0.00387
 17.1167   33.08500 -175.91400   33.5172  126.7328   11.98400    0.00287
 17.1250   33.32300 -175.93201   33.5480  126.7367   11.90300   -0.00179
 17.1333   33.56200 -175.95100   33.5786  126.7407   11.83000   -0.00990
 17.1417   33.80100 -175.96899   33.6089  126.7446   11.73700   -0.00241
 17.1500   34.04000 -175.98801   33.6389  126.7484   11.73300   -0.00504
 17.1583   34.28000 -176.00600   33.6687  126.7522   11.61100    0.00372
 17.1667   34.52000 -176.02400   33.6983  126.7559   11.57300   -0.00948
 17.1750   34.76000 -176.04300   33.7275  126.7597   11.46300   -0.00213
 17.1833   35.00100 -176.06200   33.7565  126.7634   11.44300   -0.00927
 17.1917   35.24200 -176.08000   33.7853  126.7670   11.33600   -0.01108
 17.2000   35.48300 -176.09900   33.8138  126.7706   11.25400   -0.01556
 17.2083   35.72500 -176.11800   33.8421  126.7743   11.22000   -0.01778
 17.2167   35.96700 -176.13600   33.8702  126.7777   11.12500   -0.00881
 17.2250   36.20900 -176.15500   33.8980  126.7813   11.09800   -0.00371
 17.2333   36.45100 -176.17300   33.9255  126.7847   11.04600    0.00745
 17.2417   36.69300 -176.19200   33.9528  126.7881   10.98000    0.01021
 17.2500   36.93600 -176.21001   33.9799  126.7915   10.91000    0.01180
 17.2583   37.17900 -176.22900   34.0068  126.7948   10.85500    0.00915
 17.2667   37.42200 -176.24800   34.0334  126.7982   10.76700    0.01164
 17.2750   37.66600 -176.26601   34.0599  126.8014   10.72300    0.00441
 17.2833   37.90900 -176.28500   34.0860  126.8047   10.62200    0.00153
 17.2917   38.15300 -176.30299   34.1120  126.8078   10.55700   -0.00153
 17.3000   38.39700 -176.32201   34.1377  126.8110   10.51400    0.00668
 17.3083   38.64100 -176.34100   34.1632  126.8142   10.46300    0.00586
 17.3167   38.88600 -176.36000   34.1886  126.8173   10.35400    0.00047
 17.3250   39.13100 -176.37900   34.2138  126.8204   10.28600   -0.00304
 17.3333   39.37500 -176.39799   34.2386  126.8234   10.24200   -0.00524
 17.3417   39.62100 -176.41800   34.2635  126.8265   10.14100   -0.00389
 17.3500   39.86700 -176.43700   34.2881  126.8295   10.09200   -0.01208
 17.3583   40.11300 -176.45700   34.3125  126.8326   10.00700   -0.00503
 17.3667   40.35900 -176.47701   34.3366  126.8356    9.97200    0.00052
 17.3750   40.60600 -176.49600   34.3607  126.8385    9.91400    0.00655
 17.3833   40.85300 -176.51601   34.3846  126.8414    9.83000   -0.00004
 17.3917   41.10000 -176.53600   34.4082  126.8443    9.74000   -0.00627
 17.4000   41.34700 -176.55701   34.4317  126.8472    9.68400   -0.01024
 17.4083   41.59400 -176.57700   34.4549  126.8501    9.61100    0.00131
 17.4167   41.84200 -176.59700   34.4781  126.8529    9.58800    0.01276
 17.4250   42.09000 -176.61800   34.5011  126.8557    9.53100    0.02154
 17.4333   42.33800 -176.63901   34.5239  126.8585    9.44600    0.00911
 17.4417   42.58600 -176.66000   34.5464  126.8613    9.33200   -0.00220
 17.4500   42.83400 -176.68100   34.5689  126.8640    9.27900   -0.00749
 17.4583   43.08200 -176.70200   34.5911  126.8667    9.22000    0.00230
 17.4667   43.33100 -176.72400   34.6132  126.8695    9.17200    0.00179
 17.4750   43.58000 -176.74600   34.6352  126.8722    9.08100   -0.00266
 17.4833   43.82900 -176.76801   34.6570  126.8749    9.01100   -0.00947
 17.4917   44.07800 -176.79100   34.6786  126.8776    8.95800   -0.01682
 17.5000   44.32700 -176.81400   34.7000  126.8803    8.86500   -0.01968
 17.5083   44.57700 -176.83701   34.7214  126.8829    8.81200   -0.03525
 17.5167   44.82800 -176.86000   34.7427  126.8855    8.70600   -0.03658
 17.5250   45.07800 -176.88300   34.7637  126.8881    8.67400   -0.03331
 17.5333   45.32900 -176.90700   34.7847  126.8907    8.64100   -0.01892
 17.5417   45.58000 -176.93100   34.8055  126.8933    8.58000   -0.00599
 17.5500   45.83100 -176.95500   34.8262  126.8959    8.54200    0.00702
 17.5583   46.08200 -176.98000   34.8466  126.8985    8.51300    0.01811
 17.5667   46.33300 -177.00500   34.8670  126.9010    8.44900    0.02280
 17.5750   46.58500 -177.03101   34.8873  126.9036    8.39000    0.01835
 17.5833   46.83600 -177.05600   34.9073  126.9061    8.32800    0.01296
 17.5917   47.08800 -177.08200   34.9273  126.9086    8.26400    0.00061
 17.6000   47.34000 -177.10899   34.9471  126.9112    8.18100   -0.01736
 17.6083   47.59200 -177.13600   34.9668  126.9137    8.10000   -0.03461
 17.6167   47.84400 -177.16299   34.9864  126.9161    8.04000   -0.03393
 17.6250   48.09700 -177.19099   35.0059  126.9186    8.02700   -0.02471
 17.6333   48.34900 -177.22000   35.0252  126.9212    7.97900   -0.01339
 17.6417   48.60200 -177.24899   35.0444  126.9237    7.92700   -0.00449
 17.6500   48.85400 -177.27800   35.0634  126.9261    7.90500   -0.00284
 17.6583   49.10700 -177.30800   35.0824  126.9286    7.83000    0.00255
 17.6667   49.36000 -177.33900   35.1012  126.9311    7.79500   -0.00724
 17.6750   49.61400 -177.37000   35.1200  126.9335    7.71700   -0.00489
 17.6833   49.86800 -177.40100   35.1386  126.9360    7.69200   -0.00838
 17.6917   50.12200 -177.43201   35.1572  126.9384    7.63700   -0.00662
 17.7000   50.37600 -177.46500   35.1756  126.9409    7.58100   -0.00475
 17.7083   50.63000 -177.49699   35.1939  126.9432    7.55500    0.00027
 17.7167   50.88400 -177.53101   35.2120  126.9457    7.51100    0.00762
 17.7250   51.13900 -177.56500   35.2302  126.9481    7.46200    0.01310
 17.7333   51.39300 -177.60001   35.2481  126.9505    7.42600    0.01748
 17.7417   51.64800 -177.63499   35.2660  126.9529    7.37700    0.02026
 17.7500   51.90300 -177.67101   35.2838  126.9553    7.32000    0.02190
 17.7583   52.15700 -177.70799   35.3014  126.9578    7.28200    0.01314
 17.7667   52.41200 -177.74600   35.3189  126.9602    7.19200    0.00419
 17.7750   52.66700 -177.78400   35.3364  126.9626    7.13400   -0.00255
 17.7833   52.92200 -177.82401   35.3538  126.9650    7.10200    0.00300
 17.7917   53.17800 -177.86400   35.3711  126.9675    7.05600    0.00604
 17.8000   53.43300 -177.90500   35.3882  126.9699    6.98900    0.00108
 17.8083   53.68800 -177.94701   35.4053  126.9723    6.92600   -0.00056
 17.8167   53.94300 -177.99001   35.4222  126.9748    6.89300   -0.00376
 17.8250   54.19900 -178.03400   35.4391  126.9772    6.82000   -0.00084
 17.8333   54.45400 -178.07899   35.4559  126.9797    6.78200   -0.00966
 17.8417   54.71000 -178.12399   35.4726  126.9821    6.70800   -0.01478
 17.8500   54.96600 -178.17000   35.4892  126.9845    6.65200   -0.02419
 17.8583   55.22300 -178.21600   35.5058  126.9869    6.60200   -0.02947
 17.8667   55.47900 -178.26401   35.5222  126.9893    6.54800   -0.02441
 17.8750   55.73600 -178.31300   35.5386  126.9917    6.53100   -0.02830
 17.8833   55.99200 -178.36301   35.5549  126.9941    6.45000   -0.02182
 17.8917   56.24900 -178.41400   35.5711  126.9966    6.43500   -0.02403
 17.9000   56.50500 -178.46700   35.5872  126.9990    6.38900   -0.01187
 17.9083   56.76200 -178.52000   35.6033  127.0014    6.36200   -0.00798
 17.9167   57.01800 -178.57500   35.6192  127.0039    6.31700   -0.00367
 17.9250   57.27500 -178.63100   35.6351  127.0063    6.27100   -0.00015
 17.9333   57.53200 -178.68900   35.6509  127.0088    6.23900    0.01417
 17.9417   57.78800 -178.74800   35.6666  127.0113    6.23200    0.02469
 17.9500   58.04500 -178.80901   35.6822  127.0138    6.17400    0.02638
 17.9583   58.30100 -178.87100   35.6977  127.0163    6.11100    0.02578
 17.9667   58.55800 -178.93401   35.7132  127.0188    6.09700    0.02732
 17.9750   58.81400 -179.00000   35.7286  127.0213    6.04700    0.03347
 17.9833   59.07100 -179.06599   35.7439  127.0238    6.00300    0.02565
 17.9917   59.32700 -179.13499   35.7592  127.0264    5.94100    0.00112
 18.0000   59.58400 -179.20599   35.7744  127.0289    5.83500   -0.02219
 18.0083   59.84100 -179.27600   35.7895  127.0314    5.79400   -0.03483
 18.0167   60.09800 -179.34801   35.8046  127.0339    5.76700   -0.03374
 18.0250   60.35500 -179.42101   35.8195  127.0364    5.70400   -0.03018
 18.0333   60.61200 -179.49699   35.8345  127.0390    5.67000   -0.02940
 18.0417   60.86900 -179.57500   35.8493  127.0415    5.63400   -0.01954
 18.0500   61.12600 -179.65401   35.8641  127.0440    5.60200   -0.00338
 18.0583   61.38300 -179.73599   35.8789  127.0466    5.58700    0.01309
 18.0667   61.64000 -179.82001   35.8935  127.0492    5.55000    0.02648
 18.0750   61.89700 -179.90601   35.9081  127.0518    5.50800    0.02267
 18.0833   62.15400 -179.99400   35.9227  127.0544    5.43900    0.01481
 18.0917   62.41000 -180.08501   35.9371  127.0570    5.39200    0.00488
 18.1000   62.66700 -180.17799   35.9515  127.0596    5.34600    0.00678
 18.1083   62.92300 -180.27400   35.9658  127.0623    5.31600    0.01041
 18.1167   63.17900 -180.37199   35.9801  127.0650    5.27300    0.01129
 18.1250   63.43500 -180.47400   35.9943  127.0677    5.21600    0.00119
 18.1333   63.69100 -180.57800   36.0084  127.0704    5.14800   -0.00003
 18.1417   63.94700 -180.68401   36.0225  127.0731    5.13100   -0.00080
 18.1500   64.20300 -180.79401   36.0366  127.0758    5.07100    0.00295
 18.1583   64.45800 -180.90700   36.0505  127.0786    5.01200    0.00534
 18.1667   64.71300 -181.02400   36.0644  127.0813    4.98900    0.01386
 18.1750   64.96900 -181.14000   36.0783  127.0840    4.95000    0.01427
 18.1833   65.22500 -181.25900   36.0921  127.0867    4.86900    0.00981
 18.1917   65.48100 -181.38300   36.1059  127.0895    4.83200    0.00205
 18.2000   65.73700 -181.50900   36.1197  127.0923    4.78300    0.00513
 18.2083   65.99200 -181.63901   36.1333  127.0950    4.73700    0.00196
 18.2167   66.24700 -181.77299   36.1470  127.0978    4.68200   -0.00722
 18.2250   66.50200 -181.91100   36.1605  127.1006    4.61300   -0.02738
 18.2333   66.75700 -182.05299   36.1741  127.1035    4.53100   -0.03780
 18.2417   67.01100 -182.19901   36.1875  127.1063    4.50600   -0.03745
 18.2500   67.26500 -182.34900   36.2009  127.1092    4.47200   -0.01585
 18.2583   67.51900 -182.50400   36.2142  127.1121    4.45800    0.00160
 18.2667   67.77200 -182.66400   36.2275  127.1150    4.42000    0.01268
 18.2750   68.02600 -182.82800   36.2408  127.1179    4.36700    0.01255
 18.2833   68.27800 -182.99699   36.2540  127.1209    4.31900    0.01807
 18.2917   68.53100 -183.17200   36.2671  127.1239    4.29800    0.01420
 18.3000   68.78300 -183.35201   36.2802  127.1269    4.21500    0.00952
 18.3083   69.03500 -183.53700   36.2933  127.1299    4.16500   -0.00157
 18.3167   69.28600 -183.72800   36.3063  127.1329    4.12800   -0.00411
 18.3250   69.53700 -183.92599   36.3192  127.1360    4.07500   -0.00539
 18.3333   69.78700 -184.12900   36.3321  127.1391    4.03200   -0.00555
 18.3417   70.03900 -184.33501   36.3450  127.1421    3.99700   -0.00362
 18.3500   70.28900 -184.54700   36.3579  127.1452    3.95000   -0.00221
 18.3583   70.54000 -184.76500   36.3707  127.1482    3.90500   -0.00975
 18.3667   70.79000 -184.99100   36.3835  127.1513    3.84400   -0.01639
 18.3750   71.03900 -185.22400   36.3962  127.1544    3.80200   -0.02725
 18.3833   71.28800 -185.46500   36.4089  127.1576    3.74600   -0.02704
 18.3917   71.53600 -185.71300   36.4215  127.1607    3.72100   -0.02806
 18.4000   71.78400 -185.97000   36.4341  127.1639    3.67700   -0.01658
 18.4083   72.03100 -186.23599   36.4467  127.1671    3.66100   -0.01112
 18.4167   72.27800 -186.50999   36.4592  127.1704    3.61800   -0.00421
 18.4250   72.52300 -186.79401   36.4716  127.1736    3.57900   -0.00198
 18.4333   72.76900 -187.08701   36.4841  127.1769    3.55000    0.00468
 18.4417   73.01300 -187.39000   36.4965  127.1802    3.52300    0.01479
 18.4500   73.25700 -187.70399   36.5088  127.1836    3.49700    0.01602
 18.4583   73.49900 -188.02901   36.5211  127.1870    3.44100    0.00870
 18.4667   73.74100 -188.36501   36.5334  127.1904    3.38800    0.00162
 18.4750   73.98200 -188.71400   36.5456  127.1938    3.36300   -0.00359
 18.4833   74.22300 -189.07401   36.5578  127.1973    3.31400   -0.00425
 18.4917   74.46200 -189.44800   36.5699  127.2007    3.27400   -0.00724
 18.5000   74.70000 -189.83501   36.5820  127.2043    3.24200   -0.00092
 18.5083   74.93900 -190.23000   36.5942  127.2077    3.22100    0.00714
 18.5167   75.17600 -190.64000   36.6062  127.2112    3.18800    0.00738
 18.5250   75.41300 -191.06400   36.6183  127.2147    3.13200   -0.00015
 18.5333   75.64800 -191.50500   36.6303  127.2182    3.08800   -0.01214
 18.5417   75.88200 -191.96201   36.6423  127.2217    3.04200   -0.01611
 18.5500   76.11500 -192.43600   36.6542  127.2253    3.01200   -0.01460
 18.5583   76.34700 -192.92799   36.6662  127.2289    2.98500   -0.01441
 18.5667   76.57700 -193.44000   36.6780  127.2325    2.93500   -0.01216
 18.5750   76.80500 -193.97099   36.6898  127.2362    2.91300   -0.01567
 18.5833   77.03200 -194.52400   36.7017  127.2399    2.87000   -0.00754
 18.5917   77.25800 -195.09700   36.7135  127.2437    2.85600   -0.00333
 18.6000   77.48100 -195.69400   36.7252  127.2474    2.82200    0.00968
 18.6083   77.70300 -196.31500   36.7369  127.2512    2.80800    0.01046
 18.6167   77.92300 -196.96001   36.7486  127.2551    2.76000    0.00528
 18.6250   78.14100 -197.63200   36.7602  127.2589    2.71000   -0.00683
 18.6333   78.35600 -198.33000   36.7718  127.2628    2.67600   -0.01732
 18.6417   78.57000 -199.05800   36.7834  127.2668    2.63400   -0.01385
 18.6500   78.78100 -199.81500   36.7949  127.2707    2.62800   -0.01314
 18.6583   78.98900 -200.60300   36.8064  127.2747    2.58700   -0.01282
 18.6667   79.19500 -201.42400   36.8179  127.2788    2.54600   -0.01188
 18.6750   79.39900 -202.27100   36.8294  127.2827    2.54300   -0.00648
 18.6833   79.60100 -203.15401   36.8408  127.2867    2.51600    0.00079
 18.6917   79.80000 -204.07300   36.8523  127.2907    2.48000   -0.00476
 18.7000   79.99600 -205.03101   36.8637  127.2948    2.44000   -0.01050
 18.7083   80.18800 -206.02901   36.8751  127.2989    2.41800   -0.01400
 18.7167   80.37700 -207.06900   36.8865  127.3030    2.39600   -0.01869
 18.7250   80.56100 -208.15300   36.8978  127.3071    2.35800   -0.02043
 18.7333   80.74200 -209.28101   36.9091  127.3113    2.34600   -0.02262
 18.7417   80.91800 -210.45599   36.9204  127.3156    2.32300   -0.02012
 18.7500   81.09000 -211.67999   36.9316  127.3198    2.30000   -0.02613
 18.7583   81.25600 -212.95200   36.9428  127.3241    2.26300   -0.02942
 18.7667   81.41800 -214.27600   36.9540  127.3285    2.24800   -0.02636
 18.7750   81.57400 -215.65100   36.9652  127.3329    2.24300   -0.00691
 18.7833   81.72400 -217.08000   36.9763  127.3373    2.25700    0.01505
 18.7917   81.86900 -218.56200   36.9874  127.3417    2.25200    0.02809
 18.8000   82.00700 -220.09801   36.9985  127.3462    2.22300    0.02671
 18.8083   82.13800 -221.68900   37.0096  127.3508    2.19500    0.01938
 18.8167   82.26300 -223.33400   37.0206  127.3553    2.17000    0.01554
 18.8250   82.38000 -225.03200   37.0316  127.3599    2.14900    0.01429
 18.8333   82.48900 -226.78200   37.0426  127.3646    2.12600    0.01020
 18.8417   82.59300 -228.58000   37.0536  127.3692    2.09400    0.00132
 18.8500   82.68900 -230.42799   37.0646  127.3738    2.05900   -0.00343
 18.8583   82.77700 -232.32401   37.0756  127.3784    2.04900    0.00136
 18.8667   82.85500 -234.26500   37.0865  127.3831    2.04200    0.01608
 18.8750   82.92400 -236.24600   37.0974  127.3878    2.03300    0.02418
 18.8833   82.98400 -238.26401   37.1083  127.3926    1.99900    0.01267
 18.8917   83.03500 -240.31400   37.1192  127.3974    1.93200   -0.00270
 18.9000   83.07500 -242.39000   37.1300  127.4023    1.91100   -0.01483
 18.9083   83.10600 -244.48801   37.1409  127.4072    1.88700   -0.00718
 18.9167   83.12700 -246.59900   37.1517  127.4121    1.87900   -0.00415
 18.9250   83.13700 -248.71899   37.1624  127.4171    1.84500    0.00474
 18.9333   83.13700 -250.84000   37.1732  127.4221    1.84000    0.00263
 18.9417   83.12700 -252.95700   37.1839  127.4272    1.80000    0.00315
 18.9500   83.10700 -255.06200   37.1946  127.4323    1.77300   -0.00315
 18.9583   83.07700 -257.14899   37.2053  127.4374    1.74400   -0.00197
 18.9667   83.03700 -259.21301   37.2160  127.4426    1.72400   -0.00561
 18.9750   82.98700 -261.24701   37.2266  127.4479    1.68400   -0.00378
 18.9833   82.92800 -263.24701   37.2373  127.4532    1.67400   -0.00718
 18.9917   82.86000 -265.20700   37.2479  127.4585    1.64100   -0.00237
 19.0000   82.78200 -267.12399   37.2584  127.4639    1.62600    0.00002
 19.0083   82.69900 -269.00800   37.2691  127.4692    1.60900    0.00596
 19.0167   82.60800 -270.84299   37.2797  127.4745    1.58700    0.00622
 19.0250   82.50800 -272.62799   37.2903  127.4799    1.55600   -0.00066
 19.0333   82.40100 -274.35999   37.3009  127.4853    1.51900   -0.01183
 19.0417   82.28600 -276.03699   37.3114  127.4908    1.48700   -0.01684
 19.0500   82.16400 -277.66101   37.3219  127.4963    1.47600   -0.02101
 19.0583   82.03600 -279.22800   37.3325  127.5019    1.44400   -0.01979
 19.0667   81.90100 -280.74100   37.3430  127.5075    1.42800   -0.01599
 19.0750   81.76000 -282.19800   37.3534  127.5132    1.42700   -0.01641
 19.0833   81.61400 -283.60101   37.3639  127.5189    1.38400   -0.01190
 19.0917   81.46200 -284.95001   37.3743  127.5246    1.38600   -0.01287
 19.1000   81.30500 -286.24600   37.3847  127.5304    1.37000   -0.00936
 19.1083   81.14300 -287.49100   37.3951  127.5363    1.34200   -0.00574
 19.1167   80.97700 -288.68600   37.4055  127.5422    1.34700   -0.00649
 19.1250   80.80700 -289.83301   37.4159  127.5482    1.32000   -0.00517
 19.1333   80.63200 -290.93201   37.4262  127.5542    1.30000   -0.01551
 19.1417   80.45400 -291.98599   37.4366  127.5603    1.27100   -0.01446
 19.1500   80.27200 -292.99600   37.4469  127.5664    1.27900   -0.00867
 19.1583   80.08700 -293.96399   37.4572  127.5726    1.27500    0.00308
 19.1667   79.89900 -294.89099   37.4674  127.5788    1.26500    0.00854
 19.1750   79.71000 -295.79501   37.4777  127.5849    1.25500    0.00776
 19.1833   79.51800 -296.66199   37.4881  127.5911    1.23200    0.00795
 19.1917   79.32300 -297.49301   37.4984  127.5973    1.22600    0.00202
 19.2000   79.12500 -298.28900   37.5086  127.6036    1.19700   -0.00029
 19.2083   78.92500 -299.05200   37.5189  127.6100    1.18500   -0.00226
 19.2167   78.72300 -299.78400   37.5292  127.6164    1.17800   -0.00552
 19.2250   78.51900 -300.48599   37.5394  127.6228    1.14600    0.00205
 19.2333   78.31300 -301.15799   37.5496  127.6293    1.16600    0.00191
 19.2417   78.10500 -301.80301   37.5598  127.6359    1.13400    0.00992
 19.2500   77.89600 -302.42099   37.5700  127.6425    1.12500    0.00641
 19.2583   77.68500 -303.01401   37.5802  127.6491    1.10900    0.01365
 19.2667   77.47200 -303.58200   37.5903  127.6559    1.11200    0.01318
 19.2750   77.25800 -304.12799   37.6005  127.6626    1.07900    0.01125
 19.2833   77.04200 -304.65100   37.6106  127.6695    1.05900    0.00010
 19.2917   76.82600 -305.15201   37.6207  127.6764    1.03100   -0.00294
 19.3000   76.60800 -305.63400   37.6308  127.6833    1.02100   -0.00619
 19.3083   76.38900 -306.09500   37.6409  127.6904    0.99800   -0.00615
 19.3167   76.16900 -306.53799   37.6509  127.6974    0.97800   -0.00220
 19.3250   75.94800 -306.96301   37.6610  127.7046    0.97800    0.00398
 19.3333   75.72600 -307.37100   37.6710  127.7118    0.96000    0.02205
 19.3417   75.50400 -307.77600   37.6811  127.7189    0.97400    0.02676
 19.3500   75.28200 -308.16400   37.6912  127.7260    0.93200    0.03113
 19.3583   75.05900 -308.53699   37.7013  127.7332    0.91100    0.01926
 19.3667   74.83400 -308.89600   37.7114  127.7405    0.87600    0.01213
 19.3750   74.61000 -309.23999   37.7214  127.7479    0.84900    0.00002
 19.3833   74.38400 -309.57101   37.7314  127.7553    0.81500   -0.00039
 19.3917   74.15800 -309.88901   37.7415  127.7627    0.81700   -0.00923
 19.4000   73.93100 -310.19400   37.7515  127.7703    0.76600   -0.00946
 19.4083   73.70400 -310.48700   37.7615  127.7779    0.75800   -0.02635
 19.4167   73.47700 -310.76901   37.7714  127.7855    0.70800   -0.01953
 19.4250   73.24800 -311.03900   37.7814  127.7933    0.72800   -0.02739
 19.4333   73.02000 -311.29901   37.7914  127.8010    0.67500   -0.01737
 19.4417   72.79100 -311.54800   37.8013  127.8088    0.68100   -0.02289
 19.4500   72.56200 -311.78699   37.8112  127.8168    0.65500   -0.00883
 19.4583   72.33200 -312.01700   37.8211  127.8248    0.66400   -0.00683
 19.4667   72.10200 -312.23801   37.8311  127.8328    0.63400    0.00652
 19.4750   71.87200 -312.44901   37.8409  127.8409    0.64400    0.00456
 19.4833   71.64200 -312.65201   37.8508  127.8491    0.60700    0.00753
 19.4917   71.41100 -312.84698   37.8607  127.8573    0.59400    0.00414
 19.5000   71.18000 -313.03299   37.8705  127.8656    0.58700    0.00848
 19.5083   70.95000 -313.22299   37.8804  127.8738    0.57500    0.00820
 19.5167   70.71900 -313.40500   37.8903  127.8821    0.54900    0.00641
 19.5250   70.48800 -313.57901   37.9003  127.8905    0.53700   -0.00176
 19.5333   70.25700 -313.74600   37.9101  127.8989    0.50600   -0.00759
 19.5417   70.02600 -313.90701   37.9200  127.9074    0.48600   -0.00980
 19.5500   69.79400 -314.06100   37.9299  127.9159    0.48400   -0.00807
 19.5583   69.56300 -314.20801   37.9398  127.9246    0.46200   -0.00146
 19.5667   69.33100 -314.34900   37.9496  127.9333    0.45700   -0.00202
 19.5750   69.10000 -314.48401   37.9594  127.9420    0.43200    0.00617
 19.5833   68.86800 -314.61301   37.9693  127.9509    0.43700    0.00586
 19.5917   68.63600 -314.73599   37.9791  127.9598    0.40300    0.01299
 19.6000   68.40500 -314.85400   37.9889  127.9688    0.40100    0.01362
 19.6083   68.17300 -314.96600   37.9987  127.9779    0.38700    0.01753
 19.6167   67.94100 -315.07300   38.0084  127.9870    0.36600    0.00987
 19.6250   67.70900 -315.17599   38.0182  127.9962    0.32700    0.00126
 19.6333   67.47700 -315.27301   38.0280  128.0055    0.30900   -0.00371
 19.6417   67.24600 -315.36499   38.0377  128.0149    0.29900   -0.00104
 19.6500   67.01400 -315.45300   38.0474  128.0243    0.28300   -0.00806
 19.6583   66.78200 -315.53601   38.0572  128.0338    0.23500   -0.01299
 19.6667   66.55100 -315.61499   38.0668  128.0434    0.23000   -0.01533
 19.6750   66.32000 -315.69901   38.0766  128.0529    0.22300   -0.00373
 19.6833   66.08900 -315.77802   38.0864  128.0625    0.21900    0.00521
 19.6917   65.85800 -315.85300   38.0962  128.0721    0.20700    0.00250
 19.7000   65.62700 -315.92401   38.1060  128.0819    0.16300   -0.00372
 19.7083   65.39600 -315.99200   38.1157  128.0917    0.15000   -0.00699
 19.7167   65.16500 -316.05499   38.1255  128.1016    0.15000   -0.01176
 19.7250   64.93400 -316.11499   38.1352  128.1116    0.10400   -0.00744
 19.7333   64.70300 -316.17099   38.1450  128.1216    0.12200   -0.01281
 19.7417   64.47300 -316.22299   38.1547  128.1318    0.09300   -0.01393
 19.7500   64.24200 -316.27200   38.1644  128.1420    0.06300   -0.02027
 19.7583   64.01200 -316.31799   38.1741  128.1523    0.06600   -0.01589
 19.7667   63.78200 -316.36099   38.1838  128.1627    0.07300   -0.01215
 19.7750   63.55200 -316.39999   38.1934  128.1731    0.04200   -0.01105
 19.7833   63.32200 -316.43600   38.2031  128.1837    0.04000   -0.01312
 19.7917   63.09300 -316.46899   38.2127  128.1943    0.04000   -0.00924
 19.8000   62.86300 -316.49899   38.2224  128.2050    0.03200   -0.00990
 19.8083   62.63400 -316.52600   38.2320  128.2158    0.01900   -0.01122
 19.8167   62.40500 -316.54999   38.2416  128.2267    0.01900   -0.01657
 19.8250   62.17600 -316.57199   38.2512  128.2377    0.00200   -0.01889
 19.8333   61.94700 -316.59100   38.2608  128.2488    0.00200   -0.01817
 19.8417   61.71900 -316.61499   38.2705  128.2597    0.01500   -0.01718
 19.8500   61.49100 -316.63599   38.2802  128.2708    0.00000   -0.01313
 19.8583   61.26300 -316.65399   38.2899  128.2820    0.01200   -0.01375
 19.8667   61.03500 -316.67001   38.2996  128.2932    0.01300   -0.01395
 19.8750   60.80700 -316.68399   38.3093  128.3046    0.00400   -0.01062
 19.8833   60.58000 -316.69501   38.3189  128.3160    0.03100   -0.01033
 19.8917   60.35200 -316.70300   38.3286  128.3275    0.02700   -0.00724
 19.9000   60.12500 -316.70999   38.3382  128.3391    0.03200   -0.00890
 19.9083   59.89900 -316.71399   38.3478  128.3508    0.04600   -0.01597
 19.9167   59.67200 -316.71500   38.3574  128.3626    0.02400   -0.02185
 19.9250   59.44600 -316.71500   38.3671  128.3745    0.03300   -0.02537
 19.9333   59.21900 -316.71201   38.3767  128.3866    0.05700   -0.01947
 19.9417   58.99300 -316.70700   38.3863  128.3987    0.06800   -0.01092
 19.9500   58.76800 -316.70001   38.3958  128.4108    0.08800   -0.00530
 19.9583   58.54200 -316.69101   38.4054  128.4231    0.10400    0.00923
 19.9667   58.31700 -316.67999   38.4149  128.4355    0.14800    0.01841
 19.9750   58.09200 -316.66699   38.4245  128.4480    0.15100    0.01798
 19.9833   57.86800 -316.65201   38.4340  128.4605    0.13500    0.00603
 19.9917   57.64300 -316.63599   38.4436  128.4732    0.14000   -0.00555
 20.0000   57.41900 -316.61700   38.4530  128.4859    0.14800   -0.00694
 20.0083   57.19500 -316.60300   38.4627  128.4986    0.17000   -0.01269
 20.0167   56.97200 -316.58801   38.4723  128.5114    0.16300   -0.01582
 20.0250   56.74900 -316.57001   38.4819  128.5243    0.18000   -0.01605
 20.0333   56.52500 -316.55099   38.4915  128.5373    0.21200   -0.01187
 20.0417   56.30300 -316.53000   38.5011  128.5504    0.22100   -0.01277
 20.0500   56.08000 -316.50800   38.5107  128.5636    0.22000   -0.01061
 20.0583   55.85800 -316.48300   38.5203  128.5769    0.26400   -0.01360
 20.0667   55.63500 -316.45700   38.5299  128.5904    0.25700   -0.00754
 20.0750   55.41400 -316.42999   38.5394  128.6038    0.29100   -0.00805
 20.0833   55.19200 -316.39999   38.5490  128.6175    0.31300   -0.00153
 20.0917   54.97100 -316.37000   38.5585  128.6312    0.33100   -0.00431
 20.1000   54.75000 -316.33701   38.5680  128.6451    0.33300   -0.00464
 20.1083   54.52900 -316.30301   38.5775  128.6591    0.36500   -0.00467
 20.1167   54.30900 -316.26801   38.5870  128.6731    0.38600    0.00115
 20.1250   54.08900 -316.23099   38.5965  128.6873    0.41100    0.00834
 20.1333   53.86900 -316.19199   38.6060  128.7016    0.45100    0.01169
 20.1417   53.65000 -316.15201   38.6155  128.7160    0.45900    0.00771
 20.1500   53.43100 -316.11099   38.6249  128.7305    0.45700   -0.00202
 20.1583   53.21200 -316.06799   38.6344  128.7451    0.47400   -0.00943
 20.1667   52.99300 -316.02399   38.6438  128.7599    0.49100   -0.01305
 20.1750   52.77500 -315.98499   38.6534  128.7745    0.50400   -0.01526
 20.1833   52.55700 -315.94400   38.6630  128.7893    0.52900   -0.01101
 20.1917   52.33900 -315.90201   38.6725  128.8042    0.57000   -0.00315
 20.2000   52.12200 -315.85901   38.6821  128.8192    0.59700    0.00615
 20.2083   51.90400 -315.81400   38.6916  128.8344    0.62500    0.00839
 20.2167   51.68700 -315.76801   38.7012  128.8497    0.63800    0.00007
 20.2250   51.47100 -315.72101   38.7107  128.8651    0.62500   -0.00666
 20.2333   51.25400 -315.67200   38.7202  128.8806    0.65900   -0.00626
 20.2417   51.03800 -315.62201   38.7297  128.8963    0.70000    0.00421
 20.2500   50.82300 -315.57101   38.7392  128.9120    0.72300    0.01491
 20.2583   50.60700 -315.51901   38.7487  128.9279    0.75600    0.01513
 20.2667   50.39200 -315.46500   38.7581  128.9439    0.75600    0.01854
 20.2750   50.17800 -315.41000   38.7675  128.9600    0.78900    0.01345
 20.2833   49.96300 -315.35501   38.7770  128.9763    0.78700    0.01455
 20.2917   49.74900 -315.29800   38.7864  128.9927    0.80500    0.01851
 20.3000   49.53500 -315.23901   38.7959  129.0092    0.84800    0.01978
 20.3083   49.32200 -315.17999   38.8052  129.0258    0.83700    0.02021
 20.3167   49.10900 -315.12000   38.8146  129.0426    0.85600    0.00723
 20.3250   48.89600 -315.05801   38.8240  129.0595    0.84600   -0.00264
 20.3333   48.68400 -314.99600   38.8334  129.0765    0.84400   -0.00692
 20.3417   48.47200 -314.93799   38.8429  129.0935    0.88000   -0.00703
 20.3500   48.25900 -314.87900   38.8525  129.1107    0.88500   -0.00684
 20.3583   48.04800 -314.81799   38.8619  129.1279    0.88300   -0.01916
 20.3667   47.83600 -314.75699   38.8714  129.1454    0.87300   -0.01666
 20.3750   47.62500 -314.69501   38.8809  129.1629    0.93500   -0.01372
 20.3833   47.41500 -314.63101   38.8903  129.1806    0.93400    0.00574
 20.3917   47.20400 -314.56699   38.8998  129.1984    0.98700    0.00482
 20.4000   46.99400 -314.50101   38.9093  129.2164    0.96900    0.00698
 20.4083   46.78400 -314.43500   38.9187  129.2345    0.98000    0.00195
 20.4167   46.57500 -314.36700   38.9281  129.2527    1.00100    0.00331
 20.4250   46.36600 -314.29901   38.9375  129.2711    1.00500    0.00678
 20.4333   46.15700 -314.22900   38.9469  129.2897    1.02300    0.02044
 20.4417   45.94800 -314.15900   38.9564  129.3084    1.08500    0.02153
 20.4500   45.74000 -314.08801   38.9657  129.3272    1.04100    0.02516
 20.4583   45.53300 -314.01599   38.9751  129.3461    1.06800    0.02072
 20.4667   45.32500 -313.94299   38.9844  129.3653    1.09600    0.02570
 20.4750   45.11800 -313.86899   38.9938  129.3846    1.09100    0.01632
 20.4833   44.91100 -313.79401   39.0031  129.4040    1.06300   -0.00753
 20.4917   44.70500 -313.71799   39.0124  129.4236    1.03500   -0.02534
 20.5000   44.49900 -313.64099   39.0217  129.4433    1.05300   -0.03041
 20.5083   44.29300 -313.56900   39.0311  129.4630    1.07400   -0.02658
 20.5167   44.08700 -313.49500   39.0406  129.4829    1.07700   -0.02265
 20.5250   43.88200 -313.42099   39.0500  129.5029    1.08700   -0.02030
 20.5333   43.67700 -313.34601   39.0594  129.5231    1.09900   -0.01893
 20.5417   43.47200 -313.26901   39.0688  129.5435    1.10000    0.00682
 20.5500   43.26800 -313.19199   39.0782  129.5640    1.21900    0.02264
 20.5583   43.06400 -313.11499   39.0876  129.5847    1.19400    0.03914
 20.5667   42.86000 -313.03601   39.0970  129.6056    1.20600    0.02653
 20.5750   42.65700 -312.95599   39.1063  129.6266    1.21200    0.01032
 20.5833   42.45400 -312.87601   39.1157  129.6477    1.17800   -0.01700
 20.5917   42.25100 -312.79501   39.1250  129.6691    1.14500   -0.04870
 20.6000   42.04900 -312.71301   39.1343  129.6906    1.13400   -0.06627
 20.6083   41.84700 -312.63000   39.1436  129.7123    1.16600   -0.06336
 20.6167   41.64500 -312.54700   39.1529  129.7342    1.22800   -0.04462
 20.6250   41.44400 -312.46301   39.1622  129.7562    1.28800   -0.03258
 20.6333   41.24300 -312.37799   39.1715  129.7784    1.28700   -0.01433
 20.6417   41.04200 -312.29199   39.1807  129.8008    1.37100   -0.00439
 20.6500   40.84200 -312.20499   39.1899  129.8234    1.39400    0.00012
 20.6583   40.64200 -312.11801   39.1991  129.8461    1.37400   -0.00360
 20.6667   40.44300 -312.03000   39.2083  129.8690    1.42700   -0.00196
 20.6750   40.24300 -311.94601   39.2177  129.8920    1.48000    0.01436
 20.6833   40.04400 -311.86099   39.2270  129.9151    1.53600    0.03288
 20.6917   39.84500 -311.77499   39.2364  129.9384    1.60500    0.02892
 20.7000   39.64700 -311.68900   39.2457  129.9618    1.56300    0.01651
 20.7083   39.44800 -311.60101   39.2550  129.9856    1.57800   -0.00551
 20.7167   39.25000 -311.51300   39.2643  130.0095    1.60300   -0.00912
 20.7250   39.05300 -311.42499   39.2736  130.0335    1.63900   -0.01225
 20.7333   38.85600 -311.33499   39.2828  130.0578    1.65200   -0.01525
 20.7417   38.65900 -311.24500   39.2921  130.0823    1.67700   -0.02020
 20.7500   38.46200 -311.15399   39.3013  130.1070    1.70500   -0.00914
 20.7583   38.26600 -311.06299   39.3105  130.1318    1.79400   -0.00688
 20.7667   38.07000 -310.97101   39.3198  130.1569    1.77700    0.00760
 20.7750   37.87500 -310.87799   39.3289  130.1821    1.85700    0.00720
 20.7833   37.67900 -310.78400   39.3381  130.2077    1.88100    0.00934
 20.7917   37.48500 -310.69000   39.3472  130.2332    1.88100    0.00412
 20.8000   37.29000 -310.59500   39.3563  130.2592    1.93500   -0.01167
 20.8083   37.09600 -310.50000   39.3654  130.2852    1.91100   -0.01730
 20.8167   36.90200 -310.40399   39.3745  130.3116    1.95800   -0.02360
 20.8250   36.70900 -310.30701   39.3836  130.3380    2.00800   -0.01132
 20.8333   36.51600 -310.20901   39.3926  130.3648    2.07000   -0.00794
 20.8417   36.32300 -310.11499   39.4018  130.3915    2.07300   -0.00619
 20.8500   36.13000 -310.02100   39.4110  130.4185    2.11600    0.00117
 20.8583   35.93800 -309.92599   39.4202  130.4457    2.20000    0.01217
 20.8667   35.74500 -309.82999   39.4295  130.4733    2.21800    0.02392
 20.8750   35.55400 -309.73300   39.4385  130.5009    2.26100    0.02511
 20.8833   35.36200 -309.63599   39.4477  130.5289    2.29400    0.02357
 20.8917   35.17100 -309.53799   39.4568  130.5570    2.30100    0.01776
 20.9000   34.98000 -309.44000   39.4659  130.5853    2.32200    0.01211
 20.9083   34.79000 -309.34100   39.4750  130.6139    2.35100    0.01482
 20.9167   34.60000 -309.24100   39.4840  130.6427    2.39100    0.02254
 20.9250   34.41000 -309.14099   39.4931  130.6718    2.43200    0.02153
 20.9333   34.22000 -309.04001   39.5021  130.7012    2.41800    0.01566
 20.9417   34.03100 -308.93900   39.5111  130.7307    2.43100    0.00822
 20.9500   33.84300 -308.83701   39.5200  130.7604    2.46100    0.00670
 20.9583   33.65400 -308.73401   39.5290  130.7905    2.47500    0.00693
 20.9667   33.46600 -308.63101   39.5379  130.8208    2.50000    0.00265
 20.9750   33.27800 -308.52701   39.5468  130.8514    2.51000   -0.01471
 20.9833   33.09100 -308.42300   39.5556  130.8821    2.46100   -0.02529
 20.9917   32.90400 -308.31799   39.5644  130.9131    2.52200   -0.03433
 21.0000   32.71700 -308.21301   39.5733  130.9445    2.54100   -0.03097
 21.0083   32.53100 -308.11099   39.5822  130.9758    2.55500   -0.03230
 21.0167   32.34400 -308.00800   39.5913  131.0075    2.59100   -0.03053
 21.0250   32.15800 -307.90500   39.6002  131.0394    2.62700   -0.02108
 21.0333   31.97200 -307.80099   39.6092  131.0717    2.68400   -0.00618
 21.0417   31.78600 -307.69601   39.6181  131.1043    2.74900    0.00279
 21.0500   31.60100 -307.59100   39.6270  131.1370    2.75500    0.00756
 21.0583   31.41600 -307.48599   39.6359  131.1700    2.79000    0.01112
 21.0667   31.23200 -307.37900   39.6446  131.2033    2.85700    0.01611
 21.0750   31.04800 -307.27301   39.6535  131.2368    2.87800    0.02011
 21.0833   30.86400 -307.16599   39.6623  131.2708    2.91500    0.00737
 21.0917   30.68000 -307.05801   39.6710  131.3050    2.89900   -0.00202
 21.1000   30.49700 -306.95001   39.6798  131.3394    2.94200   -0.00575
 21.1083   30.31400 -306.84100   39.6884  131.3742    3.01600   -0.01586
 21.1167   30.13200 -306.73099   39.6970  131.4091    2.97000   -0.02786
 21.1250   29.95000 -306.62201   39.7057  131.4444    3.00900   -0.04685
 21.1333   29.76800 -306.51099   39.7142  131.4801    3.05100   -0.04817
 21.1417   29.58600 -306.40100   39.7229  131.5160    3.11000   -0.04640
 21.1500   29.40500 -306.28900   39.7313  131.5523    3.17200   -0.04606
 21.1583   29.22400 -306.17700   39.7398  131.5889    3.21400   -0.04389
 21.1667   29.04400 -306.06500   39.7482  131.6256    3.29000   -0.04792
 21.1750   28.86300 -305.95599   39.7569  131.6627    3.33500   -0.04219
 21.1833   28.68300 -305.84601   39.7655  131.7000    3.44200   -0.04281
 21.1917   28.50300 -305.73599   39.7742  131.7377    3.49400   -0.03046
 21.2000   28.32300 -305.62500   39.7827  131.7757    3.61700   -0.02795
 21.2083   28.14400 -305.51300   39.7912  131.8140    3.68100   -0.01364
 21.2167   27.96500 -305.40100   39.7997  131.8527    3.81000   -0.01689
 21.2250   27.78600 -305.28900   39.8082  131.8917    3.84600   -0.01529
 21.2333   27.60700 -305.17599   39.8166  131.9312    3.95000   -0.01749
 21.2417   27.42900 -305.06299   39.8250  131.9708    4.06900   -0.00351
 21.2500   27.25100 -304.94901   39.8334  132.0109    4.20600   -0.00381
 21.2583   27.07400 -304.83499   39.8416  132.0512    4.23700   -0.00140
 21.2667   26.89700 -304.72000   39.8499  132.0919    4.37300   -0.01889
 21.2750   26.72000 -304.60501   39.8581  132.1330    4.39900   -0.02138
 21.2833   26.54300 -304.48901   39.8663  132.1745    4.51300   -0.02990
 21.2917   26.36700 -304.37299   39.8744  132.2163    4.62200   -0.02408
 21.3000   26.19100 -304.25601   39.8825  132.2585    4.73600   -0.00780
 21.3083   26.01600 -304.13901   39.8904  132.3009    4.92300    0.00238
 21.3167   25.84100 -304.02200   39.8984  132.3437    5.00000    0.00964
 21.3250   25.66600 -303.90399   39.9064  132.3870    5.09900    0.00783
 21.3333   25.49100 -303.78601   39.9143  132.4307    5.22700   -0.00144
 21.3417   25.31700 -303.67001   39.9223  132.4745    5.25800   -0.01117
 21.3500   25.14200 -303.55399   39.9305  132.5190    5.35600   -0.02611
 21.3583   24.96800 -303.43701   39.9384  132.5637    5.46300   -0.01732
 21.3667   24.79400 -303.32001   39.9464  132.6089    5.64900   -0.00573
 21.3750   24.62000 -303.20300   39.9544  132.6545    5.77100    0.01221
 21.3833   24.44700 -303.08499   39.9623  132.7004    5.91800    0.00885
 21.3917   24.27400 -302.96600   39.9700  132.7468    5.97200    0.00023
 21.4000   24.10200 -302.84799   39.9778  132.7934    6.06100   -0.01506
 21.4083   23.92900 -302.72800   39.9855  132.8407    6.16600   -0.02949
 21.4167   23.75700 -302.60901   39.9932  132.8883    6.22600   -0.03109
 21.4250   23.58600 -302.48901   40.0007  132.9361    6.40700   -0.02678
 21.4333   23.41400 -302.36801   40.0082  132.9848    6.55900   -0.00221
 21.4417   23.24300 -302.24701   40.0157  133.0336    6.76000   -0.00366
 21.4500   23.07200 -302.12601   40.0231  133.0830    6.78200   -0.00898
 21.4583   22.90200 -302.00400   40.0304  133.1327    6.91600   -0.01733
 21.4667   22.73200 -301.88199   40.0376  133.1828    7.10200   -0.02413
 21.4750   22.56200 -301.76001   40.0449  133.2335    7.14500   -0.03513
 21.4833   22.39300 -301.63699   40.0519  133.2845    7.26600   -0.05092
 21.4917   22.22300 -301.51300   40.0590  133.3363    7.43500   -0.04030
 21.5000   22.05400 -301.39001   40.0661  133.3883    7.65900   -0.03980
 21.5083   21.88500 -301.26901   40.0733  133.4407    7.72200   -0.03199
 21.5167   21.71600 -301.14700   40.0805  133.4937    7.94800   -0.03656
 21.5250   21.54800 -301.02499   40.0875  133.5470    8.09600   -0.02762
 21.5333   21.38000 -300.90201   40.0944  133.6009    8.25900   -0.02028
 21.5417   21.21200 -300.77899   40.1013  133.6553    8.48700   -0.01421
 21.5500   21.04400 -300.65601   40.1082  133.7103    8.63900   -0.00829
 21.5583   20.87700 -300.53299   40.1150  133.7656    8.81800   -0.01006
 21.5667   20.71000 -300.40799   40.1216  133.8215    9.00500   -0.01904
 21.5750   20.54300 -300.28400   40.1283  133.8780    9.12700   -0.03146
 21.5833   20.37600 -300.15900   40.1349  133.9351    9.29100   -0.03070
 21.5917   20.21000 -300.03400   40.1413  133.9925    9.58200   -0.02696
 21.6000   20.04400 -299.90799   40.1476  134.0506    9.73800   -0.02768
 21.6083   19.87800 -299.78201   40.1539  134.1092    9.89300   -0.03265
 21.6167   19.71300 -299.65601   40.1601  134.1682   10.16900   -0.04126
 21.6250   19.54800 -299.52899   40.1661  134.2278   10.30600   -0.03417
 21.6333   19.38300 -299.40201   40.1721  134.2881   10.57200   -0.04736
 21.6417   19.21900 -299.27499   40.1780  134.3486   10.70500   -0.04061
 21.6500   19.05500 -299.14700   40.1837  134.4099   10.98600   -0.03512
 21.6583   18.89100 -299.01901   40.1894  134.4718   11.24900   -0.01972
 21.6667   18.72700 -298.89099   40.1951  134.5343   11.46400   -0.00284
 21.6750   18.56300 -298.76501   40.2009  134.5974   11.76100    0.02183
 21.6833   18.40000 -298.63800   40.2065  134.6608   12.08700    0.03938
 21.6917   18.23700 -298.51099   40.2120  134.7249   12.26800    0.03420
 21.7000   18.07400 -298.38400   40.2175  134.7897   12.41900    0.02070
 21.7083   17.91100 -298.25601   40.2229  134.8552   12.69500   -0.00802
 21.7167   17.74800 -298.12799   40.2282  134.9215   12.76600   -0.01740
 21.7250   17.58600 -298.00000   40.2333  134.9881   13.05800   -0.03321
 21.7333   17.42400 -297.87100   40.2383  135.0554   13.28500   -0.03278
 21.7417   17.26300 -297.74200   40.2431  135.1230   13.47200   -0.03863
 21.7500   17.10100 -297.61200   40.2479  135.1919   13.72300   -0.03463
 21.7583   16.94000 -297.48300   40.2526  135.2610   14.02900   -0.01094
 21.7667   16.78000 -297.35300   40.2570  135.3305   14.35900    0.01097
 21.7750   16.61900 -297.22198   40.2613  135.4012   14.59200    0.01751
 21.7833   16.45900 -297.09100   40.2655  135.4723   14.78400    0.01368
 21.7917   16.29900 -296.95999   40.2695  135.5442   15.04400   -0.00366
 21.8000   16.13900 -296.82901   40.2736  135.6168   15.18600   -0.01318
 21.8083   15.98000 -296.69699   40.2772  135.6898   15.43300   -0.02228
 21.8167   15.82000 -296.56500   40.2810  135.7640   15.69400   -0.00422
 21.8250   15.66100 -296.43301   40.2845  135.8386   16.04000    0.02040
 21.8333   15.50300 -296.30099   40.2878  135.9135   16.34200    0.02857
 21.8417   15.34400 -296.17001   40.2913  135.9897   16.48200    0.02543
 21.8500   15.18500 -296.03900   40.2947  136.0666   16.72600    0.01787
 21.8583   15.02700 -295.90799   40.2979  136.1439   16.97900    0.02532
 21.8667   14.86900 -295.77600   40.3008  136.2222   17.22600    0.02678
 21.8750   14.71100 -295.64401   40.3037  136.3012   17.42500    0.01347
 21.8833   14.55400 -295.51199   40.3063  136.3807   17.56500   -0.00297
 21.8917   14.39700 -295.37900   40.3087  136.4610   17.78500   -0.00487
 21.9000   14.23900 -295.24701   40.3112  136.5427   18.09700    0.00187
 21.9083   14.08300 -295.11301   40.3131  136.6244   18.30000    0.01879
 21.9167   13.92600 -294.98001   40.3151  136.7073   18.59600    0.00832
 21.9250   13.77000 -294.84601   40.3168  136.7908   18.69000   -0.00276
 21.9333   13.61400 -294.71201   40.3183  136.8751   18.89200   -0.01509
 21.9417   13.45800 -294.57800   40.3197  136.9604   19.17900   -0.01106
 21.9500   13.30300 -294.44299   40.3207  137.0461   19.39800   -0.01462
 21.9583   13.14700 -294.30801   40.3216  137.1332   19.53400   -0.02120
 21.9667   12.99200 -294.17300   40.3223  137.2208   19.80000   -0.02633
 21.9750   12.83700 -294.03699   40.3227  137.3093   20.03500   -0.01699
 21.9833   12.68300 -293.90201   40.3230  137.3982   20.28400    0.00008
 21.9917   12.52800 -293.76599   40.3231  137.4887   20.60500    0.01752
 22.0000   12.37400 -293.62900   40.3227  137.5796   20.82100    0.03323
 22.0083   12.22000 -293.49500   40.3227  137.6714   21.05700    0.03648
 22.0167   12.06600 -293.35999   40.3222  137.7642   21.27700    0.03136
 22.0250   11.91300 -293.22501   40.3215  137.8574   21.43800    0.02593
 22.0333   11.75900 -293.09000   40.3208  137.9521   21.67000    0.02445
 22.0417   11.60600 -292.95401   40.3195  138.0474   21.93600    0.02140
 22.0500   11.45300 -292.81799   40.3181  138.1437   22.08500    0.00621
 22.0583   11.30000 -292.68201   40.3164  138.2410   22.23200   -0.00853
 22.0667   11.14700 -292.54501   40.3144  138.3393   22.49100   -0.04520
 22.0750   10.99500 -292.40900   40.3123  138.4381   22.45600   -0.05331
 22.0833   10.84300 -292.27200   40.3097  138.5380   22.83000   -0.05583
 22.0917   10.69100 -292.13400   40.3067  138.6390   23.12200   -0.02886
 22.1000   10.54000 -291.99701   40.3036  138.7403   23.32700   -0.02371
 22.1083   10.38800 -291.85901   40.3002  138.8434   23.51600    0.00414
 22.1167   10.23700 -291.72101   40.2964  138.9470   24.01100   -0.00126
 22.1250   10.08600 -291.58200   40.2922  139.0517   23.97500    0.02494
 22.1333    9.93500 -291.44400   40.2878  139.1574   24.50700    0.00297
 22.1417    9.78500 -291.30499   40.2830  139.2636   24.57500    0.02143
 22.1500    9.63400 -291.16599   40.2780  139.3716   24.88000   -0.00094
 22.1583    9.48400 -291.02701   40.2725  139.4801   24.97300    0.00000

