hmax        =    300
wind_bottom =      2
wind_top    =     10
critlon     =      0
tbeg, h     =   0.00
tend, h     =  24.00
c_ionex     =      0
c_vert      =      1
time, gamma, az, latp, lonp, tec, tec_filtered
  0.0000   44.83288  168.38550   33.6478  138.9752    0.00000    0.00000
  0.0083   44.57544  168.41026   33.6260  138.9790    0.07900   -0.00114
  0.0167   44.31820  168.43481   33.6042  138.9829    0.12700   -0.00657
  0.0250   44.06118  168.45912   33.5822  138.9868    0.22000   -0.01174
  0.0333   43.80437  168.48320   33.5600  138.9907    0.33000   -0.01237
  0.0417   43.54777  168.50705   33.5376  138.9946    0.40600   -0.00929
  0.0500   43.29140  168.53065   33.5151  138.9986    0.51500   -0.00815
  0.0583   43.03524  168.55405   33.4924  139.0026    0.64100   -0.00551
  0.0667   42.77931  168.57718   33.4696  139.0066    0.70700   -0.01056
  0.0750   42.52360  168.60008   33.4465  139.0107    0.77600   -0.02021
  0.0833   42.26812  168.62274   33.4233  139.0148    0.90600   -0.00961
  0.0917   42.01287  168.64516   33.4000  139.0189    1.05000    0.01019
  0.1000   41.75784  168.66733   33.3764  139.0231    1.16700    0.01069
  0.1083   41.50305  168.68925   33.3527  139.0272    1.22200   -0.00710
  0.1167   41.24849  168.71094   33.3288  139.0314    1.29100   -0.03881
  0.1250   40.99417  168.73236   33.3047  139.0357    1.35000   -0.05490
  0.1333   40.74009  168.75354   33.2804  139.0400    1.47400   -0.04978
  0.1417   40.48624  168.77446   33.2559  139.0443    1.63300   -0.02851
  0.1500   40.23264  168.79514   33.2312  139.0486    1.76000   -0.00564
  0.1583   39.97928  168.81555   33.2063  139.0530    1.89000    0.00953
  0.1667   39.72616  168.83571   33.1812  139.0574    2.01900    0.02013
  0.1750   39.47329  168.85562   33.1560  139.0619    2.12800    0.02553
  0.1833   39.22067  168.87526   33.1305  139.0664    2.23900    0.02133
  0.1917   38.96830  168.89464   33.1048  139.0709    2.33600    0.01689
  0.2000   38.71618  168.91376   33.0789  139.0755    2.45700    0.01312
  0.2083   38.46432  168.93262   33.0528  139.0802    2.58300   -0.00598
  0.2167   38.21271  168.95120   33.0264  139.0848    2.61600   -0.03180
  0.2250   37.96136  168.96953   32.9999  139.0895    2.70700   -0.06188
  0.2333   37.71027  168.98758   32.9731  139.0943    2.81100   -0.07031
  0.2417   37.45944  169.00537   32.9461  139.0991    2.93800   -0.06708
  0.2500   37.20887  169.02289   32.9188  139.1039    3.08100   -0.04535
  0.2583   36.95857  169.04013   32.8913  139.1088    3.27200   -0.01289
  0.2667   36.70853  169.05710   32.8636  139.1138    3.45600    0.01145
  0.2750   36.45876  169.07381   32.8357  139.1188    3.57300    0.01645
  0.2833   36.20926  169.09023   32.8074  139.1238    3.68600    0.00609
  0.2917   35.96003  169.10635   32.7790  139.1289    3.81000   -0.00438
  0.3000   35.71107  169.12222   32.7503  139.1341    3.94000   -0.01440
  0.3083   35.46239  169.13782   32.7213  139.1393    4.06700   -0.03526
  0.3167   35.21398  169.15311   32.6921  139.1445    4.15200   -0.05387
  0.3250   34.96585  169.16814   32.6626  139.1498    4.30100   -0.06725
  0.3333   34.71800  169.18288   32.6329  139.1552    4.46200   -0.06634
  0.3417   34.47043  169.19733   32.6029  139.1606    4.62000   -0.05554
  0.3500   34.22314  169.21149   32.5726  139.1661    4.81700   -0.03894
  0.3583   33.97613  169.22537   32.5420  139.1717    5.01200   -0.02117
  0.3667   33.72941  169.23895   32.5111  139.1773    5.19200   -0.01276
  0.3750   33.48298  169.25226   32.4800  139.1830    5.36400   -0.02031
  0.3833   33.23683  169.26527   32.4485  139.1887    5.49500   -0.03030
  0.3917   32.99097  169.27798   32.4168  139.1945    5.67100   -0.03909
  0.4000   32.74541  169.29042   32.3847  139.2004    5.86000   -0.03855
  0.4083   32.50014  169.30255   32.3524  139.2063    6.05300   -0.04367
  0.4167   32.25516  169.31438   32.3197  139.2123    6.21600   -0.05679
  0.4250   32.01048  169.32591   32.2867  139.2184    6.37500   -0.05641
  0.4333   31.76609  169.33716   32.2534  139.2245    6.64300   -0.03431
  0.4417   31.52200  169.34810   32.2198  139.2308    6.92300   -0.00719
  0.4500   31.27821  169.35873   32.1859  139.2371    7.11700   -0.00037
  0.4583   31.03472  169.36908   32.1516  139.2434    7.29100   -0.01656
  0.4667   30.79154  169.37910   32.1169  139.2499    7.46600   -0.03171
  0.4750   30.54866  169.38884   32.0819  139.2564    7.67700   -0.03115
  0.4833   30.30608  169.39827   32.0466  139.2630    7.94600   -0.02571
  0.4917   30.06381  169.40739   32.0109  139.2697    8.15800   -0.02529
  0.5000   29.82185  169.41620   31.9749  139.2765    8.35400   -0.03387
  0.5083   29.58020  169.42471   31.9384  139.2834    8.58800   -0.04264
  0.5167   29.33886  169.43291   31.9016  139.2903    8.80900   -0.03920
  0.5250   29.09783  169.44078   31.8645  139.2974    9.07800   -0.03482
  0.5333   28.85711  169.44835   31.8269  139.3045    9.32400   -0.02774
  0.5417   28.61671  169.45561   31.7889  139.3117    9.57100   -0.03192
  0.5500   28.37662  169.46255   31.7506  139.3191    9.79400   -0.03331
  0.5583   28.13685  169.46918   31.7118  139.3265   10.06700   -0.03151
  0.5667   27.89740  169.47549   31.6726  139.3340   10.33900   -0.03140
  0.5750   27.65827  169.48148   31.6330  139.3416   10.55700   -0.03187
  0.5833   27.41945  169.48717   31.5930  139.3493   10.83300   -0.03000
  0.5917   27.18096  169.49251   31.5526  139.3571   11.12900   -0.02051
  0.6000   26.94280  169.49754   31.5117  139.3651   11.40400   -0.00859
  0.6083   26.70495  169.50226   31.4703  139.3731   11.70300    0.00052
  0.6167   26.46744  169.50664   31.4286  139.3813   11.98500    0.00678
  0.6250   26.23025  169.51070   31.3863  139.3895   12.24300    0.00331
  0.6333   25.99338  169.51443   31.3436  139.3979   12.48700    0.00155
  0.6417   25.75685  169.51785   31.3004  139.4064   12.78000   -0.00401
  0.6500   25.52065  169.52094   31.2567  139.4149   13.01700   -0.00604
  0.6583   25.28477  169.52368   31.2125  139.4237   13.28400   -0.00050
  0.6667   25.04923  169.52611   31.1679  139.4325   13.62700    0.01497
  0.6750   24.81403  169.52820   31.1227  139.4415   13.92500    0.02665
  0.6833   24.57915  169.52995   31.0770  139.4506   14.17000    0.01804
  0.6917   24.34462  169.53139   31.0308  139.4598   14.39000    0.00611
  0.7000   24.11042  169.53247   30.9840  139.4692   14.66600   -0.00661
  0.7083   23.87656  169.53322   30.9367  139.4787   14.90800   -0.01509
  0.7167   23.64303  169.53365   30.8889  139.4883   15.15700   -0.01961
  0.7250   23.40985  169.53372   30.8405  139.4981   15.46100   -0.02181
  0.7333   23.17701  169.53346   30.7915  139.5080   15.71900   -0.01613
  0.7417   22.94451  169.53285   30.7420  139.5181   16.02000   -0.01911
  0.7500   22.71235  169.53191   30.6919  139.5283   16.27300   -0.01708
  0.7583   22.48054  169.53062   30.6411  139.5386   16.56200   -0.01343
  0.7667   22.24907  169.52901   30.5898  139.5491   16.87100   -0.01315
  0.7750   22.01795  169.52702   30.5378  139.5598   17.10500   -0.00451
  0.7833   21.78718  169.52470   30.4853  139.5706   17.45300   -0.00276
  0.7917   21.55675  169.52203   30.4320  139.5816   17.72600    0.00073
  0.8000   21.32668  169.51901   30.3782  139.5928   17.97900   -0.00675
  0.8083   21.09695  169.51566   30.3237  139.6041   18.26200   -0.00957
  0.8167   20.86758  169.51193   30.2685  139.6156   18.57500   -0.00436
  0.8250   20.63855  169.50786   30.2126  139.6273   18.88700   -0.00252
  0.8333   20.40988  169.50343   30.1560  139.6391   19.16000   -0.01009
  0.8417   20.18157  169.49866   30.0988  139.6511   19.41400   -0.02302
  0.8500   19.95361  169.49353   30.0408  139.6634   19.69500   -0.03217
  0.8583   19.72600  169.48804   29.9821  139.6758   19.99600   -0.03402
  0.8667   19.49875  169.48219   29.9227  139.6883   20.30600   -0.03506
  0.8750   19.27186  169.47598   29.8625  139.7011   20.60400   -0.03608
  0.8833   19.04533  169.46944   29.8015  139.7141   20.91900   -0.02940
  0.8917   18.81916  169.46249   29.7398  139.7273   21.30400   -0.02896
  0.9000   18.59335  169.45522   29.6773  139.7407   21.57900   -0.02155
  0.9083   18.36790  169.44756   29.6140  139.7543   21.96000   -0.03289
  0.9167   18.14281  169.43954   29.5499  139.7681   22.22700   -0.04153
  0.9250   17.91809  169.43117   29.4850  139.7821   22.54100   -0.06236
  0.9333   17.69372  169.42242   29.4192  139.7964   22.85600   -0.06907
  0.9417   17.46973  169.41330   29.3526  139.8109   23.24500   -0.07005
  0.9500   17.24610  169.40381   29.2851  139.8256   23.61700   -0.06503
  0.9583   17.02284  169.39397   29.2167  139.8405   23.99500   -0.05257
  0.9667   16.79994  169.38373   29.1475  139.8557   24.46100   -0.04114
  0.9750   16.57741  169.37312   29.0773  139.8711   24.85000   -0.03455
  0.9833   16.35525  169.36215   29.0063  139.8867   25.22100   -0.03779
  0.9917   16.13347  169.35080   28.9342  139.9026   25.63600   -0.03735
  1.0000   15.91205  169.33907   28.8613  139.9188   26.08100   -0.04042
  1.0083   15.69100  169.32697   28.7874  139.9352   26.45400   -0.04656
  1.0167   15.47033  169.31448   28.7125  139.9519   26.88600   -0.06211
  1.0250   15.25003  169.30162   28.6366  139.9689   27.29300   -0.07361
  1.0333   15.03010  169.28838   28.5597  139.9861   27.72800   -0.08009
  1.0417   14.81055  169.27475   28.4818  140.0036   28.22400   -0.07609
  1.0500   14.59138  169.26074   28.4028  140.0214   28.73800   -0.06834
  1.0583   14.37258  169.24634   28.3228  140.0395   29.23500   -0.07069
  1.0667   14.15416  169.23157   28.2417  140.0578   29.68600   -0.07803
  1.0750   13.93611  169.21638   28.1596  140.0765   30.20300   -0.08542
  1.0833   13.71845  169.20084   28.0763  140.0955   30.74000   -0.07801
  1.0917   13.50116  169.18489   27.9919  140.1148   31.35600   -0.07500
  1.1000   13.28426  169.16855   27.9064  140.1343   31.88100   -0.07697
  1.1083   13.06774  169.15182   27.8198  140.1542   32.42700   -0.09179
  1.1167   12.85159  169.13470   27.7320  140.1745   32.99100   -0.10452
  1.1250   12.63584  169.11719   27.6430  140.1950   33.58600   -0.10594
  1.1333   12.42046  169.09927   27.5528  140.2159   34.27200   -0.10994
  1.1417   12.20547  169.08095   27.4614  140.2371   34.86400   -0.10744
  1.1500   11.99087  169.06226   27.3688  140.2587   35.57600   -0.11084
  1.1583   11.77665  169.04314   27.2749  140.2806   36.28300   -0.10957
  1.1667   11.56281  169.02364   27.1798  140.3029   36.98500   -0.12227
  1.1750   11.34937  169.00371   27.0834  140.3255   37.64100   -0.13263
  1.1833   11.13631  168.98340   26.9857  140.3485   38.43000   -0.13435
  1.1917   10.92364  168.96268   26.8867  140.3719   39.27100   -0.13532
  1.2000   10.71136  168.94154   26.7864  140.3956   40.00900   -0.14764
  1.2083   10.49947  168.92001   26.6848  140.4198   40.78000   -0.15704
  1.2167   10.28797  168.89809   26.5818  140.4443   41.72000   -0.15100
  1.2250   10.07687  168.87572   26.4774  140.4692   42.66700   -0.13646
  1.2333    9.86615  168.85297   26.3717  140.4945   43.58300   -0.12476
  1.2417    9.65583  168.82979   26.2645  140.5202   44.57100   -0.11983
  1.2500    9.44591  168.80620   26.1560  140.5464   45.52500   -0.12010
  1.2583    9.23637  168.78220   26.0460  140.5729   46.46301   -0.12183
  1.2667    9.02724  168.75778   25.9346  140.5999   47.50500   -0.11468
  1.2750    8.81850  168.73294   25.8217  140.6273   48.59700   -0.09565
  1.2833    8.61015  168.70769   25.7073  140.6551   49.70000   -0.08033
  1.2917    8.40221  168.68201   25.5915  140.6834   50.76600   -0.06860
  1.3000    8.19466  168.65591   25.4742  140.7121   51.88400   -0.05909
  1.3083    7.98751  168.62939   25.3553  140.7413   53.01100   -0.04629
  1.3167    7.78076  168.60245   25.2350  140.7710   54.14201   -0.03664
  1.3250    7.57441  168.57507   25.1131  140.8011   55.26200   -0.03285
  1.3333    7.36846  168.54729   24.9896  140.8316   56.36900   -0.02664
  1.3417    7.16292  168.51906   24.8647  140.8627   57.56400   -0.02891
  1.3500    6.95777  168.49042   24.7381  140.8942   58.64900   -0.03040
  1.3583    6.75303  168.46132   24.6099  140.9262   59.81100   -0.03941
  1.3667    6.54870  168.43181   24.4802  140.9588   60.98100   -0.04078
  1.3750    6.34476  168.40186   24.3489  140.9918   62.19300   -0.05478
  1.3833    6.14124  168.37148   24.2160  141.0253   63.29400   -0.05910
  1.3917    5.93812  168.34065   24.0814  141.0593   64.42500   -0.06845
  1.4000    5.73541  168.30940   23.9453  141.0939   65.61900   -0.07403
  1.4083    5.53310  168.27769   23.8075  141.1289   66.79300   -0.06780
  1.4167    5.33120  168.24557   23.6680  141.1645   68.08601   -0.05514
  1.4250    5.12972  168.21300   23.5270  141.2006   69.39000   -0.03288
  1.4333    4.92864  168.17998   23.3842  141.2373   70.77300   -0.01663
  1.4417    4.72797  168.14651   23.2399  141.2745   72.20400   -0.00371
  1.4500    4.52771  168.11259   23.0939  141.3123   73.69600    0.00000

 19.4250   16.28987  292.91580   38.6599  129.7855   11.59200    0.00000
 19.4333   16.43853  293.06631   38.6631  129.8524   11.56500    0.00651
 19.4417   16.58736  293.21671   38.6660  129.9187   11.38000    0.01673
 19.4500   16.73637  293.36700   38.6689  129.9845   11.20700    0.01872
 19.4583   16.88555  293.51718   38.6715  130.0497   11.03700    0.02317
 19.4667   17.03490  293.66724   38.6740  130.1143   10.80400    0.02304
 19.4750   17.18443  293.81717   38.6763  130.1785   10.59900    0.00655
 19.4833   17.33414  293.96698   38.6784  130.2421   10.41600   -0.02466
 19.4917   17.48402  294.11667   38.6804  130.3052   10.11300   -0.07078
 19.5000   17.63408  294.26627   38.6822  130.3678    9.83800   -0.10206
 19.5083   17.78432  294.41571   38.6839  130.4298    9.77900   -0.09400
 19.5167   17.93474  294.56506   38.6854  130.4913    9.73700   -0.05551
 19.5250   18.08534  294.71426   38.6868  130.5523    9.67900   -0.04231
 19.5333   18.23613  294.86334   38.6880  130.6129    9.43700   -0.03563
 19.5417   18.38709  295.01230   38.6891  130.6729    9.36600   -0.03032
 19.5500   18.53825  295.16113   38.6900  130.7324    9.31200   -0.01400
 19.5583   18.68959  295.30984   38.6908  130.7915    9.16800   -0.00764
 19.5667   18.84111  295.45844   38.6915  130.8500    9.04200   -0.01789
 19.5750   18.99282  295.60690   38.6920  130.9081    8.89200   -0.01130
 19.5833   19.14473  295.75522   38.6924  130.9657    8.88900   -0.01665
 19.5917   19.29682  295.90341   38.6927  131.0229    8.69000   -0.00944
 19.6000   19.44910  296.05148   38.6928  131.0795    8.63200   -0.01854
 19.6083   19.60158  296.19940   38.6928  131.1358    8.50600    0.00172
 19.6167   19.75424  296.34720   38.6927  131.1915    8.51000    0.00332
 19.6250   19.90710  296.49487   38.6924  131.2468    8.32400    0.01833
 19.6333   20.06016  296.64240   38.6921  131.3017    8.28600    0.01915
 19.6417   20.21341  296.78979   38.6916  131.3561    8.19500    0.02304
 19.6500   20.36687  296.93707   38.6910  131.4101    8.02800    0.01997
 19.6583   20.52051  297.08417   38.6903  131.4637    7.96000   -0.00022
 19.6667   20.67436  297.23117   38.6895  131.5168    7.75400    0.00093
 19.6750   20.82841  297.37802   38.6885  131.5695    7.74200   -0.00709
 19.6833   20.98266  297.52472   38.6875  131.6218    7.61000   -0.01401
 19.6917   21.13711  297.67130   38.6863  131.6736    7.42600   -0.02509
 19.7000   21.29177  297.81772   38.6851  131.7251    7.38700   -0.04998
 19.7083   21.44663  297.96399   38.6837  131.7761    7.18000   -0.04475
 19.7167   21.60169  298.11014   38.6822  131.8268    7.19800   -0.06186
 19.7250   21.75697  298.25613   38.6807  131.8770    7.03000   -0.04060
 19.7333   21.91245  298.40198   38.6790  131.9268    7.08500   -0.05226
 19.7417   22.06814  298.54767   38.6772  131.9763    6.91200   -0.04487
 19.7500   22.22404  298.69324   38.6754  132.0253    6.89400   -0.06897
 19.7583   22.38015  298.83865   38.6734  132.0740    6.77000   -0.06664
 19.7667   22.53647  298.98392   38.6713  132.1223    6.79900   -0.07874
 19.7750   22.69301  299.12903   38.6692  132.1702    6.71700   -0.07017
 19.7833   22.84975  299.27399   38.6670  132.2177    6.75100   -0.08656
 19.7917   23.00672  299.41882   38.6646  132.2649    6.64400   -0.07942
 19.8000   23.16390  299.56348   38.6622  132.3117    6.72500   -0.08881
 19.8083   23.32130  299.70798   38.6597  132.3582    6.68100   -0.07213
 19.8167   23.47891  299.85233   38.6571  132.4042    6.75600   -0.06817
 19.8250   23.63675  299.99655   38.6545  132.4500    6.79100   -0.05354
 19.8333   23.79481  300.14059   38.6517  132.4953    6.84100   -0.03020
 19.8417   23.95308  300.28448   38.6489  132.5404    7.01100   -0.02010
 19.8500   24.11158  300.42822   38.6459  132.5850    6.99500   -0.02630
 19.8583   24.27031  300.57181   38.6430  132.6294    6.98500   -0.06119
 19.8667   24.42926  300.71524   38.6399  132.6734    7.00200   -0.09288
 19.8750   24.58843  300.85849   38.6367  132.7170    7.03600   -0.11185
 19.8833   24.74783  301.00159   38.6335  132.7603    7.12000   -0.11344
 19.8917   24.90746  301.14453   38.6302  132.8033    7.26500   -0.10075
 19.9000   25.06732  301.28732   38.6268  132.8460    7.39400   -0.08230
 19.9083   25.22740  301.42996   38.6234  132.8884    7.51900   -0.05017
 19.9167   25.38772  301.57239   38.6198  132.9304    7.74700   -0.01737
 19.9250   25.54827  301.71469   38.6162  132.9721    7.87900    0.03237
 19.9333   25.70905  301.85684   38.6126  133.0135    8.10800    0.04888
 19.9417   25.87007  301.99878   38.6088  133.0546    8.14000    0.06476
 19.9500   26.03132  302.14059   38.6050  133.0953    8.27200    0.06651
 19.9583   26.19281  302.28223   38.6012  133.1358    8.41300    0.07815
 19.9667   26.35453  302.42368   38.5972  133.1759    8.49300    0.08237
 19.9750   26.51650  302.56497   38.5932  133.2158    8.56100    0.07610
 19.9833   26.67870  302.70609   38.5892  133.2554    8.61300    0.07725
 19.9917   26.84114  302.84705   38.5851  133.2946    8.70000    0.09555
 20.0000   27.00383  302.98785   38.5809  133.3336    8.82400    0.13014
 20.0083   27.16675  303.12845   38.5766  133.3723    8.92000    0.15284
 20.0167   27.32992  303.26889   38.5723  133.4107    8.88100    0.16592
 20.0250   27.49334  303.40915   38.5679  133.4489    8.89900    0.16665
 20.0333   27.65699  303.54926   38.5635  133.4867    8.87200    0.17594
 20.0417   27.82090  303.68918   38.5590  133.5243    8.83500    0.17944
 20.0500   27.98505  303.82892   38.5545  133.5616    8.77300    0.18049
 20.0583   28.14946  303.96848   38.5499  133.5986    8.69400    0.16825
 20.0667   28.31411  304.10788   38.5452  133.6353    8.55000    0.15492
 20.0750   28.47901  304.24707   38.5405  133.6718    8.45200    0.12781
 20.0833   28.64416  304.38611   38.5357  133.7080    8.26200    0.09636
 20.0917   28.80957  304.52496   38.5309  133.7439    8.05900    0.05606
 20.1000   28.97523  304.66364   38.5260  133.7796    7.88500    0.01145
 20.1083   29.14114  304.80212   38.5211  133.8150    7.65300   -0.02442
 20.1167   29.30731  304.94043   38.5161  133.8502    7.48700   -0.05278
 20.1250   29.47374  305.07855   38.5111  133.8851    7.34200   -0.06027
 20.1333   29.64042  305.21649   38.5060  133.9198    7.21600   -0.06553
 20.1417   29.80736  305.35425   38.5009  133.9542    7.06000   -0.06207
 20.1500   29.97457  305.49182   38.4957  133.9884    6.96800   -0.06692
 20.1583   30.14203  305.62921   38.4905  134.0223    6.80600   -0.06879
 20.1667   30.30975  305.76642   38.4852  134.0560    6.67700   -0.06960
 20.1750   30.47774  305.90341   38.4799  134.0894    6.60200   -0.06193
 20.1833   30.64599  306.04025   38.4745  134.1226    6.49900   -0.05336
 20.1917   30.81451  306.17688   38.4691  134.1556    6.39500   -0.05113
 20.2000   30.98329  306.31332   38.4637  134.1883    6.30500   -0.04731
 20.2083   31.15234  306.44958   38.4582  134.2208    6.22600   -0.03504
 20.2167   31.32165  306.58563   38.4526  134.2531    6.17300   -0.01440
 20.2250   31.49124  306.72150   38.4470  134.2851    6.13500    0.00666
 20.2333   31.66109  306.85718   38.4414  134.3169    6.06700    0.01309
 20.2417   31.83122  306.99265   38.4357  134.3485    5.94900    0.00820
 20.2500   32.00161  307.12796   38.4300  134.3798    5.86000   -0.00143
 20.2583   32.17228  307.26303   38.4242  134.4110    5.76800    0.00589
 20.2667   32.34322  307.39792   38.4184  134.4419    5.73200    0.01436
 20.2750   32.51444  307.53262   38.4126  134.4726    5.64100    0.01825
 20.2833   32.68593  307.66714   38.4067  134.5031    5.52400    0.01125
 20.2917   32.85770  307.80142   38.4008  134.5334    5.43100    0.01371
 20.3000   33.02975  307.93552   38.3948  134.5634    5.38600    0.03036
 20.3083   33.20207  308.06943   38.3888  134.5933    5.33300    0.04630
 20.3167   33.37468  308.20312   38.3828  134.6230    5.23200    0.05374
 20.3250   33.54756  308.33664   38.3767  134.6524    5.14200    0.03648
 20.3333   33.72073  308.46994   38.3706  134.6816    4.96900    0.01150
 20.3417   33.89418  308.60303   38.3645  134.7107    4.83500   -0.02008
 20.3500   34.06791  308.73590   38.3583  134.7395    4.71500   -0.03125
 20.3583   34.24192  308.86859   38.3521  134.7681    4.64400   -0.03946
 20.3667   34.41622  309.00107   38.3458  134.7966    4.52500   -0.03766
 20.3750   34.59081  309.13333   38.3395  134.8248    4.45900   -0.04597
 20.3833   34.76568  309.26538   38.3332  134.8529    4.34100   -0.03910
 20.3917   34.94084  309.39725   38.3268  134.8807    4.29300   -0.03855
 20.4000   35.11629  309.52890   38.3204  134.9084    4.19300   -0.02974
 20.4083   35.29203  309.66031   38.3140  134.9359    4.11700   -0.01990
 20.4167   35.46807  309.79153   38.3076  134.9632    4.08000   -0.00634
 20.4250   35.64439  309.92255   38.3011  134.9903    4.00700    0.00195
 20.4333   35.82100  310.05334   38.2945  135.0172    3.91300    0.00144
 20.4417   35.99791  310.18393   38.2880  135.0439    3.84000    0.00670
 20.4500   36.17511  310.31430   38.2814  135.0705    3.80000    0.00910
 20.4583   36.35261  310.44446   38.2748  135.0968    3.69800    0.00381
 20.4667   36.53040  310.57440   38.2681  135.1230    3.59800   -0.00582
 20.4750   36.70849  310.70410   38.2615  135.1490    3.53900   -0.00333
 20.4833   36.88688  310.83362   38.2547  135.1749    3.49700   -0.00944
 20.4917   37.06557  310.96289   38.2480  135.2005    3.35600   -0.01013
 20.5000   37.24456  311.09198   38.2412  135.2260    3.32300   -0.02510
 20.5083   37.42385  311.22083   38.2344  135.2513    3.21300   -0.02487
 20.5167   37.60344  311.34943   38.2276  135.2765    3.14400   -0.02323
 20.5250   37.78333  311.47784   38.2208  135.3015    3.12200   -0.01100
 20.5333   37.96352  311.60602   38.2139  135.3263    3.06500    0.00425
 20.5417   38.14402  311.73398   38.2070  135.3509    3.01400    0.00082
 20.5500   38.32482  311.86172   38.2000  135.3754    2.91200   -0.00284
 20.5583   38.50593  311.98920   38.1931  135.3997    2.86000   -0.01504
 20.5667   38.68735  312.11649   38.1861  135.4239    2.77200   -0.01832
 20.5750   38.86907  312.24353   38.1791  135.4478    2.71200   -0.02684
 20.5833   39.05111  312.37036   38.1720  135.4717    2.63400   -0.02416
 20.5917   39.23345  312.49695   38.1649  135.4953    2.59900   -0.01758
 20.6000   39.41610  312.62332   38.1578  135.5188    2.55800   -0.00396
 20.6083   39.59906  312.74945   38.1507  135.5422    2.51500    0.00789
 20.6167   39.78234  312.87537   38.1436  135.5654    2.47100    0.01720
 20.6250   39.96592  313.00101   38.1364  135.5885    2.41700    0.02437
 20.6333   40.14982  313.12646   38.1292  135.6113    2.36700    0.02535
 20.6417   40.33404  313.25165   38.1220  135.6341    2.29800    0.01637
 20.6500   40.51856  313.37662   38.1147  135.6567    2.20400   -0.00542
 20.6583   40.70341  313.50134   38.1075  135.6791    2.10100   -0.02086
 20.6667   40.88857  313.62585   38.1002  135.7014    2.06500   -0.02479
 20.6750   41.07405  313.75009   38.0928  135.7236    2.02400   -0.01680
 20.6833   41.25984  313.87411   38.0855  135.7456    1.97400   -0.01676
 20.6917   41.44596  313.99786   38.0781  135.7674    1.90300   -0.01562
 20.7000   41.63239  314.12140   38.0708  135.7891    1.86600   -0.01463
 20.7083   41.81915  314.24469   38.0634  135.8107    1.81400   -0.01361
 20.7167   42.00623  314.36774   38.0559  135.8321    1.74400   -0.01658
 20.7250   42.19362  314.49051   38.0485  135.8534    1.69200   -0.01563
 20.7333   42.38135  314.61307   38.0410  135.8745    1.66400   -0.01309
 20.7417   42.56939  314.73538   38.0335  135.8955    1.61000   -0.00985
 20.7500   42.75776  314.85745   38.0260  135.9164    1.56900   -0.00873
 20.7583   42.94645  314.97925   38.0184  135.9371    1.53700   -0.00946
 20.7667   43.13547  315.10080   38.0109  135.9577    1.48000   -0.01449
 20.7750   43.32482  315.22211   38.0033  135.9782    1.42800   -0.02747
 20.7833   43.51449  315.34317   37.9957  135.9985    1.37100   -0.03416
 20.7917   43.70449  315.46396   37.9881  136.0187    1.34800   -0.04366
 20.8000   43.89482  315.58450   37.9804  136.0388    1.29400   -0.04090
 20.8083   44.08547  315.70480   37.9728  136.0587    1.29700   -0.04406
 20.8167   44.27646  315.82483   37.9651  136.0785    1.25800   -0.04623
 20.8250   44.46778  315.94461   37.9574  136.0982    1.21500   -0.05171
 20.8333   44.65943  316.06412   37.9497  136.1177    1.21200   -0.04744
 20.8417   44.85141  316.18338   37.9419  136.1371    1.22200   -0.04413
 20.8500   45.04372  316.30240   37.9342  136.1564    1.18600   -0.03722
 20.8583   45.23637  316.42111   37.9264  136.1756    1.20600   -0.03495
 20.8667   45.42935  316.53958   37.9186  136.1946    1.20500   -0.02445
 20.8750   45.62266  316.65781   37.9108  136.2135    1.20800   -0.02190
 20.8833   45.81631  316.77573   37.9029  136.2323    1.20400   -0.01711
 20.8917   46.01030  316.89340   37.8951  136.2510    1.21700   -0.01835
 20.9000   46.20462  317.01080   37.8872  136.2696    1.20300   -0.01496
 20.9083   46.39928  317.12793   37.8793  136.2880    1.22500   -0.00797
 20.9167   46.59427  317.24478   37.8714  136.3063    1.26100    0.00686
 20.9250   46.78961  317.36139   37.8635  136.3245    1.28200    0.00605
 20.9333   46.98528  317.47769   37.8556  136.3426    1.24500   -0.00363
 20.9417   47.18129  317.59372   37.8476  136.3605    1.24600   -0.01509
 20.9500   47.37764  317.70947   37.8396  136.3784    1.26000   -0.01475
 20.9583   47.57434  317.82495   37.8316  136.3961    1.26800   -0.01411
 20.9667   47.77137  317.94016   37.8236  136.4137    1.26900   -0.00675
 20.9750   47.96874  318.05508   37.8156  136.4312    1.30800    0.00463
 20.9833   48.16646  318.16971   37.8076  136.4486    1.33000    0.02163
 20.9917   48.36452  318.28406   37.7995  136.4659    1.35100    0.02838
 21.0000   48.56292  318.39813   37.7914  136.4830    1.34700    0.03610
 21.0083   48.76167  318.51190   37.7833  136.5001    1.36400    0.03549
 21.0167   48.96076  318.62540   37.7752  136.5170    1.34700    0.03142
 21.0250   49.16019  318.73859   37.7671  136.5339    1.32600    0.03062
 21.0333   49.35997  318.85147   37.7590  136.5506    1.35400    0.02795
 21.0417   49.56010  318.96408   37.7508  136.5672    1.32400    0.02955
 21.0500   49.76057  319.07639   37.7427  136.5837    1.31300    0.02746
 21.0583   49.96138  319.18842   37.7345  136.6001    1.32000    0.03332
 21.0667   50.16255  319.30014   37.7263  136.6164    1.31400    0.04119
 21.0750   50.36406  319.41153   37.7181  136.6326    1.30200    0.03214
 21.0833   50.56592  319.52264   37.7098  136.6487    1.23600    0.02517
 21.0917   50.76812  319.63345   37.7016  136.6647    1.22500    0.02301
 21.1000   50.97068  319.74393   37.6933  136.6806    1.21800    0.03102
 21.1083   51.17358  319.85413   37.6850  136.6964    1.18200    0.03049
 21.1167   51.37684  319.96399   37.6768  136.7120    1.13700    0.02847
 21.1250   51.58044  320.07355   37.6684  136.7276    1.12000    0.03331
 21.1333   51.78440  320.18280   37.6601  136.7431    1.09900    0.04898
 21.1417   51.98870  320.29175   37.6518  136.7585    1.08000    0.06267
 21.1500   52.19336  320.40033   37.6434  136.7738    1.04000    0.06914
 21.1583   52.39836  320.50864   37.6351  136.7890    0.97000    0.05669
 21.1667   52.60372  320.61658   37.6267  136.8040    0.86600    0.03333
 21.1750   52.80943  320.72424   37.6183  136.8190    0.78500    0.02930
 21.1833   53.01549  320.83154   37.6099  136.8340    0.79300    0.06050
 21.1917   53.22191  320.93851   37.6015  136.8487    0.82000    0.07543
 21.2000   53.42867  321.04514   37.5931  136.8634    0.67800    0.05991
 21.2083   53.63579  321.15146   37.5846  136.8781    0.57800    0.01779
 21.2167   53.84327  321.25742   37.5762  136.8926    0.51700   -0.02583
 21.2250   54.05109  321.36304   37.5677  136.9070    0.37500   -0.10490
 21.2333   54.25927  321.46832   37.5592  136.9213    0.14900   -0.16688
 21.2417   54.46781  321.57324   37.5507  136.9356    0.14700   -0.15781
 21.2500   54.67670  321.67783   37.5422  136.9497    0.26600   -0.11110
 21.2583   54.88594  321.78207   37.5337  136.9638    0.19000   -0.08549
 21.2667   55.09554  321.88593   37.5251  136.9778    0.12700   -0.08473
 21.2750   55.30549  321.98944   37.5166  136.9916    0.15900   -0.06339
 21.2833   55.51580  322.09259   37.5080  137.0054    0.15600   -0.01220
 21.2917   55.72646  322.19540   37.4994  137.0191    0.20700    0.02056
 21.3000   55.93748  322.29779   37.4908  137.0328    0.19100    0.02584
 21.3083   56.14885  322.39984   37.4822  137.0463    0.10900   -0.02212
 21.3167   56.36058  322.50153   37.4736  137.0597    0.00000   -0.05805
 21.3250   56.57267  322.60281   37.4650  137.0731    0.04900   -0.04819
 21.3333   56.78511  322.70370   37.4564  137.0864    0.13300   -0.00934
 21.3417   56.99790  322.80423   37.4477  137.0995    0.11800   -0.00327
 21.3500   57.21106  322.90436   37.4390  137.1126    0.04900   -0.03437
 21.3583   57.42456  323.00412   37.4304  137.1257    0.01600   -0.05432
 21.3667   57.63843  323.10345   37.4217  137.1386    0.05300   -0.04507
 21.3750   57.85265  323.20239   37.4130  137.1515    0.09500   -0.03442
 21.3833   58.06723  323.30090   37.4042  137.1642    0.07600   -0.01140
 21.3917   58.28216  323.39902   37.3955  137.1769    0.16900   -0.01625
 21.4000   58.49745  323.49673   37.3868  137.1895    0.13800   -0.04815
 21.4083   58.71309  323.59402   37.3780  137.2021    0.04200   -0.10406
 21.4167   58.92909  323.69086   37.3693  137.2145    0.06000   -0.14735
 21.4250   59.14545  323.78729   37.3605  137.2269    0.07400   -0.13322
 21.4333   59.36216  323.88330   37.3517  137.2392    0.19000   -0.10923
 21.4417   59.57923  323.97885   37.3429  137.2514    0.26400   -0.07961
 21.4500   59.79666  324.07394   37.3341  137.2635    0.32100   -0.06645
 21.4583   60.01444  324.16858   37.3252  137.2756    0.39800   -0.05935
 21.4667   60.23258  324.26279   37.3164  137.2875    0.46700   -0.04189
 21.4750   60.45107  324.35651   37.3076  137.2995    0.57000   -0.05007
 21.4833   60.66992  324.44977   37.2987  137.3113    0.57100   -0.06492
 21.4917   60.88912  324.54257   37.2898  137.3230    0.63400   -0.09700
 21.5000   61.10868  324.63486   37.2809  137.3347    0.70100   -0.09666
 21.5083   61.32859  324.72668   37.2720  137.3463    0.83400   -0.08563
 21.5167   61.54886  324.81799   37.2631  137.3578    0.94100   -0.04991
 21.5250   61.76948  324.90881   37.2542  137.3693    1.09300   -0.01589
 21.5333   61.99046  324.99911   37.2453  137.3806    1.21700    0.01220
 21.5417   62.21179  325.08890   37.2363  137.3920    1.30200    0.02974
 21.5500   62.43347  325.17816   37.2274  137.4032    1.41400    0.03050
 21.5583   62.65551  325.26688   37.2184  137.4144    1.47700    0.03725
 21.5667   62.87790  325.35504   37.2094  137.4254    1.58300    0.05240
 21.5750   63.10064  325.44266   37.2004  137.4365    1.72600    0.07821
 21.5833   63.32374  325.52972   37.1914  137.4474    1.83000    0.08766
 21.5917   63.54719  325.61621   37.1824  137.4583    1.88200    0.08104
 21.6000   63.77099  325.70212   37.1734  137.4691    1.96800    0.06301
 21.6083   63.99514  325.78745   37.1643  137.4798    2.02200    0.04447
 21.6167   64.21965  325.87216   37.1553  137.4905    2.05900    0.01226
 21.6250   64.44450  325.95627   37.1462  137.5011    2.08900   -0.00655
 21.6333   64.66971  326.03973   37.1371  137.5117    2.18200   -0.01505
 21.6417   64.89526  326.12259   37.1281  137.5221    2.25100   -0.01235
 21.6500   65.12117  326.20477   37.1190  137.5325    2.31500   -0.00310
 21.6583   65.34742  326.28629   37.1098  137.5428    2.42200    0.01945
 21.6667   65.57403  326.36716   37.1007  137.5531    2.52500    0.03346
 21.6750   65.80098  326.44730   37.0916  137.5633    2.55400    0.02388
 21.6833   66.02828  326.52676   37.0824  137.5735    2.57900    0.00666
 21.6917   66.25592  326.60550   37.0733  137.5835    2.65200   -0.00246
 21.7000   66.48391  326.68350   37.0641  137.5935    2.70300    0.00925
 21.7083   66.71225  326.76077   37.0549  137.6035    2.79600    0.02203
 21.7167   66.94094  326.83725   37.0457  137.6133    2.87200    0.03781
 21.7250   67.16997  326.91293   37.0365  137.6232    2.93000    0.03727
 21.7333   67.39934  326.98782   37.0273  137.6329    2.96700    0.03910
 21.7417   67.62906  327.06189   37.0181  137.6426    3.04600    0.04102
 21.7500   67.85911  327.13510   37.0088  137.6522    3.09900    0.03755
 21.7583   68.08952  327.20746   36.9996  137.6618    3.11500    0.01651
 21.7667   68.32026  327.27893   36.9903  137.6713    3.13800   -0.00451
 21.7750   68.55134  327.34946   36.9810  137.6807    3.19100   -0.01440
 21.7833   68.78277  327.41907   36.9717  137.6901    3.24200   -0.01515
 21.7917   69.01453  327.48773   36.9624  137.6994    3.29100   -0.01914
 21.8000   69.24664  327.55539   36.9531  137.7087    3.33400   -0.01469
 21.8083   69.47908  327.62201   36.9438  137.7179    3.40900   -0.01508
 21.8167   69.71186  327.68762   36.9344  137.7270    3.44200   -0.00735
 21.8250   69.94497  327.75211   36.9251  137.7361    3.50800   -0.00066
 21.8333   70.17842  327.81552   36.9157  137.7451    3.57900    0.00380
 21.8417   70.41220  327.87775   36.9063  137.7541    3.60600   -0.00710
 21.8500   70.64632  327.93881   36.8969  137.7630    3.63000   -0.01584
 21.8583   70.88077  327.99866   36.8875  137.7718    3.71200   -0.01883
 21.8667   71.11555  328.05725   36.8781  137.7806    3.76000    0.00142
 21.8750   71.35067  328.11453   36.8687  137.7893    3.85700    0.00316
 21.8833   71.58611  328.17044   36.8592  137.7980    3.88300    0.00070
 21.8917   71.82188  328.22498   36.8498  137.8066    3.92000   -0.01464
 21.9000   72.05798  328.27805   36.8403  137.8152    3.97800   -0.01828
 21.9083   72.29441  328.32962   36.8308  137.8237    4.04000   -0.01786
 21.9167   72.53116  328.37964   36.8213  137.8322    4.08900   -0.00084
 21.9250   72.76824  328.42804   36.8118  137.8405    4.19700    0.00020
 21.9333   73.00564  328.47476   36.8023  137.8489    4.21000    0.00443
 21.9417   73.24337  328.51971   36.7927  137.8572    4.26800   -0.00135
 21.9500   73.48141  328.56287   36.7832  137.8654    4.34400    0.00854
 21.9583   73.71978  328.60413   36.7736  137.8736    4.40000    0.02547
 21.9667   73.95846  328.64340   36.7640  137.8817    4.47700    0.03356
 21.9750   74.19746  328.68060   36.7545  137.8898    4.52300    0.03502
 21.9833   74.43678  328.71564   36.7448  137.8978    4.55800    0.03663
 21.9917   74.67641  328.74844   36.7352  137.9058    4.63300    0.02950
 22.0000   74.91636  328.77890   36.7256  137.9137    4.64900    0.02969
 22.0083   75.15662  328.80685   36.7159  137.9215    4.70100    0.02203
 22.0167   75.39719  328.83224   36.7063  137.9294    4.74800    0.02416
 22.0250   75.63807  328.85489   36.6966  137.9371    4.78900    0.01883
 22.0333   75.87925  328.87466   36.6869  137.9448    4.81600    0.01496
 22.0417   76.12075  328.89142   36.6772  137.9525    4.86500    0.01136
 22.0500   76.36255  328.90503   36.6674  137.9601    4.90400    0.00839
 22.0583   76.60465  328.91528   36.6577  137.9676    4.93000    0.00493
 22.0667   76.84705  328.92197   36.6479  137.9751    4.97500    0.00308
 22.0750   77.08975  328.92496   36.6382  137.9826    5.01800   -0.00021
 22.0833   77.33275  328.92395   36.6284  137.9900    5.04100   -0.00758
 22.0917   77.57605  328.91876   36.6186  137.9973    5.07400   -0.02239
 22.1000   77.81964  328.90909   36.6088  138.0046    5.09600   -0.02753
 22.1083   78.06352  328.89468   36.5989  138.0119    5.15100   -0.02349
 22.1167   78.30769  328.87521   36.5891  138.0191    5.21600   -0.01620
 22.1250   78.55215  328.85034   36.5792  138.0262    5.25100   -0.02007
 22.1333   78.79690  328.81967   36.5693  138.0334    5.27300   -0.02719
 22.1417   79.04193  328.78287   36.5594  138.0404    5.32700   -0.02538
 22.1500   79.28724  328.73941   36.5494  138.0474    5.38800   -0.01802
 22.1583   79.53283  328.68881   36.5395  138.0544    5.42600   -0.01094
 22.1667   79.77869  328.63055   36.5295  138.0613    5.48000   -0.00636
 22.1750   80.02483  328.56400   36.5195  138.0682    5.53600    0.00884
 22.1833   80.27124  328.48849   36.5095  138.0750    5.61000    0.02491
 22.1917   80.51792  328.40326   36.4995  138.0817    5.66900    0.03732
 22.2000   80.76485  328.30750   36.4895  138.0885    5.71100    0.03922
 22.2083   81.01205  328.20016   36.4794  138.0951    5.74700    0.02911
 22.2167   81.25951  328.08029   36.4693  138.1017    5.76200    0.01814
 22.2250   81.50722  327.94662   36.4592  138.1083    5.79700    0.01181
 22.2333   81.75517  327.79782   36.4490  138.1148    5.84400    0.01616
 22.2417   82.00337  327.63232   36.4389  138.1213    5.88900    0.02897
 22.2500   82.25180  327.44833   36.4287  138.1277    5.94700    0.04209
 22.2583   82.50047  327.24380   36.4184  138.1341    5.99200    0.05934
 22.2667   82.74936  327.01645   36.4082  138.1404    6.04500    0.05662
 22.2750   82.99848  326.76343   36.3979  138.1467    6.03600    0.04083
 22.2833   83.24780  326.48166   36.3876  138.1529    6.03200    0.00701
 22.2917   83.49732  326.16733   36.3772  138.1590    6.02300   -0.00951
 22.3000   83.74704  325.81604   36.3668  138.1651    6.06300   -0.00947
 22.3083   83.99694  325.42255   36.3564  138.1712    6.11000   -0.00021
 22.3167   84.24700  324.98059   36.3459  138.1771    6.13100    0.00784
 22.3250   84.49722  324.48257   36.3354  138.1831    6.16700    0.01259
 22.3333   84.74757  323.91922   36.3248  138.1889    6.20300    0.01956
 22.3417   84.99804  323.27921   36.3141  138.1947    6.23000    0.01432
 22.3500   85.24859  322.54840   36.3034  138.2005    6.23100   -0.01632
 22.3583   85.49921  321.70905   36.2926  138.2061    6.19700   -0.05031
 22.3667   85.74984  320.73862   36.2817  138.2117    6.22200   -0.07558
 22.3750   86.00045  319.60803   36.2706  138.2173    6.26100   -0.07867
 22.3833   86.25097  318.27921   36.2594  138.2227    6.30300   -0.07333
 22.3917   86.50134  316.70166   36.2481  138.2281    6.36000   -0.07419
 22.4000   86.75146  314.80707   36.2365  138.2334    6.38200   -0.07123
 22.4083   87.00119  312.50150   36.2246  138.2387    6.43300   -0.06480
 22.4167   87.25037  309.65366   36.2124  138.2440    6.49600   -0.03840
 22.4250   87.49875  306.07730   36.1997  138.2493    6.57100   -0.00358
 22.4333   87.74599  301.50674   36.1865  138.2549    6.64400    0.02439
 22.4417   87.99157  295.56775   36.1725  138.2611    6.68900    0.05316
 22.4500   88.23469  287.76385   36.1577  138.2684    6.77100    0.08228
 22.4583   88.47406  277.54813   36.1425  138.2778    6.84700    0.11342
 22.4667   88.70746  264.63647   36.1281  138.2904    6.89400    0.12480
 22.4750   88.93079  249.62959   36.1168  138.3062    6.91000    0.11137
 22.4833   89.13601  234.30960   36.1108  138.3230    6.90400    0.08482
 22.4917   89.30659  220.67339   36.1099  138.3369    6.90300    0.04682
 22.5000   89.41128  209.67953   36.1105  138.3458    6.87700    0.02391
 22.5083   89.41339  201.22931   36.1089  138.3502    6.90600    0.01884
 22.5167   89.31171  194.80421   36.1036  138.3523    6.94700    0.02928
 22.5250   89.14221  189.87875   36.0955  138.3539    6.95600    0.03950
 22.5333   88.93669  186.04297   36.0859  138.3558    6.97400    0.04012
 22.5417   88.71216  183.00266   36.0757  138.3583    6.97600    0.03799
 22.5500   88.47689  180.55145   36.0650  138.3612    6.96700    0.02654
 22.5583   88.23508  178.54424   36.0541  138.3645    6.95100    0.01205
 22.5667   87.98902  176.87770   36.0432  138.3681    6.94200    0.00561
 22.5750   87.74002  175.47707   36.0321  138.3720    6.95700    0.00068
 22.5833   87.48890  174.28728   36.0211  138.3760    6.94500   -0.00491
 22.5917   87.23618  173.26714   36.0100  138.3801    6.93400   -0.01640
 22.6000   86.98222  172.38522   35.9989  138.3843    6.93100   -0.01806
 22.6083   86.72725  171.61729   35.9877  138.3886    6.94800   -0.01641
 22.6167   86.47146  170.94440   35.9766  138.3929    6.94400   -0.01130
 22.6250   86.21498  170.35144   35.9655  138.3974    6.95000   -0.00434
 22.6333   85.95789  169.82634   35.9543  138.4018    6.97300   -0.00018
 22.6417   85.70029  169.35928   35.9431  138.4062    6.96500   -0.00254
 22.6500   85.44223  168.94228   35.9319  138.4107    6.95600   -0.02253
 22.6583   85.18375  168.56866   35.9207  138.4152    6.93000   -0.02845
 22.6667   84.92489  168.23294   35.9095  138.4197    6.96700   -0.02316
 22.6750   84.66568  167.93044   35.8983  138.4241    6.99500   -0.00947
 22.6833   84.40616  167.65726   35.8870  138.4286    6.99900   -0.01614
 22.6917   84.14634  167.41005   35.8757  138.4331    6.97900   -0.02760
 22.7000   83.88623  167.18597   35.8644  138.4376    6.99700   -0.03417
 22.7083   83.62586  166.98256   35.8531  138.4420    7.01900   -0.02882
 22.7167   83.36525  166.79768   35.8418  138.4465    7.03900   -0.02699
 22.7250   83.10439  166.62952   35.8304  138.4509    7.05100   -0.02274
 22.7333   82.84331  166.47641   35.8190  138.4553    7.08600   -0.02855
 22.7417   82.58200  166.33696   35.8076  138.4597    7.08400   -0.03357
 22.7500   82.32049  166.20992   35.7962  138.4641    7.10500   -0.03684
 22.7583   82.05878  166.09419   35.7847  138.4685    7.14900   -0.03322
 22.7667   81.79687  165.98878   35.7732  138.4728    7.16900   -0.02769
 22.7750   81.53478  165.89282   35.7617  138.4772    7.20000   -0.02892
 22.7833   81.27250  165.80554   35.7502  138.4815    7.23000   -0.02515
 22.7917   81.01005  165.72623   35.7386  138.4858    7.27100   -0.02030
 22.8000   80.74743  165.65427   35.7270  138.4901    7.30900   -0.01505
 22.8083   80.48464  165.58907   35.7154  138.4944    7.34400   -0.01069
 22.8167   80.22169  165.53015   35.7037  138.4986    7.38700   -0.00438
 22.8250   79.95858  165.47704   35.6921  138.5028    7.43700   -0.00545
 22.8333   79.69533  165.42931   35.6803  138.5070    7.45400   -0.01381
 22.8417   79.43192  165.38658   35.6686  138.5112    7.47800   -0.02214
 22.8500   79.16838  165.34850   35.6568  138.5154    7.52900   -0.02036
 22.8583   78.90469  165.31476   35.6450  138.5195    7.57900   -0.01787
 22.8667   78.64087  165.28506   35.6332  138.5237    7.60900   -0.01673
 22.8750   78.37691  165.25914   35.6213  138.5278    7.65900   -0.01792
 22.8833   78.11283  165.23676   35.6094  138.5319    7.70500   -0.01008
 22.8917   77.84862  165.21765   35.5975  138.5360    7.76500   -0.00206
 22.9000   77.58429  165.20166   35.5855  138.5400    7.81900   -0.00215
 22.9083   77.31984  165.18855   35.5735  138.5441    7.84300   -0.00791
 22.9167   77.05528  165.17818   35.5615  138.5481    7.88900   -0.02199
 22.9250   76.79060  165.17036   35.5494  138.5521    7.92200   -0.02700
 22.9333   76.52582  165.16495   35.5373  138.5561    7.98000   -0.02891
 22.9417   76.26093  165.16179   35.5252  138.5600    8.04200   -0.02978
 22.9500   75.99594  165.16077   35.5130  138.5640    8.08400   -0.03008
 22.9583   75.73085  165.16174   35.5008  138.5679    8.14800   -0.03449
 22.9667   75.46567  165.16461   35.4885  138.5718    8.20100   -0.03279
 22.9750   75.20039  165.16927   35.4762  138.5757    8.26500   -0.03234
 22.9833   74.93503  165.17558   35.4639  138.5796    8.32900   -0.03584
 22.9917   74.66958  165.18350   35.4516  138.5834    8.37600   -0.04103
 23.0000   74.40404  165.19292   35.4392  138.5872    8.44300   -0.03895
 23.0083   74.13842  165.20377   35.4267  138.5911    8.53900   -0.02711
 23.0167   73.87273  165.21593   35.4142  138.5949    8.62400   -0.01949
 23.0250   73.60696  165.22937   35.4017  138.5987    8.68500   -0.02467
 23.0333   73.34112  165.24400   35.3892  138.6025    8.74900   -0.03658
 23.0417   73.07521  165.25977   35.3765  138.6062    8.82100   -0.04540
 23.0500   72.80924  165.27661   35.3639  138.6100    8.90000   -0.05051
 23.0583   72.54320  165.29446   35.3512  138.6137    8.98300   -0.05106
 23.0667   72.27710  165.31329   35.3385  138.6174    9.07700   -0.04628
 23.0750   72.01095  165.33301   35.3257  138.6211    9.18100   -0.04293
 23.0833   71.74474  165.35361   35.3129  138.6248    9.26600   -0.04085
 23.0917   71.47848  165.37500   35.3000  138.6284    9.36000   -0.03811
 23.1000   71.21218  165.39717   35.2871  138.6321    9.46700   -0.02826
 23.1083   70.94582  165.42007   35.2742  138.6357    9.57700   -0.01699
 23.1167   70.67943  165.44366   35.2612  138.6393    9.68100   -0.00877
 23.1250   70.41299  165.46791   35.2481  138.6430    9.78600   -0.00151
 23.1333   70.14652  165.49278   35.2351  138.6466    9.90000    0.00556
 23.1417   69.88001  165.51823   35.2219  138.6501   10.01000    0.01200
 23.1500   69.61347  165.54424   35.2087  138.6537   10.11800    0.00733
 23.1583   69.34691  165.57076   35.1955  138.6573   10.20100   -0.00360
 23.1667   69.08031  165.59778   35.1822  138.6608   10.29500   -0.02208
 23.1750   68.81370  165.62527   35.1689  138.6643   10.38400   -0.03479
 23.1833   68.54706  165.65320   35.1555  138.6679   10.49100   -0.04143
 23.1917   68.28041  165.68155   35.1421  138.6714   10.60800   -0.04009
 23.2000   68.01374  165.71030   35.1286  138.6749   10.72500   -0.03742
 23.2083   67.74707  165.73940   35.1151  138.6784   10.83800   -0.03206
 23.2167   67.48038  165.76884   35.1015  138.6818   10.96600   -0.03034
 23.2250   67.21369  165.79863   35.0878  138.6853   11.07500   -0.02605
 23.2333   66.94699  165.82872   35.0741  138.6888   11.20000   -0.02449
 23.2417   66.68029  165.85909   35.0604  138.6922   11.32500   -0.01734
 23.2500   66.41360  165.88974   35.0466  138.6956   11.45700   -0.00806
 23.2583   66.14691  165.92062   35.0327  138.6991   11.59500   -0.00427
 23.2667   65.88023  165.95177   35.0188  138.7025   11.70600   -0.00535
 23.2750   65.61356  165.98311   35.0048  138.7059   11.82600   -0.01280
 23.2833   65.34690  166.01466   34.9908  138.7093   11.94600   -0.01678
 23.2917   65.08026  166.04642   34.9767  138.7127   12.07300   -0.01251
 23.3000   64.81364  166.07832   34.9626  138.7160   12.22500   -0.00907
 23.3083   64.54704  166.11040   34.9483  138.7194   12.34800   -0.00418
 23.3167   64.28046  166.14262   34.9341  138.7228   12.48400   -0.01049
 23.3250   64.01391  166.17497   34.9198  138.7261   12.60300   -0.01764
 23.3333   63.74739  166.20744   34.9054  138.7295   12.72700   -0.03109
 23.3417   63.48091  166.24004   34.8909  138.7328   12.84600   -0.03905
 23.3500   63.21446  166.27274   34.8764  138.7362   12.98800   -0.04527
 23.3583   62.94805  166.30551   34.8618  138.7395   13.12200   -0.04034
 23.3667   62.68167  166.33836   34.8472  138.7428   13.28300   -0.03163
 23.3750   62.41535  166.37129   34.8325  138.7461   13.44100   -0.02214
 23.3833   62.14906  166.40427   34.8177  138.7495   13.58000   -0.01818
 23.3917   61.88283  166.43730   34.8028  138.7528   13.72400   -0.01698
 23.4000   61.61665  166.47037   34.7879  138.7561   13.87400   -0.01024
 23.4083   61.35052  166.50346   34.7729  138.7594   14.03500   -0.00020
 23.4167   61.08445  166.53659   34.7579  138.7627   14.19400    0.00994
 23.4250   60.81844  166.56973   34.7428  138.7660   14.35000    0.01150
 23.4333   60.55250  166.60287   34.7276  138.7693   14.48600    0.01016
 23.4417   60.28661  166.63602   34.7123  138.7726   14.63900    0.00388
 23.4500   60.02080  166.66914   34.6970  138.7758   14.78000    0.00089
 23.4583   59.75505  166.70226   34.6816  138.7791   14.92800   -0.00623
 23.4667   59.48938  166.73535   34.6661  138.7824   15.06800   -0.01266
 23.4750   59.22379  166.76842   34.6505  138.7857   15.21400   -0.01820
 23.4833   58.95827  166.80144   34.6349  138.7889   15.36900   -0.02185
 23.4917   58.69283  166.83443   34.6192  138.7922   15.51900   -0.02208
 23.5000   58.42748  166.86736   34.6034  138.7955   15.68000   -0.02533
 23.5083   58.16221  166.90022   34.5875  138.7988   15.82900   -0.02822
 23.5167   57.89703  166.93304   34.5715  138.8020   15.98700   -0.03220
 23.5250   57.63195  166.96581   34.5555  138.8053   16.15200   -0.03923
 23.5333   57.36695  166.99847   34.5394  138.8086   16.29800   -0.04454
 23.5417   57.10205  167.03108   34.5232  138.8119   16.46800   -0.04818
 23.5500   56.83726  167.06360   34.5069  138.8152   16.64500   -0.04889
 23.5583   56.57256  167.09602   34.4905  138.8184   16.80800   -0.04865
 23.5667   56.30797  167.12837   34.4741  138.8217   16.99100   -0.04907
 23.5750   56.04348  167.16061   34.4575  138.8250   17.17700   -0.04538
 23.5833   55.77910  167.19275   34.4409  138.8283   17.36800   -0.04002
 23.5917   55.51484  167.22479   34.4242  138.8316   17.57200   -0.03555
 23.6000   55.25069  167.25671   34.4074  138.8349   17.77100   -0.04066
 23.6083   54.98665  167.28851   34.3905  138.8382   17.94500   -0.05535
 23.6167   54.72274  167.32021   34.3735  138.8415   18.13000   -0.07659
 23.6250   54.45895  167.35178   34.3564  138.8448   18.31800   -0.09526
 23.6333   54.19528  167.38322   34.3392  138.8481   18.50800   -0.09778
 23.6417   53.93173  167.41454   34.3219  138.8514   18.75500   -0.08898
 23.6500   53.66832  167.44572   34.3045  138.8548   18.98400   -0.06525
 23.6583   53.40504  167.47676   34.2870  138.8581   19.22900   -0.03519
 23.6667   53.14189  167.50764   34.2695  138.8614   19.50000    0.00177
 23.6750   52.87888  167.53841   34.2518  138.8648   19.75800    0.04414
 23.6833   52.61601  167.56902   34.2340  138.8681   20.02700    0.07644
 23.6917   52.35328  167.59946   34.2161  138.8715   20.26300    0.09929
 23.7000   52.09069  167.62976   34.1981  138.8749   20.48300    0.09769
 23.7083   51.82825  167.65990   34.1800  138.8783   20.65600    0.08616
 23.7167   51.56595  167.68988   34.1618  138.8816   20.84900    0.05862
 23.7250   51.30381  167.71970   34.1435  138.8850   21.00600    0.03628
 23.7333   51.04182  167.74934   34.1250  138.8885   21.19800    0.01984
 23.7417   50.77999  167.77882   34.1065  138.8919   21.41600    0.02149
 23.7500   50.51831  167.80814   34.0878  138.8953   21.64600    0.02580
 23.7583   50.25679  167.83727   34.0691  138.8988   21.85500    0.01409
 23.7667   49.99544  167.86621   34.0502  138.9022   22.01500   -0.02879
 23.7750   49.73425  167.89497   34.0312  138.9057   22.13100   -0.08638
 23.7833   49.47323  167.92357   34.0120  138.9092   22.28900   -0.14352
 23.7917   49.21238  167.95197   33.9928  138.9127   22.46300   -0.17328
 23.8000   48.95170  167.98018   33.9734  138.9162   22.69800   -0.18021
 23.8083   48.69119  168.00819   33.9539  138.9197   22.95800   -0.15982
 23.8167   48.43086  168.03603   33.9343  138.9232   23.24900   -0.12574
 23.8250   48.17071  168.06366   33.9146  138.9268   23.54300   -0.07463
 23.8333   47.91074  168.09109   33.8947  138.9304   23.86400   -0.03600
 23.8417   47.65095  168.11833   33.8747  138.9340   24.09600    0.00656
 23.8500   47.39134  168.14536   33.8545  138.9376   24.39600    0.04616
 23.8583   47.13193  168.17218   33.8342  138.9412   24.70600    0.09730
 23.8667   46.87270  168.19881   33.8138  138.9449   24.98700    0.14510
 23.8750   46.61366  168.22520   33.7933  138.9485   25.27300    0.17763
 23.8833   46.35482  168.25140   33.7726  138.9522   25.51200    0.20422
 23.8917   46.09617  168.27739   33.7517  138.9559   25.75000    0.21200
 23.9000   45.83773  168.30316   33.7308  138.9597   25.94200    0.18700
 23.9083   45.57948  168.32870   33.7096  138.9634   26.03500    0.14255
 23.9167   45.32143  168.35403   33.6884  138.9672   26.18600    0.09012
 23.9250   45.06359  168.37915   33.6669  138.9709   26.34300    0.04945
 23.9333   44.80595  168.40404   33.6454  138.9748   26.50900    0.02582
 23.9417   44.54853  168.42870   33.6236  138.9786   26.66500    0.00246
 23.9500   44.29131  168.45314   33.6017  138.9825   26.74900   -0.02187
 23.9583   44.03430  168.47736   33.5797  138.9864   26.85400   -0.06037
 23.9667   43.77751  168.50133   33.5575  138.9903   26.94900   -0.06504
 23.9750   43.52094  168.52507   33.5351  138.9942   27.16400   -0.03746
 23.9833   43.26458  168.54858   33.5126  138.9982   27.42400   -0.00527
 23.9917   43.00845  168.57185   33.4899  139.0022   27.70500    0.00000
