hmax        =    300
wind_bottom =      2
wind_top    =     10
critlon     =      0
tbeg, h     =   0.00
tend, h     =  24.00
c_ionex     =      0
c_vert      =      1
time, gamma, az, latp, lonp, tec, tec_filtered
  4.1917    6.59655   90.65607   35.1164  152.8808   14.37396    0.00000
  4.2000    6.70047   90.46765   35.1650  152.8065   14.12097    0.00120
  4.2083    6.80402   90.27898   35.2132  152.7329   13.86401    0.00618
  4.2167    6.90720   90.09006   35.2608  152.6597   13.57697    0.00088
  4.2250    7.00999   89.90088   35.3080  152.5872   13.23798   -0.00985
  4.2333    7.11240   89.71144   35.3546  152.5153   12.98096   -0.01947
  4.2417    7.21442   89.52174   35.4008  152.4439   12.73999   -0.03064
  4.2500    7.31603   89.33178   35.4464  152.3730   12.49701   -0.05104
  4.2583    7.41725   89.14156   35.4916  152.3028   12.29199   -0.08566
  4.2667    7.51806   88.95108   35.5364  152.2331   11.98499   -0.11231
  4.2750    7.61845   88.76034   35.5807  152.1640   11.81696   -0.12072
  4.2833    7.71842   88.56933   35.6245  152.0955   11.66797   -0.10148
  4.2917    7.81797   88.37806   35.6679  152.0275   11.62897   -0.06868
  4.3000    7.91709   88.18653   35.7108  151.9601   11.59698   -0.02084
  4.3083    8.01577   87.99472   35.7534  151.8933   11.59601    0.02176
  4.3167    8.11402   87.80266   35.7955  151.8270   11.51697    0.05444
  4.3250    8.21181   87.61032   35.8371  151.7612   11.39899    0.06869
  4.3333    8.30916   87.41772   35.8784  151.6961   11.23297    0.07422
  4.3417    8.40605   87.22485   35.9193  151.6315   11.07599    0.07314
  4.3500    8.50247   87.03171   35.9597  151.5674   10.90100    0.07258
  4.3583    8.59843   86.83830   35.9998  151.5039   10.73499    0.06685
  4.3667    8.69392   86.64462   36.0395  151.4409   10.52197    0.05956
  4.3750    8.78893   86.45067   36.0788  151.3785   10.31396    0.04303
  4.3833    8.88345   86.25646   36.1178  151.3166   10.04498    0.02824
  4.3917    8.97749   86.06197   36.1563  151.2553    9.83099    0.01281
  4.4000    9.07103   85.86721   36.1946  151.1945    9.60999    0.00389
  4.4083    9.16407   85.67218   36.2324  151.1342    9.40997   -0.00816
  4.4167    9.25660   85.47689   36.2699  151.0745    9.19098   -0.02888
  4.4250    9.34863   85.28132   36.3071  151.0153    8.92596   -0.06336
  4.4333    9.44014   85.08548   36.3440  150.9567    8.63898   -0.10479
  4.4417    9.53113   84.88937   36.3805  150.8985    8.39697   -0.14257
  4.4500    9.62159   84.69299   36.4167  150.8409    8.20898   -0.17129
  4.4583    9.71152   84.49633   36.4525  150.7838    8.04901   -0.18430
  4.4667    9.80092   84.29941   36.4881  150.7272    7.99799   -0.18725
  4.4750    9.88977   84.10222   36.5233  150.6712    7.94696   -0.16752
  4.4833    9.97807   83.90476   36.5583  150.6156    8.03497   -0.14251
  4.4917   10.06582   83.70704   36.5930  150.5606    8.06897   -0.10769
  4.5000   10.15301   83.50904   36.6273  150.5060    8.14197   -0.07888
  4.5083   10.23964   83.31077   36.6614  150.4520    8.21301   -0.04978
  4.5167   10.32570   83.11224   36.6952  150.3985    8.28998   -0.02052
  4.5250   10.41119   82.91344   36.7287  150.3454    8.40302    0.00577
  4.5333   10.49610   82.71438   36.7620  150.2929    8.48096    0.02862
  4.5417   10.58042   82.51505   36.7950  150.2408    8.55200    0.04430
  4.5500   10.66415   82.31545   36.8277  150.1893    8.61200    0.05773
  4.5583   10.74729   82.11559   36.8602  150.1382    8.67096    0.06306
  4.5667   10.82983   81.91547   36.8924  150.0876    8.65997    0.06777
  4.5750   10.91176   81.71509   36.9244  150.0374    8.70197    0.06684
  4.5833   10.99309   81.51445   36.9562  149.9878    8.69501    0.06660
  4.5917   11.07380   81.31354   36.9877  149.9386    8.67596    0.06194
  4.6000   11.15388   81.11238   37.0190  149.8899    8.66296    0.05543
  4.6083   11.23335   80.91096   37.0501  149.8417    8.62201    0.04711
  4.6167   11.31218   80.70929   37.0809  149.7939    8.56097    0.03192
  4.6250   11.39037   80.50736   37.1115  149.7466    8.45996    0.01585
  4.6333   11.46793   80.30518   37.1419  149.6997    8.37897    0.00516
  4.6417   11.54484   80.10274   37.1722  149.6533    8.33398    0.00541
  4.6500   11.62110   79.90006   37.2022  149.6073    8.29297    0.01411
  4.6583   11.69670   79.69713   37.2320  149.5618    8.25201    0.03072
  4.6667   11.77164   79.49395   37.2616  149.5168    8.24298    0.04957
  4.6750   11.84592   79.29052   37.2910  149.4722    8.19299    0.07345
  4.6833   11.91952   79.08686   37.3203  149.4280    8.16498    0.08288
  4.6917   11.99246   78.88295   37.3493  149.3842    8.00397    0.08874
  4.7000   12.06471   78.67880   37.3782  149.3409    7.89398    0.08351
  4.7083   12.13627   78.47441   37.4069  149.2980    7.74597    0.08500
  4.7167   12.20715   78.26979   37.4355  149.2556    7.61700    0.07271
  4.7250   12.27733   78.06494   37.4638  149.2136    7.36798    0.06525
  4.7333   12.34681   77.85985   37.4921  149.1720    7.23499    0.05470
  4.7417   12.41558   77.65454   37.5201  149.1308    7.05499    0.05425
  4.7500   12.48365   77.44900   37.5480  149.0900    6.86499    0.04581
  4.7583   12.55101   77.24323   37.5758  149.0496    6.64600    0.03410
  4.7667   12.61764   77.03724   37.6034  149.0097    6.42200    0.01705
  4.7750   12.68356   76.83104   37.6308  148.9701    6.18396   -0.00374
  4.7833   12.74874   76.62461   37.6582  148.9310    5.93597   -0.02520
  4.7917   12.81319   76.41797   37.6854  148.8922    5.71600   -0.04472
  4.8000   12.87691   76.21113   37.7124  148.8539    5.50397   -0.06354
  4.8083   12.93989   76.00407   37.7394  148.8159    5.27997   -0.07889
  4.8167   13.00212   75.79680   37.7662  148.7784    5.10596   -0.09227
  4.8250   13.06360   75.58934   37.7929  148.7412    4.93097   -0.09548
  4.8333   13.12432   75.38167   37.8195  148.7044    4.80701   -0.09416
  4.8417   13.18429   75.17381   37.8459  148.6680    4.69397   -0.08514
  4.8500   13.24349   74.96575   37.8723  148.6320    4.60999   -0.07380
  4.8583   13.30193   74.75751   37.8985  148.5964    4.53699   -0.06423
  4.8667   13.35959   74.54907   37.9247  148.5612    4.44501   -0.05425
  4.8750   13.41648   74.34045   37.9507  148.5263    4.40100   -0.04625
  4.8833   13.47259   74.13166   37.9767  148.4918    4.34900   -0.04287
  4.8917   13.52791   73.92268   38.0025  148.4576    4.25598   -0.04116
  4.9000   13.58244   73.71353   38.0283  148.4239    4.22797   -0.04457
  4.9083   13.63619   73.50421   38.0539  148.3905    4.16101   -0.04337
  4.9167   13.68913   73.29472   38.0795  148.3574    4.12201   -0.03941
  4.9250   13.74128   73.08507   38.1050  148.3247    4.13000   -0.03256
  4.9333   13.79262   72.87527   38.1305  148.2924    4.09497   -0.02218
  4.9417   13.84315   72.66530   38.1558  148.2604    4.09198   -0.00946
  4.9500   13.89287   72.45519   38.1811  148.2288    4.12396    0.00728
  4.9583   13.94177   72.24493   38.2063  148.1976    4.12396    0.02512
  4.9667   13.98986   72.03452   38.2315  148.1667    4.13000    0.03232
  4.9750   14.03712   71.82397   38.2566  148.1361    4.07697    0.03657
  4.9833   14.08355   71.61329   38.2816  148.1059    4.05096    0.03074
  4.9917   14.12915   71.40248   38.3066  148.0760    3.97699    0.02573
  5.0000   14.17392   71.19155   38.3315  148.0464    3.92798    0.02072
  5.0083   14.21785   70.98049   38.3563  148.0172    3.89801    0.02070
  5.0167   14.26094   70.76931   38.3811  147.9883    3.85400    0.01969
  5.0250   14.30318   70.55802   38.4059  147.9598    3.78400    0.02011
  5.0333   14.34457   70.34661   38.4306  147.9316    3.74896    0.01896
  5.0417   14.38512   70.13511   38.4553  147.9037    3.67700    0.01835
  5.0500   14.42480   69.92350   38.4800  147.8762    3.59998    0.01382
  5.0583   14.46363   69.71180   38.5046  147.8490    3.52997    0.01436
  5.0667   14.50160   69.50001   38.5291  147.8221    3.49701    0.01368
  5.0750   14.53870   69.28813   38.5537  147.7955    3.41602    0.01308
  5.0833   14.57493   69.07618   38.5782  147.7692    3.35498    0.00149
  5.0917   14.61029   68.86414   38.6027  147.7433    3.24597   -0.01497
  5.1000   14.64478   68.65204   38.6272  147.7177    3.13599   -0.03763
  5.1083   14.67839   68.43987   38.6516  147.6924    3.03699   -0.05500
  5.1167   14.71112   68.22764   38.6761  147.6674    2.97998   -0.06243
  5.1250   14.74297   68.01535   38.7005  147.6427    2.95898   -0.06447
  5.1333   14.77393   67.80301   38.7249  147.6183    2.91296   -0.06394
  5.1417   14.80401   67.59063   38.7493  147.5943    2.88800   -0.05857
  5.1500   14.83319   67.37820   38.7737  147.5705    2.91296   -0.04714
  5.1583   14.86148   67.16574   38.7981  147.5471    2.92200   -0.03233
  5.1667   14.88887   66.95325   38.8225  147.5239    2.93097   -0.01850
  5.1750   14.91537   66.74074   38.8469  147.5011    2.96198   -0.00598
  5.1833   14.94096   66.52821   38.8713  147.4786    2.97699    0.00276
  5.1917   14.96565   66.31567   38.8957  147.4563    2.97601    0.00758
  5.2000   14.98943   66.10311   38.9201  147.4344    2.99200    0.01022
  5.2083   15.01230   65.89056   38.9446  147.4127    2.99799    0.01013
  5.2167   15.03427   65.67801   38.9690  147.3914    2.98199    0.00569
  5.2250   15.05532   65.46547   38.9935  147.3703    2.96796   -0.00085
  5.2333   15.07546   65.25294   39.0180  147.3496    2.96301   -0.00661
  5.2417   15.09468   65.04044   39.0425  147.3291    2.95300   -0.00654
  5.2500   15.11298   64.82796   39.0670  147.3089    2.98096   -0.00305
  5.2583   15.13036   64.61551   39.0915  147.2890    2.99298    0.00504
  5.2667   15.14681   64.40310   39.1161  147.2695    3.00696    0.01135
  5.2750   15.16235   64.19074   39.1407  147.2501    3.01196    0.01086
  5.2833   15.17695   63.97843   39.1654  147.2311    2.96698    0.01318
  5.2917   15.19063   63.76617   39.1901  147.2124    3.00098    0.01397
  5.3000   15.20338   63.55397   39.2148  147.1939    2.98999    0.02551
  5.3083   15.21520   63.34185   39.2396  147.1758    3.02399    0.03121
  5.3167   15.22608   63.12979   39.2644  147.1579    3.00598    0.03484
  5.3250   15.23603   62.91782   39.2892  147.1403    2.97198    0.02530
  5.3333   15.24505   62.70594   39.3141  147.1229    2.89301    0.01270
  5.3417   15.25312   62.49414   39.3391  147.1059    2.83899    0.00705
  5.3500   15.26026   62.28245   39.3641  147.0891    2.84399    0.01318
  5.3583   15.26646   62.07086   39.3892  147.0727    2.84198    0.02518
  5.3667   15.27172   61.85938   39.4143  147.0565    2.82501    0.03064
  5.3750   15.27604   61.64802   39.4395  147.0405    2.77197    0.03260
  5.3833   15.27942   61.43678   39.4647  147.0249    2.73999    0.02743
  5.3917   15.28185   61.22568   39.4900  147.0095    2.66101    0.02304
  5.4000   15.28334   61.01471   39.5154  146.9944    2.60999    0.01408
  5.4083   15.28388   60.80388   39.5409  146.9796    2.53796    0.00496
  5.4167   15.28348   60.59320   39.5664  146.9650    2.45599   -0.00734
  5.4250   15.28213   60.38268   39.5920  146.9508    2.38300   -0.02052
  5.4333   15.27983   60.17232   39.6177  146.9368    2.30499   -0.02710
  5.4417   15.27658   59.96213   39.6435  146.9230    2.27399   -0.02888
  5.4500   15.27239   59.75211   39.6693  146.9096    2.23199   -0.02063
  5.4583   15.26725   59.54227   39.6953  146.8964    2.22797   -0.01158
  5.4667   15.26116   59.33262   39.7213  146.8835    2.19696   -0.00180
  5.4750   15.25411   59.12317   39.7474  146.8708    2.16101    0.00272
  5.4833   15.24612   58.91391   39.7736  146.8585    2.11896   -0.00134
  5.4917   15.23718   58.70486   39.8000  146.8464    2.03198   -0.00086
  5.5000   15.22729   58.49603   39.8264  146.8346    2.04199   -0.00084
  5.5083   15.21645   58.28741   39.8529  146.8230    2.00800    0.00548
  5.5167   15.20466   58.07903   39.8795  146.8118    1.98096    0.00109
  5.5250   15.19191   57.87087   39.9062  146.8008    1.91400   -0.00468
  5.5333   15.17822   57.66295   39.9331  146.7900    1.87201   -0.02133
  5.5417   15.16358   57.45528   39.9600  146.7796    1.76099   -0.02974
  5.5500   15.14799   57.24786   39.9871  146.7694    1.75696   -0.03200
  5.5583   15.13145   57.04070   40.0143  146.7594    1.76001   -0.02063
  5.5667   15.11396   56.83381   40.0416  146.7498    1.75299   -0.00861
  5.5750   15.09552   56.62718   40.0690  146.7404    1.75800    0.00250
  5.5833   15.07614   56.42084   40.0966  146.7313    1.75598    0.01154
  5.5917   15.05580   56.21477   40.1242  146.7225    1.73297    0.01474
  5.6000   15.03452   56.00900   40.1521  146.7139    1.68500    0.01501
  5.6083   15.01230   55.80353   40.1800  146.7056    1.65698    0.01907
  5.6167   14.98913   55.59835   40.2081  146.6976    1.65900    0.02062
  5.6250   14.96501   55.39349   40.2363  146.6899    1.59497    0.01862
  5.6333   14.93995   55.18894   40.2647  146.6824    1.53796    0.01422
  5.6417   14.91395   54.98472   40.2932  146.6752    1.52100    0.01664
  5.6500   14.88700   54.78083   40.3219  146.6684    1.50500    0.02035
  5.6583   14.85912   54.57727   40.3507  146.6617    1.45496    0.02096
  5.6667   14.83029   54.37405   40.3797  146.6554    1.40900    0.01114
  5.6750   14.80053   54.17117   40.4089  146.6493    1.30701    0.00266
  5.6833   14.76983   53.96866   40.4382  146.6435    1.26599   -0.01011
  5.6917   14.73819   53.76650   40.4676  146.6380    1.18701   -0.01413
  5.7000   14.70562   53.56471   40.4973  146.6327    1.15302   -0.02180
  5.7083   14.67212   53.36329   40.5271  146.6278    1.08197   -0.02108
  5.7167   14.63768   53.16224   40.5571  146.6231    1.07001   -0.01890
  5.7250   14.60231   52.96159   40.5872  146.6187    1.04901   -0.01090
  5.7333   14.56601   52.76132   40.6176  146.6146    1.02399   -0.00762
  5.7417   14.52879   52.56145   40.6481  146.6107    0.97296   -0.00591
  5.7500   14.49064   52.36198   40.6788  146.6072    0.94196   -0.00403
  5.7583   14.45157   52.16292   40.7097  146.6039    0.92596   -0.00189
  5.7667   14.41157   51.96428   40.7408  146.6010    0.88696   -0.00042
  5.7750   14.37066   51.76605   40.7721  146.5983    0.86096   -0.00421
  5.7833   14.32882   51.56825   40.8036  146.5959    0.81000   -0.00652
  5.7917   14.28607   51.37089   40.8353  146.5938    0.79297   -0.01157
  5.8000   14.24240   51.17396   40.8672  146.5920    0.75299   -0.01423
  5.8083   14.19783   50.97747   40.8993  146.5905    0.72601   -0.02159
  5.8167   14.15234   50.78144   40.9317  146.5893    0.66998   -0.02231
  5.8250   14.10594   50.58585   40.9642  146.5884    0.68396   -0.02160
  5.8333   14.05864   50.39073   40.9970  146.5878    0.67401   -0.01455
  5.8417   14.01043   50.19608   41.0300  146.5874    0.66998   -0.01013
  5.8500   13.96132   50.00189   41.0633  146.5874    0.65601   -0.00260
  5.8583   13.91131   49.80819   41.0967  146.5877    0.64697    0.01233
  5.8667   13.86040   49.61496   41.1305  146.5883    0.68097    0.03141
  5.8750   13.80860   49.42223   41.1644  146.5892    0.68597    0.04369
  5.8833   13.75591   49.22998   41.1986  146.5905    0.64197    0.04364
  5.8917   13.70233   49.03824   41.2331  146.5920    0.59100    0.04443
  5.9000   13.64785   48.84700   41.2678  146.5938    0.61401    0.05284
  5.9083   13.59250   48.65627   41.3027  146.5960    0.64301    0.04314
  5.9167   13.53626   48.46605   41.3379  146.5984    0.51996    0.00820
  5.9250   13.47915   48.27636   41.3734  146.6013    0.39301   -0.06982
  5.9333   13.42115   48.08718   41.4092  146.6044    0.10596   -0.14150
  5.9417   13.36228   47.89854   41.4452  146.6078    0.00000   -0.19845
  5.9500   13.30255   47.71043   41.4815  146.6116    0.02100   -0.17557
  5.9583   13.24194   47.52286   41.5181  146.6157    0.36096   -0.16434
  5.9667   13.18047   47.33584   41.5550  146.6201    0.17896   -0.16174
  5.9750   13.11813   47.14936   41.5922  146.6249    0.11200   -0.15412
  5.9833   13.05494   46.96344   41.6297  146.6300    0.51196    0.00167
  5.9917   12.99089   46.77808   41.6675  146.6354    1.52899    0.11825
  6.0000   12.92598   46.59327   41.7055  146.6412    1.14099    0.18057
  6.0083   12.86022   46.40904   41.7439  146.6473    1.11896    0.08650
  6.0167   12.79362   46.22538   41.7827  146.6538    0.88696    0.13810
  6.0250   12.72617   46.04230   41.8217  146.6606    1.72498    0.06975
  6.0333   12.65789   45.85980   41.8610  146.6678    0.76099    0.08474
  6.0417   12.58876   45.67788   41.9007  146.6754    1.22900    0.00515
  6.0500   12.51880   45.49655   41.9408  146.6833    1.29596    0.01329
  6.0583   12.44800   45.31582   41.9811  146.6915    1.04999   -0.04430
  6.0667   12.37638   45.13569   42.0219  146.7002    0.97498   -0.08264
  6.0750   12.30394   44.95615   42.0629  146.7092    1.14996   -0.07791
  6.0833   12.23067   44.77723   42.1044  146.7186    1.21301   -0.07211
  6.0917   12.15658   44.59891   42.1461  146.7283    1.10596   -0.08039
  6.1000   12.08168   44.42121   42.1883  146.7385    1.17596   -0.02516
  6.1083   12.00597   44.24413   42.2308  146.7490    1.72296    0.02732
  6.1167   11.92945   44.06767   42.2737  146.7599    1.60699    0.07090
  6.1250   11.85212   43.89184   42.3170  146.7712    1.57898    0.05731
  6.1333   11.77400   43.71664   42.3607  146.7829    1.67200    0.07630
  6.1417   11.69507   43.54207   42.4048  146.7950    1.81598    0.11324
  6.1500   11.61536   43.36813   42.4493  146.8075    1.96899    0.11277
  6.1583   11.53485   43.19484   42.4942  146.8204    1.76996    0.07840
  6.1667   11.45356   43.02219   42.5395  146.8337    1.64099    0.01610
  6.1750   11.37148   42.85019   42.5852  146.8475    1.56897   -0.04191
  6.1833   11.28862   42.67884   42.6313  146.8617    1.43097   -0.07403
  6.1917   11.20499   42.50815   42.6779  146.8763    1.51898   -0.10683
  6.2000   11.12058   42.33811   42.7249  146.8913    1.44000   -0.11448
  6.2083   11.03541   42.16873   42.7724  146.9068    1.51501   -0.13450
  6.2167   10.94947   42.00002   42.8203  146.9227    1.52197   -0.12321
  6.2250   10.86278   41.83197   42.8687  146.9390    1.72296   -0.10812
  6.2333   10.77532   41.66460   42.9175  146.9558    1.83099   -0.07886
  6.2417   10.68711   41.49789   42.9669  146.9731    1.97699   -0.06002
  6.2500   10.59815   41.33187   43.0167  146.9908    2.12396   -0.03259
  6.2583   10.50845   41.16652   43.0669  147.0090    2.36096   -0.01809
  6.2667   10.41800   41.00185   43.1177  147.0277    2.44000   -0.00179
  6.2750   10.32682   40.83786   43.1690  147.0468    2.62396   -0.00276
  6.2833   10.23490   40.67457   43.2208  147.0665    2.72797    0.00316
  6.2917   10.14225   40.51196   43.2731  147.0866    2.87799    0.00366
  6.3000   10.04888   40.35004   43.3259  147.1072    3.03296    0.00102
  6.3083    9.95478   40.18882   43.3792  147.1283    3.11200    0.00012
  6.3167    9.85997   40.02829   43.4331  147.1499    3.27496    0.01153
  6.3250    9.76444   39.86847   43.4875  147.1721    3.53101    0.03769
  6.3333    9.66820   39.70934   43.5425  147.1947    3.72797    0.05507
  6.3417    9.57125   39.55092   43.5980  147.2179    3.78796    0.04794
  6.3500    9.47360   39.39321   43.6541  147.2417    3.80096    0.03694
  6.3583    9.37525   39.23620   43.7108  147.2659    3.93701    0.03593
  6.3667    9.27620   39.07990   43.7681  147.2908    4.07098    0.04537
  6.3750    9.17647   38.92432   43.8259  147.3161    4.15497    0.05525
  6.3833    9.07605   38.76945   43.8844  147.3421    4.27197    0.06080
  6.3917    8.97494   38.61529   43.9434  147.3686    4.34100    0.07373
  6.4000    8.87316   38.46185   44.0031  147.3957    4.45996    0.07340
  6.4083    8.77070   38.30913   44.0634  147.4234    4.41797    0.06655
  6.4167    8.66757   38.15714   44.1243  147.4516    4.37799    0.06027
  6.4250    8.56377   38.00586   44.1859  147.4805    4.44598    0.06069
  6.4333    8.45931   37.85531   44.2481  147.5099    4.42200    0.07362
  6.4417    8.35419   37.70549   44.3110  147.5401    4.45996    0.08089
  6.4500    8.24842   37.55639   44.3745  147.5708    4.44897    0.08737
  6.4583    8.14200   37.40802   44.4388  147.6021    4.38696    0.08768
  6.4667    8.03492   37.26039   44.5037  147.6341    4.34497    0.07936
  6.4750    7.92721   37.11348   44.5693  147.6668    4.23901    0.06864
  6.4833    7.81886   36.96731   44.6356  147.7001    4.13599    0.05132
  6.4917    7.70987   36.82188   44.7026  147.7341    4.01398    0.01220
  6.5000    7.60025   36.67717   44.7703  147.7688    3.69196   -0.02581
  6.5083    7.49001   36.53321   44.8388  147.8041    3.59198   -0.05694
  6.5167    7.37914   36.38998   44.9080  147.8401    3.52899   -0.06072
  6.5250    7.26765   36.24750   44.9779  147.8769    3.45001   -0.06249
  6.5333    7.15555   36.10575   45.0486  147.9144    3.35596   -0.04758
  6.5417    7.04284   35.96474   45.1201  147.9526    3.41797   -0.01976
  6.5500    6.92952   35.82448   45.1924  147.9916    3.42896    0.00719
  6.5583    6.81560   35.68496   45.2654  148.0313    3.31000    0.01718
  6.5667    6.70108   35.54618   45.3392  148.0717    3.21399    0.02567
  6.5750    6.58597   35.40814   45.4139  148.1129    3.22101    0.04135
  6.5833    6.47026   35.27085   45.4893  148.1550    3.18799    0.06138
  6.5917    6.35397   35.13431   45.5656  148.1978    3.14996    0.07299
  6.6000    6.23710   34.99851   45.6427  148.2414    3.08698    0.06894
  6.6083    6.11965   34.86346   45.7207  148.2858    2.94800    0.02606
  6.6167    6.00162   34.72916   45.7995  148.3311    2.51599   -0.02158
  6.6250    5.88302   34.59561   45.8792  148.3772    2.36096   -0.04731
  6.6333    5.76386   34.46280   45.9597  148.4241    2.39996   -0.03047
  6.6417    5.64413   34.33075   46.0412  148.4720    2.28601    0.00001
  6.6500    5.52385   34.19944   46.1235  148.5207    2.21796    0.00424
  6.6583    5.40301   34.06888   46.2067  148.5703    2.18201    0.00231
  6.6667    5.28161   33.93907   46.2909  148.6208    2.04700    0.00000

 18.0750   15.71046  313.93988   41.1037  131.2368    7.33300    0.00000
 18.0833   15.88877  313.99478   41.0705  131.3050    7.14700   -0.00426
 18.0917   16.06730  314.04907   41.0375  131.3723    6.97600   -0.01819
 18.1000   16.24606  314.10272   41.0048  131.4386    6.88700   -0.02214
 18.1083   16.42504  314.15576   40.9723  131.5042    6.86500   -0.01419
 18.1167   16.60424  314.20816   40.9400  131.5688    6.79200   -0.00502
 18.1250   16.78367  314.25992   40.9079  131.6326    6.71900   -0.01014
 18.1333   16.96331  314.31107   40.8760  131.6956    6.63700   -0.02781
 18.1417   17.14318  314.36157   40.8443  131.7578    6.54300   -0.04629
 18.1500   17.32327  314.41141   40.8129  131.8192    6.51100   -0.07067
 18.1583   17.50358  314.46063   40.7816  131.8798    6.39100   -0.07580
 18.1667   17.68412  314.50916   40.7506  131.9396    6.34900   -0.06953
 18.1750   17.86487  314.55707   40.7198  131.9986    6.41200   -0.04297
 18.1833   18.04584  314.60431   40.6892  132.0569    6.44100   -0.01132
 18.1917   18.22703  314.65088   40.6588  132.1145    6.43100    0.02363
 18.2000   18.40844  314.69678   40.6286  132.1712    6.50400    0.05788
 18.2083   18.59007  314.74200   40.5986  132.2273    6.51600    0.09126
 18.2167   18.77192  314.78656   40.5688  132.2827    6.48900    0.10930
 18.2250   18.95399  314.83044   40.5392  132.3373    6.44900    0.11138
 18.2333   19.13627  314.87366   40.5098  132.3913    6.34700    0.09222
 18.2417   19.31877  314.91617   40.4806  132.4445    6.17800    0.07247
 18.2500   19.50149  314.95798   40.4516  132.4971    6.13800    0.04253
 18.2583   19.68443  314.99911   40.4228  132.5491    5.96600    0.01980
 18.2667   19.86757  315.03952   40.3942  132.6004    5.84700   -0.01347
 18.2750   20.05094  315.07922   40.3658  132.6510    5.73800   -0.04096
 18.2833   20.23452  315.11823   40.3376  132.7010    5.61500   -0.07574
 18.2917   20.41831  315.15652   40.3095  132.7504    5.45800   -0.10045
 18.3000   20.60231  315.19409   40.2817  132.7991    5.43200   -0.11668
 18.3083   20.78653  315.23096   40.2540  132.8473    5.38400   -0.12199
 18.3167   20.97096  315.26706   40.2266  132.8948    5.32400   -0.13248
 18.3250   21.15560  315.30246   40.1993  132.9418    5.29200   -0.14434
 18.3333   21.34045  315.33710   40.1721  132.9882    5.26200   -0.13833
 18.3417   21.52551  315.37103   40.1452  133.0340    5.34800   -0.12303
 18.3500   21.71078  315.40417   40.1185  133.0792    5.40000   -0.09178
 18.3583   21.89626  315.43658   40.0919  133.1239    5.49800   -0.05963
 18.3667   22.08195  315.46826   40.0655  133.1680    5.60200   -0.02073
 18.3750   22.26784  315.49915   40.0392  133.2116    5.70700    0.01028
 18.3833   22.45394  315.52927   40.0132  133.2546    5.75800    0.04294
 18.3917   22.64024  315.55862   39.9873  133.2971    5.87500    0.06781
 18.4000   22.82675  315.58719   39.9615  133.3391    5.92800    0.08792
 18.4083   23.01347  315.61499   39.9360  133.3806    5.94900    0.10175
 18.4167   23.20038  315.64197   39.9106  133.4216    6.02500    0.11207
 18.4250   23.38750  315.66818   39.8854  133.4621    6.04700    0.11840
 18.4333   23.57481  315.69360   39.8603  133.5021    6.02900    0.10127
 18.4417   23.76233  315.71820   39.8354  133.5416    5.94100    0.07319
 18.4500   23.95005  315.74200   39.8106  133.5806    5.87800    0.04367
 18.4583   24.13796  315.76498   39.7860  133.6192    5.83500    0.02294
 18.4667   24.32607  315.78711   39.7616  133.6573    5.79400    0.00340
 18.4750   24.51438  315.80844   39.7373  133.6949    5.73300   -0.01022
 18.4833   24.70288  315.82895   39.7132  133.7321    5.72600   -0.02689
 18.4917   24.89158  315.84860   39.6892  133.7689    5.66500   -0.04529
 18.5000   25.08047  315.86740   39.6654  133.8052    5.60100   -0.06830
 18.5083   25.26955  315.88535   39.6417  133.8411    5.57700   -0.08700
 18.5167   25.45881  315.90244   39.6181  133.8765    5.55600   -0.10745
 18.5250   25.64827  315.91867   39.5947  133.9116    5.50700   -0.12286
 18.5333   25.83792  315.93402   39.5715  133.9462    5.54500   -0.12233
 18.5417   26.02775  315.94852   39.5484  133.9804    5.65500   -0.11870
 18.5500   26.21777  315.96210   39.5254  134.0142    5.65800   -0.11161
 18.5583   26.40797  315.97482   39.5026  134.0476    5.74800   -0.11964
 18.5667   26.59835  315.98660   39.4799  134.0806    5.80100   -0.11059
 18.5750   26.78892  315.99750   39.4573  134.1132    5.93000   -0.10093
 18.5833   26.97966  316.00751   39.4349  134.1455    6.04900   -0.08980
 18.5917   27.17058  316.01657   39.4126  134.1773    6.13000   -0.07255
 18.6000   27.36168  316.02472   39.3905  134.2088    6.30900   -0.04919
 18.6083   27.55295  316.03192   39.3684  134.2399    6.47300   -0.01261
 18.6167   27.74440  316.03818   39.3465  134.2707    6.63100    0.02494
 18.6250   27.93602  316.04352   39.3248  134.3011    6.80800    0.05872
 18.6333   28.12781  316.04788   39.3031  134.3312    6.93600    0.09863
 18.6417   28.31977  316.05127   39.2816  134.3609    7.11200    0.12417
 18.6500   28.51189  316.05371   39.2602  134.3903    7.19300    0.15024
 18.6583   28.70418  316.05518   39.2389  134.4193    7.29900    0.15792
 18.6667   28.89664  316.05563   39.2178  134.4480    7.34400    0.16366
 18.6750   29.08925  316.05511   39.1967  134.4763    7.38500    0.16120
 18.6833   29.28203  316.05359   39.1758  134.5044    7.41800    0.14877
 18.6917   29.47496  316.05103   39.1550  134.5321    7.38200    0.13362
 18.7000   29.66805  316.04745   39.1343  134.5595    7.37700    0.10693
 18.7083   29.86129  316.04288   39.1138  134.5866    7.32000    0.08982
 18.7167   30.05469  316.03726   39.0933  134.6133    7.31100    0.06617
 18.7250   30.24823  316.03058   39.0730  134.6398    7.24800    0.03655
 18.7333   30.44192  316.02286   39.0527  134.6660    7.14100   -0.00230
 18.7417   30.63576  316.01407   39.0326  134.6919    7.06500   -0.03446
 18.7500   30.82974  316.00424   39.0126  134.7175    7.02600   -0.05130
 18.7583   31.02387  315.99329   38.9927  134.7427    6.98500   -0.05243
 18.7667   31.21813  315.98126   38.9729  134.7677    6.97500   -0.05407
 18.7750   31.41253  315.96814   38.9532  134.7925    6.92100   -0.04259
 18.7833   31.60706  315.95389   38.9336  134.8169    6.93800   -0.02546
 18.7917   31.80173  315.93854   38.9141  134.8411    6.95400    0.00218
 18.8000   31.99652  315.92206   38.8947  134.8650    6.94700    0.02892
 18.8083   32.19144  315.90442   38.8754  134.8886    6.95500    0.05087
 18.8167   32.38649  315.88565   38.8562  134.9120    6.94500    0.07174
 18.8250   32.58166  315.86575   38.8371  134.9351    6.93400    0.07362
 18.8333   32.77694  315.84464   38.8181  134.9579    6.84800    0.05801
 18.8417   32.97235  315.82236   38.7992  134.9805    6.74600    0.04406
 18.8500   33.16786  315.79889   38.7804  135.0028    6.73600    0.03155
 18.8583   33.36349  315.77423   38.7617  135.0249    6.65100    0.03017
 18.8667   33.55923  315.74835   38.7431  135.0468    6.59800    0.02216
 18.8750   33.75507  315.72125   38.7245  135.0684    6.54500    0.01739
 18.8833   33.95101  315.69293   38.7061  135.0897    6.46100    0.01639
 18.8917   34.14705  315.66333   38.6877  135.1108    6.41000    0.01556
 18.9000   34.34319  315.63251   38.6695  135.1317    6.34400    0.02370
 18.9083   34.53942  315.60040   38.6513  135.1524    6.29200    0.02025
 18.9167   34.73574  315.56702   38.6332  135.1728    6.18000    0.01476
 18.9250   34.93215  315.53235   38.6152  135.1930    6.10300    0.01086
 18.9333   35.12864  315.49637   38.5973  135.2130    6.05900    0.01881
 18.9417   35.32521  315.45908   38.5795  135.2327    6.00200    0.01945
 18.9500   35.52185  315.42044   38.5617  135.2523    5.88800    0.00932
 18.9583   35.71857  315.38049   38.5441  135.2716    5.79400   -0.00916
 18.9667   35.91535  315.33917   38.5265  135.2907    5.70200   -0.02327
 18.9750   36.11220  315.29648   38.5090  135.3096    5.61500   -0.03104
 18.9833   36.30912  315.25241   38.4915  135.3283    5.55700   -0.02990
 18.9917   36.50609  315.20694   38.4742  135.3468    5.51200   -0.03742
 19.0000   36.70311  315.16010   38.4569  135.3651    5.39200   -0.04060
 19.0083   36.90018  315.11179   38.4397  135.3832    5.36200   -0.05415
 19.0167   37.09730  315.06207   38.4226  135.4010    5.27500   -0.05670
 19.0250   37.29446  315.01089   38.4055  135.4187    5.21100   -0.05670
 19.0333   37.49166  314.95828   38.3885  135.4362    5.19800   -0.04651
 19.0417   37.68889  314.90417   38.3716  135.4535    5.16600   -0.03139
 19.0500   37.88615  314.84857   38.3548  135.4706    5.13100   -0.02078
 19.0583   38.08343  314.79144   38.3381  135.4876    5.10300   -0.00654
 19.0667   38.28073  314.73282   38.3214  135.5043    5.09000    0.00550
 19.0750   38.47805  314.67264   38.3047  135.5209    5.04500    0.01414
 19.0833   38.67537  314.61093   38.2882  135.5372    5.00500    0.01813
 19.0917   38.87271  314.54764   38.2717  135.5535    4.97200    0.02763
 19.1000   39.07004  314.48279   38.2553  135.5695    4.95500    0.03182
 19.1083   39.26737  314.41632   38.2389  135.5853    4.88900    0.03766
 19.1167   39.46469  314.34821   38.2227  135.6010    4.86100    0.03106
 19.1250   39.66199  314.27850   38.2064  135.6165    4.78300    0.02899
 19.1333   39.85928  314.20712   38.1903  135.6318    4.73200    0.02204
 19.1417   40.05654  314.13409   38.1742  135.6470    4.67800    0.01629
 19.1500   40.25377  314.05939   38.1582  135.6620    4.60100    0.01846
 19.1583   40.45096  313.98297   38.1422  135.6768    4.58000    0.01705
 19.1667   40.64811  313.90482   38.1263  135.6915    4.50600    0.01618
 19.1750   40.84522  313.82495   38.1104  135.7060    4.42900    0.00509
 19.1833   41.04227  313.74332   38.0946  135.7204    4.36100   -0.00297
 19.1917   41.23926  313.65991   38.0789  135.7346    4.30000   -0.01351
 19.2000   41.43618  313.57471   38.0632  135.7486    4.21300   -0.01628
 19.2083   41.63303  313.48773   38.0476  135.7625    4.18200   -0.02002
 19.2167   41.82981  313.39890   38.0321  135.7763    4.11900   -0.01980
 19.2250   42.02650  313.30820   38.0166  135.7899    4.05100   -0.02348
 19.2333   42.22310  313.21567   38.0011  135.8033    4.00400   -0.02708
 19.2417   42.41960  313.12122   37.9857  135.8166    3.93900   -0.02590
 19.2500   42.61600  313.02490   37.9704  135.8298    3.88800   -0.01892
 19.2583   42.81228  312.92661   37.9551  135.8428    3.86200   -0.00685
 19.2667   43.00845  312.82639   37.9399  135.8556    3.81600    0.01090
 19.2750   43.20449  312.72421   37.9247  135.8684    3.78600    0.02717
 19.2833   43.40040  312.62003   37.9096  135.8810    3.75200    0.04251
 19.2917   43.59617  312.51385   37.8945  135.8934    3.69900    0.05165
 19.3000   43.79179  312.40561   37.8794  135.9057    3.64100    0.05535
 19.3083   43.98726  312.29535   37.8645  135.9179    3.58200    0.05181
 19.3167   44.18256  312.18298   37.8495  135.9299    3.50000    0.03913
 19.3250   44.37769  312.06854   37.8346  135.9418    3.40700    0.02513
 19.3333   44.57264  311.95193   37.8198  135.9536    3.34400    0.00510
 19.3417   44.76740  311.83322   37.8050  135.9653    3.23900   -0.01339
 19.3500   44.96197  311.71234   37.7903  135.9768    3.15400   -0.02974
 19.3583   45.15633  311.58926   37.7756  135.9882    3.10200   -0.04402
 19.3667   45.35048  311.46396   37.7609  135.9995    3.00800   -0.05492
 19.3750   45.54441  311.33643   37.7463  136.0106    2.93800   -0.06345
 19.3833   45.73810  311.20663   37.7318  136.0217    2.89700   -0.06122
 19.3917   45.93156  311.07455   37.7172  136.0326    2.84800   -0.05293
 19.4000   46.12476  310.94016   37.7028  136.0434    2.80700   -0.04854
 19.4083   46.31770  310.80341   37.6883  136.0540    2.75500   -0.03887
 19.4167   46.51038  310.66431   37.6739  136.0646    2.73100   -0.02550
 19.4250   46.70278  310.52283   37.6596  136.0750    2.70800   -0.00460
 19.4333   46.89488  310.37894   37.6453  136.0853    2.68900    0.01483
 19.4417   47.08669  310.23260   37.6310  136.0955    2.66200    0.02675
 19.4500   47.27819  310.08377   37.6168  136.1056    2.61100    0.03147
 19.4583   47.46937  309.93250   37.6026  136.1156    2.56600    0.03087
 19.4667   47.66021  309.77866   37.5884  136.1255    2.52100    0.03815
 19.4750   47.85071  309.62228   37.5743  136.1352    2.50200    0.03689
 19.4833   48.04086  309.46335   37.5602  136.1449    2.42300    0.03104
 19.4917   48.23065  309.30182   37.5462  136.1544    2.36000    0.01623
 19.5000   48.42006  309.13763   37.5322  136.1638    2.30700    0.00320
 19.5083   48.60908  308.97083   37.5182  136.1732    2.23400   -0.00771
 19.5167   48.79770  308.80130   37.5042  136.1824    2.18000   -0.02167
 19.5250   48.98591  308.62906   37.4903  136.1915    2.11600   -0.03091
 19.5333   49.17369  308.45410   37.4765  136.2005    2.06700   -0.03669
 19.5417   49.36104  308.27634   37.4626  136.2094    2.03200   -0.04168
 19.5500   49.54794  308.09579   37.4488  136.2183    1.97700   -0.04753
 19.5583   49.73437  307.91245   37.4351  136.2270    1.92700   -0.05575
 19.5667   49.92032  307.72620   37.4213  136.2356    1.88700   -0.05454
 19.5750   50.10579  307.53708   37.4076  136.2441    1.87400   -0.06062
 19.5833   50.29075  307.34503   37.3940  136.2525    1.80500   -0.05094
 19.5917   50.47520  307.15002   37.3803  136.2609    1.83200   -0.04397
 19.6000   50.65911  306.95206   37.3667  136.2691    1.81500   -0.02039
 19.6083   50.84248  306.75107   37.3531  136.2773    1.81400   -0.00456
 19.6167   51.02528  306.54706   37.3396  136.2853    1.81400    0.00807
 19.6250   51.20751  306.33997   37.3260  136.2933    1.78600    0.01028
 19.6333   51.38915  306.12976   37.3125  136.3011    1.74700    0.01068
 19.6417   51.57018  305.91644   37.2991  136.3089    1.74500    0.01584
 19.6500   51.75059  305.69995   37.2856  136.3166    1.73900    0.02485
 19.6583   51.93036  305.48026   37.2722  136.3242    1.71700    0.02759
 19.6667   52.10948  305.25735   37.2588  136.3317    1.69400    0.02835
 19.6750   52.28792  305.03119   37.2455  136.3391    1.68000    0.02184
 19.6833   52.46568  304.80176   37.2321  136.3465    1.63100    0.00756
 19.6917   52.64274  304.56897   37.2188  136.3537    1.57600   -0.00791
 19.7000   52.81907  304.33286   37.2055  136.3609    1.55600   -0.02123
 19.7083   52.99466  304.09338   37.1923  136.3680    1.51500   -0.01670
 19.7167   53.16949  303.85046   37.1791  136.3750    1.52700   -0.01657
 19.7250   53.34355  303.60413   37.1658  136.3819    1.49200   -0.01252
 19.7333   53.51681  303.35431   37.1526  136.3887    1.46500   -0.01580
 19.7417   53.68927  303.10101   37.1395  136.3955    1.45000   -0.01612
 19.7500   53.86089  302.84418   37.1263  136.4022    1.42600   -0.01557
 19.7583   54.03166  302.58377   37.1132  136.4088    1.40300   -0.01387
 19.7667   54.20156  302.31976   37.1001  136.4153    1.39400   -0.01275
 19.7750   54.37057  302.05215   37.0871  136.4218    1.37300   -0.00719
 19.7833   54.53866  301.78091   37.0740  136.4281    1.37200   -0.00637
 19.7917   54.70583  301.50595   37.0610  136.4344    1.35200   -0.00730
 19.8000   54.87205  301.22733   37.0479  136.4407    1.32700   -0.01061
 19.8083   55.03730  300.94495   37.0350  136.4468    1.31900   -0.00891
 19.8167   55.20155  300.65881   37.0220  136.4529    1.31700   -0.01090
 19.8250   55.36478  300.36890   37.0090  136.4589    1.28000   -0.01179
 19.8333   55.52698  300.07516   36.9961  136.4648    1.27600   -0.01500
 19.8417   55.68812  299.77759   36.9832  136.4706    1.26600   -0.01022
 19.8500   55.84818  299.47617   36.9703  136.4764    1.25900   -0.00318
 19.8583   56.00713  299.17084   36.9574  136.4821    1.26600    0.00641
 19.8667   56.16496  298.86160   36.9445  136.4878    1.26700    0.01404
 19.8750   56.32163  298.54843   36.9317  136.4934    1.25400    0.01323
 19.8833   56.47713  298.23129   36.9189  136.4989    1.23100    0.00827
 19.8917   56.63144  297.91019   36.9060  136.5043    1.21700    0.00248
 19.9000   56.78452  297.58508   36.8933  136.5097    1.20000   -0.00644
 19.9083   56.93635  297.25598   36.8805  136.5150    1.16600   -0.01334
 19.9167   57.08691  296.92282   36.8677  136.5202    1.16000   -0.01216
 19.9250   57.23618  296.58560   36.8550  136.5254    1.17300   -0.00174
 19.9333   57.38412  296.24432   36.8422  136.5305    1.17100    0.00984
 19.9417   57.53071  295.89896   36.8295  136.5356    1.16700    0.01417
 19.9500   57.67594  295.54950   36.8168  136.5406    1.15100    0.01193
 19.9583   57.81976  295.19595   36.8041  136.5455    1.12400    0.00598
 19.9667   57.96215  294.83826   36.7914  136.5503    1.10700    0.00080
 19.9750   58.10310  294.47644   36.7788  136.5551    1.09500   -0.00236
 19.9833   58.24257  294.11050   36.7661  136.5599    1.07600    0.00032
 19.9917   58.38053  293.74039   36.7535  136.5645    1.07900    0.00497
 20.0000   58.51695  293.36615   36.7409  136.5692    1.07400    0.00810
 20.0083   58.65182  292.98776   36.7283  136.5737    1.04800    0.00620
 20.0167   58.78510  292.60519   36.7157  136.5782    1.03200   -0.00087
 20.0250   58.91676  292.21851   36.7031  136.5826    1.00700   -0.00070
 20.0333   59.04678  291.82764   36.6905  136.5870    1.00500    0.00125
 20.0417   59.17513  291.43265   36.6780  136.5913    0.99500    0.00633
 20.0500   59.30177  291.03354   36.6654  136.5956    0.98100    0.00832
 20.0583   59.42669  290.63028   36.6529  136.5998    0.96900   -0.00009
 20.0667   59.54985  290.22290   36.6403  136.6039    0.92400   -0.00306
 20.0750   59.67123  289.81140   36.6278  136.6080    0.92800   -0.00805
 20.0833   59.79079  289.39584   36.6153  136.6121    0.90900   -0.00240
 20.0917   59.90851  288.97620   36.6028  136.6160    0.90000   -0.00039
 20.1000   60.02436  288.55252   36.5903  136.6200    0.89300   -0.00066
 20.1083   60.13831  288.12479   36.5779  136.6238    0.86800   -0.00370
 20.1167   60.25032  287.69308   36.5654  136.6276    0.85000   -0.00810
 20.1250   60.36038  287.25739   36.5529  136.6314    0.83800   -0.00846
 20.1333   60.46845  286.81772   36.5405  136.6351    0.82500   -0.00638
 20.1417   60.57451  286.37415   36.5281  136.6387    0.81500   -0.00672
 20.1500   60.67852  285.92673   36.5156  136.6423    0.79600   -0.00146
 20.1583   60.78046  285.47546   36.5032  136.6459    0.80300   -0.00118
 20.1667   60.88029  285.02039   36.4908  136.6494    0.77800    0.00457
 20.1750   60.97800  284.56158   36.4784  136.6528    0.77700    0.00665
 20.1833   61.07355  284.09903   36.4660  136.6562    0.77100    0.00808
 20.1917   61.16691  283.63287   36.4536  136.6595    0.74300    0.00671
 20.2000   61.25805  283.16309   36.4412  136.6628    0.73200    0.00128
 20.2083   61.34696  282.68976   36.4288  136.6660    0.71200    0.00115
 20.2167   61.43359  282.21292   36.4165  136.6692    0.70100   -0.00031
 20.2250   61.51793  281.73270   36.4041  136.6723    0.68500    0.00166
 20.2333   61.59994  281.24908   36.3917  136.6754    0.67700    0.00763
 20.2417   61.67961  280.76218   36.3794  136.6784    0.67800    0.01018
 20.2500   61.75690  280.27206   36.3670  136.6814    0.65100    0.00933
 20.2583   61.83178  279.77878   36.3547  136.6842    0.63100    0.00564
 20.2667   61.90424  279.28244   36.3424  136.6871    0.62300    0.00050
 20.2750   61.97425  278.78311   36.3300  136.6899    0.59000   -0.00450
 20.2833   62.04178  278.28085   36.3177  136.6927    0.57100   -0.00991
 20.2917   62.10682  277.77576   36.3054  136.6954    0.56200   -0.00984
 20.3000   62.16933  277.26794   36.2930  136.6981    0.54600   -0.00606
 20.3083   62.22929  276.75745   36.2807  136.7007    0.53700   -0.00614
 20.3167   62.28668  276.24442   36.2684  136.7032    0.51200    0.00143
 20.3250   62.34149  275.72894   36.2561  136.7057    0.51900    0.00977
 20.3333   62.39368  275.21106   36.2438  136.7082    0.50800    0.02162
 20.3417   62.44325  274.69095   36.2315  136.7106    0.49000    0.02399
 20.3500   62.49016  274.16867   36.2192  136.7129    0.46200    0.03310
 20.3583   62.53440  273.64432   36.2069  136.7152    0.47300    0.03671
 20.3667   62.57596  273.11801   36.1946  136.7175    0.43800    0.03536
 20.3750   62.61481  272.58990   36.1823  136.7197    0.39300    0.02799
 20.3833   62.65095  272.06003   36.1699  136.7218    0.38000    0.02209
 20.3917   62.68434  271.52853   36.1576  136.7239    0.34500    0.02287
 20.4000   62.71499  270.99554   36.1453  136.7260    0.32000    0.01009
 20.4083   62.74287  270.46118   36.1330  136.7280    0.26000   -0.00721
 20.4167   62.76797  269.92554   36.1207  136.7299    0.20900   -0.01890
 20.4250   62.79028  269.38873   36.1084  136.7318    0.20300   -0.01783
 20.4333   62.80979  268.85089   36.0961  136.7336    0.18900   -0.00661
 20.4417   62.82648  268.31216   36.0838  136.7354    0.17500   -0.00614
 20.4500   62.84036  267.77261   36.0714  136.7372    0.13500   -0.02179
 20.4583   62.85141  267.23239   36.0591  136.7389    0.07000   -0.04124
 20.4667   62.85962  266.69165   36.0468  136.7405    0.04800   -0.05277
 20.4750   62.86498  266.15048   36.0344  136.7421    0.04100   -0.05635
 20.4833   62.86750  265.60898   36.0221  136.7436    0.00900   -0.05810
 20.4917   62.86716  265.06732   36.0097  136.7451    0.00200   -0.05410
 20.5000   62.86397  264.52560   35.9974  136.7465    0.02400   -0.04502
 20.5083   62.85792  263.98395   35.9850  136.7479    0.01700   -0.03280
 20.5167   62.84901  263.44250   35.9726  136.7492    0.02700   -0.03456
 20.5250   62.83723  262.90134   35.9603  136.7505    0.00700   -0.03852
 20.5333   62.82260  262.36063   35.9479  136.7517    0.00000   -0.04168
 20.5417   62.80511  261.82047   35.9355  136.7529    0.02300   -0.03741
 20.5500   62.78476  261.28098   35.9230  136.7540    0.03900   -0.03082
 20.5583   62.76156  260.74228   35.9106  136.7550    0.05000   -0.02622
 20.5667   62.73552  260.20450   35.8982  136.7560    0.07300   -0.02316
 20.5750   62.70663  259.66772   35.8857  136.7570    0.09000   -0.02555
 20.5833   62.67491  259.13208   35.8732  136.7579    0.08600   -0.02329
 20.5917   62.64036  258.59769   35.8608  136.7588    0.12600   -0.02068
 20.6000   62.60299  258.06467   35.8483  136.7596    0.14400   -0.01384
 20.6083   62.56281  257.53311   35.8357  136.7603    0.15700   -0.00622
 20.6167   62.51983  257.00311   35.8232  136.7610    0.20300    0.00342
 20.6250   62.47407  256.47479   35.8107  136.7617    0.23100    0.01694
 20.6333   62.42553  255.94826   35.7981  136.7623    0.25800    0.01965
 20.6417   62.37423  255.42360   35.7855  136.7628    0.26800    0.02437
 20.6500   62.32018  254.90092   35.7729  136.7633    0.30100    0.02167
 20.6583   62.26339  254.38031   35.7603  136.7637    0.30200    0.01671
 20.6667   62.20389  253.86186   35.7476  136.7641    0.30400    0.00771
 20.6750   62.14169  253.34566   35.7350  136.7645    0.32300    0.00330
 20.6833   62.07680  252.83182   35.7223  136.7648    0.33900    0.00246
 20.6917   62.00924  252.32037   35.7095  136.7650    0.35200    0.00477
 20.7000   61.93904  251.81145   35.6968  136.7652    0.38000    0.00605
 20.7083   61.86621  251.30510   35.6840  136.7653    0.39000    0.00855
 20.7167   61.79077  250.80141   35.6712  136.7654    0.40400    0.00116
 20.7250   61.71274  250.30045   35.6584  136.7654    0.39800   -0.00297
 20.7333   61.63214  249.80229   35.6456  136.7654    0.41800   -0.00708
 20.7417   61.54900  249.30701   35.6327  136.7654    0.43200   -0.00706
 20.7500   61.46334  248.81465   35.6198  136.7653    0.44200   -0.00632
 20.7583   61.37517  248.32529   35.6069  136.7651    0.46600   -0.00502
 20.7667   61.28453  247.83896   35.5939  136.7649    0.48400   -0.00485
 20.7750   61.19143  247.35574   35.5809  136.7646    0.49000   -0.00810
 20.7833   61.09591  246.87570   35.5679  136.7643    0.50400   -0.01080
 20.7917   60.99798  246.39885   35.5548  136.7640    0.52600   -0.01152
 20.8000   60.89767  245.92526   35.5417  136.7635    0.54100   -0.01328
 20.8083   60.79500  245.45496   35.5286  136.7631    0.55600   -0.01853
 20.8167   60.69001  244.98799   35.5154  136.7626    0.56900   -0.01537
 20.8250   60.58272  244.52441   35.5023  136.7621    0.61700   -0.02039
 20.8333   60.47314  244.06422   35.4890  136.7615    0.60800   -0.01995
 20.8417   60.36132  243.60748   35.4757  136.7608    0.64600   -0.03162
 20.8500   60.24728  243.15422   35.4624  136.7601    0.66100   -0.03382
 20.8583   60.13103  242.70445   35.4491  136.7594    0.69500   -0.03823
 20.8667   60.01262  242.25821   35.4357  136.7586    0.73800   -0.04506
 20.8750   59.89207  241.81551   35.4223  136.7578    0.75700   -0.05311
 20.8833   59.76940  241.37637   35.4088  136.7569    0.79900   -0.07101
 20.8917   59.64465  240.94083   35.3953  136.7560    0.82000   -0.08322
 20.9000   59.51783  240.50887   35.3817  136.7551    0.87000   -0.09727
 20.9083   59.38898  240.08051   35.3681  136.7540    0.91500   -0.09888
 20.9167   59.25813  239.65578   35.3545  136.7530    0.99100   -0.09320
 20.9250   59.12531  239.23466   35.3408  136.7519    1.07800   -0.07902
 20.9333   58.99053  238.81718   35.3271  136.7508    1.16800   -0.06187
 20.9417   58.85383  238.40337   35.3133  136.7496    1.26800   -0.04906
 20.9500   58.71525  237.99316   35.2995  136.7484    1.35400   -0.03775
 20.9583   58.57479  237.58659   35.2856  136.7471    1.45100   -0.03210
 20.9667   58.43250  237.18369   35.2717  136.7458    1.54300   -0.03297
 20.9750   58.28840  236.78439   35.2577  136.7444    1.61900   -0.03912
 20.9833   58.14251  236.38873   35.2437  136.7430    1.70600   -0.03744
 20.9917   57.99487  235.99669   35.2296  136.7416    1.83000   -0.03025
 21.0000   57.84550  235.60826   35.2155  136.7401    1.92400   -0.01147
 21.0083   57.69443  235.22343   35.2013  136.7386    2.04800    0.01083
 21.0167   57.54169  234.84219   35.1871  136.7370    2.17700    0.03783
 21.0250   57.38730  234.46455   35.1728  136.7354    2.27800    0.05973
 21.0333   57.23129  234.09045   35.1585  136.7338    2.37400    0.08349
 21.0417   57.07369  233.71992   35.1441  136.7321    2.49900    0.10985
 21.0500   56.91452  233.35292   35.1296  136.7304    2.59800    0.12558
 21.0583   56.75380  232.98943   35.1151  136.7286    2.64500    0.12736
 21.0667   56.59158  232.62943   35.1005  136.7268    2.70800    0.11599
 21.0750   56.42786  232.27290   35.0859  136.7249    2.74600    0.10737
 21.0833   56.26268  231.91985   35.0712  136.7231    2.78800    0.09373
 21.0917   56.09607  231.57022   35.0565  136.7211    2.81900    0.07977
 21.1000   55.92804  231.22400   35.0417  136.7192    2.84000    0.06642
 21.1083   55.75862  230.88118   35.0268  136.7172    2.86500    0.05940
 21.1167   55.58784  230.54172   35.0119  136.7151    2.89800    0.05153
 21.1250   55.41572  230.20560   34.9969  136.7131    2.89800    0.04292
 21.1333   55.24228  229.87277   34.9818  136.7109    2.90400    0.02861
 21.1417   55.06756  229.54324   34.9667  136.7088    2.90400    0.01814
 21.1500   54.89156  229.21700   34.9515  136.7066    2.90700    0.01553
 21.1583   54.71433  228.89397   34.9362  136.7043    2.93200    0.02826
 21.1667   54.53587  228.57413   34.9209  136.7021    2.97700    0.03673
 21.1750   54.35622  228.25749   34.9055  136.6998    2.95500    0.03236
 21.1833   54.17539  227.94398   34.8900  136.6974    2.92600    0.01372
 21.1917   53.99341  227.63361   34.8745  136.6950    2.91500    0.00799
 21.2000   53.81031  227.32632   34.8589  136.6926    2.93800    0.00968
 21.2083   53.62609  227.02209   34.8432  136.6902    2.93700    0.01680
 21.2167   53.44079  226.72090   34.8275  136.6877    2.94800    0.01570
 21.2250   53.25442  226.42271   34.8116  136.6851    2.94600    0.00422
 21.2333   53.06701  226.12749   34.7957  136.6826    2.91300   -0.01572
 21.2417   52.87858  225.83519   34.7797  136.6800    2.89800   -0.04360
 21.2500   52.68914  225.54581   34.7637  136.6773    2.87000   -0.06638
 21.2583   52.49873  225.25931   34.7475  136.6747    2.86000   -0.07828
 21.2667   52.30735  224.97566   34.7313  136.6719    2.89300   -0.07845
 21.2750   52.11504  224.69482   34.7150  136.6692    2.92000   -0.07332
 21.2833   51.92180  224.41676   34.6986  136.6664    2.93900   -0.06970
 21.2917   51.72766  224.14146   34.6822  136.6636    2.97400   -0.06283
 21.3000   51.53263  223.86888   34.6656  136.6607    3.01900   -0.05248
 21.3083   51.33674  223.59898   34.6490  136.6578    3.06100   -0.04445
 21.3167   51.14001  223.33176   34.6323  136.6549    3.10000   -0.03664
 21.3250   50.94245  223.06715   34.6155  136.6519    3.15800   -0.03317
 21.3333   50.74408  222.80515   34.5986  136.6489    3.19800   -0.02895
 21.3417   50.54491  222.54570   34.5816  136.6459    3.25100   -0.02425
 21.3500   50.34498  222.28879   34.5645  136.6429    3.32100   -0.02156
 21.3583   50.14429  222.03438   34.5474  136.6398    3.36000   -0.02334
 21.3667   49.94286  221.78246   34.5301  136.6366    3.40400   -0.02927
 21.3750   49.74070  221.53296   34.5128  136.6334    3.46600   -0.02334
 21.3833   49.53784  221.28587   34.4953  136.6302    3.55600   -0.01393
 21.3917   49.33430  221.04117   34.4778  136.6270    3.61700   -0.00590
 21.4000   49.13008  220.79881   34.4601  136.6237    3.67700   -0.00409
 21.4083   48.92520  220.55879   34.4424  136.6204    3.74800   -0.01142
 21.4167   48.71968  220.32104   34.4246  136.6171    3.77600   -0.01240
 21.4250   48.51354  220.08557   34.4066  136.6137    3.86400   -0.01686
 21.4333   48.30678  219.85233   34.3886  136.6103    3.92200   -0.00844
 21.4417   48.09944  219.62128   34.3705  136.6068    4.00500   -0.00063
 21.4500   47.89151  219.39240   34.3522  136.6033    4.09400    0.00082
 21.4583   47.68301  219.16566   34.3338  136.5998    4.13300   -0.00403
 21.4667   47.47397  218.94106   34.3154  136.5962    4.19500   -0.01060
 21.4750   47.26438  218.71852   34.2968  136.5927    4.27900   -0.00636
 21.4833   47.05428  218.49805   34.2781  136.5890    4.36200   -0.01520
 21.4917   46.84366  218.27960   34.2593  136.5854    4.37300   -0.01449
 21.5000   46.63255  218.06316   34.2404  136.5817    4.49900   -0.02634
 21.5083   46.42096  217.84869   34.2214  136.5780    4.53500   -0.01805
 21.5167   46.20890  217.63617   34.2023  136.5742    4.63100   -0.02063
 21.5250   45.99639  217.42557   34.1830  136.5704    4.71300   -0.01387
 21.5333   45.78343  217.21686   34.1636  136.5666    4.78700   -0.00355
 21.5417   45.57004  217.01003   34.1441  136.5627    4.89700    0.00171
 21.5500   45.35624  216.80502   34.1245  136.5588    4.96100    0.00477
 21.5583   45.14203  216.60184   34.1048  136.5549    5.02800   -0.00162
 21.5667   44.92743  216.40044   34.0849  136.5509    5.10000    0.00076
 21.5750   44.71244  216.20081   34.0649  136.5469    5.20300    0.00265
 21.5833   44.49709  216.00291   34.0448  136.5429    5.27000    0.00962
 21.5917   44.28138  215.80672   34.0245  136.5388    5.36900    0.00362
 21.6000   44.06533  215.61223   34.0042  136.5347    5.41800    0.00362
 21.6083   43.84894  215.41939   33.9836  136.5306    5.51200   -0.00603
 21.6167   43.63222  215.22820   33.9630  136.5264    5.57000   -0.00867
 21.6250   43.41520  215.03862   33.9422  136.5222    5.65000   -0.01440
 21.6333   43.19787  214.85065   33.9213  136.5180    5.73000   -0.01635
 21.6417   42.98025  214.66422   33.9002  136.5137    5.80500   -0.01705
 21.6500   42.76235  214.47935   33.8790  136.5094    5.89300   -0.01497
 21.6583   42.54418  214.29601   33.8576  136.5051    5.98700   -0.00501
 21.6667   42.32576  214.11415   33.8361  136.5007    6.09500   -0.00641
 21.6750   42.10708  213.93378   33.8144  136.4963    6.13400   -0.00352
 21.6833   41.88816  213.75485   33.7926  136.4918    6.24700   -0.00776
 21.6917   41.66901  213.57738   33.7707  136.4873    6.32700    0.00527
 21.7000   41.44964  213.40129   33.7485  136.4828    6.44100   -0.00071
 21.7083   41.23007  213.22661   33.7263  136.4783    6.47500    0.00199
 21.7167   41.01029  213.05328   33.7038  136.4737    6.59300    0.00223
 21.7250   40.79031  212.88133   33.6812  136.4691    6.69800    0.00925
 21.7333   40.57016  212.71069   33.6585  136.4644    6.76200    0.00424
 21.7417   40.34983  212.54135   33.6355  136.4598    6.82800    0.00225
 21.7500   40.12934  212.37331   33.6125  136.4550    6.94500   -0.00409
 21.7583   39.90869  212.20653   33.5892  136.4503    6.99200    0.00238
 21.7667   39.68789  212.04100   33.5658  136.4455    7.11500   -0.00576
 21.7750   39.46695  211.87669   33.5422  136.4407    7.16800   -0.00098
 21.7833   39.24588  211.71359   33.5184  136.4358    7.26800   -0.00606
 21.7917   39.02469  211.55170   33.4944  136.4309    7.34700   -0.00436
 21.8000   38.80339  211.39096   33.4702  136.4260    7.43300   -0.00599
 21.8083   38.58198  211.23138   33.4459  136.4211    7.52100   -0.00633
 21.8167   38.36047  211.07294   33.4214  136.4161    7.60800   -0.00506
 21.8250   38.13887  210.91560   33.3967  136.4110    7.70300   -0.00167
 21.8333   37.91719  210.75937   33.3718  136.4060    7.80300   -0.00006
 21.8417   37.69543  210.60422   33.3467  136.4009    7.88300   -0.00603
 21.8500   37.47360  210.45013   33.3214  136.3958    7.94200   -0.01354
 21.8583   37.25172  210.29710   33.2959  136.3906    8.03300   -0.02216
 21.8667   37.02978  210.14508   33.2702  136.3854    8.10600   -0.00918
 21.8750   36.80780  209.99408   33.2443  136.3801    8.26300    0.00107
 21.8833   36.58578  209.84409   33.2182  136.3749    8.34400    0.01502
 21.8917   36.36372  209.69505   33.1919  136.3696    8.43600    0.01445
 21.9000   36.14164  209.54700   33.1653  136.3642    8.53100    0.01816
 21.9083   35.91955  209.39989   33.1386  136.3589    8.63500    0.01228
 21.9167   35.69744  209.25371   33.1116  136.3535    8.68500    0.00909
 21.9250   35.47533  209.10844   33.0844  136.3480    8.79300   -0.01021
 21.9333   35.25322  208.96408   33.0570  136.3425    8.82500   -0.01883
 21.9417   35.03112  208.82060   33.0294  136.3370    8.93100   -0.03926
 21.9500   34.80903  208.67799   33.0015  136.3315    8.99100   -0.03747
 21.9583   34.58697  208.53625   32.9734  136.3259    9.13100   -0.04162
 21.9667   34.36493  208.39534   32.9450  136.3203    9.21000   -0.02756
 21.9750   34.14293  208.25526   32.9164  136.3147    9.35800   -0.02300
 21.9833   33.92097  208.11600   32.8875  136.3090    9.45600   -0.01550
 21.9917   33.69905  207.97752   32.8584  136.3032    9.55300   -0.02181
 22.0000   33.47719  207.83984   32.8291  136.2975    9.64100   -0.01881
 22.0083   33.25538  207.70293   32.7995  136.2917    9.79100   -0.01800
 22.0167   33.03364  207.56677   32.7696  136.2859    9.88900   -0.00614
 22.0250   32.81196  207.43137   32.7395  136.2800   10.03900   -0.00689
 22.0333   32.59036  207.29669   32.7091  136.2741   10.13900   -0.01026
 22.0417   32.36884  207.16272   32.6784  136.2682   10.23300   -0.02125
 22.0500   32.14741  207.02946   32.6475  136.2623   10.35800   -0.02848
 22.0583   31.92606  206.89690   32.6162  136.2563   10.48200   -0.03477
 22.0667   31.70482  206.76501   32.5847  136.2502   10.58800   -0.03362
 22.0750   31.48367  206.63380   32.5529  136.2442   10.75600   -0.03814
 22.0833   31.26263  206.50323   32.5208  136.2381   10.86100   -0.03766
 22.0917   31.04171  206.37332   32.4885  136.2320   11.00100   -0.04637
 22.1000   30.82090  206.24403   32.4558  136.2258   11.12800   -0.04278
 22.1083   30.60021  206.11537   32.4228  136.2196   11.30400   -0.03266
 22.1167   30.37965  205.98730   32.3895  136.2134   11.48400   -0.01286
 22.1250   30.15922  205.85983   32.3559  136.2071   11.66900   -0.00823
 22.1333   29.93893  205.73296   32.3219  136.2008   11.77300   -0.00596
 22.1417   29.71878  205.60666   32.2877  136.1945   11.95200   -0.01086
 22.1500   29.49878  205.48091   32.2531  136.1881   12.10700   -0.00918
 22.1583   29.27893  205.35571   32.2182  136.1817   12.25200   -0.00623
 22.1667   29.05923  205.23106   32.1829  136.1753   12.44300   -0.00904
 22.1750   28.83969  205.10693   32.1474  136.1688   12.57500   -0.00181
 22.1833   28.62032  204.98334   32.1114  136.1623   12.78200   -0.00996
 22.1917   28.40112  204.86024   32.0751  136.1558   12.89400   -0.01618
 22.2000   28.18208  204.73764   32.0385  136.1492   13.03800   -0.02194
 22.2083   27.96323  204.61552   32.0015  136.1427   13.24800   -0.01160
 22.2167   27.74456  204.49390   31.9641  136.1360   13.45200   -0.00983
 22.2250   27.52608  204.37273   31.9264  136.1294   13.55300   -0.01182
 22.2333   27.30778  204.25201   31.8882  136.1227   13.75500   -0.02137
 22.2417   27.08968  204.13177   31.8497  136.1160   13.92700   -0.01539
 22.2500   26.87178  204.01193   31.8108  136.1092   14.12200   -0.02088
 22.2583   26.65408  203.89255   31.7716  136.1024   14.26300   -0.02129
 22.2667   26.43659  203.77357   31.7319  136.0956   14.47000   -0.02890
 22.2750   26.21931  203.65501   31.6918  136.0888   14.63900   -0.03284
 22.2833   26.00224  203.53685   31.6513  136.0819   14.81900   -0.04644
 22.2917   25.78540  203.41908   31.6103  136.0750   14.98400   -0.05465
 22.3000   25.56877  203.30170   31.5690  136.0681   15.19400   -0.04166
 22.3083   25.35237  203.18468   31.5272  136.0612   15.50500   -0.03019
 22.3167   25.13620  203.06802   31.4850  136.0542   15.67300   -0.03478
 22.3250   24.92026  202.95174   31.4423  136.0471   15.79800   -0.04984
 22.3333   24.70456  202.83578   31.3992  136.0401   16.05800   -0.05130
 22.3417   24.48910  202.72018   31.3556  136.0331   16.31700   -0.03678
 22.3500   24.27388  202.60490   31.3116  136.0260   16.54800   -0.01360
 22.3583   24.05891  202.48996   31.2671  136.0188   16.86500   -0.00238
 22.3667   23.84420  202.37532   31.2221  136.0117   17.06200    0.00726
 22.3750   23.62973  202.26099   31.1766  136.0045   17.30000   -0.00440
 22.3833   23.41553  202.14696   31.1307  135.9973   17.49900   -0.00247
 22.3917   23.20159  202.03320   31.0842  135.9901   17.78200   -0.00947
 22.4000   22.98791  201.91974   31.0372  135.9829   17.96800    0.00349
 22.4083   22.77449  201.80655   30.9898  135.9756   18.29900   -0.00257
 22.4167   22.56135  201.69363   30.9418  135.9683   18.47900   -0.00561
 22.4250   22.34849  201.58096   30.8932  135.9610   18.68500   -0.03051
 22.4333   22.13590  201.46855   30.8442  135.9537   18.87800   -0.02866
 22.4417   21.92359  201.35638   30.7946  135.9463   19.22100   -0.01498
 22.4500   21.71157  201.24445   30.7444  135.9390   19.50400   -0.00415
 22.4583   21.49983  201.13275   30.6937  135.9316   19.68600   -0.00667
 22.4667   21.28839  201.02127   30.6424  135.9242   19.94700   -0.00565
 22.4750   21.07724  200.91000   30.5905  135.9167   20.26600   -0.00935
 22.4833   20.86638  200.79895   30.5381  135.9093   20.41900    0.00613
 22.4917   20.65582  200.68810   30.4850  135.9019   20.81300   -0.00871
 22.5000   20.44556  200.57742   30.4314  135.8944   20.93400   -0.00642
 22.5083   20.23561  200.46695   30.3771  135.8869   21.20800   -0.02474
 22.5167   20.02597  200.35664   30.3222  135.8794   21.47900   -0.03186
 22.5250   19.81664  200.24654   30.2667  135.8719   21.68700   -0.02150
 22.5333   19.60762  200.13657   30.2106  135.8644   22.08500   -0.03517
 22.5417   19.39892  200.02678   30.1538  135.8569   22.19900   -0.01356
 22.5500   19.19054  199.91714   30.0964  135.8494   22.65200   -0.03009
 22.5583   18.98247  199.80763   30.0383  135.8418   22.79300   -0.01748
 22.5667   18.77474  199.69829   29.9795  135.8343   23.11000   -0.02752
 22.5750   18.56733  199.58907   29.9200  135.8268   23.41500   -0.02695
 22.5833   18.36025  199.47998   29.8598  135.8192   23.64300   -0.02332
 22.5917   18.15350  199.37102   29.7990  135.8117   23.99500   -0.00850
 22.6000   17.94709  199.26216   29.7374  135.8042   24.39000   -0.00423
 22.6083   17.74102  199.15341   29.6751  135.7966   24.55900    0.00339
 22.6167   17.53529  199.04478   29.6121  135.7891   24.94100   -0.01492
 22.6250   17.32990  198.93623   29.5483  135.7816   25.16100   -0.01811
 22.6333   17.12485  198.82779   29.4837  135.7741   25.44100   -0.04216
 22.6417   16.92016  198.71942   29.4184  135.7666   25.68700   -0.02422
 22.6500   16.71581  198.61115   29.3524  135.7591   26.22000   -0.02765
 22.6583   16.51182  198.50293   29.2855  135.7516   26.35200   -0.01444
 22.6667   16.30818  198.39479   29.2179  135.7442   26.72900   -0.02821
 22.6750   16.10490  198.28671   29.1494  135.7367   27.07100   -0.01579
 22.6833   15.90198  198.17870   29.0801  135.7293   27.40200   -0.01368
 22.6917   15.69943  198.07074   29.0100  135.7219   27.71000   -0.01472
 22.7000   15.49724  197.96281   28.9391  135.7146   28.03100   -0.01202
 22.7083   15.29541  197.85493   28.8673  135.7072   28.40700   -0.00601
 22.7167   15.09396  197.74710   28.7947  135.6999   28.74900   -0.00616
 22.7250   14.89288  197.63930   28.7212  135.6926   29.03600   -0.01478
 22.7333   14.69217  197.53151   28.6468  135.6854   29.34400   -0.01807
 22.7417   14.49184  197.42374   28.5715  135.6782   29.73400   -0.00928
 22.7500   14.29189  197.31599   28.4953  135.6711   30.11900   -0.00994
 22.7583   14.09232  197.20827   28.4182  135.6640   30.36600   -0.00374
 22.7667   13.89313  197.10052   28.3402  135.6569   30.80700   -0.00677
 22.7750   13.69433  196.99278   28.2612  135.6499   31.11900   -0.00067
 22.7833   13.49592  196.88506   28.1813  135.6429   31.44700   -0.00006
 22.7917   13.29790  196.77730   28.1004  135.6360   31.84700   -0.00555
 22.8000   13.10026  196.66954   28.0186  135.6292   32.11700   -0.00935
 22.8083   12.90303  196.56177   27.9357  135.6224   32.46800   -0.01223
 22.8167   12.70619  196.45395   27.8519  135.6157   32.89100   -0.00932
 22.8250   12.50974  196.34612   27.7671  135.6091   33.21800   -0.00707
 22.8333   12.31370  196.23824   27.6813  135.6026   33.56700   -0.02013
 22.8417   12.11806  196.13033   27.5944  135.5961   33.87400   -0.03297
 22.8500   11.92283  196.02238   27.5065  135.5897   34.20700   -0.03274
 22.8583   11.72800  195.91438   27.4176  135.5834   34.67300   -0.03839
 22.8667   11.53359  195.80634   27.3276  135.5772   34.93500   -0.03182
 22.8750   11.33958  195.69823   27.2365  135.5712   35.39000   -0.02749
 22.8833   11.14598  195.59006   27.1444  135.5652   35.85900   -0.01976
 22.8917   10.95281  195.48183   27.0512  135.5593   36.17300   -0.02300
 22.9000   10.76004  195.37350   26.9568  135.5535   36.55500   -0.03124
 22.9083   10.56770  195.26514   26.8614  135.5479   37.00200   -0.03092
 22.9167   10.37578  195.15668   26.7648  135.5423   37.41500   -0.04201
 22.9250   10.18428  195.04813   26.6672  135.5369   37.72600   -0.05774
 22.9333    9.99320  194.93950   26.5683  135.5316   38.15400   -0.07279
 22.9417    9.80256  194.83078   26.4684  135.5265   38.58700   -0.06507
 22.9500    9.61234  194.72195   26.3673  135.5216   39.11800   -0.04995
 22.9583    9.42255  194.61304   26.2650  135.5167   39.56200   -0.03279
 22.9667    9.23319  194.50401   26.1615  135.5121   40.03300   -0.02003
 22.9750    9.04427  194.39490   26.0569  135.5076   40.56300   -0.00602
 22.9833    8.85579  194.28566   25.9510  135.5032   41.07300    0.00715
 22.9917    8.66774  194.17630   25.8440  135.4991   41.61000    0.01226
 23.0000    8.48013  194.06682   25.7358  135.4951   42.09300    0.00341
 23.0083    8.29297  193.95721   25.6263  135.4913   42.49300   -0.00105
 23.0167    8.10625  193.84750   25.5156  135.4877   43.00500    0.00000

