hmax        =    300
wind_bottom =      2
wind_top    =     10
critlon     =      0
tbeg, h     =   0.00
tend, h     =  24.00
c_ionex     =      0
c_vert      =      1
time, gamma, az, latp, lonp, tec, tec_filtered
  0.0000   39.04108  307.90906   37.9849  135.2820    3.06300    0.00000
  0.0083   39.21512  308.05457   37.9806  135.3062    2.96600   -0.00209
  0.0167   39.38943  308.19998   37.9764  135.3302    2.87000   -0.00819
  0.0250   39.56402  308.34534   37.9720  135.3540    2.80100   -0.00184
  0.0333   39.73889  308.49060   37.9676  135.3777    2.75400    0.00943
  0.0417   39.91404  308.63580   37.9632  135.4013    2.66200    0.01347
  0.0500   40.08947  308.78094   37.9588  135.4248    2.56200    0.00418
  0.0583   40.26518  308.92599   37.9543  135.4481    2.46300   -0.00409
  0.0667   40.44117  309.07095   37.9497  135.4713    2.38900   -0.01764
  0.0750   40.61745  309.21585   37.9451  135.4943    2.28000   -0.02341
  0.0833   40.79401  309.36069   37.9405  135.5173    2.22400   -0.03083
  0.0917   40.97085  309.50546   37.9358  135.5400    2.13000   -0.03250
  0.1000   41.14798  309.65015   37.9311  135.5627    2.05100   -0.03373
  0.1083   41.32540  309.79474   37.9264  135.5852    2.00100   -0.02889
  0.1167   41.50310  309.93930   37.9216  135.6076    1.93400   -0.02144
  0.1250   41.68110  310.08377   37.9168  135.6299    1.86600   -0.01264
  0.1333   41.85938  310.22821   37.9119  135.6520    1.82400   -0.00422
  0.1417   42.03795  310.37256   37.9071  135.6740    1.76100    0.00450
  0.1500   42.21681  310.51682   37.9021  135.6959    1.70000   -0.00107
  0.1583   42.39597  310.66104   37.8972  135.7177    1.60400   -0.00070
  0.1667   42.57541  310.80521   37.8921  135.7393    1.57100   -0.00334
  0.1750   42.75515  310.94928   37.8871  135.7608    1.50300   -0.00434
  0.1833   42.93519  311.09332   37.8820  135.7822    1.41900   -0.00859
  0.1917   43.11552  311.23727   37.8769  135.8035    1.37500   -0.01663
  0.2000   43.29614  311.38120   37.8718  135.8246    1.29400   -0.02143
  0.2083   43.47706  311.52505   37.8666  135.8457    1.22500   -0.02363
  0.2167   43.65828  311.66885   37.8614  135.8666    1.19500   -0.02134
  0.2250   43.83980  311.81256   37.8561  135.8874    1.13400   -0.01806
  0.2333   44.02162  311.95624   37.8508  135.9080    1.07300   -0.01533
  0.2417   44.20373  312.09988   37.8455  135.9286    1.04600   -0.01400
  0.2500   44.38615  312.24347   37.8401  135.9490    0.98400   -0.00973
  0.2583   44.56886  312.38699   37.8347  135.9694    0.93900   -0.01584
  0.2667   44.75188  312.53046   37.8293  135.9896    0.87300   -0.01600
  0.2750   44.93520  312.67389   37.8239  136.0097    0.84000   -0.02136
  0.2833   45.11883  312.81726   37.8184  136.0296    0.77900   -0.01856
  0.2917   45.30276  312.96060   37.8128  136.0495    0.75400   -0.02434
  0.3000   45.48699  313.10388   37.8073  136.0693    0.69300   -0.01811
  0.3083   45.67153  313.24713   37.8017  136.0889    0.68700   -0.01935
  0.3167   45.85638  313.39035   37.7961  136.1085    0.63600   -0.01664
  0.3250   46.04153  313.53351   37.7904  136.1279    0.59500   -0.02079
  0.3333   46.22699  313.67667   37.7847  136.1472    0.56500   -0.02424
  0.3417   46.41276  313.81976   37.7790  136.1664    0.51900   -0.02682
  0.3500   46.59884  313.96283   37.7733  136.1856    0.48600   -0.03098
  0.3583   46.78523  314.10583   37.7675  136.2045    0.45400   -0.02028
  0.3667   46.97193  314.24884   37.7617  136.2234    0.47300   -0.01196
  0.3750   47.15894  314.39182   37.7558  136.2422    0.43500   -0.00187
  0.3833   47.34626  314.53479   37.7500  136.2609    0.41500   -0.00071
  0.3917   47.53390  314.67770   37.7441  136.2795    0.40100    0.00005
  0.4000   47.72185  314.82062   37.7381  136.2980    0.36400   -0.00253
  0.4083   47.91011  314.96350   37.7322  136.3163    0.33300   -0.00877
  0.4167   48.09868  315.10635   37.7262  136.3346    0.30700   -0.01459
  0.4250   48.28757  315.24921   37.7202  136.3528    0.27500   -0.01462
  0.4333   48.47678  315.39206   37.7141  136.3708    0.27000   -0.01122
  0.4417   48.66630  315.53488   37.7081  136.3888    0.26100   -0.00392
  0.4500   48.85614  315.67770   37.7020  136.4067    0.24400   -0.00096
  0.4583   49.04630  315.82053   37.6958  136.4245    0.22100    0.00276
  0.4667   49.23677  315.96335   37.6897  136.4421    0.21400    0.00030
  0.4750   49.42757  316.10614   37.6835  136.4597    0.17500    0.00008
  0.4833   49.61868  316.24896   37.6773  136.4772    0.16300   -0.00638
  0.4917   49.81011  316.39182   37.6710  136.4945    0.13500   -0.00765
  0.5000   50.00186  316.53464   37.6647  136.5118    0.11900   -0.00715
  0.5083   50.19393  316.67749   37.6585  136.5290    0.11800   -0.00655
  0.5167   50.38633  316.82034   37.6521  136.5461    0.09500   -0.00873
  0.5250   50.57904  316.96323   37.6458  136.5631    0.07300   -0.01850
  0.5333   50.77208  317.10611   37.6394  136.5800    0.04500   -0.02383
  0.5417   50.96544  317.24905   37.6330  136.5968    0.04000   -0.02510
  0.5500   51.15912  317.39200   37.6266  136.6135    0.03500   -0.02463
  0.5583   51.35313  317.53497   37.6201  136.6302    0.01900   -0.02592
  0.5667   51.54746  317.67801   37.6136  136.6467    0.01200   -0.03043
  0.5750   51.74211  317.82108   37.6071  136.6631    0.00000   -0.02880
  0.5833   51.93709  317.96417   37.6006  136.6795    0.01000   -0.01869
  0.5917   52.13240  318.10733   37.5940  136.6958    0.03800   -0.00611
  0.6000   52.32803  318.25052   37.5874  136.7119    0.03900   -0.00513
  0.6083   52.52399  318.39377   37.5808  136.7280    0.01000   -0.01326
  0.6167   52.72027  318.53708   37.5742  136.7440    0.01000   -0.01946
  0.6250   52.91688  318.68048   37.5675  136.7599    0.02400   -0.01419
  0.6333   53.11382  318.82391   37.5608  136.7757    0.04400   -0.01156
  0.6417   53.31108  318.96744   37.5541  136.7915    0.04000   -0.01471
  0.6500   53.50867  319.11105   37.5474  136.8071    0.03900   -0.02290
  0.6583   53.70659  319.25473   37.5406  136.8227    0.04700   -0.02724
  0.6667   53.90484  319.39850   37.5338  136.8382    0.06200   -0.02819
  0.6750   54.10342  319.54236   37.5270  136.8535    0.07600   -0.03092
  0.6833   54.30233  319.68631   37.5202  136.8689    0.07800   -0.03329
  0.6917   54.50156  319.83038   37.5133  136.8841    0.09600   -0.03035
  0.7000   54.70113  319.97455   37.5065  136.8992    0.13000   -0.01748
  0.7083   54.90102  320.11884   37.4996  136.9143    0.16900   -0.00617
  0.7167   55.10125  320.26324   37.4926  136.9293    0.18000    0.00636
  0.7250   55.30181  320.40778   37.4857  136.9442    0.21900    0.01791
  0.7333   55.50269  320.55243   37.4787  136.9590    0.25400    0.02872
  0.7417   55.70391  320.69724   37.4717  136.9737    0.26300    0.03821
  0.7500   55.90546  320.84219   37.4647  136.9884    0.29600    0.03955
  0.7583   56.10733  320.98730   37.4577  137.0029    0.30000    0.03745
  0.7667   56.30954  321.13257   37.4506  137.0174    0.29500    0.02311
  0.7750   56.51208  321.27802   37.4435  137.0318    0.28400    0.01515
  0.7833   56.71496  321.42365   37.4364  137.0462    0.31000    0.00805
  0.7917   56.91816  321.56943   37.4293  137.0604    0.30600    0.01139
  0.8000   57.12169  321.71542   37.4221  137.0746    0.32900    0.00558
  0.8083   57.32556  321.86160   37.4149  137.0887    0.32000    0.00280
  0.8167   57.52976  322.00797   37.4077  137.1027    0.32400   -0.00468
  0.8250   57.73429  322.15460   37.4005  137.1167    0.32900   -0.01156
  0.8333   57.93915  322.30142   37.3933  137.1306    0.32100   -0.01986
  0.8417   58.14434  322.44849   37.3860  137.1443    0.32100   -0.02183
  0.8500   58.34986  322.59579   37.3787  137.1581    0.34900   -0.01892
  0.8583   58.55572  322.74335   37.3714  137.1717    0.36100   -0.01396
  0.8667   58.76191  322.89117   37.3641  137.1853    0.37100   -0.01544
  0.8750   58.96842  323.03928   37.3568  137.1988    0.38000   -0.01639
  0.8833   59.17527  323.18768   37.3494  137.2122    0.39600   -0.01854
  0.8917   59.38245  323.33636   37.3420  137.2256    0.40500   -0.01695
  0.9000   59.58996  323.48535   37.3346  137.2389    0.43200   -0.01656
  0.9083   59.79781  323.63464   37.3272  137.2521    0.45000   -0.01568
  0.9167   60.00598  323.78430   37.3197  137.2652    0.46700   -0.01947
  0.9250   60.21448  323.93427   37.3123  137.2783    0.48200   -0.02540
  0.9333   60.42331  324.08463   37.3048  137.2913    0.49500   -0.02505
  0.9417   60.63247  324.23532   37.2973  137.3042    0.53400   -0.02293
  0.9500   60.84197  324.38641   37.2897  137.3171    0.55500   -0.01731
  0.9583   61.05179  324.53793   37.2822  137.3298    0.58100   -0.01707
  0.9667   61.26194  324.68982   37.2746  137.3426    0.60400   -0.00439
  0.9750   61.47241  324.84216   37.2670  137.3552    0.67000    0.00818
  0.9833   61.68322  324.99493   37.2594  137.3678    0.69700    0.02204
  0.9917   61.89435  325.14819   37.2518  137.3803    0.72600    0.02103
  1.0000   62.10581  325.30191   37.2441  137.3927    0.74200    0.01648
  1.0083   62.31760  325.45612   37.2364  137.4051    0.76000    0.00748
  1.0167   62.52971  325.61087   37.2288  137.4174    0.77600   -0.00228
  1.0250   62.74215  325.76614   37.2210  137.4297    0.79200   -0.01137
  1.0333   62.95492  325.92194   37.2133  137.4419    0.81400   -0.01430
  1.0417   63.16801  326.07834   37.2056  137.4540    0.85300   -0.01336
  1.0500   63.38142  326.23532   37.1978  137.4660    0.88400   -0.01576
  1.0583   63.59516  326.39291   37.1900  137.4780    0.89400   -0.01429
  1.0667   63.80922  326.55115   37.1822  137.4899    0.94200   -0.01909
  1.0750   64.02360  326.71005   37.1744  137.5018    0.94800   -0.01149
  1.0833   64.23830  326.86966   37.1665  137.5136    0.99800   -0.01125
  1.0917   64.45332  327.02994   37.1587  137.5253    1.02200   -0.00118
  1.1000   64.66866  327.19098   37.1508  137.5370    1.06200    0.00564
  1.1083   64.88432  327.35278   37.1429  137.5486    1.10200    0.01977
  1.1167   65.10030  327.51538   37.1350  137.5602    1.15300    0.02679
  1.1250   65.31659  327.67880   37.1270  137.5716    1.17200    0.02922
  1.1333   65.53320  327.84308   37.1191  137.5831    1.20000    0.01391
  1.1417   65.75013  328.00824   37.1111  137.5944    1.19600   -0.00236
  1.1500   65.96737  328.17432   37.1031  137.6057    1.21300   -0.01587
  1.1583   66.18492  328.34134   37.0951  137.6170    1.25300   -0.02426
  1.1667   66.40278  328.50937   37.0870  137.6281    1.26600   -0.03012
  1.1750   66.62095  328.67841   37.0790  137.6393    1.29400   -0.04096
  1.1833   66.83943  328.84851   37.0709  137.6503    1.31800   -0.03757
  1.1917   67.05822  329.01974   37.0628  137.6613    1.37800   -0.03038
  1.2000   67.27731  329.19211   37.0547  137.6723    1.41800   -0.01443
  1.2083   67.49671  329.36566   37.0466  137.6832    1.46900   -0.00340
  1.2167   67.71641  329.54047   37.0385  137.6940    1.51400   -0.00283
  1.2250   67.93642  329.71655   37.0303  137.7048    1.52500   -0.00031
  1.2333   68.15672  329.89398   37.0221  137.7155    1.58800   -0.00261
  1.2417   68.37732  330.07278   37.0139  137.7261    1.62200    0.00115
  1.2500   68.59822  330.25305   37.0057  137.7368    1.65600   -0.00089
  1.2583   68.81941  330.43481   36.9975  137.7473    1.70400   -0.00267
  1.2667   69.04089  330.61813   36.9892  137.7578    1.74200   -0.00237
  1.2750   69.26266  330.80310   36.9810  137.7682    1.78200   -0.01344
  1.2833   69.48473  330.98972   36.9727  137.7786    1.79100   -0.01407
  1.2917   69.70708  331.17813   36.9644  137.7889    1.85900   -0.00892
  1.3000   69.92971  331.36838   36.9561  137.7992    1.91600    0.00109
  1.3083   70.15262  331.56055   36.9477  137.8094    1.94100    0.00768
  1.3167   70.37581  331.75470   36.9394  137.8196    1.99700    0.01467
  1.3250   70.59928  331.95093   36.9310  137.8297    2.05400    0.02587
  1.3333   70.82302  332.14932   36.9226  137.8398    2.09000    0.02998
  1.3417   71.04703  332.34998   36.9142  137.8498    2.12200    0.02694
  1.3500   71.27131  332.55301   36.9057  137.8598    2.15400    0.01500
  1.3583   71.49586  332.75848   36.8973  137.8697    2.16100    0.00741
  1.3667   71.72066  332.96652   36.8888  137.8795    2.21000    0.00618
  1.3750   71.94573  333.17728   36.8804  137.8894    2.26400    0.00762
  1.3833   72.17104  333.39081   36.8719  137.8991    2.27900    0.00503
  1.3917   72.39661  333.60730   36.8633  137.9089    2.30900   -0.00059
  1.4000   72.62242  333.82684   36.8548  137.9185    2.34900   -0.00419
  1.4083   72.84848  334.04962   36.8463  137.9281    2.36700   -0.00781
  1.4167   73.07477  334.27576   36.8377  137.9377    2.39600   -0.01507
  1.4250   73.30130  334.50543   36.8291  137.9472    2.42400   -0.01176
  1.4333   73.52805  334.73880   36.8205  137.9567    2.47400    0.00458
  1.4417   73.75503  334.97604   36.8119  137.9661    2.54400    0.02335
  1.4500   73.98223  335.21738   36.8032  137.9755    2.57800    0.03383
  1.4583   74.20964  335.46298   36.7946  137.9849    2.60000    0.01467
  1.4667   74.43725  335.71310   36.7859  137.9942    2.57400    0.00387
  1.4750   74.66507  335.96793   36.7772  138.0034    2.63000    0.00100
  1.4833   74.89308  336.22775   36.7685  138.0126    2.67400    0.01726
  1.4917   75.12127  336.49283   36.7598  138.0218    2.70500    0.02740
  1.5000   75.34965  336.76340   36.7511  138.0309    2.74200    0.02778
  1.5083   75.57819  337.03979   36.7423  138.0400    2.75500    0.02859
  1.5167   75.80690  337.32236   36.7335  138.0490    2.78400    0.02587
  1.5250   76.03576  337.61142   36.7247  138.0580    2.80200    0.02909
  1.5333   76.26477  337.90735   36.7159  138.0670    2.82500    0.02546
  1.5417   76.49391  338.21054   36.7071  138.0759    2.82900    0.01329
  1.5500   76.72317  338.52142   36.6983  138.0847    2.82400    0.00423
  1.5583   76.95255  338.84048   36.6894  138.0936    2.85900   -0.00110
  1.5667   77.18203  339.16818   36.6805  138.1024    2.87400    0.00883
  1.5750   77.41159  339.50507   36.6716  138.1111    2.91200    0.01036
  1.5833   77.64123  339.85172   36.6627  138.1199    2.91900    0.00682
  1.5917   77.87093  340.20880   36.6538  138.1286    2.91800   -0.01349
  1.6000   78.10067  340.57693   36.6448  138.1372    2.90600   -0.03437
  1.6083   78.33043  340.95694   36.6359  138.1459    2.91500   -0.03852
  1.6167   78.56020  341.34955   36.6269  138.1545    2.97000   -0.03177
  1.6250   78.78996  341.75568   36.6179  138.1630    2.99800   -0.02574
  1.6333   79.01968  342.17627   36.6089  138.1716    3.01200   -0.03207
  1.6417   79.24934  342.61237   36.5999  138.1801    3.03400   -0.04100
  1.6500   79.47892  343.06516   36.5908  138.1886    3.05600   -0.04533
  1.6583   79.70838  343.53586   36.5817  138.1971    3.08200   -0.04837
  1.6667   79.93771  344.02585   36.5727  138.2055    3.10700   -0.04222
  1.6750   80.16686  344.53665   36.5636  138.2139    3.16000   -0.03003
  1.6833   80.39579  345.06998   36.5544  138.2223    3.21100   -0.01063
  1.6917   80.62448  345.62769   36.5453  138.2307    3.26800    0.00972
  1.7000   80.85287  346.21179   36.5361  138.2391    3.33100    0.02448
  1.7083   81.08092  346.82462   36.5270  138.2474    3.37100    0.02575
  1.7167   81.30858  347.46869   36.5178  138.2558    3.39200    0.01094
  1.7250   81.53578  348.14688   36.5085  138.2641    3.41200   -0.01747
  1.7333   81.76247  348.86234   36.4993  138.2724    3.42000   -0.05095
  1.7417   81.98858  349.61862   36.4900  138.2808    3.43400   -0.06734
  1.7500   82.21402  350.41974   36.4807  138.2892    3.51400   -0.07837
  1.7583   82.43870  351.27023   36.4714  138.2975    3.54000   -0.06676
  1.7667   82.66253  352.17514   36.4621  138.3059    3.62300   -0.05537
  1.7750   82.88540  353.14029   36.4527  138.3143    3.70200   -0.03843
  1.7833   83.10718  354.17218   36.4433  138.3228    3.74700   -0.02700
  1.7917   83.32773  355.27826   36.4338  138.3312    3.81500   -0.02268
  1.8000   83.54690  356.46704   36.4243  138.3397    3.87500   -0.00019
  1.8083   83.76450  357.74814   36.4147  138.3483    3.97900    0.01899
  1.8167   83.98033  359.13266   36.4051  138.3569    4.04200    0.03692
  1.8250   84.19415    0.63322   36.3954  138.3656    4.10300    0.02424
  1.8333   84.40570    2.26427   36.3856  138.3744    4.11600    0.01162
  1.8417   84.61468    4.04228   36.3757  138.3833    4.18100    0.00512
  1.8500   84.82072    5.98601   36.3657  138.3923    4.25800    0.01903
  1.8583   85.02344    8.11666   36.3556  138.4014    4.33000    0.02727
  1.8667   85.22235   10.45802   36.3452  138.4106    4.37300    0.02996
  1.8750   85.41692   13.03640   36.3347  138.4199    4.43000    0.02970
  1.8833   85.60653   15.88033   36.3239  138.4293    4.49000    0.02667
  1.8917   85.79047   19.01978   36.3128  138.4387    4.51800    0.02168
  1.9000   85.96790   22.48472   36.3013  138.4482    4.56300    0.01645
  1.9083   86.13788   26.30271   36.2894  138.4577    4.61700    0.02029
  1.9167   86.29933   30.49535   36.2770  138.4669    4.67200    0.02058
  1.9250   86.45103   35.07338   36.2642  138.4759    4.70500    0.02144
  1.9333   86.59162   40.03078   36.2509  138.4844    4.75800    0.01484
  1.9417   86.71962   45.33878   36.2372  138.4923    4.78600    0.01421
  1.9500   86.83345   50.94148   36.2232  138.4993    4.83500    0.00781
  1.9583   86.93145   56.75518   36.2091  138.5052    4.87100   -0.00096
  1.9667   87.01202   62.67338   36.1951  138.5101    4.89200   -0.00832
  1.9750   87.07364   68.57726   36.1815  138.5140    4.94500   -0.00966
  1.9833   87.11505   74.34971   36.1684  138.5169    4.99900   -0.01018
  1.9917   87.13531   79.88879   36.1560  138.5193    5.02400   -0.01765
  2.0000   87.13389   85.11709   36.1444  138.5212    5.05900   -0.03025
  2.0083   87.11078   89.98526   36.1334  138.5231    5.10200   -0.03634
  2.0167   87.06643   94.47033   36.1231  138.5250    5.15100   -0.03448
  2.0250   87.00172   98.57077   36.1133  138.5272    5.21400   -0.02600
  2.0333   86.91787  102.30034   36.1038  138.5298    5.28000   -0.02428
  2.0417   86.81636  105.68242   36.0946  138.5328    5.31400   -0.03257
  2.0500   86.69875  108.74542   36.0856  138.5362    5.35400   -0.04618
  2.0583   86.56665  111.51948   36.0767  138.5400    5.41100   -0.05290
  2.0667   86.42162  114.03433   36.0677  138.5441    5.47100   -0.04436
  2.0750   86.26512  116.31803   36.0588  138.5485    5.56200   -0.03187
  2.0833   86.09849  118.39632   36.0498  138.5532    5.63700   -0.02180
  2.0917   85.92294  120.29238   36.0407  138.5582    5.69700   -0.02526
  2.1000   85.73952  122.02683   36.0316  138.5633    5.75400   -0.03134
  2.1083   85.54919  123.61787   36.0223  138.5685    5.82600   -0.02985
  2.1167   85.35275  125.08149   36.0130  138.5739    5.91100   -0.02067
  2.1250   85.15091  126.43168   36.0035  138.5794    5.99400   -0.01249
  2.1333   84.94430  127.68069   35.9940  138.5850    6.06900   -0.01168
  2.1417   84.73345  128.83923   35.9844  138.5906    6.14000   -0.01260
  2.1500   84.51881  129.91670   35.9747  138.5963    6.22400   -0.01438
  2.1583   84.30080  130.92130   35.9649  138.6021    6.29900   -0.01292
  2.1667   84.07976  131.86028   35.9550  138.6078    6.38100   -0.00716
  2.1750   83.85600  132.73994   35.9450  138.6136    6.47800   -0.00395
  2.1833   83.62978  133.56593   35.9350  138.6194    6.54700   -0.01094
  2.1917   83.40133  134.34317   35.9249  138.6252    6.60100   -0.01939
  2.2000   83.17086  135.07607   35.9148  138.6310    6.69600   -0.01668
  2.2083   82.93855  135.76851   35.9046  138.6368    6.80000   -0.00328
  2.2167   82.70456  136.42397   35.8943  138.6426    6.88800    0.00559
  2.2250   82.46902  137.04552   35.8839  138.6484    6.97100    0.00726
  2.2333   82.23207  137.63596   35.8736  138.6542    7.05700    0.00548
  2.2417   81.99381  138.19775   35.8631  138.6600    7.13800   -0.00539
  2.2500   81.75434  138.73312   35.8526  138.6658    7.19700   -0.01713
  2.2583   81.51375  139.24409   35.8420  138.6715    7.28100   -0.02319
  2.2667   81.27212  139.73248   35.8314  138.6772    7.38000   -0.02474
  2.2750   81.02952  140.19994   35.8208  138.6830    7.45700   -0.02675
  2.2833   80.78602  140.64792   35.8100  138.6887    7.54600   -0.02712
  2.2917   80.54167  141.07780   35.7993  138.6944    7.65500   -0.03318
  2.3000   80.29653  141.49081   35.7885  138.7000    7.71800   -0.02717
  2.3083   80.05065  141.88808   35.7776  138.7057    7.84700   -0.02467
  2.3167   79.80407  142.27060   35.7667  138.7113    7.95000   -0.02044
  2.3250   79.55683  142.63934   35.7558  138.7169    8.02600   -0.03290
  2.3333   79.30896  142.99515   35.7448  138.7225    8.11400   -0.04966
  2.3417   79.06051  143.33884   35.7338  138.7281    8.21300   -0.05506
  2.3500   78.81150  143.67110   35.7227  138.7336    8.32900   -0.04958
  2.3583   78.56196  143.99261   35.7116  138.7392    8.45400   -0.04308
  2.3667   78.31192  144.30402   35.7004  138.7447    8.56100   -0.03725
  2.3750   78.06140  144.60587   35.6892  138.7502    8.67900   -0.03722
  2.3833   77.81043  144.89868   35.6780  138.7556    8.79200   -0.03624
  2.3917   77.55902  145.18297   35.6667  138.7611    8.90700   -0.02136
  2.4000   77.30721  145.45917   35.6553  138.7666    9.07500   -0.00256
  2.4083   77.05499  145.72772   35.6440  138.7720    9.20500    0.00997
  2.4167   76.80240  145.98900   35.6325  138.7774    9.30500    0.00375
  2.4250   76.54945  146.24336   35.6211  138.7828    9.42000   -0.00766
  2.4333   76.29616  146.49120   35.6096  138.7881    9.53800   -0.01237
  2.4417   76.04253  146.73276   35.5980  138.7935    9.66200   -0.01943
  2.4500   75.78859  146.96838   35.5864  138.7988    9.77100   -0.02023
  2.4583   75.53434  147.19833   35.5748  138.8041    9.90800   -0.01159
  2.4667   75.27979  147.42290   35.5631  138.8094   10.06000    0.00882
  2.4750   75.02497  147.64227   35.5514  138.8147   10.20600    0.01826
  2.4833   74.76988  147.85672   35.5396  138.8200   10.30900    0.01099
  2.4917   74.51453  148.06645   35.5278  138.8252   10.40600    0.00684
  2.5000   74.25892  148.27167   35.5160  138.8305   10.55600    0.01235
  2.5083   74.00308  148.47253   35.5041  138.8357   10.68800    0.02517
  2.5167   73.74701  148.66927   35.4921  138.8409   10.81100    0.02533
  2.5250   73.49071  148.86201   35.4801  138.8461   10.92800    0.01542
  2.5333   73.23420  149.05093   35.4681  138.8512   11.03300   -0.00474
  2.5417   72.97748  149.23621   35.4560  138.8564   11.12700   -0.01145
  2.5500   72.72057  149.41792   35.4439  138.8615   11.28500   -0.00585
  2.5583   72.46346  149.59625   35.4317  138.8667   11.42500   -0.01275
  2.5667   72.20617  149.77132   35.4195  138.8718   11.47800   -0.04010
  2.5750   71.94870  149.94324   35.4073  138.8769   11.57600   -0.05855
  2.5833   71.69106  150.11211   35.3950  138.8820   11.75100   -0.05752
  2.5917   71.43326  150.27806   35.3826  138.8870   11.87300   -0.03095
  2.6000   71.17530  150.44119   35.3702  138.8921   12.05300   -0.01714
  2.6083   70.91718  150.60159   35.3578  138.8971   12.18500   -0.00490
  2.6167   70.65892  150.75935   35.3453  138.9022   12.30100   -0.00782
  2.6250   70.40052  150.91457   35.3327  138.9072   12.43500   -0.01554
  2.6333   70.14198  151.06734   35.3201  138.9122   12.55400   -0.02388
  2.6417   69.88332  151.21770   35.3075  138.9172   12.66600   -0.01319
  2.6500   69.62453  151.36575   35.2948  138.9222   12.86100    0.01541
  2.6583   69.36562  151.51160   35.2821  138.9272   13.04200    0.05529
  2.6667   69.10660  151.65524   35.2693  138.9322   13.19500    0.06454
  2.6750   68.84746  151.79681   35.2564  138.9371   13.29600    0.03585
  2.6833   68.58823  151.93633   35.2435  138.9421   13.35700    0.00786
  2.6917   68.32889  152.07387   35.2306  138.9470   13.51800   -0.01248
  2.7000   68.06946  152.20947   35.2176  138.9520   13.64700   -0.01844
  2.7083   67.80993  152.34323   35.2045  138.9569   13.75600   -0.03866
  2.7167   67.55032  152.47517   35.1914  138.9618   13.87300   -0.05775
  2.7250   67.29063  152.60535   35.1783  138.9667   14.01000   -0.07153
  2.7333   67.03086  152.73380   35.1650  138.9716   14.14100   -0.07561
  2.7417   66.77102  152.86057   35.1518  138.9765   14.28900   -0.06501
  2.7500   66.51110  152.98573   35.1385  138.9814   14.46900   -0.04169
  2.7583   66.25112  153.10928   35.1251  138.9863   14.64000   -0.00413
  2.7667   65.99108  153.23131   35.1116  138.9911   14.83800    0.01736
  2.7750   65.73099  153.35184   35.0981  138.9960   14.96800    0.01426
  2.7833   65.47084  153.47087   35.0846  139.0009   15.06100    0.00546
  2.7917   65.21063  153.58849   35.0710  139.0057   15.24400    0.00818
  2.8000   64.95039  153.70470   35.0573  139.0106   15.41900    0.03137
  2.8083   64.69010  153.81953   35.0436  139.0154   15.58400    0.04233
  2.8167   64.42977  153.93304   35.0298  139.0203   15.72800    0.04046
  2.8250   64.16941  154.04524   35.0159  139.0251   15.86300    0.02808
  2.8333   63.90901  154.15616   35.0020  139.0300   15.99300    0.00834
  2.8417   63.64859  154.26584   34.9881  139.0348   16.10800   -0.01424
  2.8500   63.38814  154.37428   34.9740  139.0396   16.22200   -0.02524
  2.8583   63.12768  154.48155   34.9599  139.0445   16.38100   -0.01168
  2.8667   62.86719  154.58765   34.9458  139.0493   16.57700    0.00887
  2.8750   62.60669  154.69258   34.9315  139.0541   16.71700    0.01710
  2.8833   62.34619  154.79640   34.9172  139.0589   16.83600    0.01107
  2.8917   62.08567  154.89912   34.9029  139.0638   16.97900    0.02261
  2.9000   61.82515  155.00076   34.8884  139.0686   17.17300    0.03362
  2.9083   61.56463  155.10135   34.8739  139.0734   17.28900    0.03272
  2.9167   61.30411  155.20090   34.8594  139.0782   17.39200    0.00767
  2.9250   61.04360  155.29942   34.8448  139.0831   17.50700   -0.02091
  2.9333   60.78310  155.39696   34.8301  139.0879   17.61500   -0.02587
  2.9417   60.52261  155.49350   34.8153  139.0927   17.80200   -0.01814
  2.9500   60.26214  155.58908   34.8004  139.0975   17.96100   -0.00660
  2.9583   60.00168  155.68372   34.7855  139.1024   18.08300   -0.01062
  2.9667   59.74125  155.77742   34.7705  139.1072   18.22200   -0.02488
  2.9750   59.48084  155.87021   34.7555  139.1120   18.35300   -0.03231
  2.9833   59.22046  155.96210   34.7403  139.1169   18.50100   -0.04293
  2.9917   58.96011  156.05310   34.7251  139.1217   18.63000   -0.04847
  3.0000   58.69980  156.14323   34.7098  139.1266   18.78100   -0.05261
  3.0083   58.43952  156.23251   34.6945  139.1314   18.94200   -0.05078
  3.0167   58.17928  156.32094   34.6790  139.1363   19.10100   -0.04606
  3.0250   57.91909  156.40854   34.6635  139.1411   19.26700   -0.03372
  3.0333   57.65894  156.49532   34.6479  139.1460   19.45500   -0.01218
  3.0417   57.39884  156.58130   34.6322  139.1509   19.65000    0.00362
  3.0500   57.13879  156.66647   34.6164  139.1558   19.80400    0.00821
  3.0583   56.87880  156.75089   34.6006  139.1606   19.96400    0.00091
  3.0667   56.61887  156.83450   34.5847  139.1655   20.12400   -0.01216
  3.0750   56.35900  156.91737   34.5686  139.1704   20.26700   -0.01950
  3.0833   56.09918  156.99950   34.5525  139.1754   20.45600   -0.02569
  3.0917   55.83944  157.08086   34.5363  139.1803   20.62800   -0.03357
  3.1000   55.57977  157.16150   34.5201  139.1852   20.77100   -0.05514
  3.1083   55.32016  157.24142   34.5037  139.1902   20.91700   -0.05664
  3.1167   55.06064  157.32062   34.4873  139.1951   21.16700   -0.05229
  3.1250   54.80119  157.39912   34.4707  139.2001   21.33600   -0.03952
  3.1333   54.54182  157.47693   34.4541  139.2050   21.52000   -0.04513
  3.1417   54.28253  157.55405   34.4373  139.2100   21.71200   -0.04020
  3.1500   54.02333  157.63049   34.4205  139.2150   21.92500   -0.03378
  3.1583   53.76421  157.70625   34.4036  139.2200   22.11800   -0.02944
  3.1667   53.50519  157.78137   34.3866  139.2251   22.30600   -0.02831
  3.1750   53.24626  157.85582   34.3695  139.2301   22.51300   -0.02645
  3.1833   52.98743  157.92963   34.3522  139.2352   22.71700   -0.01552
  3.1917   52.72870  158.00278   34.3349  139.2402   22.94600   -0.00431
  3.2000   52.47007  158.07530   34.3175  139.2453   23.15800    0.01728
  3.2083   52.21154  158.14719   34.3000  139.2504   23.40000    0.03346
  3.2167   51.95312  158.21848   34.2824  139.2555   23.60700    0.02903
  3.2250   51.69481  158.28912   34.2647  139.2607   23.74600    0.00751
  3.2333   51.43662  158.35918   34.2468  139.2658   23.93000   -0.00816
  3.2417   51.17853  158.42860   34.2289  139.2710   24.16400   -0.01055
  3.2500   50.92057  158.49747   34.2108  139.2762   24.35700   -0.00011
  3.2583   50.66272  158.56570   34.1927  139.2814   24.59100   -0.00399
  3.2667   50.40500  158.63338   34.1744  139.2866   24.77200   -0.00679
  3.2750   50.14740  158.70045   34.1560  139.2918   24.96700   -0.02359
  3.2833   49.88993  158.76697   34.1375  139.2971   25.14600   -0.03912
  3.2917   49.63259  158.83290   34.1189  139.3024   25.32800   -0.04210
  3.3000   49.37538  158.89827   34.1002  139.3077   25.57100   -0.02166
  3.3083   49.11830  158.96307   34.0813  139.3131   25.84400   -0.00167
  3.3167   48.86136  159.02731   34.0624  139.3184   26.03300    0.01123
  3.3250   48.60456  159.09100   34.0433  139.3238   26.25300    0.00804
  3.3333   48.34791  159.15416   34.0240  139.3292   26.46700    0.00169
  3.3417   48.09139  159.21677   34.0047  139.3346   26.64600   -0.00957
  3.3500   47.83503  159.27881   33.9852  139.3401   26.85500   -0.02063
  3.3583   47.57881  159.34035   33.9656  139.3456   27.07700   -0.03179
  3.3667   47.32275  159.40134   33.9459  139.3511   27.26400   -0.03154
  3.3750   47.06684  159.46179   33.9260  139.3566   27.52600   -0.03250
  3.3833   46.81108  159.52171   33.9061  139.3622   27.74700   -0.02821
  3.3917   46.55548  159.58113   33.8859  139.3678   27.95100   -0.03713
  3.4000   46.30005  159.64003   33.8657  139.3734   28.15500   -0.03650
  3.4083   46.04477  159.69841   33.8453  139.3791   28.41400   -0.02831
  3.4167   45.78966  159.75627   33.8247  139.3848   28.65600   -0.00647
  3.4250   45.53472  159.81363   33.8040  139.3905   28.92100    0.01110
  3.4333   45.27995  159.87048   33.7832  139.3963   29.16700    0.02013
  3.4417   45.02535  159.92683   33.7622  139.4021   29.37600    0.02764
  3.4500   44.77093  159.98270   33.7411  139.4079   29.63700    0.02579
  3.4583   44.51668  160.03804   33.7198  139.4138   29.84200    0.01196
  3.4667   44.26261  160.09290   33.6984  139.4196   30.00300   -0.00932
  3.4750   44.00872  160.14726   33.6768  139.4256   30.23500   -0.01117
  3.4833   43.75501  160.20116   33.6551  139.4316   30.52800    0.00610
  3.4917   43.50149  160.25455   33.6332  139.4376   30.77100    0.01288
  3.5000   43.24816  160.30746   33.6111  139.4436   30.96000    0.00758
  3.5083   42.99501  160.35989   33.5889  139.4497   31.19900   -0.00704
  3.5167   42.74206  160.41183   33.5665  139.4559   31.40100   -0.01625
  3.5250   42.48930  160.46332   33.5439  139.4620   31.61400   -0.03575
  3.5333   42.23673  160.51431   33.5212  139.4682   31.81200   -0.03676
  3.5417   41.98436  160.56485   33.4983  139.4745   32.09300   -0.03032
  3.5500   41.73220  160.61491   33.4752  139.4808   32.34000   -0.01000
  3.5583   41.48023  160.66451   33.4520  139.4872   32.60200   -0.00803
  3.5667   41.22847  160.71364   33.4286  139.4936   32.81400   -0.01158
  3.5750   40.97691  160.76230   33.4050  139.5000   33.04600   -0.01949
  3.5833   40.72556  160.81050   33.3812  139.5065   33.29700   -0.02289
  3.5917   40.47442  160.85825   33.3572  139.5130   33.53300   -0.01936
  3.6000   40.22349  160.90553   33.3330  139.5196   33.79900   -0.01293
  3.6083   39.97278  160.95236   33.3087  139.5263   34.06500   -0.02304
  3.6167   39.72228  160.99873   33.2841  139.5330   34.23200   -0.03939
  3.6250   39.47200  161.04465   33.2593  139.5397   34.47000   -0.05409
  3.6333   39.22194  161.09012   33.2344  139.5465   34.74700   -0.03092
  3.6417   38.97209  161.13515   33.2092  139.5534   35.09000    0.00610
  3.6500   38.72248  161.17970   33.1839  139.5603   35.40500    0.02657
  3.6583   38.47308  161.22385   33.1583  139.5673   35.62300    0.01849
  3.6667   38.22392  161.26752   33.1325  139.5743   35.85100   -0.00482
  3.6750   37.97498  161.31075   33.1065  139.5814   36.10800   -0.03187
  3.6833   37.72628  161.35355   33.0803  139.5885   36.31800   -0.06368
  3.6917   37.47780  161.39589   33.0538  139.5958   36.53200   -0.09574
  3.7000   37.22956  161.43781   33.0272  139.6030   36.80000   -0.10547
  3.7083   36.98156  161.47928   33.0003  139.6104   37.12500   -0.08922
  3.7167   36.73379  161.52031   32.9731  139.6178   37.46900   -0.06204
  3.7250   36.48626  161.56091   32.9458  139.6253   37.78800   -0.03782
  3.7333   36.23898  161.60107   32.9182  139.6328   38.09700   -0.01975
  3.7417   35.99194  161.64079   32.8903  139.6404   38.41500   -0.00548
  3.7500   35.74514  161.68008   32.8623  139.6481   38.72400    0.00877
  3.7583   35.49859  161.71895   32.8339  139.6559   39.03900    0.02077
  3.7667   35.25229  161.75739   32.8053  139.6637   39.35200    0.03417
  3.7750   35.00623  161.79538   32.7765  139.6716   39.67900    0.03708
  3.7833   34.76043  161.83295   32.7474  139.6796   39.96100    0.02634
  3.7917   34.51488  161.87009   32.7180  139.6876   40.22100    0.01057
  3.8000   34.26959  161.90681   32.6884  139.6958   40.52500    0.00095
  3.8083   34.02455  161.94310   32.6585  139.7040   40.83500   -0.00116
  3.8167   33.77977  161.97896   32.6283  139.7123   41.13200   -0.00738
  3.8250   33.53525  162.01439   32.5978  139.7207   41.42300   -0.03397
  3.8333   33.29099  162.04939   32.5670  139.7292   41.64200   -0.06609
  3.8417   33.04700  162.08398   32.5360  139.7377   41.92300   -0.08091
  3.8500   32.80327  162.11815   32.5047  139.7464   42.31000   -0.07258
  3.8583   32.55980  162.15189   32.4730  139.7551   42.65300   -0.05834
  3.8667   32.31661  162.18521   32.4411  139.7639   42.97700   -0.06445
  3.8750   32.07368  162.21811   32.4089  139.7729   43.28300   -0.07764
  3.8833   31.83102  162.25060   32.3763  139.7819   43.61600   -0.09072
  3.8917   31.58863  162.28264   32.3434  139.7910   43.96000   -0.08619
  3.9000   31.34652  162.31429   32.3102  139.8002   44.37000   -0.07640
  3.9083   31.10469  162.34550   32.2767  139.8095   44.74600   -0.06045
  3.9167   30.86312  162.37630   32.2429  139.8189   45.14700   -0.05786
  3.9250   30.62184  162.40668   32.2087  139.8284   45.51500   -0.06577
  3.9333   30.38084  162.43665   32.1741  139.8381   45.85900   -0.06712
  3.9417   30.14012  162.46619   32.1393  139.8478   46.31100   -0.04927
  3.9500   29.89968  162.49532   32.1040  139.8576   46.79600   -0.02352
  3.9583   29.65952  162.52402   32.0684  139.8676   47.20800   -0.02049
  3.9667   29.41965  162.55231   32.0325  139.8776   47.56800   -0.03852
  3.9750   29.18007  162.58018   31.9962  139.8878   47.97000   -0.05687
  3.9833   28.94077  162.60765   31.9594  139.8981   48.40100   -0.06523
  3.9917   28.70176  162.63470   31.9224  139.9085   48.83800   -0.07087
  4.0000   28.46305  162.66133   31.8849  139.9191   49.27700   -0.07771
  4.0083   28.22462  162.68755   31.8470  139.9297   49.72800   -0.08857
  4.0167   27.98649  162.71335   31.8088  139.9405   50.16700   -0.10149
  4.0250   27.74865  162.73872   31.7701  139.9514   50.61500   -0.09805
  4.0333   27.51111  162.76370   31.7310  139.9625   51.17100   -0.08571
  4.0417   27.27387  162.78825   31.6915  139.9737   51.67600   -0.06770
  4.0500   27.03693  162.81239   31.6516  139.9850   52.18100   -0.06657
  4.0583   26.80028  162.83614   31.6112  139.9964   52.67200   -0.05762
  4.0667   26.56394  162.85945   31.5704  140.0080   53.25200   -0.04650
  4.0750   26.32789  162.88235   31.5291  140.0198   53.79800   -0.03403
  4.0833   26.09216  162.90485   31.4874  140.0317   54.32800   -0.03977
  4.0917   25.85672  162.92691   31.4452  140.0437   54.83600   -0.05436
  4.1000   25.62159  162.94856   31.4026  140.0559   55.36400   -0.07840
  4.1083   25.38677  162.96982   31.3595  140.0682   55.87500   -0.09076
  4.1167   25.15226  162.99065   31.3159  140.0807   56.48100   -0.09689
  4.1250   24.91806  163.01106   31.2718  140.0934   57.07900   -0.10302
  4.1333   24.68417  163.03107   31.2272  140.1062   57.62300   -0.11285
  4.1417   24.45059  163.05066   31.1820  140.1191   58.24500   -0.12267
  4.1500   24.21732  163.06984   31.1364  140.1323   58.88000   -0.12452
  4.1583   23.98437  163.08861   31.0903  140.1456   59.50900   -0.12088
  4.1667   23.75173  163.10695   31.0436  140.1591   60.20700   -0.12155
  4.1750   23.51941  163.12489   30.9963  140.1728   60.86100   -0.11757
  4.1833   23.28741  163.14241   30.9485  140.1866   61.56500   -0.12761
  4.1917   23.05572  163.15952   30.9002  140.2006   62.22500   -0.12410
  4.2000   22.82436  163.17621   30.8513  140.2148   63.01100   -0.12010
  4.2083   22.59331  163.19249   30.8017  140.2292   63.76600   -0.11807
  4.2167   22.36259  163.20834   30.7517  140.2439   64.46201   -0.11556
  4.2250   22.13219  163.22380   30.7010  140.2586   65.30400   -0.11816
  4.2333   21.90212  163.23883   30.6497  140.2736   66.08501   -0.10702
  4.2417   21.67237  163.25343   30.5977  140.2888   66.92599   -0.10699
  4.2500   21.44294  163.26764   30.5452  140.3042   67.75000   -0.11516
  4.2583   21.21385  163.28143   30.4920  140.3198   68.52901   -0.12473
  4.2667   20.98508  163.29480   30.4381  140.3357   69.41100   -0.13210
  4.2750   20.75664  163.30775   30.3836  140.3517   70.29900   -0.13650
  4.2833   20.52853  163.32028   30.3284  140.3680   71.15100   -0.14215
  4.2917   20.30076  163.33240   30.2726  140.3844   72.07500   -0.14032
  4.3000   20.07331  163.34410   30.2160  140.4012   73.06700   -0.12315
  4.3083   19.84620  163.35538   30.1587  140.4181   74.06799   -0.10840
  4.3167   19.61942  163.36626   30.1008  140.4353   75.03000   -0.09775
  4.3250   19.39298  163.37669   30.0420  140.4527   76.04601   -0.09795
  4.3333   19.16688  163.38672   29.9826  140.4704   77.03200   -0.09811
  4.3417   18.94111  163.39633   29.9224  140.4883   78.05400   -0.11473
  4.3500   18.71568  163.40552   29.8614  140.5065   79.01601   -0.11109
  4.3583   18.49059  163.41428   29.7996  140.5249   80.20500   -0.11708
  4.3667   18.26583  163.42262   29.7371  140.5436   81.22099   -0.11751
  4.3750   18.04142  163.43056   29.6737  140.5626   82.27901   -0.14223
  4.3833   17.81735  163.43806   29.6096  140.5818   83.34900   -0.14860
  4.3917   17.59363  163.44514   29.5446  140.6013   84.54900   -0.14962
  4.4000   17.37025  163.45180   29.4787  140.6211   85.71300   -0.14207
  4.4083   17.14721  163.45804   29.4120  140.6412   86.91800   -0.14370
  4.4167   16.92451  163.46387   29.3445  140.6615   88.12801   -0.14549
  4.4250   16.70217  163.46925   29.2760  140.6822   89.36099   -0.14794
  4.4333   16.48017  163.47421   29.2067  140.7032   90.64101   -0.14934
  4.4417   16.25852  163.47876   29.1364  140.7244   91.92599   -0.16817
  4.4500   16.03721  163.48288   29.0652  140.7460   93.10800   -0.18796
  4.4583   15.81626  163.48657   28.9931  140.7679   94.45599   -0.20368
  4.4667   15.59566  163.48982   28.9200  140.7901   95.86600   -0.19073
  4.4750   15.37541  163.49268   28.8459  140.8126   97.35100   -0.17369
  4.4833   15.15551  163.49509   28.7709  140.8355   98.81599   -0.15983
  4.4917   14.93596  163.49707   28.6948  140.8587  100.28799   -0.16515
  4.5000   14.71677  163.49863   28.6178  140.8822  101.71001   -0.16420
  4.5083   14.49794  163.49976   28.5397  140.9061  103.31000   -0.18003
  4.5167   14.27945  163.50044   28.4605  140.9304  104.73900   -0.17799
  4.5250   14.06133  163.50072   28.3803  140.9549  106.40100   -0.18519
  4.5333   13.84356  163.50053   28.2990  140.9799  108.03600   -0.14005
  4.5417   13.62615  163.49994   28.2167  141.0052  109.70300   -0.11137
  4.5500   13.40910  163.49892   28.1332  141.0309  111.34700   -0.08408
  4.5583   13.19241  163.49745   28.0486  141.0570  113.07500   -0.05585
  4.5667   12.97608  163.49554   27.9628  141.0835  114.88800   -0.04401
  4.5750   12.76010  163.49323   27.8759  141.1103  116.54199   -0.03479
  4.5833   12.54450  163.49046   27.7878  141.1376  118.36400   -0.02596
  4.5917   12.32925  163.48726   27.6985  141.1652  120.30499   -0.00444
  4.6000   12.11437  163.48363   27.6081  141.1933  122.23801    0.00000

 22.7417   16.51497  286.33017   37.8396  129.6143    9.61000    0.00000
 22.7500   16.65989  286.48547   37.8496  129.6773    9.49900    0.00274
 22.7583   16.80494  286.64072   37.8593  129.7397    9.26400    0.01048
 22.7667   16.95012  286.79593   37.8688  129.8017    9.09200    0.01197
 22.7750   17.09543  286.95114   37.8781  129.8631    8.88300    0.00626
 22.7833   17.24087  287.10629   37.8872  129.9241    8.61500   -0.01041
 22.7917   17.38645  287.26141   37.8961  129.9847    8.38400   -0.02476
 22.8000   17.53216  287.41650   37.9049  130.0448    8.28700   -0.04411
 22.8083   17.67801  287.57156   37.9134  130.1044    8.03800   -0.06849
 22.8167   17.82400  287.72656   37.9217  130.1635    7.80700   -0.10656
 22.8250   17.97012  287.88156   37.9298  130.2222    7.68700   -0.10987
 22.8333   18.11639  288.03647   37.9378  130.2805    7.61800   -0.08476
 22.8417   18.26279  288.19138   37.9455  130.3383    7.59700   -0.07228
 22.8500   18.40934  288.34625   37.9531  130.3957    7.40700   -0.05918
 22.8583   18.55602  288.50104   37.9605  130.4526    7.37400   -0.06921
 22.8667   18.70285  288.65582   37.9677  130.5091    7.21600   -0.06711
 22.8750   18.84983  288.81055   37.9747  130.5652    7.14500   -0.06664
 22.8833   18.99695  288.96524   37.9816  130.6209    7.13100   -0.02693
 22.8917   19.14422  289.11990   37.9883  130.6761    7.27700   -0.01111
 22.9000   19.29163  289.27448   37.9948  130.7309    7.06800   -0.02125
 22.9083   19.43919  289.42905   38.0012  130.7854    6.90000   -0.05016
 22.9167   19.58691  289.58356   38.0074  130.8394    6.94600   -0.04896
 22.9250   19.73477  289.73801   38.0134  130.8930    6.95500   -0.03455
 22.9333   19.88278  289.89243   38.0193  130.9462    6.89800   -0.04011
 22.9417   20.03095  290.04678   38.0250  130.9990    6.81400   -0.03975
 22.9500   20.17927  290.20111   38.0306  131.0514    6.87500   -0.03124
 22.9583   20.32775  290.35538   38.0360  131.1035    6.88200   -0.02318
 22.9667   20.47638  290.50958   38.0413  131.1551    6.80800   -0.01439
 22.9750   20.62516  290.66376   38.0464  131.2064    6.87400   -0.01946
 22.9833   20.77411  290.81787   38.0514  131.2573    6.79000    0.00752
 22.9917   20.92321  290.97192   38.0562  131.3078    6.93900    0.00772
 23.0000   21.07248  291.12595   38.0609  131.3580    6.84400    0.02848
 23.0083   21.22190  291.27991   38.0654  131.4078    6.90100    0.01657
 23.0167   21.37149  291.43381   38.0698  131.4572    6.82800   -0.00405
 23.0250   21.52124  291.58765   38.0741  131.5063    6.68200   -0.01413
 23.0333   21.67115  291.74142   38.0782  131.5550    6.80700   -0.00850
 23.0417   21.82123  291.89517   38.0822  131.6034    6.84000    0.00746
 23.0500   21.97147  292.04883   38.0861  131.6514    6.75400    0.00781
 23.0583   22.12189  292.20245   38.0898  131.6991    6.77200    0.00569
 23.0667   22.27247  292.35602   38.0934  131.7464    6.78200    0.01767
 23.0750   22.42322  292.50952   38.0969  131.7934    6.76800    0.02527
 23.0833   22.57414  292.66296   38.1002  131.8401    6.75600    0.01994
 23.0917   22.72523  292.81635   38.1034  131.8864    6.67000    0.02783
 23.1000   22.87649  292.96967   38.1066  131.9324    6.74200    0.02227
 23.1083   23.02793  293.12292   38.1095  131.9781    6.63900    0.04290
 23.1167   23.17954  293.27615   38.1124  132.0234    6.71400    0.03733
 23.1250   23.33133  293.42926   38.1152  132.0685    6.61000    0.03713
 23.1333   23.48329  293.58234   38.1178  132.1132    6.53500    0.01721
 23.1417   23.63543  293.73535   38.1203  132.1576    6.48800   -0.00229
 23.1500   23.78775  293.88831   38.1227  132.2017    6.39000    0.00474
 23.1583   23.94026  294.04120   38.1250  132.2454    6.47600   -0.00089
 23.1667   24.09294  294.19400   38.1272  132.2889    6.34600    0.00437
 23.1750   24.24580  294.34677   38.1292  132.3321    6.31600   -0.02106
 23.1833   24.39885  294.49945   38.1312  132.3750    6.20600   -0.02978
 23.1917   24.55208  294.65207   38.1331  132.4175    6.17600   -0.04093
 23.2000   24.70549  294.80460   38.1348  132.4598    6.12200   -0.02577
 23.2083   24.85909  294.95709   38.1365  132.5018    6.16800   -0.00784
 23.2167   25.01288  295.10950   38.1380  132.5435    6.15200    0.01229
 23.2250   25.16686  295.26184   38.1394  132.5850    6.11100    0.02370
 23.2333   25.32103  295.41412   38.1408  132.6261    6.11200    0.02707
 23.2417   25.47539  295.56635   38.1420  132.6670    6.04500    0.03214
 23.2500   25.62993  295.71848   38.1432  132.7076    6.01900    0.02115
 23.2583   25.78468  295.87054   38.1442  132.7478    5.92400    0.01140
 23.2667   25.93961  296.02252   38.1452  132.7879    5.87500    0.00608
 23.2750   26.09474  296.17447   38.1460  132.8276    5.88100   -0.01084
 23.2833   26.25007  296.32632   38.1468  132.8671    5.72900   -0.01877
 23.2917   26.40559  296.47809   38.1474  132.9064    5.73400   -0.03879
 23.3000   26.56131  296.62979   38.1480  132.9453    5.66800   -0.03285
 23.3083   26.71723  296.78143   38.1485  132.9840    5.65900   -0.03295
 23.3167   26.87335  296.93298   38.1489  133.0225    5.62300   -0.02122
 23.3250   27.02967  297.08447   38.1492  133.0607    5.62300   -0.01743
 23.3333   27.18619  297.23587   38.1494  133.0986    5.56500   -0.00994
 23.3417   27.34292  297.38721   38.1496  133.1363    5.54800    0.00159
 23.3500   27.49985  297.53845   38.1496  133.1737    5.56000    0.02669
 23.3583   27.65699  297.68964   38.1496  133.2109    5.56900    0.04887
 23.3667   27.81433  297.84073   38.1494  133.2479    5.52900    0.06309
 23.3750   27.97188  297.99176   38.1492  133.2846    5.49300    0.06148
 23.3833   28.12964  298.14273   38.1490  133.3210    5.41200    0.05908
 23.3917   28.28760  298.29358   38.1486  133.3572    5.35800    0.06428
 23.4000   28.44578  298.44437   38.1481  133.3932    5.35400    0.06989
 23.4083   28.60417  298.59509   38.1476  133.4290    5.25800    0.06520
 23.4167   28.76278  298.74573   38.1470  133.4645    5.13500    0.03552
 23.4250   28.92159  298.89630   38.1463  133.4998    4.98300    0.01866
 23.4333   29.08062  299.04678   38.1456  133.5349    4.94600    0.00702
 23.4417   29.23987  299.19717   38.1447  133.5697    4.83500    0.01950
 23.4500   29.39934  299.34750   38.1438  133.6043    4.79500    0.02624
 23.4583   29.55902  299.49774   38.1428  133.6387    4.71200    0.03153
 23.4667   29.71892  299.64789   38.1418  133.6729    4.58300    0.02831
 23.4750   29.87904  299.79797   38.1406  133.7068    4.48800    0.01579
 23.4833   30.03939  299.94797   38.1394  133.7405    4.34400    0.01264
 23.4917   30.19995  300.09787   38.1382  133.7740    4.25800    0.01794
 23.5000   30.36074  300.24771   38.1368  133.8074    4.20300    0.01965
 23.5083   30.52175  300.39746   38.1354  133.8405    4.04800    0.01630
 23.5167   30.68299  300.54712   38.1339  133.8733    3.93800   -0.00108
 23.5250   30.84446  300.69672   38.1324  133.9060    3.81500   -0.00939
 23.5333   31.00615  300.84622   38.1307  133.9385    3.70700   -0.01850
 23.5417   31.16807  300.99564   38.1291  133.9707    3.59200   -0.02783
 23.5500   31.33022  301.14499   38.1273  134.0028    3.47000   -0.03894
 23.5583   31.49260  301.29425   38.1255  134.0347    3.35400   -0.04050
 23.5667   31.65522  301.44342   38.1236  134.0663    3.29500   -0.04644
 23.5750   31.81806  301.59250   38.1216  134.0978    3.15300   -0.03280
 23.5833   31.98114  301.74152   38.1196  134.1291    3.13800   -0.02808
 23.5917   32.14446  301.89044   38.1175  134.1601    3.03600   -0.01091
 23.6000   32.30801  302.03928   38.1154  134.1910    2.96000    0.00130
 23.6083   32.47179  302.18802   38.1132  134.2217    2.92800    0.00337
 23.6167   32.63582  302.33670   38.1109  134.2522    2.78100    0.01094
 23.6250   32.80008  302.48526   38.1086  134.2825    2.74200    0.00244
 23.6333   32.96458  302.63379   38.1062  134.3126    2.63900   -0.00047
 23.6417   33.12933  302.78220   38.1038  134.3426    2.53100   -0.01063
 23.6500   33.29431  302.93051   38.1013  134.3723    2.46500   -0.02277
 23.6583   33.45954  303.07877   38.0987  134.4019    2.35900   -0.02732
 23.6667   33.62502  303.22693   38.0961  134.4313    2.29400   -0.03944
 23.6750   33.79073  303.37500   38.0934  134.4605    2.19600   -0.04302
 23.6833   33.95670  303.52301   38.0907  134.4895    2.13800   -0.04477
 23.6917   34.12291  303.67093   38.0879  134.5184    2.08300   -0.03932
 23.7000   34.28937  303.81873   38.0851  134.5471    2.02600   -0.03092
 23.7083   34.45608  303.96649   38.0822  134.5756    1.98500   -0.02364
 23.7167   34.62304  304.11414   38.0792  134.6039    1.93300   -0.01208
 23.7250   34.79025  304.26172   38.0762  134.6321    1.90200   -0.01602
 23.7333   34.95771  304.40921   38.0731  134.6601    1.79300   -0.00690
 23.7417   35.12542  304.55661   38.0700  134.6879    1.81000   -0.00555
 23.7500   35.29339  304.70392   38.0668  134.7155    1.74400    0.00978
 23.7583   35.46161  304.85114   38.0636  134.7430    1.70400    0.00348
 23.7667   35.63009  304.99829   38.0604  134.7704    1.61700    0.00712
 23.7750   35.79883  305.14536   38.0570  134.7975    1.59700    0.00725
 23.7833   35.96782  305.29236   38.0537  134.8245    1.53900    0.01615
 23.7917   36.13708  305.43924   38.0502  134.8514    1.49300    0.02093
 23.8000   36.30659  305.58606   38.0467  134.8780    1.45200    0.02757
 23.8083   36.47637  305.73279   38.0432  134.9046    1.40000    0.02858
 23.8167   36.64640  305.87943   38.0397  134.9309    1.32600    0.02651
 23.8250   36.81670  306.02600   38.0360  134.9571    1.26500    0.01622
 23.8333   36.98726  306.17249   38.0324  134.9832    1.17000    0.00821
 23.8417   37.15809  306.31888   38.0286  135.0091    1.10000   -0.00269
 23.8500   37.32918  306.46521   38.0249  135.0348    1.02600   -0.00325
 23.8583   37.50055  306.61145   38.0211  135.0604    0.97700    0.00266
 23.8667   37.67217  306.75760   38.0172  135.0859    0.93700    0.00637
 23.8750   37.84407  306.90369   38.0133  135.1111    0.85200    0.00956
 23.8833   38.01624  307.04968   38.0093  135.1363    0.80300    0.00283
 23.8917   38.18867  307.19559   38.0054  135.1613    0.71800   -0.00641
 23.9000   38.36138  307.34143   38.0013  135.1861    0.62200   -0.01944
 23.9083   38.53436  307.48718   37.9972  135.2108    0.55500   -0.02689
 23.9167   38.70761  307.63284   37.9931  135.2354    0.49700   -0.02785
 23.9250   38.88114  307.77844   37.9889  135.2598    0.43200   -0.02725
 23.9333   39.05494  307.92398   37.9847  135.2841    0.37100   -0.02068
 23.9417   39.22902  308.06940   37.9804  135.3082    0.33600   -0.00875
 23.9500   39.40338  308.21478   37.9761  135.3322    0.29300    0.00949
 23.9583   39.57801  308.36005   37.9718  135.3561    0.27400    0.01529
 23.9667   39.75292  308.50528   37.9674  135.3798    0.20200    0.01196
 23.9750   39.92812  308.65042   37.9630  135.4034    0.13000    0.00095
 23.9833   40.10359  308.79547   37.9585  135.4268    0.06600   -0.00046
 23.9917   40.27934  308.94046   37.9540  135.4501    0.00000    0.00000
