hmax        =    300
wind_bottom =      2
wind_top    =     10
critlon     =      0
tbeg, h     =   0.00
tend, h     =  24.00
c_ionex     =      0
c_vert      =      1
time, gamma, az, latp, lonp, tec, tec_filtered
  0.0000   29.82218   50.05755   38.7765  142.5189    0.00000    0.00000
  0.0083   29.67453   49.88986   38.8000  142.5321    0.04500   -0.00050
  0.0167   29.52621   49.72361   38.8237  142.5456    0.13700    0.00052
  0.0250   29.37723   49.55880   38.8475  142.5592    0.19000    0.00779
  0.0333   29.22760   49.39544   38.8715  142.5731    0.23900    0.01392
  0.0417   29.07733   49.23350   38.8957  142.5872    0.29700    0.00582
  0.0500   28.92644   49.07300   38.9200  142.6015    0.31300   -0.00936
  0.0583   28.77491   48.91393   38.9445  142.6161    0.36200   -0.03899
  0.0667   28.62277   48.75629   38.9691  142.6309    0.34100   -0.04907
  0.0750   28.47003   48.60006   38.9939  142.6460    0.46800   -0.04428
  0.0833   28.31668   48.44525   39.0190  142.6613    0.59800   -0.02138
  0.0917   28.16274   48.29186   39.0441  142.6768    0.66300   -0.00151
  0.1000   28.00822   48.13987   39.0695  142.6926    0.77600    0.00511
  0.1083   27.85312   47.98929   39.0951  142.7087    0.83500    0.00890
  0.1167   27.69745   47.84012   39.1208  142.7250    0.88100    0.00199
  0.1250   27.54123   47.69234   39.1467  142.7415    0.93800    0.00950
  0.1333   27.38445   47.54595   39.1728  142.7584    1.08400    0.01453
  0.1417   27.22712   47.40095   39.1992  142.7755    1.12500    0.01466
  0.1500   27.06925   47.25734   39.2257  142.7928    1.16300   -0.00094
  0.1583   26.91086   47.11510   39.2524  142.8105    1.22200   -0.00309
  0.1667   26.75194   46.97424   39.2793  142.8284    1.33800   -0.00257
  0.1750   26.59250   46.83475   39.3064  142.8467    1.38300    0.00017
  0.1833   26.43256   46.69663   39.3337  142.8652    1.45200   -0.01459
  0.1917   26.27212   46.55987   39.3613  142.8840    1.46800   -0.01180
  0.2000   26.11118   46.42447   39.3890  142.9031    1.61900   -0.01031
  0.2083   25.94975   46.29041   39.4170  142.9225    1.68700    0.00052
  0.2167   25.78785   46.15771   39.4452  142.9422    1.75700   -0.00326
  0.2250   25.62547   46.02634   39.4737  142.9622    1.82700   -0.00830
  0.2333   25.46262   45.89632   39.5023  142.9826    1.89400   -0.01523
  0.2417   25.29932   45.76762   39.5312  143.0032    1.96700   -0.03136
  0.2500   25.13556   45.64025   39.5604  143.0242    1.99300   -0.03353
  0.2583   24.97136   45.51421   39.5897  143.0455    2.14700   -0.03541
  0.2667   24.80672   45.38948   39.6193  143.0672    2.22700   -0.03038
  0.2750   24.64164   45.26606   39.6492  143.0892    2.30100   -0.03023
  0.2833   24.47614   45.14395   39.6793  143.1115    2.43000   -0.03950
  0.2917   24.31023   45.02315   39.7097  143.1342    2.46300   -0.03417
  0.3000   24.14389   44.90363   39.7403  143.1573    2.62800   -0.02767
  0.3083   23.97716   44.78541   39.7712  143.1807    2.78000   -0.01262
  0.3167   23.81002   44.66848   39.8024  143.2044    2.87600    0.00073
  0.3250   23.64249   44.55282   39.8338  143.2286    3.05000   -0.00638
  0.3333   23.47457   44.43844   39.8655  143.2531    3.08500   -0.01101
  0.3417   23.30627   44.32533   39.8975  143.2780    3.20700   -0.02835
  0.3500   23.13759   44.21349   39.9298  143.3033    3.30400   -0.03688
  0.3583   22.96855   44.10290   39.9624  143.3291    3.40200   -0.02793
  0.3667   22.79914   43.99357   39.9952  143.3552    3.63400   -0.03467
  0.3750   22.62937   43.88548   40.0284  143.3817    3.64200   -0.01513
  0.3833   22.45926   43.77864   40.0618  143.4086    3.90600   -0.01194
  0.3917   22.28880   43.67304   40.0956  143.4360    4.03400    0.01742
  0.4000   22.11800   43.56867   40.1297  143.4638    4.20800    0.01155
  0.4083   21.94686   43.46552   40.1641  143.4921    4.24300    0.02380
  0.4167   21.77540   43.36360   40.1988  143.5207    4.49500    0.01306
  0.4250   21.60361   43.26290   40.2338  143.5499    4.51800    0.02644
  0.4333   21.43151   43.16340   40.2692  143.5795    4.71600    0.01082
  0.4417   21.25909   43.06511   40.3049  143.6095    4.78500    0.01524
  0.4500   21.08637   42.96802   40.3409  143.6401    4.93900    0.00264
  0.4583   20.91335   42.87212   40.3773  143.6711    5.03300   -0.00655
  0.4667   20.74003   42.77741   40.4140  143.7026    5.12000   -0.00999
  0.4750   20.56642   42.68389   40.4511  143.7346    5.31600   -0.01658
  0.4833   20.39253   42.59154   40.4886  143.7672    5.38100   -0.00985
  0.4917   20.21836   42.50037   40.5264  143.8002    5.56300   -0.02640
  0.5000   20.04391   42.41036   40.5646  143.8338    5.60000   -0.03078
  0.5083   19.86920   42.32151   40.6032  143.8679    5.75500   -0.02609
  0.5167   19.69421   42.23383   40.6422  143.9026    5.99700   -0.02421
  0.5250   19.51897   42.14729   40.6815  143.9378    6.02800   -0.01337
  0.5333   19.34348   42.06190   40.7213  143.9736    6.25000   -0.01306
  0.5417   19.16773   41.97765   40.7614  144.0099    6.42700   -0.00695
  0.5500   18.99174   41.89453   40.8020  144.0469    6.50800   -0.01041
  0.5583   18.81551   41.81254   40.8430  144.0844    6.67000   -0.01159
  0.5667   18.63905   41.73168   40.8844  144.1225    6.87300   -0.01624
  0.5750   18.46235   41.65194   40.9262  144.1613    6.93100   -0.01580
  0.5833   18.28543   41.57331   40.9684  144.2007    7.13800   -0.01942
  0.5917   18.10828   41.49579   41.0112  144.2407    7.31700   -0.01084
  0.6000   17.93092   41.41938   41.0543  144.2813    7.46700   -0.00574
  0.6083   17.75335   41.34406   41.0979  144.3227    7.65700   -0.01087
  0.6167   17.57557   41.26983   41.1420  144.3647    7.77000   -0.00797
  0.6250   17.39758   41.19670   41.1865  144.4073    7.98600   -0.00833
  0.6333   17.21940   41.12464   41.2315  144.4507    8.15700   -0.00421
  0.6417   17.04101   41.05366   41.2770  144.4948    8.31100   -0.01054
  0.6500   16.86244   40.98376   41.3229  144.5396    8.45900   -0.02027
  0.6583   16.68368   40.91492   41.3694  144.5852    8.61800   -0.03076
  0.6667   16.50474   40.84714   41.4164  144.6315    8.77600   -0.03444
  0.6750   16.32562   40.78042   41.4639  144.6785    8.98900   -0.03435
  0.6833   16.14633   40.71476   41.5119  144.7263    9.18600   -0.02617
  0.6917   15.96686   40.65014   41.5604  144.7750    9.41500   -0.02733
  0.7000   15.78723   40.58656   41.6094  144.8244    9.57300   -0.03228
  0.7083   15.60744   40.52402   41.6590  144.8746    9.75100   -0.03703
  0.7167   15.42748   40.46251   41.7092  144.9257    9.99300   -0.03884
  0.7250   15.24738   40.40203   41.7599  144.9776   10.18100   -0.03258
  0.7333   15.06712   40.34257   41.8111  145.0304   10.43300   -0.03014
  0.7417   14.88671   40.28413   41.8629  145.0841   10.65800   -0.02062
  0.7500   14.70616   40.22670   41.9154  145.1387   10.90800   -0.01220
  0.7583   14.52547   40.17027   41.9684  145.1941   11.15800   -0.00617
  0.7667   14.34465   40.11486   42.0220  145.2505   11.36800    0.00346
  0.7750   14.16369   40.06043   42.0762  145.3079   11.65000    0.00813
  0.7833   13.98260   40.00701   42.1310  145.3662   11.86400    0.01476
  0.7917   13.80139   39.95457   42.1864  145.4255   12.09300    0.01656
  0.8000   13.62005   39.90311   42.2425  145.4858   12.34000    0.01901
  0.8083   13.43860   39.85263   42.2991  145.5472   12.56100    0.02123
  0.8167   13.25703   39.80313   42.3565  145.6095   12.78500    0.01133
  0.8250   13.07534   39.75460   42.4145  145.6730   12.93200    0.00806
  0.8333   12.89355   39.70703   42.4731  145.7375   13.20200    0.00338
  0.8417   12.71166   39.66043   42.5325  145.8031   13.41500    0.00643
  0.8500   12.52966   39.61478   42.5925  145.8698   13.62800    0.00214
  0.8583   12.34756   39.57008   42.6532  145.9377   13.83700   -0.00344
  0.8667   12.16537   39.52633   42.7145  146.0067   14.03800   -0.00729
  0.8750   11.98308   39.48352   42.7766  146.0769   14.26600   -0.01225
  0.8833   11.80071   39.44166   42.8394  146.1483   14.47700   -0.02150
  0.8917   11.61824   39.40072   42.9030  146.2209   14.65700   -0.03079
  0.9000   11.43570   39.36072   42.9672  146.2948   14.90100   -0.04145
  0.9083   11.25307   39.32164   43.0322  146.3699   15.12000   -0.04309
  0.9167   11.07037   39.28348   43.0979  146.4464   15.39700   -0.04485
  0.9250   10.88759   39.24623   43.1644  146.5242   15.66100   -0.05179
  0.9333   10.70474   39.20990   43.2317  146.6033   15.85400   -0.06657
  0.9417   10.52182   39.17448   43.2997  146.6837   16.08500   -0.07802
  0.9500   10.33884   39.13997   43.3685  146.7656   16.40500   -0.07323
  0.9583   10.15579   39.10635   43.4381  146.8489   16.76600   -0.06234
  0.9667    9.97268   39.07363   43.5085  146.9336   17.07800   -0.05159
  0.9750    9.78951   39.04180   43.5797  147.0198   17.42100   -0.04747
  0.9833    9.60629   39.01086   43.6517  147.1075   17.74600   -0.04037
  0.9917    9.42302   38.98080   43.7245  147.1968   18.10900   -0.03527
  1.0000    9.23969   38.95162   43.7981  147.2875   18.45400   -0.02936
  1.0083    9.05632   38.92332   43.8726  147.3799   18.80100   -0.02325
  1.0167    8.87290   38.89589   43.9479  147.4739   19.17300   -0.00741
  1.0250    8.68945   38.86932   44.0241  147.5695   19.61100    0.00677
  1.0333    8.50595   38.84362   44.1011  147.6667   19.94500    0.02243
  1.0417    8.32241   38.81878   44.1789  147.7657   20.32400    0.03018
  1.0500    8.13884   38.79480   44.2577  147.8664   20.67700    0.03748
  1.0583    7.95524   38.77167   44.3373  147.9689   20.99600    0.05143
  1.0667    7.77161   38.74939   44.4177  148.0731   21.42600    0.06679
  1.0750    7.58795   38.72795   44.4991  148.1792   21.78400    0.07556
  1.0833    7.40427   38.70735   44.5813  148.2871   22.02900    0.06702
  1.0917    7.22056   38.68760   44.6644  148.3969   22.28900    0.04966
  1.1000    7.03683   38.66867   44.7485  148.5086   22.55400    0.03271
  1.1083    6.85309   38.65058   44.8334  148.6223   22.79100    0.01755
  1.1167    6.66933   38.63331   44.9192  148.7379   23.05800   -0.00073
  1.1250    6.48555   38.61686   45.0059  148.8556   23.28800   -0.01276
  1.1333    6.30176   38.60124   45.0936  148.9753   23.59000   -0.02440
  1.1417    6.11797   38.58643   45.1821  149.0971   23.83000   -0.02109
  1.1500    5.93416   38.57243   45.2715  149.2210   24.14800   -0.02507
  1.1583    5.75036   38.55924   45.3619  149.3470   24.36400   -0.01926
  1.1667    5.56654   38.54686   45.4532  149.4753   24.71500   -0.01696
  1.1750    5.38273   38.53528   45.5453  149.6057   25.03100   -0.01112
  1.1833    5.19892   38.52450   45.6384  149.7384   25.31600   -0.00873
  1.1917    5.01511   38.51451   45.7324  149.8735   25.69200   -0.00421
  1.2000    4.83131   38.50532   45.8273  150.0108   26.10000    0.00000

 12.6250   15.24797  319.72876   41.7719  131.7633    6.19598    0.00000
 12.6333   15.41827  319.63937   41.7209  131.8082    6.10400   -0.00069
 12.6417   15.58832  319.54892   41.6704  131.8524    6.18597   -0.00340
 12.6500   15.75808  319.45737   41.6205  131.8958    6.10999    0.00217
 12.6583   15.92758  319.36475   41.5711  131.9385    6.08197    0.00602
 12.6667   16.09679  319.27103   41.5223  131.9805    6.08600    0.02666
 12.6750   16.26571  319.17624   41.4740  132.0219    6.03699    0.06533
 12.6833   16.43434  319.08032   41.4262  132.0625    6.07202    0.07300
 12.6917   16.60268  318.98331   41.3789  132.1025    5.77899    0.09801
 12.7000   16.77071  318.88522   41.3322  132.1418    5.82202    0.07591
 12.7083   16.93844  318.78598   41.2859  132.1805    5.50500    0.08326
 12.7167   17.10585  318.68567   41.2401  132.2185    5.51801    0.04947
 12.7250   17.27295  318.58420   41.1948  132.2559    5.24402    0.03835
 12.7333   17.43972  318.48163   41.1500  132.2927    5.08398    0.00575
 12.7417   17.60617  318.37793   41.1056  132.3289    4.92596   -0.01860
 12.7500   17.77228  318.27310   41.0617  132.3645    4.71198   -0.04049
 12.7583   17.93806  318.16714   41.0182  132.3995    4.56702   -0.06013
 12.7667   18.10349  318.06003   40.9752  132.4339    4.42297   -0.06341
 12.7750   18.26857  317.95178   40.9327  132.4678    4.33801   -0.06750
 12.7833   18.43329  317.84238   40.8905  132.5011    4.19897   -0.06803
 12.7917   18.59766  317.73181   40.8488  132.5339    4.10999   -0.07997
 12.8000   18.76166  317.62012   40.8075  132.5661    3.96198   -0.08478
 12.8083   18.92528  317.50723   40.7666  132.5978    3.90399   -0.09629
 12.8167   19.08853  317.39319   40.7262  132.6290    3.79700   -0.08721
 12.8250   19.25140  317.27802   40.6861  132.6597    3.82397   -0.08485
 12.8333   19.41387  317.16162   40.6464  132.6899    3.75098   -0.07546
 12.8417   19.57595  317.04407   40.6071  132.7196    3.71899   -0.07345
 12.8500   19.73763  316.92532   40.5682  132.7488    3.72198   -0.05815
 12.8583   19.89890  316.80539   40.5297  132.7776    3.75500   -0.04596
 12.8667   20.05976  316.68430   40.4915  132.8058    3.71301   -0.02326
 12.8750   20.22020  316.56198   40.4537  132.8336    3.79401   -0.01246
 12.8833   20.38021  316.43848   40.4163  132.8610    3.75098    0.01712
 12.8917   20.53979  316.31378   40.3792  132.8879    3.83502    0.02824
 12.9000   20.69894  316.18787   40.3425  132.9143    3.78900    0.05315
 12.9083   20.85764  316.06076   40.3061  132.9404    3.83002    0.06617
 12.9167   21.01588  315.93243   40.2700  132.9660    3.82300    0.08574
 12.9250   21.17368  315.80286   40.2343  132.9912    3.80701    0.09147
 12.9333   21.33100  315.67209   40.1989  133.0159    3.74298    0.09144
 12.9417   21.48786  315.54010   40.1639  133.0403    3.68500    0.08795
 12.9500   21.64424  315.40689   40.1291  133.0643    3.63300    0.07268
 12.9583   21.80014  315.27243   40.0947  133.0879    3.47699    0.05516
 12.9667   21.95555  315.13675   40.0606  133.1111    3.39301    0.03251
 12.9750   22.11046  314.99982   40.0267  133.1339    3.29102    0.02086
 12.9833   22.26487  314.86166   39.9932  133.1563    3.19702   -0.00070
 12.9917   22.41877  314.72226   39.9600  133.1784    3.03796   -0.01550
 13.0000   22.57215  314.58160   39.9270  133.2001    2.97302   -0.03314
 13.0083   22.72501  314.43967   39.8944  133.2214    2.85400   -0.03436
 13.0167   22.87734  314.29651   39.8620  133.2424    2.79700   -0.03922
 13.0250   23.02913  314.15210   39.8299  133.2631    2.71301   -0.03923
 13.0333   23.18038  314.00641   39.7981  133.2834    2.63202   -0.04362
 13.0417   23.33108  313.85944   39.7665  133.3033    2.56097   -0.04727
 13.0500   23.48121  313.71124   39.7352  133.3230    2.49896   -0.05073
 13.0583   23.63078  313.56174   39.7042  133.3423    2.43597   -0.04913
 13.0667   23.77978  313.41098   39.6734  133.3613    2.40997   -0.04882
 13.0750   23.92820  313.25894   39.6429  133.3799    2.35101   -0.04755
 13.0833   24.07603  313.10565   39.6127  133.3983    2.30701   -0.05054
 13.0917   24.22326  312.95105   39.5826  133.4163    2.26801   -0.04260
 13.1000   24.36990  312.79517   39.5528  133.4341    2.28601   -0.03099
 13.1083   24.51592  312.63800   39.5233  133.4515    2.27301   -0.01658
 13.1167   24.66133  312.47955   39.4940  133.4686    2.25598    0.00509
 13.1250   24.80611  312.31982   39.4649  133.4855    2.32001    0.01682
 13.1333   24.95026  312.15878   39.4360  133.5021    2.24799    0.02853
 13.1417   25.09377  311.99646   39.4074  133.5184    2.23401    0.01955
 13.1500   25.23663  311.83282   39.3790  133.5343    2.17499    0.02324
 13.1583   25.37884  311.66791   39.3508  133.5501    2.17902    0.02337
 13.1667   25.52038  311.50168   39.3228  133.5655    2.14099    0.03133
 13.1750   25.66125  311.33414   39.2950  133.5807    2.12701    0.03355
 13.1833   25.80145  311.16534   39.2674  133.5956    2.08997    0.03263
 13.1917   25.94096  310.99521   39.2401  133.6103    2.02496    0.02137
 13.2000   26.07977  310.82376   39.2129  133.6247    1.94299    0.01187
 13.2083   26.21789  310.65103   39.1859  133.6389    1.90997    0.01167
 13.2167   26.35529  310.47696   39.1592  133.6528    1.89697    0.01164
 13.2250   26.49198  310.30161   39.1326  133.6664    1.81396    0.00799
 13.2333   26.62794  310.12494   39.1062  133.6798    1.76599   -0.00292
 13.2417   26.76316  309.94696   39.0800  133.6930    1.71497   -0.01155
 13.2500   26.89764  309.76767   39.0539  133.7059    1.64801   -0.02512
 13.2583   27.03138  309.58707   39.0281  133.7186    1.56897   -0.03756
 13.2667   27.16435  309.40515   39.0024  133.7311    1.52100   -0.04340
 13.2750   27.29656  309.22192   38.9769  133.7433    1.49402   -0.04027
 13.2833   27.42800  309.03738   38.9516  133.7553    1.47498   -0.03523
 13.2917   27.55865  308.85153   38.9264  133.7671    1.45001   -0.03001
 13.3000   27.68851  308.66437   38.9015  133.7787    1.43298   -0.02071
 13.3083   27.81757  308.47589   38.8766  133.7900    1.44299   -0.00600
 13.3167   27.94582  308.28610   38.8520  133.8011    1.45099   -0.00044
 13.3250   28.07326  308.09500   38.8275  133.8121    1.38800   -0.00659
 13.3333   28.19987  307.90262   38.8031  133.8228    1.33698   -0.02427
 13.3417   28.32565  307.70889   38.7789  133.8333    1.28796   -0.02725
 13.3500   28.45059  307.51385   38.7549  133.8436    1.31000   -0.01945
 13.3583   28.57468  307.31754   38.7310  133.8537    1.32202    0.00126
 13.3667   28.69791  307.11993   38.7072  133.8636    1.34302    0.02037
 13.3750   28.82028  306.92099   38.6836  133.8732    1.35498    0.03007
 13.3833   28.94177  306.72076   38.6602  133.8828    1.31201    0.02657
 13.3917   29.06238  306.51923   38.6369  133.8921    1.25598    0.02638
 13.4000   29.18209  306.31641   38.6137  133.9012    1.27997    0.02559
 13.4083   29.30091  306.11227   38.5906  133.9101    1.22900    0.02758
 13.4167   29.41882  305.90686   38.5677  133.9188    1.19000    0.01585
 13.4250   29.53581  305.70016   38.5449  133.9274    1.14301    0.01273
 13.4333   29.65187  305.49216   38.5223  133.9358    1.14001    0.00614
 13.4417   29.76700  305.28290   38.4998  133.9440    1.08002    0.00509
 13.4500   29.88119  305.07236   38.4774  133.9520    1.05902   -0.00138
 13.4583   29.99443  304.86053   38.4551  133.9598    1.02496   -0.00843
 13.4667   30.10670  304.64743   38.4330  133.9675    0.96100   -0.01537
 13.4750   30.21801  304.43304   38.4109  133.9750    0.94202   -0.02551
 13.4833   30.32835  304.21741   38.3890  133.9823    0.89099   -0.02320
 13.4917   30.43769  304.00052   38.3672  133.9894    0.89197   -0.02675
 13.5000   30.54605  303.78238   38.3455  133.9964    0.83899   -0.02096
 13.5083   30.65340  303.56296   38.3240  134.0033    0.83698   -0.01635
 13.5167   30.75974  303.34232   38.3025  134.0099    0.83099   -0.00402
 13.5250   30.86507  303.12042   38.2811  134.0164    0.82001    0.01356
 13.5333   30.96936  302.89731   38.2599  134.0227    0.84302    0.02460
 13.5417   31.07263  302.67294   38.2387  134.0289    0.79999    0.02995
 13.5500   31.17484  302.44736   38.2177  134.0349    0.75702    0.03275
 13.5583   31.27601  302.22058   38.1968  134.0407    0.76501    0.03004
 13.5667   31.37611  301.99255   38.1759  134.0464    0.69299    0.02477
 13.5750   31.47515  301.76334   38.1552  134.0520    0.63397    0.01585
 13.5833   31.57311  301.53290   38.1345  134.0574    0.62201    0.01559
 13.5917   31.66998  301.30130   38.1140  134.0626    0.59302    0.01967
 13.6000   31.76576  301.06851   38.0935  134.0677    0.55402    0.01532
 13.6083   31.86044  300.83453   38.0732  134.0726    0.49597    0.00489
 13.6167   31.95401  300.59937   38.0529  134.0775    0.43097   -0.00391
 13.6250   32.04646  300.36307   38.0327  134.0821    0.39697   -0.01106
 13.6333   32.13778  300.12558   38.0126  134.0866    0.34698   -0.01676
 13.6417   32.22797  299.88696   37.9926  134.0910    0.29199   -0.02021
 13.6500   32.31702  299.64722   37.9727  134.0952    0.27301   -0.02433
 13.6583   32.40492  299.40634   37.9528  134.0993    0.22198   -0.02281
 13.6667   32.49166  299.16431   37.9331  134.1032    0.20197   -0.02549
 13.6750   32.57724  298.92120   37.9134  134.1070    0.16699   -0.02212
 13.6833   32.66164  298.67697   37.8938  134.1107    0.15302   -0.02378
 13.6917   32.74487  298.43164   37.8742  134.1142    0.11499   -0.03038
 13.7000   32.82690  298.18524   37.8548  134.1176    0.06799   -0.03461
 13.7083   32.90774  297.93777   37.8354  134.1209    0.08002   -0.03333
 13.7167   32.98738  297.68921   37.8161  134.1240    0.08301   -0.03620
 13.7250   33.06581  297.43961   37.7968  134.1270    0.02802   -0.04921
 13.7333   33.14301  297.18896   37.7777  134.1299    0.00000   -0.05360
 13.7417   33.21900  296.93729   37.7586  134.1326    0.06000   -0.05636
 13.7500   33.29375  296.68460   37.7395  134.1352    0.02802   -0.05397
 13.7583   33.36726  296.43088   37.7206  134.1377    0.04297   -0.05964
 13.7667   33.43952  296.17618   37.7017  134.1400    0.07501   -0.05407
 13.7750   33.51053  295.92050   37.6828  134.1423    0.10999   -0.04584
 13.7833   33.58029  295.66382   37.6640  134.1443    0.15100   -0.04128
 13.7917   33.64877  295.40619   37.6453  134.1463    0.17902   -0.03953
 13.8000   33.71598  295.14761   37.6267  134.1482    0.21399   -0.04578
 13.8083   33.78191  294.88809   37.6081  134.1499    0.22998   -0.04361
 13.8167   33.84656  294.62762   37.5895  134.1515    0.31500   -0.03238
 13.8250   33.90991  294.36627   37.5710  134.1530    0.40601   -0.01671
 13.8333   33.97196  294.10400   37.5526  134.1543    0.45197   -0.01433
 13.8417   34.03271  293.84085   37.5342  134.1556    0.47797   -0.02193
 13.8500   34.09214  293.57684   37.5159  134.1567    0.52899   -0.02637
 13.8583   34.15026  293.31195   37.4976  134.1577    0.59900   -0.02206
 13.8667   34.20705  293.04623   37.4794  134.1586    0.67596   -0.01280
 13.8750   34.26252  292.77969   37.4612  134.1593    0.76196   -0.00460
 13.8833   34.31665  292.51230   37.4430  134.1600    0.83502   -0.00269
 13.8917   34.36944  292.24414   37.4249  134.1605    0.88898   -0.00470
 13.9000   34.42089  291.97516   37.4069  134.1609    0.95599   -0.01409
 13.9083   34.47099  291.70544   37.3889  134.1612    0.99200   -0.02162
 13.9167   34.51973  291.43494   37.3709  134.1614    1.05499   -0.02536
 13.9250   34.56710  291.16370   37.3530  134.1615    1.14301   -0.01823
 13.9333   34.61312  290.89175   37.3351  134.1614    1.23499   -0.00708
 13.9417   34.65776  290.61905   37.3173  134.1613    1.31598    0.01517
 13.9500   34.70103  290.34570   37.2995  134.1610    1.45300    0.02827
 13.9583   34.74292  290.07162   37.2817  134.1606    1.49701    0.03444
 13.9667   34.78343  289.79694   37.2640  134.1601    1.54199    0.02294
 13.9750   34.82254  289.52158   37.2463  134.1595    1.59302    0.01822
 13.9833   34.86027  289.24557   37.2286  134.1588    1.66699    0.02404
 13.9917   34.89660  288.96896   37.2110  134.1579    1.76196    0.02838
 14.0000   34.93153  288.69174   37.1934  134.1570    1.80402    0.02748
 14.0083   34.96506  288.41397   37.1758  134.1560    1.84900    0.01537
 14.0167   34.99718  288.13559   37.1583  134.1548    1.88300    0.00145
 14.0250   35.02789  287.85669   37.1407  134.1535    1.91101    0.00141
 14.0333   35.05719  287.57724   37.1233  134.1522    2.01697    0.00622
 14.0417   35.08507  287.29730   37.1058  134.1507    2.07397    0.01341
 14.0500   35.11153  287.01685   37.0884  134.1491    2.11499    0.00552
 14.0583   35.13657  286.73590   37.0709  134.1474    2.15497   -0.00270
 14.0667   35.16019  286.45450   37.0535  134.1456    2.21399   -0.01307
 14.0750   35.18238  286.17267   37.0362  134.1436    2.24701   -0.02742
 14.0833   35.20314  285.89041   37.0188  134.1416    2.27100   -0.04351
 14.0917   35.22247  285.60770   37.0015  134.1395    2.32501   -0.05057
 14.1000   35.24037  285.32462   36.9842  134.1372    2.40601   -0.05127
 14.1083   35.25683  285.04117   36.9669  134.1349    2.46802   -0.04146
 14.1167   35.27186  284.75739   36.9496  134.1324    2.58099   -0.03357
 14.1250   35.28544  284.47321   36.9323  134.1299    2.66199   -0.02522
 14.1333   35.29759  284.18875   36.9150  134.1272    2.73199   -0.02360
 14.1417   35.30830  283.90396   36.8978  134.1244    2.81897   -0.01788
 14.1500   35.31757  283.61890   36.8806  134.1216    2.92499   -0.01210
 14.1583   35.32540  283.33356   36.8633  134.1186    3.00201   -0.01327
 14.1667   35.33179  283.04797   36.8461  134.1155    3.06299   -0.02393
 14.1750   35.33673  282.76212   36.8289  134.1123    3.13397   -0.02752
 14.1833   35.34023  282.47610   36.8117  134.1090    3.25098   -0.01440
 14.1917   35.34228  282.18985   36.7945  134.1056    3.39502    0.00641
 14.2000   35.34290  281.90341   36.7773  134.1021    3.50000    0.01725
 14.2083   35.34207  281.61685   36.7602  134.0985    3.56598    0.01647
 14.2167   35.33980  281.33011   36.7430  134.0948    3.65198    0.01325
 14.2250   35.33608  281.04324   36.7258  134.0910    3.74200    0.01486
 14.2333   35.33093  280.75629   36.7086  134.0871    3.82599    0.01700
 14.2417   35.32434  280.46921   36.6914  134.0830    3.90698    0.03236
 14.2500   35.31630  280.18207   36.6743  134.0789    4.04999    0.04262
 14.2583   35.30683  279.89487   36.6571  134.0746    4.10101    0.05158
 14.2667   35.29592  279.60764   36.6399  134.0703    4.16400    0.05263
 14.2750   35.28358  279.32037   36.6227  134.0659    4.25299    0.05512
 14.2833   35.26981  279.03311   36.6055  134.0613    4.29297    0.06616
 14.2917   35.25460  278.74585   36.5883  134.0567    4.38202    0.06984
 14.3000   35.23797  278.45862   36.5711  134.0519    4.42902    0.07279
 14.3083   35.21991  278.17145   36.5538  134.0470    4.45898    0.06860
 14.3167   35.20042  277.88434   36.5366  134.0421    4.50800    0.04997
 14.3250   35.17952  277.59729   36.5194  134.0370    4.47797    0.03278
 14.3333   35.15719  277.31033   36.5021  134.0318    4.50500    0.01305
 14.3417   35.13345  277.02350   36.4848  134.0266    4.53198   -0.00420
 14.3500   35.10829  276.73679   36.4675  134.0212    4.50397   -0.01984
 14.3583   35.08173  276.45023   36.4502  134.0157    4.52899   -0.03212
 14.3667   35.05376  276.16382   36.4329  134.0101    4.56396   -0.02247
 14.3750   35.02439  275.87762   36.4156  134.0044    4.63300   -0.01506
 14.3833   34.99362  275.59158   36.3982  133.9986    4.64600   -0.00060
 14.3917   34.96145  275.30576   36.3808  133.9927    4.71399    0.00504
 14.4000   34.92789  275.02014   36.3634  133.9867    4.74097    0.01328
 14.4083   34.89295  274.73477   36.3460  133.9805    4.76898    0.01368
 14.4167   34.85662  274.44968   36.3285  133.9743    4.80200    0.00857
 14.4250   34.81891  274.16483   36.3111  133.9680    4.81201   -0.00985
 14.4333   34.77984  273.88028   36.2936  133.9615    4.78796   -0.02681
 14.4417   34.73939  273.59601   36.2760  133.9550    4.84100   -0.04170
 14.4500   34.69758  273.31207   36.2585  133.9483    4.87000   -0.03754
 14.4583   34.65441  273.02847   36.2409  133.9416    4.93896   -0.03344
 14.4667   34.60988  272.74518   36.2233  133.9347    4.98901   -0.03159
 14.4750   34.56401  272.46225   36.2056  133.9278    5.00299   -0.03741
 14.4833   34.51679  272.17972   36.1879  133.9207    5.03497   -0.04360
 14.4917   34.46824  271.89755   36.1702  133.9135    5.08698   -0.02832
 14.5000   34.41836  271.61578   36.1524  133.9062    5.21100   -0.00308
 14.5083   34.36715  271.33441   36.1346  133.8988    5.29498    0.02377
 14.5167   34.31462  271.05347   36.1168  133.8913    5.35901    0.03693
 14.5250   34.26077  270.77295   36.0989  133.8837    5.41602    0.03797
 14.5333   34.20562  270.49289   36.0810  133.8760    5.44000    0.02457
 14.5417   34.14917  270.21332   36.0630  133.8681    5.42499    0.01368
 14.5500   34.09142  269.93417   36.0450  133.8602    5.48700    0.01277
 14.5583   34.03239  269.65555   36.0270  133.8521    5.55298    0.02880
 14.5667   33.97207  269.37738   36.0089  133.8440    5.62000    0.04512
 14.5750   33.91048  269.09976   35.9908  133.8357    5.68201    0.05046
 14.5833   33.84763  268.82263   35.9726  133.8273    5.68799    0.04920
 14.5917   33.78351  268.54605   35.9543  133.8189    5.71301    0.03683
 14.6000   33.71814  268.26999   35.9360  133.8103    5.71301    0.02621
 14.6083   33.65152  267.99448   35.9177  133.8015    5.72797    0.00500
 14.6167   33.58366  267.71954   35.8993  133.7927    5.70398   -0.01310
 14.6250   33.51457  267.44519   35.8808  133.7838    5.72498   -0.03380
 14.6333   33.44426  267.17139   35.8623  133.7747    5.73199   -0.04049
 14.6417   33.37274  266.89819   35.8437  133.7656    5.77899   -0.04871
 14.6500   33.30000  266.62558   35.8251  133.7563    5.79199   -0.05146
 14.6583   33.22606  266.35361   35.8064  133.7469    5.82300   -0.05731
 14.6667   33.15093  266.08224   35.7876  133.7374    5.85797   -0.05258
 14.6750   33.07462  265.81149   35.7688  133.7278    5.92596   -0.03360
 14.6833   32.99713  265.54138   35.7499  133.7181    6.03796   -0.01719
 14.6917   32.91847  265.27191   35.7310  133.7082    6.06897   -0.01071
 14.7000   32.83865  265.00311   35.7119  133.6982    6.10400   -0.00833
 14.7083   32.75768  264.73495   35.6928  133.6882    6.20697   -0.01319
 14.7167   32.67557  264.46747   35.6737  133.6780    6.21497   -0.01049
 14.7250   32.59232  264.20065   35.6544  133.6677    6.29401   -0.02043
 14.7333   32.50794  263.93451   35.6351  133.6572    6.34198   -0.01900
 14.7417   32.42245  263.66907   35.6157  133.6467    6.41602   -0.03240
 14.7500   32.33584  263.40433   35.5963  133.6360    6.42999   -0.03083
 14.7583   32.24814  263.14029   35.5767  133.6252    6.55597   -0.03053
 14.7667   32.15934  262.87695   35.5571  133.6143    6.62000   -0.00947
 14.7750   32.06947  262.61432   35.5374  133.6033    6.73596   -0.00336
 14.7833   31.97851  262.35242   35.5176  133.5922    6.78601    0.00916
 14.7917   31.88649  262.09122   35.4977  133.5809    6.88000    0.00834
 14.8000   31.79342  261.83078   35.4777  133.5695    6.92297    0.01827
 14.8083   31.69930  261.57108   35.4576  133.5580    7.02100    0.03354
 14.8167   31.60414  261.31210   35.4375  133.5464    7.13599    0.05329
 14.8250   31.50795  261.05386   35.4172  133.5347    7.19397    0.05565
 14.8333   31.41074  260.79639   35.3969  133.5228    7.19702    0.05409
 14.8417   31.31252  260.53967   35.3765  133.5108    7.28302    0.05215
 14.8500   31.21330  260.28369   35.3559  133.4987    7.33099    0.06143
 14.8583   31.11309  260.02847   35.3353  133.4864    7.37701    0.05964
 14.8667   31.01189  259.77405   35.3146  133.4740    7.39502    0.05007
 14.8750   30.90972  259.52036   35.2937  133.4615    7.38599    0.04233
 14.8833   30.80659  259.26746   35.2728  133.4489    7.42902    0.02883
 14.8917   30.70250  259.01532   35.2517  133.4361    7.40198    0.02457
 14.9000   30.59747  258.76398   35.2306  133.4232    7.42902    0.02056
 14.9083   30.49150  258.51343   35.2093  133.4102    7.45898    0.02224
 14.9167   30.38460  258.26364   35.1879  133.3971    7.45001    0.02614
 14.9250   30.27679  258.01462   35.1664  133.3838    7.47998    0.02492
 14.9333   30.16807  257.76642   35.1448  133.3704    7.47498    0.02769
 14.9417   30.05845  257.51898   35.1231  133.3569    7.47900    0.01647
 14.9500   29.94794  257.27234   35.1012  133.3432    7.42999    0.00549
 14.9583   29.83655  257.02652   35.0793  133.3294    7.42596   -0.00478
 14.9667   29.72429  256.78146   35.0571  133.3155    7.43701   -0.00346
 14.9750   29.61118  256.53720   35.0349  133.3014    7.45300   -0.00649
 14.9833   29.49721  256.29373   35.0126  133.2872    7.42700   -0.01935
 14.9917   29.38240  256.05109   34.9901  133.2728    7.38599   -0.02710
 15.0000   29.26676  255.80920   34.9675  133.2583    7.43201   -0.03374
 15.0083   29.15030  255.56815   34.9447  133.2437    7.41400   -0.03406
 15.0167   29.03302  255.32787   34.9218  133.2290    7.40997   -0.03413
 15.0250   28.91495  255.08839   34.8988  133.2141    7.45898   -0.03039
 15.0333   28.79607  254.84972   34.8756  133.1990    7.46802   -0.01654
 15.0417   28.67642  254.61185   34.8523  133.1839    7.52899   -0.01434
 15.0500   28.55599  254.37477   34.8288  133.1685    7.52399   -0.01236
 15.0583   28.43480  254.13847   34.8052  133.1531    7.53699   -0.01437
 15.0667   28.31285  253.90300   34.7815  133.1375    7.58002   -0.00899
 15.0750   28.19015  253.66830   34.7576  133.1217    7.62396   -0.00628
 15.0833   28.06672  253.43440   34.7335  133.1058    7.62897   -0.00837
 15.0917   27.94256  253.20131   34.7093  133.0898    7.64996   -0.01292
 15.1000   27.81768  252.96899   34.6849  133.0736    7.68402   -0.01650
 15.1083   27.69210  252.73747   34.6603  133.0572    7.69800   -0.00998
 15.1167   27.56582  252.50674   34.6356  133.0407    7.77997   -0.00155
 15.1250   27.43884  252.27681   34.6107  133.0241    7.82501    0.00237
 15.1333   27.31119  252.04765   34.5857  133.0073    7.81799   -0.00241
 15.1417   27.18287  251.81929   34.5605  132.9904    7.85797   -0.00463
 15.1500   27.05388  251.59171   34.5350  132.9733    7.92700   -0.00762
 15.1583   26.92425  251.36490   34.5095  132.9561    7.92499   -0.01835
 15.1667   26.79397  251.13887   34.4837  132.9386    7.93201   -0.02604
 15.1750   26.66306  250.91362   34.4578  132.9211    8.02600   -0.03607
 15.1833   26.53152  250.68915   34.4316  132.9034    8.02100   -0.03952
 15.1917   26.39937  250.46544   34.4053  132.8855    8.06897   -0.04725
 15.2000   26.26661  250.24251   34.3788  132.8675    8.14502   -0.05156
 15.2083   26.13325  250.02034   34.3521  132.8493    8.16602   -0.04697
 15.2167   25.99931  249.79893   34.3252  132.8309    8.27600   -0.04029
 15.2250   25.86479  249.57829   34.2980  132.8124    8.37701   -0.02713
 15.2333   25.72970  249.35841   34.2707  132.7938    8.44598   -0.01105
 15.2417   25.59405  249.13927   34.2432  132.7749    8.58600   -0.01204
 15.2500   25.45784  248.92088   34.2155  132.7559    8.59601   -0.00648
 15.2583   25.32110  248.70326   34.1875  132.7368    8.71100   -0.02437
 15.2667   25.18382  248.48637   34.1594  132.7174    8.71802   -0.02116
 15.2750   25.04601  248.27023   34.1310  132.6979    8.85901   -0.01899
 15.2833   24.90769  248.05482   34.1024  132.6783    8.97302   -0.00814
 15.2917   24.76887  247.84013   34.0736  132.6584    9.03497    0.00313
 15.3000   24.62954  247.62621   34.0445  132.6384    9.17499    0.01018
 15.3083   24.48972  247.41298   34.0152  132.6182    9.26001    0.02858
 15.3167   24.34942  247.20049   33.9857  132.5979    9.37701    0.03432
 15.3250   24.20865  246.98872   33.9559  132.5773    9.42200    0.04136
 15.3333   24.06742  246.77766   33.9259  132.5567    9.49799    0.04753
 15.3417   23.92573  246.56731   33.8956  132.5358    9.58997    0.06066
 15.3500   23.78359  246.35767   33.8651  132.5147    9.67102    0.06937
 15.3583   23.64102  246.14873   33.8343  132.4935    9.71399    0.07466
 15.3667   23.49802  245.94051   33.8033  132.4720    9.78699    0.06916
 15.3750   23.35459  245.73296   33.7720  132.4504    9.80200    0.06988
 15.3833   23.21075  245.52609   33.7405  132.4287    9.87201    0.05009
 15.3917   23.06650  245.31993   33.7087  132.4067    9.79999    0.02407
 15.4000   22.92186  245.11446   33.6766  132.3845    9.75500   -0.01085
 15.4083   22.77683  244.90964   33.6442  132.3622    9.76300   -0.04513
 15.4167   22.63142  244.70551   33.6115  132.3397    9.68597   -0.06012
 15.4250   22.48564  244.50204   33.5786  132.3170    9.75397   -0.05044
 15.4333   22.33950  244.29922   33.5454  132.2941    9.90601   -0.01668
 15.4417   22.19299  244.09709   33.5119  132.2710    9.98199    0.02570
 15.4500   22.04614  243.89560   33.4781  132.2477   10.08600    0.03344
 15.4583   21.89895  243.69476   33.4439  132.2242   10.00201    0.01753
 15.4667   21.75143  243.49455   33.4095  132.2005    9.95398   -0.00868
 15.4750   21.60358  243.29500   33.3748  132.1767   10.04797   -0.00372
 15.4833   21.45542  243.09608   33.3397  132.1526   10.15997    0.00379
 15.4917   21.30695  242.89780   33.3044  132.1284   10.04999    0.00027
 15.5000   21.15818  242.70013   33.2687  132.1039   10.10901   -0.00874
 15.5083   21.00911  242.50308   33.2326  132.0793   10.17200    0.00000

 21.5583   24.14290  122.01002   33.2460  143.6596    0.00000    0.00000
 21.5667   24.30061  121.82155   33.2783  143.6400    0.04400    0.00071
 21.5750   24.45806  121.63239   33.3103  143.6206    0.05000    0.00929
 21.5833   24.61526  121.44254   33.3421  143.6013    0.08100    0.01264
 21.5917   24.77218  121.25198   33.3736  143.5821    0.05000    0.00566
 21.6000   24.92883  121.06071   33.4048  143.5631    0.01200   -0.00806
 21.6083   25.08518  120.86873   33.4358  143.5443    0.01500   -0.01197
 21.6167   25.24125  120.67603   33.4665  143.5256    0.03500   -0.00439
 21.6250   25.39701  120.48260   33.4969  143.5070    0.05700   -0.00168
 21.6333   25.55247  120.28844   33.5271  143.4886    0.04900    0.00113
 21.6417   25.70761  120.09354   33.5571  143.4703    0.08400    0.00101
 21.6500   25.86242  119.89789   33.5868  143.4522    0.07600   -0.00296
 21.6583   26.01690  119.70149   33.6162  143.4343    0.03800   -0.01127
 21.6667   26.17104  119.50434   33.6454  143.4164    0.04500   -0.01983
 21.6750   26.32483  119.30642   33.6744  143.3988    0.04400   -0.02403
 21.6833   26.47826  119.10773   33.7031  143.3812    0.04500   -0.01567
 21.6917   26.63132  118.90826   33.7317  143.3638    0.13600   -0.00309
 21.7000   26.78402  118.70802   33.7599  143.3466    0.16300    0.01066
 21.7083   26.93633  118.50698   33.7880  143.3294    0.16400    0.00243
 21.7167   27.08825  118.30516   33.8158  143.3125    0.12700   -0.01807
 21.7250   27.23977  118.10253   33.8435  143.2956    0.08400   -0.03380
 21.7333   27.39088  117.89910   33.8709  143.2789    0.11700   -0.03659
 21.7417   27.54158  117.69486   33.8981  143.2624    0.15500   -0.01604
 21.7500   27.69185  117.48981   33.9251  143.2459    0.24300    0.01486
 21.7583   27.84169  117.28393   33.9518  143.2296    0.33300    0.03333
 21.7667   27.99108  117.07723   33.9784  143.2135    0.30200    0.03671
 21.7750   28.14003  116.86969   34.0048  143.1974    0.30500    0.01615
 21.7833   28.28852  116.66132   34.0310  143.1815    0.26000    0.00988
 21.7917   28.43653  116.45210   34.0569  143.1658    0.30400    0.01021
 21.8000   28.58407  116.24204   34.0827  143.1501    0.34600    0.01903
 21.8083   28.73113  116.03112   34.1083  143.1346    0.35600    0.01103
 21.8167   28.87769  115.81934   34.1338  143.1193    0.31600   -0.00950
 21.8250   29.02374  115.60670   34.1590  143.1040    0.29200   -0.02616
 21.8333   29.16928  115.39318   34.1840  143.0889    0.31700   -0.02591
 21.8417   29.31430  115.17880   34.2089  143.0739    0.35800   -0.01543
 21.8500   29.45878  114.96353   34.2336  143.0590    0.38100   -0.00429
 21.8583   29.60272  114.74739   34.2581  143.0443    0.40500   -0.00612
 21.8667   29.74612  114.53035   34.2825  143.0297    0.38100   -0.00632
 21.8750   29.88895  114.31242   34.3067  143.0152    0.41600    0.00170
 21.8833   30.03121  114.09360   34.3307  143.0008    0.48300    0.01783
 21.8917   30.17289  113.87387   34.3545  142.9866    0.49800    0.02488
 21.9000   30.31399  113.65323   34.3782  142.9724    0.48700    0.02238
 21.9083   30.45448  113.43169   34.4017  142.9584    0.51200    0.01238
 21.9167   30.59437  113.20923   34.4251  142.9445    0.49500    0.00032
 21.9250   30.73364  112.98585   34.4483  142.9308    0.47500   -0.01254
 21.9333   30.87229  112.76155   34.4714  142.9171    0.49300   -0.01582
 21.9417   31.01030  112.53632   34.4943  142.9036    0.52200   -0.01221
 21.9500   31.14766  112.31016   34.5170  142.8902    0.53800   -0.01661
 21.9583   31.28436  112.08307   34.5396  142.8769    0.51400   -0.02029
 21.9667   31.42040  111.85505   34.5621  142.8637    0.54300   -0.01399
 21.9750   31.55576  111.62608   34.5844  142.8506    0.60300    0.00270
 21.9833   31.69043  111.39617   34.6066  142.8377    0.62900    0.01646
 21.9917   31.82441  111.16531   34.6287  142.8248    0.64700    0.02210
 22.0000   31.95768  110.93350   34.6506  142.8121    0.67400    0.01752
 22.0083   32.09024  110.70074   34.6724  142.7995    0.65800    0.00597
 22.0167   32.22207  110.46702   34.6940  142.7870    0.64700   -0.00201
 22.0250   32.35316  110.23235   34.7155  142.7746    0.69700   -0.00926
 22.0333   32.48351  109.99671   34.7369  142.7624    0.68800   -0.02274
 22.0417   32.61309  109.76012   34.7582  142.7502    0.65300   -0.04471
 22.0500   32.74192  109.52256   34.7793  142.7381    0.66500   -0.05925
 22.0583   32.86996  109.28403   34.8003  142.7262    0.69400   -0.05121
 22.0667   32.99722  109.04454   34.8212  142.7144    0.76900   -0.03196
 22.0750   33.12367  108.80408   34.8420  142.7027    0.83400   -0.00871
 22.0833   33.24932  108.56264   34.8626  142.6910    0.88200   -0.00270
 22.0917   33.37416  108.32024   34.8832  142.6795    0.87200    0.00469
 22.1000   33.49816  108.07686   34.9036  142.6681    0.94600    0.01402
 22.1083   33.62132  107.83251   34.9239  142.6568    1.00400    0.03067
 22.1167   33.74363  107.58718   34.9441  142.6456    1.03300    0.03524
 22.1250   33.86509  107.34088   34.9642  142.6345    1.05200    0.02998
 22.1333   33.98567  107.09361   34.9842  142.6236    1.06900    0.01923
 22.1417   34.10537  106.84535   35.0041  142.6127    1.07600    0.00935
 22.1500   34.22418  106.59613   35.0238  142.6019    1.10000    0.00236
 22.1583   34.34209  106.34593   35.0435  142.5912    1.13000   -0.00481
 22.1667   34.45909  106.09475   35.0631  142.5807    1.13500   -0.01586
 22.1750   34.57516  105.84260   35.0826  142.5702    1.14300   -0.02871
 22.1833   34.69030  105.58948   35.1019  142.5599    1.16400   -0.03053
 22.1917   34.80449  105.33539   35.1212  142.5496    1.22100   -0.02823
 22.2000   34.91774  105.08033   35.1404  142.5394    1.24600   -0.02525
 22.2083   35.03001  104.82430   35.1595  142.5294    1.27400   -0.02577
 22.2167   35.14132  104.56730   35.1785  142.5194    1.31900   -0.02142
 22.2250   35.25163  104.30934   35.1974  142.5096    1.37100   -0.01347
 22.2333   35.36095  104.05042   35.2162  142.4998    1.41800   -0.00149
 22.2417   35.46927  103.79054   35.2350  142.4902    1.48200    0.00907
 22.2500   35.57657  103.52970   35.2536  142.4806    1.52600    0.00877
 22.2583   35.68284  103.26791   35.2722  142.4711    1.52000    0.00632
 22.2667   35.78807  103.00517   35.2907  142.4618    1.57200    0.00731
 22.2750   35.89225  102.74148   35.3091  142.4525    1.63000    0.02433
 22.2833   35.99538  102.47686   35.3274  142.4433    1.69800    0.03714
 22.2917   36.09744  102.21129   35.3457  142.4343    1.73100    0.03961
 22.3000   36.19842  101.94479   35.3638  142.4253    1.74100    0.03670
 22.3083   36.29831  101.67736   35.3819  142.4164    1.78100    0.02922
 22.3167   36.39711  101.40901   35.3999  142.4077    1.78900    0.01896
 22.3250   36.49479  101.13973   35.4179  142.3990    1.78200    0.00508
 22.3333   36.59136  100.86955   35.4358  142.3904    1.80400   -0.01409
 22.3417   36.68679  100.59846   35.4536  142.3819    1.78900   -0.02496
 22.3500   36.78109  100.32646   35.4713  142.3735    1.82300   -0.03003
 22.3583   36.87423  100.05357   35.4890  142.3652    1.87100   -0.01902
 22.3667   36.96622   99.77979   35.5066  142.3570    1.92200   -0.00962
 22.3750   37.05704   99.50513   35.5241  142.3488    1.94000   -0.00801
 22.3833   37.14668   99.22960   35.5416  142.3408    1.94600   -0.00546
 22.3917   37.23514   98.95320   35.5590  142.3329    1.99800   -0.00008
 22.4000   37.32239   98.67594   35.5763  142.3251    2.02500    0.01658
 22.4083   37.40844   98.39783   35.5936  142.3173    2.07800    0.03426
 22.4167   37.49327   98.11887   35.6109  142.3097    2.12800    0.05309
 22.4250   37.57687   97.83908   35.6280  142.3021    2.15300    0.06348
 22.4333   37.65924   97.55847   35.6451  142.2946    2.15800    0.06064
 22.4417   37.74036   97.27704   35.6622  142.2872    2.13900    0.05746
 22.4500   37.82023   96.99481   35.6792  142.2800    2.15300    0.05684
 22.4583   37.89883   96.71178   35.6961  142.2728    2.16000    0.06204
 22.4667   37.97616   96.42796   35.7130  142.2657    2.15900    0.06059
 22.4750   38.05221   96.14337   35.7299  142.2587    2.13400    0.05330
 22.4833   38.12697   95.85801   35.7467  142.2517    2.10700    0.03823
 22.4917   38.20044   95.57190   35.7634  142.2449    2.06000    0.01769
 22.5000   38.27259   95.28505   35.7801  142.2382    2.00000    0.00023
 22.5083   38.34343   94.99747   35.7968  142.2315    1.97600   -0.00596
 22.5167   38.41294   94.70917   35.8134  142.2249    1.97200   -0.00211
 22.5250   38.48112   94.42016   35.8300  142.2185    1.95200   -0.00209
 22.5333   38.54796   94.13046   35.8465  142.2121    1.90800   -0.00584
 22.5417   38.61345   93.84008   35.8630  142.2058    1.88400   -0.00912
 22.5500   38.67758   93.54904   35.8794  142.1996    1.86400   -0.00450
 22.5583   38.74035   93.25734   35.8958  142.1935    1.85200   -0.00276
 22.5667   38.80175   92.96500   35.9122  142.1875    1.81100    0.00156
 22.5750   38.86176   92.67203   35.9285  142.1815    1.79800    0.00216
 22.5833   38.92039   92.37845   35.9448  142.1757    1.76700    0.00461
 22.5917   38.97762   92.08428   35.9610  142.1699    1.73500    0.00337
 22.6000   39.03345   91.78953   35.9773  142.1642    1.70400    0.01251
 22.6083   39.08787   91.49421   35.9934  142.1586    1.71700    0.02142
 22.6167   39.14088   91.19833   36.0096  142.1532    1.68100    0.03757
 22.6250   39.19246   90.90193   36.0257  142.1477    1.68200    0.03932
 22.6333   39.24261   90.60500   36.0418  142.1424    1.63000    0.03193
 22.6417   39.29133   90.30758   36.0579  142.1372    1.55200    0.01201
 22.6500   39.33861   90.00966   36.0739  142.1320    1.49600   -0.00535
 22.6583   39.38443   89.71128   36.0899  142.1270    1.45300   -0.00904
 22.6667   39.42881   89.41245   36.1059  142.1220    1.43400   -0.01184
 22.6750   39.47172   89.11318   36.1218  142.1171    1.38100   -0.01015
 22.6833   39.51317   88.81350   36.1378  142.1123    1.35900   -0.01537
 22.6917   39.55314   88.51342   36.1537  142.1076    1.31000   -0.01388
 22.7000   39.59164   88.21295   36.1695  142.1030    1.28800   -0.01399
 22.7083   39.62866   87.91213   36.1854  142.0984    1.26000   -0.01074
 22.7167   39.66419   87.61096   36.2012  142.0940    1.23000   -0.01240
 22.7250   39.69823   87.30947   36.2171  142.0896    1.19100   -0.01949
 22.7333   39.73077   87.00767   36.2329  142.0854    1.14500   -0.02872
 22.7417   39.76182   86.70559   36.2486  142.0812    1.11000   -0.03307
 22.7500   39.79136   86.40324   36.2644  142.0771    1.09600   -0.03379
 22.7583   39.81939   86.10064   36.2802  142.0731    1.07000   -0.02652
 22.7667   39.84591   85.79782   36.2959  142.0691    1.07400   -0.01960
 22.7750   39.87091   85.49479   36.3116  142.0653    1.06400   -0.00643
 22.7833   39.89439   85.19157   36.3273  142.0615    1.07000    0.00355
 22.7917   39.91635   84.88819   36.3430  142.0578    1.06500    0.00612
 22.8000   39.93678   84.58466   36.3587  142.0543    1.02500    0.00061
 22.8083   39.95568   84.28100   36.3744  142.0508    0.99800   -0.01057
 22.8167   39.97306   83.97724   36.3900  142.0474    0.97200   -0.01389
 22.8250   39.98889   83.67340   36.4057  142.0440    0.97200   -0.01564
 22.8333   40.00319   83.36950   36.4214  142.0408    0.95800   -0.01474
 22.8417   40.01595   83.06555   36.4370  142.0376    0.94900   -0.01373
 22.8500   40.02718   82.76159   36.4526  142.0346    0.95400   -0.01146
 22.8583   40.03685   82.45762   36.4683  142.0316    0.95000   -0.00863
 22.8667   40.04499   82.15368   36.4839  142.0287    0.94700   -0.01258
 22.8750   40.05158   81.84979   36.4995  142.0259    0.92500   -0.02217
 22.8833   40.05662   81.54596   36.5151  142.0232    0.90200   -0.03150
 22.8917   40.06011   81.24223   36.5308  142.0206    0.90700   -0.03765
 22.9000   40.06206   80.93860   36.5464  142.0181    0.90800   -0.03655
 22.9083   40.06246   80.63510   36.5620  142.0156    0.92200   -0.03488
 22.9167   40.06130   80.33176   36.5776  142.0132    0.93300   -0.02775
 22.9250   40.05860   80.02860   36.5932  142.0109    0.95900   -0.02046
 22.9333   40.05435   79.72564   36.6089  142.0088    0.97400   -0.01007
 22.9417   40.04855   79.42289   36.6245  142.0067    1.00000   -0.00517
 22.9500   40.04121   79.12039   36.6401  142.0046    1.00400    0.00468
 22.9583   40.03231   78.81816   36.6558  142.0027    1.04500    0.01066
 22.9667   40.02187   78.51621   36.6714  142.0009    1.05800    0.02071
 22.9750   40.00988   78.21457   36.6871  141.9991    1.08300    0.02219
 22.9833   39.99634   77.91326   36.7027  141.9975    1.08900    0.01936
 22.9917   39.98127   77.61230   36.7184  141.9959    1.08400    0.00942
 23.0000   39.96465   77.31172   36.7341  141.9944    1.08000   -0.00312
 23.0083   39.94649   77.01154   36.7498  141.9930    1.07600   -0.00939
 23.0167   39.92680   76.71177   36.7655  141.9917    1.10200   -0.01129
 23.0250   39.90556   76.41244   36.7812  141.9905    1.11900   -0.01119
 23.0333   39.88280   76.11358   36.7969  141.9894    1.12700   -0.01650
 23.0417   39.85851   75.81520   36.8127  141.9883    1.13000   -0.02420
 23.0500   39.83268   75.51733   36.8284  141.9874    1.13800   -0.02874
 23.0583   39.80534   75.21998   36.8442  141.9865    1.16100   -0.03291
 23.0667   39.77647   74.92318   36.8600  141.9858    1.16800   -0.03056
 23.0750   39.74608   74.62695   36.8758  141.9851    1.20800   -0.02712
 23.0833   39.71418   74.33131   36.8916  141.9845    1.24000   -0.01622
 23.0917   39.68077   74.03628   36.9075  141.9840    1.28500   -0.01029
 23.1000   39.64585   73.74188   36.9234  141.9836    1.30800   -0.00391
 23.1083   39.60943   73.44814   36.9392  141.9833    1.34600   -0.00290
 23.1167   39.57151   73.15506   36.9552  141.9831    1.37200   -0.00283
 23.1250   39.53210   72.86268   36.9711  141.9830    1.39600   -0.00127
 23.1333   39.49120   72.57102   36.9870  141.9830    1.44600   -0.00301
 23.1417   39.44881   72.28008   37.0030  141.9830    1.46100   -0.00610
 23.1500   39.40494   71.98990   37.0190  141.9832    1.48300   -0.01218
 23.1583   39.35960   71.70049   37.0351  141.9834    1.52200   -0.01760
 23.1667   39.31279   71.41188   37.0511  141.9838    1.54400   -0.01742
 23.1750   39.26452   71.12407   37.0672  141.9842    1.59400   -0.01748
 23.1833   39.21478   70.83709   37.0833  141.9848    1.63700   -0.01256
 23.1917   39.16360   70.55097   37.0995  141.9854    1.68500   -0.01223
 23.2000   39.11096   70.26570   37.1157  141.9861    1.72000   -0.01396
 23.2083   39.05689   69.98133   37.1319  141.9870    1.75900   -0.02093
 23.2167   39.00138   69.69785   37.1481  141.9879    1.78800   -0.02640
 23.2250   38.94444   69.41530   37.1644  141.9889    1.83400   -0.03276
 23.2333   38.88609   69.13369   37.1807  141.9900    1.87300   -0.03071
 23.2417   38.82631   68.85303   37.1971  141.9913    1.94500   -0.02564
 23.2500   38.76513   68.57334   37.2135  141.9926    2.01000   -0.01733
 23.2583   38.70255   68.29464   37.2299  141.9940    2.06900   -0.01433
 23.2667   38.63857   68.01695   37.2463  141.9955    2.12300   -0.00909
 23.2750   38.57320   67.74028   37.2628  141.9972    2.20100   -0.00536
 23.2833   38.50646   67.46465   37.2794  141.9989    2.25600   -0.00283
 23.2917   38.43834   67.19007   37.2960  142.0007    2.30700   -0.00427
 23.3000   38.36885   66.91657   37.3126  142.0027    2.37300   -0.00895
 23.3083   38.29801   66.64414   37.3292  142.0047    2.42000   -0.01235
 23.3167   38.22582   66.37282   37.3460  142.0068    2.48400   -0.01446
 23.3250   38.15228   66.10260   37.3627  142.0091    2.55900   -0.01089
 23.3333   38.07741   65.83352   37.3795  142.0114    2.63400   -0.00512
 23.3417   38.00121   65.56557   37.3964  142.0139    2.70900   -0.00647
 23.3500   37.92370   65.29879   37.4133  142.0164    2.75500   -0.01210
 23.3583   37.84487   65.03317   37.4302  142.0191    2.81200   -0.02051
 23.3667   37.76474   64.76873   37.4472  142.0219    2.87700   -0.01889
 23.3750   37.68332   64.50549   37.4642  142.0248    2.97000   -0.01212
 23.3833   37.60061   64.24345   37.4813  142.0278    3.05300   -0.00388
 23.3917   37.51662   63.98264   37.4985  142.0309    3.12800   -0.00352
 23.4000   37.43137   63.72305   37.5157  142.0341    3.18900   -0.00444
 23.4083   37.34486   63.46471   37.5329  142.0374    3.27000   -0.00594
 23.4167   37.25709   63.20762   37.5503  142.0409    3.34300   -0.00176
 23.4250   37.16808   62.95180   37.5676  142.0444    3.43000   -0.00216
 23.4333   37.07784   62.69725   37.5851  142.0481    3.49100    0.00085
 23.4417   36.98638   62.44399   37.6025  142.0519    3.58200   -0.00352
 23.4500   36.89370   62.19202   37.6201  142.0558    3.63800   -0.00604
 23.4583   36.79981   61.94136   37.6377  142.0598    3.70800   -0.00683
 23.4667   36.70473   61.69202   37.6554  142.0640    3.80600   -0.00054
 23.4750   36.60846   61.44400   37.6731  142.0682    3.89300    0.00693
 23.4833   36.51100   61.19731   37.6909  142.0726    3.96800    0.00712
 23.4917   36.41238   60.95197   37.7088  142.0771    4.03300    0.00561
 23.5000   36.31260   60.70798   37.7267  142.0817    4.11400    0.00292
 23.5083   36.21167   60.46534   37.7447  142.0865    4.18600   -0.00026
 23.5167   36.10959   60.22407   37.7628  142.0914    4.25200   -0.00199
 23.5250   36.00638   59.98418   37.7809  142.0964    4.34300   -0.00591
 23.5333   35.90205   59.74567   37.7991  142.1015    4.41000   -0.01134
 23.5417   35.79660   59.50854   37.8174  142.1068    4.47400   -0.01952
 23.5500   35.69006   59.27281   37.8358  142.1121    4.55600   -0.02935
 23.5583   35.58241   59.03848   37.8542  142.1176    4.61700   -0.03397
 23.5667   35.47368   58.80556   37.8727  142.1233    4.70900   -0.03632
 23.5750   35.36388   58.57405   37.8913  142.1291    4.80800   -0.03225
 23.5833   35.25300   58.34395   37.9100  142.1350    4.90700   -0.03096
 23.5917   35.14107   58.11528   37.9288  142.1410    4.99400   -0.02822
 23.6000   35.02810   57.88804   37.9476  142.1472    5.10800   -0.02455
 23.6083   34.91408   57.66224   37.9665  142.1535    5.21800   -0.02122
 23.6167   34.79904   57.43787   37.9855  142.1600    5.30900   -0.02168
 23.6250   34.68298   57.21494   38.0046  142.1666    5.41100   -0.02520
 23.6333   34.56591   56.99346   38.0238  142.1733    5.51200   -0.02368
 23.6417   34.44784   56.77342   38.0431  142.1802    5.63200   -0.01735
 23.6500   34.32878   56.55484   38.0624  142.1873    5.75800   -0.00810
 23.6583   34.20874   56.33772   38.0819  142.1944    5.87200    0.00461
 23.6667   34.08773   56.12205   38.1014  142.2018    6.00600    0.01748
 23.6750   33.96576   55.90785   38.1210  142.2092    6.13000    0.02667
 23.6833   33.84284   55.69511   38.1408  142.2169    6.22400    0.03252
 23.6917   33.71897   55.48383   38.1606  142.2247    6.33600    0.04223
 23.7000   33.59418   55.27403   38.1805  142.2326    6.47100    0.05031
 23.7083   33.46845   55.06570   38.2006  142.2407    6.54700    0.05447
 23.7167   33.34182   54.85883   38.2207  142.2489    6.63100    0.05068
 23.7250   33.21428   54.65344   38.2409  142.2574    6.71700    0.04463
 23.7333   33.08584   54.44953   38.2613  142.2659    6.77200    0.04208
 23.7417   32.95652   54.24709   38.2817  142.2747    6.86200    0.04074
 23.7500   32.82633   54.04613   38.3023  142.2836    6.94300    0.04777
 23.7583   32.69526   53.84664   38.3230  142.2926    7.03000    0.04479
 23.7667   32.56334   53.64863   38.3437  142.3019    7.06300    0.03434
 23.7750   32.43057   53.45210   38.3646  142.3113    7.10200    0.01484
 23.7833   32.29697   53.25705   38.3857  142.3209    7.14000   -0.00091
 23.7917   32.16253   53.06347   38.4068  142.3306    7.19100   -0.01441
 23.8000   32.02727   52.87137   38.4280  142.3405    7.24300   -0.02414
 23.8083   31.89120   52.68074   38.4494  142.3506    7.30400   -0.03845
 23.8167   31.75433   52.49160   38.4709  142.3609    7.33600   -0.04956
 23.8250   31.61666   52.30392   38.4925  142.3714    7.40700   -0.05807
 23.8333   31.47821   52.11772   38.5143  142.3821    7.48500   -0.05851
 23.8417   31.33898   51.93299   38.5361  142.3929    7.56000   -0.05460
 23.8500   31.19899   51.74974   38.5581  142.4039    7.65900   -0.04555
 23.8583   31.05824   51.56795   38.5803  142.4152    7.77100   -0.03345
 23.8667   30.91675   51.38763   38.6026  142.4266    7.87300   -0.01910
 23.8750   30.77451   51.20877   38.6250  142.4382    7.99200   -0.00797
 23.8833   30.63154   51.03138   38.6475  142.4500    8.09500    0.00027
 23.8917   30.48785   50.85545   38.6702  142.4621    8.18800    0.00186
 23.9000   30.34345   50.68098   38.6930  142.4743    8.28000    0.00469
 23.9083   30.19834   50.50797   38.7160  142.4867    8.39500    0.00432
 23.9167   30.05253   50.33641   38.7391  142.4994    8.47600    0.00655
 23.9250   29.90604   50.16631   38.7624  142.5122    8.58500    0.00506
 23.9333   29.75886   49.99765   38.7858  142.5253    8.69000    0.00773
 23.9417   29.61102   49.83044   38.8094  142.5386    8.79100    0.00466
 23.9500   29.46251   49.66467   38.8332  142.5521    8.86200    0.00301
 23.9583   29.31335   49.50035   38.8571  142.5658    8.97300    0.00018
 23.9667   29.16355   49.33746   38.8811  142.5798    9.06600    0.00215
 23.9750   29.01310   49.17600   38.9053  142.5939    9.15600   -0.00015
 23.9833   28.86203   49.01598   38.9297  142.6084    9.24000   -0.00061
 23.9917   28.71034   48.85738   38.9543  142.6230    9.34000    0.00000
