hmax        =    300
wind_bottom =      2
wind_top    =     10
critlon     =      0
tbeg, h     =   0.00
tend, h     =  24.00
c_ionex     =      0
c_vert      =      1
time, gamma, az, latp, lonp, tec, tec_filtered
  0.0000   69.37707    1.40799   37.0999  138.3918    0.87000    0.00000
  0.0083   69.47897    2.03453   37.0944  138.4048    0.86100    0.00408
  0.0167   69.57973    2.66646   37.0888  138.4178    0.82800    0.00830
  0.0250   69.67933    3.30379   37.0832  138.4308    0.78000   -0.00144
  0.0333   69.77774    3.94654   37.0776  138.4437    0.73600   -0.01626
  0.0417   69.87493    4.59473   37.0718  138.4566    0.71500   -0.02725
  0.0500   69.97089    5.24837   37.0661  138.4694    0.68400   -0.01878
  0.0583   70.06559    5.90746   37.0603  138.4822    0.69300   -0.01164
  0.0667   70.15901    6.57201   37.0544  138.4950    0.67400    0.00850
  0.0750   70.25112    7.24203   37.0485  138.5077    0.68600    0.00462
  0.0833   70.34189    7.91750   37.0425  138.5204    0.62500    0.00057
  0.0917   70.43130    8.59842   37.0365  138.5331    0.59700   -0.01247
  0.1000   70.51933    9.28477   37.0304  138.5457    0.57600   -0.00993
  0.1083   70.60594    9.97655   37.0243  138.5583    0.56300   -0.00123
  0.1167   70.69112   10.67372   37.0181  138.5709    0.55900    0.00253
  0.1250   70.77483   11.37627   37.0118  138.5834    0.52800    0.00298
  0.1333   70.85706   12.08416   37.0055  138.5959    0.50700    0.00138
  0.1417   70.93777   12.79735   36.9992  138.6083    0.49500    0.01328
  0.1500   71.01694   13.51582   36.9928  138.6207    0.50600    0.02625
  0.1583   71.09454   14.23950   36.9863  138.6331    0.48500    0.01618
  0.1667   71.17054   14.96835   36.9798  138.6454    0.40000   -0.00726
  0.1750   71.24492   15.70231   36.9733  138.6577    0.36800   -0.02458
  0.1833   71.31765   16.44132   36.9666  138.6699    0.37000   -0.01786
  0.1917   71.38871   17.18531   36.9600  138.6821    0.36100    0.00018
  0.2000   71.45807   17.93420   36.9532  138.6942    0.36200    0.00552
  0.2083   71.52570   18.68792   36.9465  138.7063    0.32100    0.00390
  0.2167   71.59157   19.44638   36.9396  138.7184    0.28900    0.00833
  0.2250   71.65566   20.20948   36.9328  138.7304    0.30900    0.01096
  0.2333   71.71795   20.97713   36.9258  138.7423    0.26000    0.00972
  0.2417   71.77840   21.74922   36.9188  138.7542    0.21500    0.00129
  0.2500   71.83699   22.52564   36.9118  138.7661    0.21600    0.00740
  0.2583   71.89370   23.30627   36.9047  138.7779    0.21900    0.00600
  0.2667   71.94849   24.09099   36.8976  138.7897    0.15700   -0.00563
  0.2750   72.00135   24.87967   36.8904  138.8014    0.12800   -0.02221
  0.2833   72.05225   25.67218   36.8831  138.8130    0.11500   -0.03013
  0.2917   72.10116   26.46836   36.8759  138.8246    0.08000   -0.03557
  0.3000   72.14806   27.26808   36.8685  138.8362    0.06300   -0.04320
  0.3083   72.19294   28.07119   36.8611  138.8477    0.04900   -0.04396
  0.3167   72.23575   28.87751   36.8537  138.8591    0.04200   -0.04308
  0.3250   72.27649   29.68690   36.8462  138.8705    0.03700   -0.04176
  0.3333   72.31512   30.49917   36.8387  138.8819    0.03000   -0.03212
  0.3417   72.35163   31.31415   36.8311  138.8931    0.05300   -0.02705
  0.3500   72.38600   32.13167   36.8235  138.9044    0.03800   -0.02882
  0.3583   72.41820   32.95154   36.8158  138.9155    0.01500   -0.04337
  0.3667   72.44822   33.77358   36.8081  138.9267    0.00000   -0.03888
  0.3750   72.47603   34.59758   36.8004  138.9377    0.04600   -0.01900
  0.3833   72.50162   35.42335   36.7926  138.9487    0.07300    0.00049
  0.3917   72.52497   36.25070   36.7848  138.9597    0.06200    0.01661
  0.4000   72.54606   37.07941   36.7769  138.9705    0.10200    0.01824
  0.4083   72.56488   37.90929   36.7690  138.9814    0.08700    0.02511
  0.4167   72.58141   38.74013   36.7610  138.9921    0.09500    0.02934
  0.4250   72.59564   39.57171   36.7530  139.0028    0.12700    0.02979
  0.4333   72.60755   40.40382   36.7450  139.0135    0.10200    0.00158
  0.4417   72.61713   41.23625   36.7370  139.0241    0.03000   -0.02547
  0.4500   72.62437   42.06879   36.7289  139.0346    0.07500   -0.04794
  0.4583   72.62926   42.90121   36.7207  139.0451    0.07200   -0.04999
  0.4667   72.63178   43.73331   36.7126  139.0555    0.06300   -0.04608
  0.4750   72.63194   44.56487   36.7044  139.0659    0.12400   -0.04448
  0.4833   72.62971   45.39567   36.6961  139.0762    0.11000   -0.04539
  0.4917   72.62509   46.22551   36.6879  139.0864    0.09300   -0.05056
  0.5000   72.61809   47.05416   36.6796  139.0966    0.14100   -0.05038
  0.5083   72.60868   47.88142   36.6713  139.1068    0.14500   -0.00738
  0.5167   72.59687   48.70708   36.6629  139.1169    0.26300    0.01898
  0.5250   72.58266   49.53093   36.6546  139.1269    0.26600    0.05277
  0.5333   72.56604   50.35277   36.6462  139.1369    0.29800    0.04915
  0.5417   72.54701   51.17240   36.6377  139.1468    0.30400    0.03478
  0.5500   72.52558   51.98963   36.6293  139.1567    0.27700    0.01003
  0.5583   72.50173   52.80426   36.6208  139.1665    0.28300   -0.00798
  0.5667   72.47549   53.61609   36.6123  139.1763    0.31500   -0.01667
  0.5750   72.44684   54.42496   36.6038  139.1860    0.31700   -0.02199
  0.5833   72.41579   55.23068   36.5953  139.1957    0.33100   -0.03267
  0.5917   72.38235   56.03306   36.5867  139.2053    0.34900   -0.03250
  0.6000   72.34652   56.83195   36.5781  139.2149    0.38600   -0.04305
  0.6083   72.30831   57.62718   36.5695  139.2244    0.36900   -0.04202
  0.6167   72.26773   58.41859   36.5609  139.2339    0.41600   -0.02852
  0.6250   72.22478   59.20603   36.5522  139.2434    0.48900    0.00559
  0.6333   72.17948   59.98934   36.5435  139.2528    0.54100    0.02404
  0.6417   72.13184   60.76839   36.5349  139.2621    0.54800    0.00622
  0.6500   72.08186   61.54304   36.5261  139.2715    0.51500   -0.03030
  0.6583   72.02957   62.31316   36.5174  139.2807    0.51000   -0.02996
  0.6667   71.97496   63.07863   36.5087  139.2900    0.63600    0.00248
  0.6750   71.91807   63.83933   36.4999  139.2992    0.70400    0.03061
  0.6833   71.85889   64.59514   36.4911  139.3084    0.68500    0.00838
  0.6917   71.79745   65.34597   36.4823  139.3175    0.65000   -0.02416
  0.7000   71.73376   66.09171   36.4735  139.3266    0.68600   -0.02025
  0.7083   71.66783   66.83227   36.4646  139.3357    0.77900    0.00502
  0.7167   71.59970   67.56757   36.4558  139.3447    0.80700    0.03156
  0.7250   71.52936   68.29752   36.4469  139.3537    0.84500    0.02714
  0.7333   71.45684   69.02205   36.4380  139.3627    0.85200    0.02920
  0.7417   71.38217   69.74109   36.4291  139.3716    0.91800    0.00428
  0.7500   71.30535   70.45457   36.4202  139.3806    0.88300   -0.01396
  0.7583   71.22641   71.16244   36.4112  139.3895    0.91100   -0.05481
  0.7667   71.14537   71.86465   36.4022  139.3983    0.90300   -0.06787
  0.7750   71.06224   72.56116   36.3932  139.4072    0.95800   -0.08847
  0.7833   70.97705   73.25191   36.3842  139.4160    0.96600   -0.09585
  0.7917   70.88983   73.93688   36.3752  139.4248    0.99500   -0.10212
  0.8000   70.80058   74.61603   36.3661  139.4335    1.05100   -0.06154
  0.8083   70.70934   75.28934   36.3571  139.4423    1.20900   -0.00461
  0.8167   70.61613   75.95679   36.3480  139.4510    1.29800    0.05634
  0.8250   70.52096   76.61835   36.3388  139.4597    1.36700    0.07593
  0.8333   70.42386   77.27403   36.3297  139.4684    1.39800    0.07170
  0.8417   70.32485   77.92380   36.3205  139.4771    1.42200    0.04291
  0.8500   70.22396   78.56768   36.3114  139.4857    1.42800    0.01041
  0.8583   70.12120   79.20565   36.3022  139.4944    1.45300   -0.03886
  0.8667   70.01661   79.83772   36.2929  139.5030    1.42700   -0.05758
  0.8750   69.91020   80.46390   36.2837  139.5116    1.53800   -0.05224
  0.8833   69.80199   81.08420   36.2744  139.5202    1.65000   -0.03755
  0.8917   69.69202   81.69863   36.2651  139.5288    1.65500   -0.05719
  0.9000   69.58030   82.30722   36.2558  139.5374    1.65100   -0.07702
  0.9083   69.46685   82.90997   36.2464  139.5459    1.75800   -0.05103
  0.9167   69.35170   83.50693   36.2371  139.5544    1.91100   -0.02395
  0.9250   69.23488   84.09810   36.2277  139.5630    1.91800   -0.02574
  0.9333   69.11640   84.68352   36.2182  139.5715    1.94400   -0.05247
  0.9417   68.99629   85.26322   36.2088  139.5800    2.02900   -0.04159
  0.9500   68.87456   85.83724   36.1993  139.5885    2.16600   -0.01665
  0.9583   68.75126   86.40560   36.1898  139.5970    2.24000    0.00119
  0.9667   68.62638   86.96835   36.1802  139.6055    2.29600   -0.00306
  0.9750   68.49997   87.52552   36.1707  139.6139    2.35700    0.00664
  0.9833   68.37203   88.07715   36.1611  139.6224    2.47400    0.01338
  0.9917   68.24260   88.62329   36.1514  139.6308    2.52700    0.03050
  1.0000   68.11169   89.16398   36.1418  139.6393    2.62200    0.04797
  1.0083   67.97933   89.69926   36.1321  139.6477    2.74200    0.06655
  1.0167   67.84553   90.22918   36.1224  139.6561    2.80300    0.05756
  1.0250   67.71032   90.75379   36.1126  139.6646    2.81700    0.03998
  1.0333   67.57373   91.27313   36.1028  139.6730    2.91000   -0.00588
  1.0417   67.43576   91.78726   36.0930  139.6814    2.87800   -0.03495
  1.0500   67.29645   92.29621   36.0831  139.6898    2.94200   -0.07629
  1.0583   67.15581   92.80005   36.0733  139.6982    2.99200   -0.06946
  1.0667   67.01386   93.29882   36.0633  139.7066    3.10800   -0.04841
  1.0750   66.87063   93.79258   36.0534  139.7150    3.21100   -0.01480
  1.0833   66.72613   94.28138   36.0434  139.7234    3.29300    0.01121
  1.0917   66.58038   94.76526   36.0334  139.7318    3.37600    0.03636
  1.1000   66.43340   95.24429   36.0233  139.7401    3.47300    0.05909
  1.1083   66.28521   95.71851   36.0132  139.7485    3.55400    0.07945
  1.1167   66.13584   96.18798   36.0031  139.7569    3.63800    0.07604
  1.1250   65.98529   96.65276   35.9929  139.7653    3.66600    0.05287
  1.1333   65.83359   97.11289   35.9827  139.7736    3.68400    0.01723
  1.1417   65.68075   97.56842   35.9724  139.7820    3.73200   -0.01727
  1.1500   65.52680   98.01942   35.9621  139.7904    3.76400   -0.05211
  1.1583   65.37175   98.46593   35.9518  139.7987    3.78200   -0.08351
  1.1667   65.21562   98.90802   35.9415  139.8071    3.83700   -0.08091
  1.1750   65.05842   99.34572   35.9310  139.8154    3.97600   -0.04313
  1.1833   64.90018   99.77910   35.9206  139.8238    4.10400   -0.00218
  1.1917   64.74091  100.20820   35.9101  139.8321    4.16700    0.00905
  1.2000   64.58062  100.63309   35.8996  139.8405    4.20700   -0.00470
  1.2083   64.41933  101.05381   35.8890  139.8488    4.25400   -0.01378
  1.2167   64.25706  101.47041   35.8784  139.8572    4.34100   -0.00621
  1.2250   64.09383  101.88294   35.8677  139.8655    4.44700    0.01371
  1.2333   63.92964  102.29147   35.8570  139.8739    4.54800    0.00939
  1.2417   63.76452  102.69603   35.8463  139.8822    4.56700   -0.00876
  1.2500   63.59849  103.09667   35.8355  139.8906    4.63700   -0.03590
  1.2583   63.43154  103.49346   35.8247  139.8989    4.70900   -0.04580
  1.2667   63.26371  103.88643   35.8138  139.9073    4.77700   -0.04852
  1.2750   63.09499  104.27563   35.8029  139.9156    4.86700   -0.05738
  1.2833   62.92542  104.66112   35.7919  139.9240    4.92300   -0.04460
  1.2917   62.75500  105.04294   35.7809  139.9323    5.07200   -0.02797
  1.3000   62.58374  105.42114   35.7698  139.9407    5.17400    0.00151
  1.3083   62.41167  105.79577   35.7587  139.9491    5.27100    0.02576
  1.3167   62.23878  106.16687   35.7476  139.9574    5.39700    0.03897
  1.3250   62.06511  106.53449   35.7364  139.9658    5.46600    0.03306
  1.3333   61.89065  106.89868   35.7251  139.9741    5.50000    0.00885
  1.3417   61.71542  107.25947   35.7138  139.9825    5.56800    0.00976
  1.3500   61.53944  107.61692   35.7025  139.9909    5.72500    0.02556
  1.3583   61.36271  107.97107   35.6911  139.9993    5.81500    0.04023
  1.3667   61.18525  108.32196   35.6796  140.0076    5.88900    0.00506
  1.3750   61.00707  108.66963   35.6681  140.0160    5.88100   -0.01642
  1.3833   60.82818  109.01412   35.6566  140.0244    6.01500   -0.04026
  1.3917   60.64860  109.35548   35.6450  140.0328    6.07400   -0.03071
  1.4000   60.46833  109.69376   35.6333  140.0411    6.17800   -0.04874
  1.4083   60.28739  110.02898   35.6216  140.0495    6.22400   -0.06501
  1.4167   60.10579  110.36119   35.6098  140.0580    6.30200   -0.06815
  1.4250   59.92353  110.69042   35.5980  140.0663    6.45900   -0.05414
  1.4333   59.74063  111.01673   35.5862  140.0748    6.56500   -0.02227
  1.4417   59.55711  111.34014   35.5743  140.0832    6.69900   -0.00118
  1.4500   59.37296  111.66069   35.5623  140.0916    6.81600   -0.00826
  1.4583   59.18820  111.97842   35.5503  140.1000    6.83500   -0.03356
  1.4667   59.00284  112.29337   35.5382  140.1084    6.91800   -0.03671
  1.4750   58.81689  112.60557   35.5260  140.1169    7.12000   -0.01160
  1.4833   58.63036  112.91506   35.5138  140.1253    7.23500    0.03807
  1.4917   58.44326  113.22187   35.5016  140.1338    7.39800    0.04279
  1.5000   58.25560  113.52604   35.4893  140.1422    7.45000    0.03496
  1.5083   58.06739  113.82760   35.4769  140.1507    7.52200    0.00553
  1.5167   57.87863  114.12659   35.4645  140.1592    7.61200   -0.00852
  1.5250   57.68934  114.42303   35.4520  140.1677    7.70700    0.00032
  1.5333   57.49953  114.71697   35.4395  140.1762    7.85800    0.03237
  1.5417   57.30920  115.00843   35.4269  140.1847    8.03500    0.04256
  1.5500   57.11836  115.29744   35.4142  140.1932    8.06300    0.02594
  1.5583   56.92702  115.58404   35.4015  140.2017    8.12700   -0.03511
  1.5667   56.73520  115.86825   35.3887  140.2103    8.14400   -0.03241
  1.5750   56.54289  116.15010   35.3758  140.2188    8.38800   -0.03885
  1.5833   56.35010  116.42964   35.3629  140.2273    8.41700   -0.01962
  1.5917   56.15685  116.70687   35.3500  140.2359    8.52700   -0.05253
  1.6000   55.96314  116.98184   35.3369  140.2445    8.59100   -0.04722
  1.6083   55.76898  117.25457   35.3238  140.2531    8.76100   -0.03393
  1.6167   55.57438  117.52508   35.3107  140.2617    8.90600   -0.01777
  1.6250   55.37935  117.79342   35.2974  140.2703    8.98400    0.00993
  1.6333   55.18388  118.05959   35.2841  140.2789    9.19700    0.00678
  1.6417   54.98799  118.32363   35.2708  140.2875    9.23700    0.00066
  1.6500   54.79170  118.58557   35.2573  140.2962    9.31800   -0.02239
  1.6583   54.59499  118.84542   35.2438  140.3049    9.47400   -0.03206
  1.6667   54.39789  119.10323   35.2303  140.3136    9.56800   -0.05043
  1.6750   54.20039  119.35900   35.2166  140.3222    9.61700   -0.05138
  1.6833   54.00251  119.61276   35.2029  140.3309    9.84100   -0.02571
  1.6917   53.80425  119.86455   35.1892  140.3397   10.02800    0.00913
  1.7000   53.60562  120.11437   35.1753  140.3484   10.10800    0.01594
  1.7083   53.40663  120.36226   35.1614  140.3572   10.22700    0.01876
  1.7167   53.20728  120.60824   35.1474  140.3660   10.39200    0.02334
  1.7250   53.00757  120.85233   35.1334  140.3747   10.47700    0.03548
  1.7333   52.80752  121.09455   35.1192  140.3836   10.62700    0.04667
  1.7417   52.60713  121.33492   35.1050  140.3924   10.79900    0.04689
  1.7500   52.40640  121.57347   35.0907  140.4012   10.85100    0.02712
  1.7583   52.20535  121.81021   35.0764  140.4101   10.93100    0.00168
  1.7667   52.00398  122.04517   35.0619  140.4190   11.07700   -0.00883
  1.7750   51.80229  122.27837   35.0474  140.4279   11.17800   -0.01889
  1.7833   51.60029  122.50982   35.0328  140.4368   11.25700   -0.03772
  1.7917   51.39799  122.73955   35.0181  140.4458   11.37000   -0.05254
  1.8000   51.19539  122.96758   35.0034  140.4548   11.48100   -0.04097
  1.8083   50.99250  123.19392   34.9886  140.4638   11.65200   -0.00892
  1.8167   50.78932  123.41859   34.9737  140.4728   11.84200    0.02039
  1.8250   50.58586  123.64162   34.9587  140.4818   11.94900    0.02215
  1.8333   50.38213  123.86301   34.9436  140.4909   12.02300   -0.00270
  1.8417   50.17812  124.08279   34.9284  140.5000   12.12000   -0.01141
  1.8500   49.97385  124.30098   34.9132  140.5091   12.29600    0.00274
  1.8583   49.76932  124.51759   34.8979  140.5182   12.46700   -0.00145
  1.8667   49.56454  124.73264   34.8824  140.5274   12.50400   -0.03613
  1.8750   49.35950  124.94615   34.8669  140.5366   12.57100   -0.07896
  1.8833   49.15422  125.15813   34.8514  140.5458   12.71200   -0.08075
  1.8917   48.94870  125.36859   34.8357  140.5551   12.90200   -0.05060
  1.9000   48.74295  125.57756   34.8199  140.5643   13.08700   -0.02566
  1.9083   48.53697  125.78505   34.8041  140.5737   13.20700   -0.01413
  1.9167   48.33076  125.99108   34.7881  140.5830   13.35100   -0.00942
  1.9250   48.12433  126.19566   34.7721  140.5924   13.52200    0.01533
  1.9333   47.91769  126.39880   34.7559  140.6017   13.72900    0.03533
  1.9417   47.71084  126.60052   34.7397  140.6112   13.86000    0.03480
  1.9500   47.50378  126.80084   34.7234  140.6207   13.95900    0.00635
  1.9583   47.29652  126.99976   34.7069  140.6302   14.06900   -0.02949
  1.9667   47.08906  127.19731   34.6904  140.6397   14.18300   -0.05220
  1.9750   46.88141  127.39349   34.6738  140.6492   14.33600   -0.05900
  1.9833   46.67357  127.58833   34.6571  140.6588   14.50900   -0.05867
  1.9917   46.46555  127.78182   34.6403  140.6685   14.65700   -0.05217
  2.0000   46.25735  127.97400   34.6233  140.6781   14.84600   -0.04631
  2.0083   46.04897  128.16486   34.6063  140.6879   15.02500   -0.03481
  2.0167   45.84042  128.35442   34.5892  140.6976   15.19600   -0.02464
  2.0250   45.63171  128.54269   34.5720  140.7074   15.38100   -0.02036
  2.0333   45.42284  128.72971   34.5546  140.7172   15.54000   -0.02535
  2.0417   45.21380  128.91544   34.5372  140.7271   15.68300   -0.04091
  2.0500   45.00461  129.09993   34.5196  140.7370   15.83500   -0.04138
  2.0583   44.79527  129.28317   34.5019  140.7469   16.06600   -0.02519
  2.0667   44.58579  129.46521   34.4842  140.7569   16.28900    0.00218
  2.0750   44.37616  129.64603   34.4663  140.7670   16.50100    0.00841
  2.0833   44.16640  129.82562   34.4483  140.7770   16.66100   -0.00474
  2.0917   43.95649  130.00404   34.4301  140.7872   16.81600   -0.01855
  2.1000   43.74646  130.18127   34.4119  140.7973   17.03000   -0.03818
  2.1083   43.53630  130.35733   34.3935  140.8075   17.16500   -0.05484
  2.1167   43.32602  130.53223   34.3751  140.8178   17.33400   -0.07502
  2.1250   43.11562  130.70596   34.3565  140.8281   17.54300   -0.08153
  2.1333   42.90510  130.87857   34.3377  140.8385   17.75100   -0.07216
  2.1417   42.69447  131.05003   34.3189  140.8489   18.00300   -0.04950
  2.1500   42.48374  131.22040   34.2999  140.8593   18.28000   -0.01561
  2.1583   42.27289  131.38963   34.2808  140.8699   18.54700    0.00184
  2.1667   42.06195  131.55777   34.2616  140.8804   18.74100   -0.00766
  2.1750   41.85091  131.72482   34.2423  140.8910   18.91500   -0.04549
  2.1833   41.63977  131.89078   34.2228  140.9017   19.07200   -0.07914
  2.1917   41.42854  132.05566   34.2032  140.9124   19.29800   -0.08826
  2.2000   41.21722  132.21948   34.1834  140.9232   19.59400   -0.08171
  2.2083   41.00582  132.38225   34.1635  140.9341   19.83700   -0.06110
  2.2167   40.79434  132.54398   34.1435  140.9450   20.13800   -0.04487
  2.2250   40.58278  132.70464   34.1233  140.9559   20.42400   -0.01997
  2.2333   40.37114  132.86429   34.1030  140.9670   20.70900   -0.01172
  2.2417   40.15944  133.02290   34.0826  140.9780   20.93900   -0.01798
  2.2500   39.94766  133.18051   34.0620  140.9892   21.16200   -0.02465
  2.2583   39.73583  133.33711   34.0412  141.0004   21.45100   -0.02273
  2.2667   39.52392  133.49271   34.0203  141.0117   21.73200   -0.01142
  2.2750   39.31196  133.64732   33.9993  141.0230   22.01400    0.00071
  2.2833   39.09995  133.80095   33.9781  141.0344   22.31900    0.00758
  2.2917   38.88788  133.95358   33.9567  141.0459   22.58400    0.00886
  2.3000   38.67577  134.10527   33.9352  141.0575   22.84200    0.00559
  2.3083   38.46360  134.25600   33.9136  141.0691   23.12700    0.00451
  2.3167   38.25139  134.40576   33.8917  141.0808   23.40100   -0.01376
  2.3250   38.03915  134.55457   33.8697  141.0926   23.58700   -0.03288
  2.3333   37.82686  134.70245   33.8476  141.1044   23.87700   -0.04780
  2.3417   37.61454  134.84940   33.8253  141.1163   24.17700   -0.04092
  2.3500   37.40219  134.99541   33.8028  141.1283   24.47200   -0.03019
  2.3583   37.18981  135.14050   33.7801  141.1404   24.78500   -0.02382
  2.3667   36.97740  135.28468   33.7573  141.1525   25.07600   -0.02805
  2.3750   36.76497  135.42796   33.7343  141.1648   25.32900   -0.03939
  2.3833   36.55252  135.57034   33.7111  141.1771   25.62300   -0.04918
  2.3917   36.34005  135.71182   33.6877  141.1895   25.93300   -0.04975
  2.4000   36.12757  135.85242   33.6641  141.2020   26.24400   -0.05291
  2.4083   35.91507  135.99213   33.6404  141.2145   26.54100   -0.06596
  2.4167   35.70257  136.13095   33.6165  141.2272   26.81700   -0.06180
  2.4250   35.49005  136.26892   33.5924  141.2399   27.21900   -0.06536
  2.4333   35.27754  136.40601   33.5680  141.2528   27.48700   -0.04455
  2.4417   35.06502  136.54225   33.5435  141.2657   27.89100   -0.04563
  2.4500   34.85250  136.67764   33.5188  141.2787   28.20300   -0.02658
  2.4583   34.63998  136.81218   33.4939  141.2919   28.58700   -0.02385
  2.4667   34.42747  136.94588   33.4688  141.3051   28.92900   -0.01044
  2.4750   34.21497  137.07874   33.4435  141.3184   29.30800   -0.01367
  2.4833   34.00248  137.21075   33.4180  141.3318   29.62000   -0.02569
  2.4917   33.79000  137.34196   33.3922  141.3453   29.92600   -0.04715
  2.5000   33.57754  137.47234   33.3662  141.3590   30.26800   -0.05556
  2.5083   33.36510  137.60191   33.3401  141.3727   30.65100   -0.04759
  2.5167   33.15267  137.73067   33.3137  141.3865   31.05100   -0.03086
  2.5250   32.94027  137.85860   33.2870  141.4005   31.44200   -0.00892
  2.5333   32.72790  137.98575   33.2602  141.4145   31.86600   -0.00158
  2.5417   32.51555  138.11211   33.2331  141.4287   32.20100    0.00140
  2.5500   32.30323  138.23766   33.2058  141.4430   32.58100   -0.00694
  2.5583   32.09095  138.36243   33.1782  141.4574   32.94900   -0.02151
  2.5667   31.87870  138.48640   33.1504  141.4719   33.25800   -0.03452
  2.5750   31.66649  138.60960   33.1224  141.4865   33.65600   -0.04286
  2.5833   31.45431  138.73204   33.0941  141.5013   34.06200   -0.03853
  2.5917   31.24218  138.85371   33.0655  141.5162   34.44900   -0.04073
  2.6000   31.03009  138.97459   33.0367  141.5312   34.82400   -0.02843
  2.6083   30.81805  139.09474   33.0077  141.5463   35.31400   -0.01948
  2.6167   30.60605  139.21413   32.9783  141.5616   35.69400   -0.01329
  2.6250   30.39410  139.33273   32.9487  141.5770   36.06700   -0.03114
  2.6333   30.18221  139.45062   32.9189  141.5925   36.44400   -0.04678
  2.6417   29.97037  139.56775   32.8887  141.6082   36.84500   -0.05456
  2.6500   29.75859  139.68414   32.8583  141.6240   37.26700   -0.05669
  2.6583   29.54686  139.79980   32.8276  141.6400   37.68000   -0.05310
  2.6667   29.33520  139.91472   32.7966  141.6561   38.12000   -0.04113
  2.6750   29.12360  140.02892   32.7653  141.6723   38.59600   -0.03012
  2.6833   28.91206  140.14236   32.7337  141.6887   39.01400   -0.00693
  2.6917   28.70059  140.25511   32.7018  141.7052   39.52600    0.01020
  2.7000   28.48919  140.36714   32.6696  141.7219   39.97500    0.03013
  2.7083   28.27786  140.47844   32.6371  141.7387   40.41800    0.02450
  2.7167   28.06660  140.58904   32.6043  141.7557   40.80100    0.00452
  2.7250   27.85541  140.69893   32.5712  141.7729   41.18100   -0.01976
  2.7333   27.64431  140.80811   32.5377  141.7902   41.60700   -0.03104
  2.7417   27.43328  140.91660   32.5039  141.8077   42.07200   -0.02918
  2.7500   27.22233  141.02437   32.4698  141.8253   42.53300   -0.02877
  2.7583   27.01146  141.13145   32.4353  141.8432   42.95800   -0.03154
  2.7667   26.80067  141.23785   32.4005  141.8612   43.41600   -0.03651
  2.7750   26.58998  141.34355   32.3653  141.8793   43.87500   -0.03288
  2.7833   26.37937  141.44856   32.3298  141.8977   44.36500   -0.04026
  2.7917   26.16884  141.55290   32.2939  141.9162   44.76700   -0.04678
  2.8000   25.95841  141.65656   32.2576  141.9350   45.24200   -0.05710
  2.8083   25.74808  141.75954   32.2210  141.9539   45.71800   -0.05045
  2.8167   25.53783  141.86183   32.1840  141.9730   46.19700   -0.04915
  2.8250   25.32769  141.96346   32.1466  141.9923   46.65700   -0.04291
  2.8333   25.11764  142.06442   32.1088  142.0117   47.18200   -0.02615
  2.8417   24.90769  142.16472   32.0706  142.0314   47.74300   -0.00522
  2.8500   24.69784  142.26434   32.0320  142.0513   48.26800    0.01877
  2.8583   24.48810  142.36333   31.9930  142.0714   48.85800    0.01395
  2.8667   24.27846  142.46164   31.9536  142.0917   49.29300    0.00673
  2.8750   24.06893  142.55930   31.9138  142.1122   49.75999    0.00000

  3.0000   20.93980  143.94708   31.2604  142.4479    0.00000    0.00000
  3.0083   20.73218  144.03458   31.2127  142.4723    0.73400   -0.00050
  3.0167   20.52470  144.12143   31.1645  142.4970    1.46600    0.00113
  3.0250   20.31735  144.20769   31.1158  142.5220    2.21000   -0.00309
  3.0333   20.11014  144.29330   31.0665  142.5473    2.92200   -0.00852
  3.0417   19.90306  144.37833   31.0165  142.5728    3.67200   -0.01319
  3.0500   19.69612  144.46274   30.9660  142.5986    4.44600   -0.01964
  3.0583   19.48933  144.54655   30.9149  142.6248    5.16200   -0.03279
  3.0667   19.28267  144.62975   30.8632  142.6512    5.95100   -0.05128
  3.0750   19.07615  144.71233   30.8108  142.6780    6.75200   -0.07300
  3.0833   18.86978  144.79431   30.7579  142.7050    7.48200   -0.08868
  3.0917   18.66355  144.87570   30.7042  142.7324    8.25400   -0.11814
  3.1000   18.45747  144.95648   30.6500  142.7601    9.00100   -0.11907
  3.1083   18.25153  145.03667   30.5950  142.7882    9.96900   -0.11126
  3.1167   18.04575  145.11626   30.5394  142.8165   10.84600   -0.08613
  3.1250   17.84011  145.19524   30.4831  142.8452   11.75400   -0.08343
  3.1333   17.63463  145.27364   30.4261  142.8743   12.60000   -0.09568
  3.1417   17.42930  145.35143   30.3683  142.9037   13.41800   -0.11693
  3.1500   17.22412  145.42863   30.3099  142.9334   14.30800   -0.11394
  3.1583   17.01909  145.50526   30.2507  142.9635   15.38100   -0.11701
  3.1667   16.81423  145.58128   30.1908  142.9940   16.20900   -0.09402
  3.1750   16.60951  145.65674   30.1301  143.0248   17.34900   -0.09378
  3.1833   16.40496  145.73160   30.0687  143.0560   18.31800   -0.09185
  3.1917   16.20057  145.80586   30.0065  143.0876   19.21000   -0.11054
  3.2000   15.99634  145.87956   29.9434  143.1195   20.24600   -0.12806
  3.2083   15.79227  145.95267   29.8796  143.1519   21.26800   -0.12270
  3.2167   15.58836  146.02519   29.8150  143.1846   22.38200   -0.12073
  3.2250   15.38462  146.09714   29.7495  143.2178   23.44800   -0.11641
  3.2333   15.18105  146.16850   29.6832  143.2513   24.54700   -0.10976
  3.2417   14.97764  146.23929   29.6160  143.2853   25.73600   -0.10590
  3.2500   14.77439  146.30951   29.5479  143.3197   26.84100   -0.10086
  3.2583   14.57132  146.37914   29.4790  143.3545   28.00200   -0.10272
  3.2667   14.36842  146.44821   29.4092  143.3897   29.19900   -0.09949
  3.2750   14.16568  146.51669   29.3384  143.4254   30.40200   -0.09649
  3.2833   13.96312  146.58461   29.2667  143.4615   31.62400   -0.10780
  3.2917   13.76074  146.65196   29.1941  143.4980   32.76700   -0.11849
  3.3000   13.55852  146.71873   29.1205  143.5351   34.03000   -0.13059
  3.3083   13.35649  146.78494   29.0460  143.5725   35.29500   -0.12657
  3.3167   13.15462  146.85059   28.9704  143.6104   36.62400   -0.12017
  3.3250   12.95294  146.91565   28.8939  143.6488   37.96300   -0.10870
  3.3333   12.75143  146.98015   28.8164  143.6877   39.33400   -0.09627
  3.3417   12.55011  147.04408   28.7378  143.7271   40.73500   -0.09367
  3.3500   12.34896  147.10747   28.6581  143.7669   42.06400   -0.10121
  3.3583   12.14800  147.17027   28.5775  143.8072   43.42100   -0.11669
  3.3667   11.94721  147.23251   28.4957  143.8480   44.82700   -0.12404
  3.3750   11.74662  147.29420   28.4129  143.8894   46.29900   -0.13833
  3.3833   11.54620  147.35532   28.3289  143.9312   47.67400   -0.15170
  3.3917   11.34597  147.41588   28.2438  143.9736   49.17200   -0.16532
  3.4000   11.14593  147.47588   28.1576  144.0164   50.72400   -0.16861
  3.4083   10.94607  147.53532   28.0702  144.0598   52.27899   -0.17704
  3.4167   10.74640  147.59419   27.9817  144.1038   53.82700   -0.17993
  3.4250   10.54693  147.65253   27.8920  144.1482   55.52400   -0.14394
  3.4333   10.34764  147.71028   27.8010  144.1932   57.17500   -0.11145
  3.4417   10.14854  147.76749   27.7089  144.2388   58.81900   -0.09245
  3.4500    9.94963  147.82413   27.6155  144.2849   60.53600   -0.08067
  3.4583    9.75092  147.88022   27.5209  144.3316   62.27000   -0.06230
  3.4667    9.55240  147.93576   27.4250  144.3788   64.11400   -0.04327
  3.4750    9.35408  147.99074   27.3279  144.4267   65.97501   -0.01832
  3.4833    9.15595  148.04517   27.2294  144.4750   67.95900   -0.00481
  3.4917    8.95801  148.09904   27.1296  144.5240   69.95000    0.00000

 21.2417   22.60798  267.94376   35.7395  131.5220    2.87100    0.00000
 21.2500   22.76338  268.12582   35.7605  131.5619    2.96900    0.00190
 21.2583   22.91872  268.30817   35.7813  131.6014    3.00300    0.00653
 21.2667   23.07400  268.49084   35.8019  131.6407    3.06500    0.02181
 21.2750   23.22923  268.67380   35.8223  131.6797    3.15100    0.01733
 21.2833   23.38440  268.85706   35.8424  131.7185    3.05100    0.01989
 21.2917   23.53952  269.04065   35.8623  131.7570    3.13300    0.00597
 21.3000   23.69458  269.22452   35.8820  131.7952    3.07600    0.02130
 21.3083   23.84958  269.40872   35.9016  131.8332    3.16900    0.03243
 21.3167   24.00453  269.59320   35.9209  131.8709    3.23000    0.03448
 21.3250   24.15943  269.77798   35.9400  131.9083    3.11600    0.00371
 21.3333   24.31427  269.96307   35.9589  131.9455    3.03300   -0.01824
 21.3417   24.46905  270.14847   35.9776  131.9825    3.14400   -0.02699
 21.3500   24.62378  270.33420   35.9960  132.0192    3.10700   -0.01457
 21.3583   24.77845  270.52020   36.0144  132.0557    3.14900   -0.02234
 21.3667   24.93307  270.70651   36.0325  132.0919    3.14000   -0.01782
 21.3750   25.08763  270.89313   36.0504  132.1280    3.17800   -0.01737
 21.3833   25.24214  271.08005   36.0681  132.1638    3.19900   -0.02187
 21.3917   25.39659  271.26727   36.0857  132.1993    3.15500   -0.02346
 21.4000   25.55098  271.45480   36.1030  132.2346    3.20000   -0.01682
 21.4083   25.70533  271.64264   36.1202  132.2697    3.26400    0.00085
 21.4167   25.85961  271.83078   36.1372  132.3046    3.28700    0.01564
 21.4250   26.01385  272.01923   36.1541  132.3393    3.31600    0.03139
 21.4333   26.16802  272.20798   36.1707  132.3737    3.38200    0.04403
 21.4417   26.32215  272.39706   36.1872  132.4080    3.37500    0.05727
 21.4500   26.47621  272.58643   36.2035  132.4420    3.40200    0.05675
 21.4583   26.63023  272.77609   36.2197  132.4758    3.37500    0.06146
 21.4667   26.78419  272.96609   36.2356  132.5095    3.38700    0.04825
 21.4750   26.93809  273.15637   36.2514  132.5429    3.30200    0.04128
 21.4833   27.09195  273.34698   36.2671  132.5761    3.30500    0.03210
 21.4917   27.24574  273.53787   36.2826  132.6091    3.29600    0.03100
 21.5000   27.39949  273.72910   36.2979  132.6420    3.24800    0.02915
 21.5083   27.55318  273.92062   36.3131  132.6746    3.23900    0.02268
 21.5167   27.70682  274.11246   36.3281  132.7070    3.19800    0.01712
 21.5250   27.86040  274.30460   36.3429  132.7393    3.15200   -0.00212
 21.5333   28.01393  274.49707   36.3576  132.7714    3.06400   -0.01962
 21.5417   28.16741  274.68985   36.3722  132.8033    3.03500   -0.03466
 21.5500   28.32084  274.88293   36.3866  132.8350    2.99900   -0.04008
 21.5583   28.47421  275.07632   36.4008  132.8665    2.96600   -0.04598
 21.5667   28.62753  275.27002   36.4149  132.8979    2.93500   -0.04271
 21.5750   28.78080  275.46405   36.4289  132.9291    2.95500   -0.03787
 21.5833   28.93402  275.65836   36.4427  132.9601    2.93400   -0.02718
 21.5917   29.08719  275.85303   36.4564  132.9909    2.93800   -0.01359
 21.6000   29.24030  276.04797   36.4699  133.0216    2.97900    0.00103
 21.6083   29.39336  276.24326   36.4833  133.0521    2.97000    0.01075
 21.6167   29.54638  276.43884   36.4966  133.0824    2.96100    0.00084
 21.6250   29.69934  276.63477   36.5097  133.1126    2.90700   -0.01222
 21.6333   29.85225  276.83099   36.5227  133.1426    2.89200   -0.02326
 21.6417   30.00511  277.02753   36.5355  133.1725    2.89900   -0.02131
 21.6500   30.15792  277.22440   36.5483  133.2022    2.91800   -0.01924
 21.6583   30.31068  277.42157   36.5609  133.2317    2.90400   -0.02000
 21.6667   30.46339  277.61908   36.5733  133.2611    2.89500   -0.01797
 21.6750   30.61605  277.81693   36.5856  133.2904    2.92600   -0.01006
 21.6833   30.76866  278.01505   36.5978  133.3195    2.94000    0.00848
 21.6917   30.92123  278.21353   36.6099  133.3484    2.98600    0.01867
 21.7000   31.07374  278.41232   36.6219  133.3772    2.97600    0.02671
 21.7083   31.22621  278.61145   36.6337  133.4059    2.98700    0.02266
 21.7167   31.37863  278.81088   36.6454  133.4344    2.97800    0.01155
 21.7250   31.53100  279.01065   36.6570  133.4627    2.93900   -0.00043
 21.7333   31.68332  279.21075   36.6684  133.4910    2.95000   -0.01597
 21.7417   31.83559  279.41119   36.6798  133.5190    2.92900   -0.03319
 21.7500   31.98782  279.61194   36.6910  133.5470    2.89000   -0.04863
 21.7583   32.14000  279.81302   36.7021  133.5748    2.91900   -0.05404
 21.7667   32.29214  280.01443   36.7131  133.6025    2.95400   -0.04755
 21.7750   32.44423  280.21619   36.7240  133.6300    2.97700   -0.04137
 21.7833   32.59627  280.41827   36.7347  133.6575    3.00900   -0.03797
 21.7917   32.74827  280.62067   36.7454  133.6848    3.03100   -0.03310
 21.8000   32.90022  280.82343   36.7559  133.7119    3.05600   -0.02363
 21.8083   33.05212  281.02652   36.7663  133.7389    3.09800   -0.00294
 21.8167   33.20399  281.22995   36.7767  133.7659    3.15600    0.02604
 21.8250   33.35580  281.43369   36.7869  133.7926    3.20600    0.06192
 21.8333   33.50758  281.63779   36.7970  133.8193    3.26500    0.09002
 21.8417   33.65931  281.84225   36.8069  133.8459    3.27400    0.12107
 21.8500   33.81099  282.04703   36.8168  133.8723    3.32300    0.15974
 21.8583   33.96264  282.25217   36.8266  133.8986    3.40500    0.18816
 21.8667   34.11424  282.45764   36.8363  133.9247    3.34600    0.18086
 21.8750   34.26579  282.66348   36.8458  133.9508    3.21300    0.13974
 21.8833   34.41731  282.86966   36.8553  133.9768    3.12300    0.07180
 21.8917   34.56878  283.07617   36.8646  134.0026    2.93200    0.01888
 21.9000   34.72022  283.28305   36.8739  134.0283    2.86400   -0.03552
 21.9083   34.87161  283.49026   36.8831  134.0540    2.76200   -0.05757
 21.9167   35.02296  283.69785   36.8921  134.0795    2.72400   -0.08948
 21.9250   35.17427  283.90579   36.9011  134.1048    2.60900   -0.10359
 21.9333   35.32553  284.11411   36.9099  134.1301    2.58900   -0.12539
 21.9417   35.47676  284.32275   36.9187  134.1553    2.50100   -0.10548
 21.9500   35.62795  284.53177   36.9273  134.1804    2.56900   -0.08582
 21.9583   35.77910  284.74115   36.9359  134.2054    2.53500   -0.04617
 21.9667   35.93021  284.95087   36.9444  134.2302    2.54200   -0.03021
 21.9750   36.08129  285.16098   36.9528  134.2550    2.50500    0.00484
 21.9833   36.23232  285.37146   36.9610  134.2797    2.56400    0.04987
 21.9917   36.38332  285.58231   36.9692  134.3042    2.61900    0.10510
 22.0000   36.53428  285.79355   36.9773  134.3287    2.62100    0.14355
 22.0083   36.68520  286.00513   36.9853  134.3530    2.59800    0.15259
 22.0167   36.83608  286.21710   36.9932  134.3773    2.50100    0.13643
 22.0250   36.98693  286.42944   37.0010  134.4015    2.37700    0.10190
 22.0333   37.13775  286.64218   37.0088  134.4256    2.25500    0.08409
 22.0417   37.28852  286.85529   37.0164  134.4495    2.23200    0.07001
 22.0500   37.43926  287.06876   37.0240  134.4734    2.11800    0.05158
 22.0583   37.58997  287.28265   37.0314  134.4972    1.97000    0.02776
 22.0667   37.74064  287.49692   37.0388  134.5209    1.90900    0.00077
 22.0750   37.89127  287.71158   37.0461  134.5445    1.76400   -0.00943
 22.0833   38.04188  287.92664   37.0533  134.5680    1.67600   -0.04849
 22.0917   38.19244  288.14209   37.0604  134.5914    1.47400   -0.07674
 22.1000   38.34298  288.35791   37.0674  134.6148    1.37900   -0.08898
 22.1083   38.49348  288.57416   37.0744  134.6380    1.36700   -0.06430
 22.1167   38.64395  288.79083   37.0812  134.6612    1.33800   -0.03254
 22.1250   38.79438  289.00787   37.0880  134.6843    1.27500   -0.01994
 22.1333   38.94479  289.22534   37.0947  134.7073    1.18200   -0.01991
 22.1417   39.09516  289.44321   37.1013  134.7302    1.10600   -0.02656
 22.1500   39.24550  289.66150   37.1078  134.7530    1.02800   -0.02983
 22.1583   39.39581  289.88019   37.1143  134.7757    0.96900   -0.02343
 22.1667   39.54608  290.09933   37.1206  134.7984    0.95200   -0.01442
 22.1750   39.69633  290.31888   37.1269  134.8210    0.91000   -0.02559
 22.1833   39.84655  290.53885   37.1331  134.8434    0.77800   -0.04809
 22.1917   39.99673  290.75925   37.1392  134.8659    0.72300   -0.07718
 22.2000   40.14689  290.98007   37.1453  134.8882    0.65500   -0.08369
 22.2083   40.29702  291.20135   37.1512  134.9104    0.62900   -0.08276
 22.2167   40.44711  291.42303   37.1571  134.9326    0.62100   -0.07216
 22.2250   40.59718  291.64517   37.1629  134.9547    0.61400   -0.05661
 22.2333   40.74722  291.86777   37.1686  134.9767    0.63200   -0.04442
 22.2417   40.89723  292.09079   37.1743  134.9987    0.63000   -0.03057
 22.2500   41.04722  292.31427   37.1798  135.0205    0.64600   -0.04353
 22.2583   41.19717  292.53821   37.1853  135.0423    0.56000   -0.06367
 22.2667   41.34710  292.76260   37.1908  135.0641    0.54300   -0.08833
 22.2750   41.49700  292.98746   37.1961  135.0857    0.55800   -0.09387
 22.2833   41.64688  293.21280   37.2014  135.1073    0.57500   -0.08663
 22.2917   41.79672  293.43857   37.2066  135.1288    0.62900   -0.07323
 22.3000   41.94654  293.66483   37.2117  135.1502    0.68300   -0.04701
 22.3083   42.09634  293.89157   37.2167  135.1716    0.75900   -0.02047
 22.3167   42.24610  294.11880   37.2217  135.1928    0.81400   -0.00138
 22.3250   42.39585  294.34650   37.2266  135.2141    0.83400    0.00969
 22.3333   42.54556  294.57468   37.2314  135.2352    0.87400    0.01839
 22.3417   42.69525  294.80338   37.2362  135.2563    0.92100    0.02763
 22.3500   42.84492  295.03253   37.2409  135.2773    0.94700    0.04114
 22.3583   42.99456  295.26221   37.2455  135.2982    1.00800    0.06123
 22.3667   43.14417  295.49240   37.2500  135.3191    1.07800    0.07993
 22.3750   43.29376  295.72311   37.2545  135.3399    1.08900    0.07859
 22.3833   43.44333  295.95432   37.2589  135.3606    1.05600    0.06941
 22.3917   43.59287  296.18604   37.2632  135.3813    1.08400    0.05444
 22.4000   43.74239  296.41827   37.2675  135.4019    1.06200    0.04813
 22.4083   43.89188  296.65106   37.2717  135.4225    1.05700    0.03641
 22.4167   44.04135  296.88437   37.2758  135.4429    1.05400    0.03087
 22.4250   44.19079  297.11823   37.2799  135.4634    1.04900    0.02375
 22.4333   44.34021  297.35260   37.2839  135.4837    1.03000    0.00874
 22.4417   44.48961  297.58755   37.2878  135.5040    0.98800   -0.00894
 22.4500   44.63898  297.82303   37.2916  135.5242    0.96700   -0.02135
 22.4583   44.78833  298.05908   37.2954  135.5444    0.96500   -0.01634
 22.4667   44.93765  298.29568   37.2991  135.5645    0.99300   -0.00972
 22.4750   45.08696  298.53290   37.3028  135.5845    0.97900   -0.00744
 22.4833   45.23623  298.77063   37.3064  135.6045    0.96100   -0.01710
 22.4917   45.38549  299.00897   37.3099  135.6244    0.94100   -0.02898
 22.5000   45.53472  299.24792   37.3133  135.6443    0.92100   -0.03556
 22.5083   45.68393  299.48743   37.3167  135.6641    0.92900   -0.03411
 22.5167   45.83311  299.72754   37.3200  135.6838    0.94800   -0.02267
 22.5250   45.98227  299.96826   37.3233  135.7035    0.97600   -0.01411
 22.5333   46.13141  300.20959   37.3265  135.7231    0.97900   -0.01339
 22.5417   46.28052  300.45154   37.3296  135.7427    0.97100   -0.01468
 22.5500   46.42961  300.69412   37.3327  135.7622    0.99200   -0.01870
 22.5583   46.57868  300.93732   37.3357  135.7816    0.98500   -0.02239
 22.5667   46.72772  301.18115   37.3386  135.8010    0.98100   -0.02404
 22.5750   46.87673  301.42563   37.3415  135.8204    1.01500   -0.01511
 22.5833   47.02573  301.67078   37.3443  135.8396    1.05600   -0.00032
 22.5917   47.17469  301.91656   37.3470  135.8589    1.07800    0.01165
 22.6000   47.32364  302.16302   37.3497  135.8780    1.09900    0.01527
 22.6083   47.47256  302.41013   37.3523  135.8971    1.10200    0.01289
 22.6167   47.62145  302.65793   37.3549  135.9162    1.09900    0.01132
 22.6250   47.77032  302.90643   37.3574  135.9352    1.12400    0.01036
 22.6333   47.91916  303.15561   37.3598  135.9541    1.13000    0.01391
 22.6417   48.06798  303.40549   37.3622  135.9730    1.14500    0.01510
 22.6500   48.21677  303.65610   37.3645  135.9919    1.16400    0.01961
 22.6583   48.36553  303.90741   37.3668  136.0107    1.18700    0.01539
 22.6667   48.51427  304.15945   37.3690  136.0294    1.17000   -0.00198
 22.6750   48.66297  304.41223   37.3711  136.0481    1.14000   -0.02448
 22.6833   48.81166  304.66574   37.3732  136.0667    1.14800   -0.03231
 22.6917   48.96031  304.92001   37.3752  136.0853    1.19400   -0.03809
 22.7000   49.10893  305.17502   37.3771  136.1038    1.17800   -0.04754
 22.7083   49.25753  305.43082   37.3790  136.1223    1.17500   -0.06230
 22.7167   49.40610  305.68738   37.3809  136.1407    1.20700   -0.06303
 22.7250   49.55463  305.94476   37.3827  136.1591    1.25000   -0.05846
 22.7333   49.70314  306.20291   37.3844  136.1774    1.27600   -0.05395
 22.7417   49.85161  306.46188   37.3860  136.1957    1.31500   -0.04562
 22.7500   50.00006  306.72165   37.3876  136.2139    1.38300   -0.03111
 22.7583   50.14847  306.98227   37.3892  136.2321    1.44600   -0.02275
 22.7667   50.29684  307.24371   37.3907  136.2502    1.47700   -0.02526
 22.7750   50.44519  307.50598   37.3921  136.2683    1.51700   -0.04370
 22.7833   50.59350  307.76913   37.3935  136.2863    1.52900   -0.04653
 22.7917   50.74177  308.03314   37.3948  136.3043    1.62300   -0.05051
 22.8000   50.89001  308.29803   37.3961  136.3223    1.66000   -0.03774
 22.8083   51.03821  308.56381   37.3973  136.3401    1.73400   -0.02626
 22.8167   51.18637  308.83047   37.3984  136.3580    1.81900   -0.00434
 22.8250   51.33450  309.09805   37.3995  136.3757    1.88500    0.02409
 22.8333   51.48258  309.36658   37.4005  136.3935    1.96900    0.06302
 22.8417   51.63063  309.63602   37.4015  136.4112    2.07600    0.11163
 22.8500   51.77863  309.90640   37.4024  136.4288    2.16000    0.14942
 22.8583   51.92659  310.17776   37.4033  136.4464    2.18200    0.16261
 22.8667   52.07451  310.45007   37.4041  136.4640    2.17600    0.16625
 22.8750   52.22238  310.72339   37.4049  136.4815    2.19800    0.18065
 22.8833   52.37021  310.99768   37.4056  136.4990    2.23400    0.19634
 22.8917   52.51799  311.27298   37.4062  136.5164    2.20200    0.19009
 22.9000   52.66572  311.54932   37.4068  136.5338    2.11700    0.17632
 22.9083   52.81341  311.82669   37.4074  136.5511    2.10000    0.16496
 22.9167   52.96104  312.10510   37.4079  136.5684    2.05300    0.15431
 22.9250   53.10862  312.38461   37.4083  136.5856    1.94500    0.12486
 22.9333   53.25615  312.66516   37.4087  136.6028    1.83300    0.08690
 22.9417   53.40362  312.94681   37.4090  136.6199    1.73300    0.04387
 22.9500   53.55104  313.22958   37.4093  136.6370    1.58900    0.00751
 22.9583   53.69840  313.51346   37.4095  136.6541    1.48600   -0.03256
 22.9667   53.84569  313.79846   37.4097  136.6711    1.35700   -0.04737
 22.9750   53.99293  314.08463   37.4098  136.6881    1.29300   -0.05104
 22.9833   54.14011  314.37198   37.4099  136.7050    1.22700   -0.04389
 22.9917   54.28722  314.66052   37.4099  136.7219    1.13600   -0.03985
 23.0000   54.43426  314.95023   37.4098  136.7388    1.06100   -0.03402
 23.0083   54.58124  315.24118   37.4097  136.7556    1.00200   -0.02594
 23.0167   54.72815  315.53336   37.4096  136.7723    0.92600   -0.02968
 23.0250   54.87498  315.82678   37.4094  136.7890    0.81900   -0.04264
 23.0333   55.02174  316.12149   37.4091  136.8057    0.74000   -0.05627
 23.0417   55.16843  316.41748   37.4088  136.8224    0.67500   -0.06187
 23.0500   55.31503  316.71475   37.4085  136.8390    0.61300   -0.05414
 23.0583   55.46156  317.01337   37.4081  136.8555    0.59200   -0.05193
 23.0667   55.60800  317.31332   37.4076  136.8720    0.51700   -0.04727
 23.0750   55.75436  317.61465   37.4071  136.8885    0.47100   -0.05035
 23.0833   55.90063  317.91733   37.4066  136.9049    0.43100   -0.04789
 23.0917   56.04681  318.22144   37.4060  136.9213    0.38200   -0.04186
 23.1000   56.19290  318.52695   37.4053  136.9377    0.35300   -0.03506
 23.1083   56.33890  318.83389   37.4046  136.9540    0.32300   -0.02719
 23.1167   56.48480  319.14233   37.4038  136.9702    0.28700   -0.01492
 23.1250   56.63059  319.45221   37.4030  136.9865    0.28300   -0.01373
 23.1333   56.77629  319.76361   37.4022  137.0027    0.22200   -0.00620
 23.1417   56.92188  320.07654   37.4013  137.0188    0.21500   -0.00464
 23.1500   57.06736  320.39102   37.4003  137.0349    0.20000   -0.00178
 23.1583   57.21272  320.70706   37.3993  137.0510    0.15300   -0.01233
 23.1667   57.35798  321.02472   37.3982  137.0670    0.11000   -0.03117
 23.1750   57.50311  321.34396   37.3971  137.0830    0.07300   -0.04551
 23.1833   57.64812  321.66486   37.3960  137.0990    0.05000   -0.05676
 23.1917   57.79301  321.98743   37.3948  137.1149    0.02500   -0.06604
 23.2000   57.93777  322.31168   37.3935  137.1308    0.00300   -0.07094
 23.2083   58.08240  322.63763   37.3922  137.1466    0.00000   -0.06969
 23.2167   58.22689  322.96533   37.3909  137.1624    0.00400   -0.05409
 23.2250   58.37125  323.29480   37.3895  137.1782    0.03600   -0.03859
 23.2333   58.51546  323.62607   37.3880  137.1939    0.03800   -0.02124
 23.2417   58.65952  323.95914   37.3865  137.2096    0.05200   -0.02065
 23.2500   58.80343  324.29407   37.3850  137.2253    0.03300   -0.01180
 23.2583   58.94719  324.63086   37.3834  137.2409    0.07300   -0.00812
 23.2667   59.09079  324.96957   37.3818  137.2565    0.07900    0.00187
 23.2750   59.23422  325.31018   37.3801  137.2720    0.09000   -0.00147
 23.2833   59.37749  325.65277   37.3784  137.2875    0.09200    0.00061
 23.2917   59.52058  325.99734   37.3766  137.3030    0.12200   -0.00907
 23.3000   59.66350  326.34396   37.3747  137.3184    0.09800   -0.01577
 23.3083   59.80623  326.69260   37.3729  137.3338    0.11300   -0.02859
 23.3167   59.94878  327.04330   37.3709  137.3492    0.12500   -0.03430
 23.3250   60.09113  327.39615   37.3690  137.3645    0.12700   -0.03372
 23.3333   60.23329  327.75110   37.3670  137.3798    0.16700   -0.02473
 23.3417   60.37524  328.10828   37.3649  137.3950    0.21000   -0.02021
 23.3500   60.51699  328.46762   37.3628  137.4102    0.20000   -0.01414
 23.3583   60.65852  328.82922   37.3606  137.4254    0.24700   -0.01690
 23.3667   60.79984  329.19312   37.3584  137.4406    0.26200   -0.01138
 23.3750   60.94093  329.55930   37.3562  137.4557    0.28100   -0.00528
 23.3833   61.08179  329.92783   37.3539  137.4708    0.33100    0.00307
 23.3917   61.22241  330.29874   37.3515  137.4858    0.35500    0.00623
 23.4000   61.36278  330.67206   37.3491  137.5008    0.35900    0.00499
 23.4083   61.50291  331.04785   37.3467  137.5158    0.39500    0.00834
 23.4167   61.64279  331.42612   37.3442  137.5308    0.43400    0.01562
 23.4250   61.78240  331.80695   37.3416  137.5457    0.44900    0.02315
 23.4333   61.92174  332.19031   37.3391  137.5606    0.48500    0.02161
 23.4417   62.06080  332.57629   37.3364  137.5754    0.49200    0.02062
 23.4500   62.19958  332.96490   37.3338  137.5902    0.50900    0.01085
 23.4583   62.33807  333.35623   37.3310  137.6050    0.51400    0.00708
 23.4667   62.47626  333.75027   37.3283  137.6197    0.54000    0.00502
 23.4750   62.61414  334.14709   37.3255  137.6344    0.56100    0.00137
 23.4833   62.75171  334.54669   37.3226  137.6491    0.56000   -0.00248
 23.4917   62.88896  334.94916   37.3197  137.6638    0.58500   -0.00676
 23.5000   63.02587  335.35452   37.3167  137.6784    0.60400   -0.00629
 23.5083   63.16245  335.76285   37.3137  137.6930    0.61800   -0.00734
 23.5167   63.29868  336.17413   37.3107  137.7075    0.63700   -0.00773
 23.5250   63.43456  336.58844   37.3076  137.7220    0.65900   -0.00998
 23.5333   63.57007  337.00583   37.3045  137.7365    0.66800   -0.00943
 23.5417   63.70520  337.42633   37.3013  137.7510    0.70000   -0.01071
 23.5500   63.83995  337.84998   37.2981  137.7654    0.71800   -0.01073
 23.5583   63.97431  338.27686   37.2948  137.7798    0.73300   -0.01370
 23.5667   64.10826  338.70700   37.2915  137.7941    0.75700   -0.01373
 23.5750   64.24180  339.14044   37.2881  137.8085    0.78600   -0.01208
 23.5833   64.37492  339.57721   37.2847  137.8228    0.80700   -0.01085
 23.5917   64.50760  340.01740   37.2812  137.8371    0.82900   -0.00972
 23.6000   64.63984  340.46106   37.2777  137.8513    0.85900   -0.00639
 23.6083   64.77162  340.90820   37.2742  137.8655    0.88900    0.00176
 23.6167   64.90294  341.35889   37.2706  137.8797    0.92900    0.00542
 23.6250   65.03378  341.81317   37.2669  137.8938    0.94600    0.00811
 23.6333   65.16412  342.27112   37.2632  137.9079    0.97500    0.00839
 23.6417   65.29397  342.73276   37.2595  137.9220    1.00900    0.00484
 23.6500   65.42330  343.19818   37.2557  137.9361    1.01500   -0.00436
 23.6583   65.55210  343.66736   37.2518  137.9501    1.02700   -0.01550
 23.6667   65.68037  344.14044   37.2480  137.9641    1.05500   -0.01684
 23.6750   65.80808  344.61740   37.2440  137.9781    1.09300   -0.01472
 23.6833   65.93522  345.09833   37.2401  137.9920    1.11500   -0.01100
 23.6917   66.06179  345.58328   37.2360  138.0059    1.14700   -0.00493
 23.7000   66.18777  346.07230   37.2320  138.0198    1.19000    0.00306
 23.7083   66.31313  346.56543   37.2278  138.0336    1.21600    0.01202
 23.7167   66.43788  347.06274   37.2237  138.0475    1.24800    0.01707
 23.7250   66.56199  347.56427   37.2195  138.0612    1.27600    0.02563
 23.7333   66.68545  348.07010   37.2152  138.0750    1.31200    0.02907
 23.7417   66.80824  348.58023   37.2109  138.0887    1.32700    0.02996
 23.7500   66.93035  349.09476   37.2065  138.1024    1.34700    0.02445
 23.7583   67.05177  349.61374   37.2021  138.1161    1.36100    0.02216
 23.7667   67.17247  350.13718   37.1977  138.1297    1.38600    0.01747
 23.7750   67.29244  350.66519   37.1932  138.1434    1.39700    0.01135
 23.7833   67.41166  351.19775   37.1886  138.1569    1.40600   -0.00015
 23.7917   67.53012  351.73499   37.1840  138.1705    1.41300   -0.00851
 23.8000   67.64780  352.27692   37.1794  138.1840    1.43400   -0.01432
 23.8083   67.76468  352.82358   37.1747  138.1975    1.45000   -0.01948
 23.8167   67.88074  353.37503   37.1699  138.2110    1.45700   -0.02166
 23.8250   67.99596  353.93134   37.1651  138.2244    1.48600   -0.02321
 23.8333   68.11034  354.49252   37.1603  138.2378    1.50300   -0.01639
 23.8417   68.22384  355.05862   37.1554  138.2512    1.53700   -0.01319
 23.8500   68.33644  355.62973   37.1504  138.2645    1.55400   -0.00378
 23.8583   68.44814  356.20584   37.1454  138.2779    1.59200    0.00514
 23.8667   68.55890  356.78702   37.1404  138.2912    1.62500    0.01660
 23.8750   68.66871  357.37329   37.1353  138.3044    1.65200    0.01655
 23.8833   68.77755  357.96472   37.1301  138.3176    1.65400    0.01406
 23.8917   68.88539  358.56134   37.1249  138.3308    1.68100    0.00835
 23.9000   68.99222  359.16318   37.1197  138.3440    1.70000    0.00315
 23.9083   69.09801  359.77026   37.1144  138.3571    1.70600   -0.00320
 23.9167   69.20274    0.38261   37.1090  138.3702    1.73200   -0.00974
 23.9250   69.30640    1.00029   37.1036  138.3833    1.75200   -0.00897
 23.9333   69.40895    1.62331   37.0981  138.3963    1.77700   -0.01074
 23.9417   69.51037    2.25169   37.0926  138.4093    1.78900   -0.00996
 23.9500   69.61064    2.88547   37.0871  138.4223    1.81500   -0.01309
 23.9583   69.70975    3.52464   37.0814  138.4352    1.83100   -0.01041
 23.9667   69.80765    4.16924   37.0758  138.4481    1.86700   -0.00611
 23.9750   69.90434    4.81928   37.0701  138.4610    1.90200   -0.00220
 23.9833   69.99978    5.47475   37.0643  138.4738    1.92800   -0.00074
 23.9917   70.09396    6.13568   37.0585  138.4866    1.97000    0.00000
