hmax        =    300
wind_bottom =      2
wind_top    =     10
critlon     =      0
tbeg, h     =   0.00
tend, h     =  24.00
c_ionex     =      0
c_vert      =      1
time, gamma, az, latp, lonp, tec, tec_filtered
  9.4833   21.25034  271.25360   36.0427  131.1039   20.92200    0.00000
  9.4917   21.39436  271.44394   36.0638  131.1453   20.73000   -0.00834
  9.5000   21.53830  271.63452   36.0847  131.1864   20.42300   -0.00251
  9.5083   21.68217  271.82535   36.1054  131.2272   20.39500   -0.01852
  9.5167   21.82595  272.01642   36.1258  131.2678   20.10100   -0.00526
  9.5250   21.96966  272.20776   36.1460  131.3081   20.01800   -0.02545
  9.5333   22.11329  272.39932   36.1661  131.3482   19.83300   -0.02975
  9.5417   22.25684  272.59113   36.1859  131.3879   19.65200   -0.03388
  9.5500   22.40032  272.78317   36.2054  131.4275   19.55300   -0.03200
  9.5583   22.54372  272.97549   36.2248  131.4668   19.41300   -0.00627
  9.5667   22.68705  273.16803   36.2440  131.5058   19.37800    0.01341
  9.5750   22.83030  273.36081   36.2629  131.5446   19.21300    0.02408
  9.5833   22.97348  273.55383   36.2817  131.5831   19.02700    0.01909
  9.5917   23.11658  273.74710   36.3003  131.6214   18.89000    0.01005
  9.6000   23.25961  273.94061   36.3186  131.6595   18.70700    0.01221
  9.6083   23.40257  274.13437   36.3368  131.6973   18.58000    0.02125
  9.6167   23.54545  274.32834   36.3548  131.7349   18.48800    0.03262
  9.6250   23.68826  274.52258   36.3725  131.7723   18.30900    0.03175
  9.6333   23.83100  274.71704   36.3901  131.8094   18.10500    0.02899
  9.6417   23.97367  274.91177   36.4076  131.8463   17.99600    0.03047
  9.6500   24.11627  275.10672   36.4248  131.8830   17.83000    0.03659
  9.6583   24.25880  275.30191   36.4418  131.9195   17.64000    0.02467
  9.6667   24.40126  275.49734   36.4587  131.9558   17.41300    0.02785
  9.6750   24.54365  275.69302   36.4754  131.9918   17.33900    0.00827
  9.6833   24.68597  275.88892   36.4919  132.0277   17.01700    0.00585
  9.6917   24.82823  276.08508   36.5082  132.0633   16.89200   -0.01554
  9.7000   24.97041  276.28146   36.5244  132.0987   16.70000   -0.01035
  9.7083   25.11253  276.47809   36.5404  132.1339   16.53700   -0.01270
  9.7167   25.25459  276.67496   36.5562  132.1690   16.36900   -0.01557
  9.7250   25.39658  276.87207   36.5718  132.2038   16.17700   -0.03414
  9.7333   25.53850  277.06940   36.5873  132.2384   15.92300   -0.03899
  9.7417   25.68036  277.26700   36.6027  132.2728   15.83800   -0.03953
  9.7500   25.82215  277.46481   36.6178  132.3071   15.68200   -0.02332
  9.7583   25.96389  277.66287   36.6328  132.3411   15.53200   -0.02705
  9.7667   26.10556  277.86118   36.6477  132.3750   15.34500   -0.03041
  9.7750   26.24716  278.05969   36.6624  132.4087   15.20400   -0.02728
  9.7833   26.38871  278.25848   36.6769  132.4422   15.11100   -0.02807
  9.7917   26.53020  278.45749   36.6913  132.4755   14.91300   -0.03131
  9.8000   26.67162  278.65674   36.7055  132.5086   14.76800   -0.03670
  9.8083   26.81299  278.85623   36.7196  132.5416   14.67200   -0.04591
  9.8167   26.95429  279.05594   36.7335  132.5743   14.46800   -0.04651
  9.8250   27.09554  279.25589   36.7473  132.6070   14.38400   -0.04912
  9.8333   27.23674  279.45609   36.7609  132.6394   14.28700   -0.04262
  9.8417   27.37787  279.65656   36.7744  132.6717   14.13700   -0.02851
  9.8500   27.51895  279.85721   36.7878  132.7038   14.10400   -0.01482
  9.8583   27.65997  280.05814   36.8010  132.7357   14.01200    0.00140
  9.8667   27.80094  280.25928   36.8141  132.7675   13.88200    0.00318
  9.8750   27.94185  280.46069   36.8270  132.7991   13.77300    0.00187
  9.8833   28.08272  280.66232   36.8398  132.8305   13.66500    0.00607
  9.8917   28.22352  280.86417   36.8524  132.8618   13.56700    0.01020
  9.9000   28.36428  281.06628   36.8650  132.8930   13.45900    0.01646
  9.9083   28.50498  281.26862   36.8773  132.9240   13.36700    0.01337
  9.9167   28.64564  281.47122   36.8896  132.9548   13.21900    0.01207
  9.9250   28.78624  281.67404   36.9017  132.9854   13.12000    0.01416
  9.9333   28.92680  281.87711   36.9137  133.0160   13.03900    0.02180
  9.9417   29.06730  282.08041   36.9256  133.0464   12.91700    0.02640
  9.9500   29.20776  282.28394   36.9373  133.0766   12.79400    0.01573
  9.9583   29.34818  282.48773   36.9489  133.1067   12.62800    0.00462
  9.9667   29.48854  282.69177   36.9604  133.1366   12.50300   -0.00680
  9.9750   29.62886  282.89603   36.9717  133.1664   12.37700    0.00378
  9.9833   29.76914  283.10052   36.9829  133.1961   12.32700    0.00548
  9.9917   29.90937  283.30530   36.9941  133.2256   12.15200    0.00705
 10.0000   30.04956  283.51028   37.0050  133.2550   12.02900   -0.00652
 10.0083   30.18970  283.71552   37.0159  133.2843   11.90100   -0.00700
 10.0167   30.32980  283.92099   37.0266  133.3134   11.79600   -0.01393
 10.0250   30.46987  284.12671   37.0373  133.3424   11.63800   -0.01634
 10.0333   30.60989  284.33267   37.0478  133.3712   11.53400   -0.01951
 10.0417   30.74987  284.53888   37.0582  133.3999   11.43000   -0.01982
 10.0500   30.88982  284.74533   37.0685  133.4285   11.29000   -0.02471
 10.0583   31.02973  284.95203   37.0786  133.4570   11.16900   -0.02529
 10.0667   31.16960  285.15897   37.0887  133.4853   11.09200   -0.01575
 10.0750   31.30943  285.36618   37.0986  133.5135   11.01500   -0.00978
 10.0833   31.44923  285.57361   37.1084  133.5416   10.88100   -0.01276
 10.0917   31.58899  285.78131   37.1181  133.5696   10.76500   -0.01444
 10.1000   31.72872  285.98923   37.1277  133.5974   10.69600   -0.01962
 10.1083   31.86842  286.19742   37.1372  133.6252   10.55400   -0.02485
 10.1167   32.00808  286.40585   37.1466  133.6528   10.44800   -0.04090
 10.1250   32.14771  286.61453   37.1559  133.6803   10.33600   -0.04317
 10.1333   32.28731  286.82346   37.1650  133.7076   10.26900   -0.03293
 10.1417   32.42689  287.03265   37.1741  133.7349   10.23000   -0.01116
 10.1500   32.56643  287.24210   37.1831  133.7620   10.18100   -0.00580
 10.1583   32.70595  287.45178   37.1919  133.7891   10.03200   -0.01012
 10.1667   32.84543  287.66171   37.2007  133.8160    9.94600   -0.02496
 10.1750   32.98489  287.87192   37.2093  133.8428    9.84800   -0.01472
 10.1833   33.12433  288.08237   37.2178  133.8695    9.83000   -0.00048
 10.1917   33.26374  288.29309   37.2263  133.8961    9.77200    0.02052
 10.2000   33.40313  288.50406   37.2346  133.9225    9.71200    0.01378
 10.2083   33.54249  288.71530   37.2429  133.9489    9.56300   -0.00013
 10.2167   33.68183  288.92679   37.2510  133.9752    9.47100   -0.00281
 10.2250   33.82115  289.13852   37.2590  134.0013    9.46600   -0.00481
 10.2333   33.96045  289.35052   37.2670  134.0274    9.31800   -0.00882
 10.2417   34.09973  289.56281   37.2748  134.0534    9.22000   -0.01408
 10.2500   34.23899  289.77536   37.2826  134.0792    9.21100   -0.01435
 10.2583   34.37823  289.98816   37.2902  134.1050    9.09100   -0.00181
 10.2667   34.51745  290.20123   37.2978  134.1306    9.05100   -0.00083
 10.2750   34.65666  290.41455   37.3052  134.1562    8.98300    0.00286
 10.2833   34.79585  290.62814   37.3126  134.1816    8.87300   -0.00284
 10.2917   34.93503  290.84204   37.3199  134.2070    8.79100   -0.00468
 10.3000   35.07419  291.05618   37.3270  134.2322    8.74900   -0.00082
 10.3083   35.21334  291.27057   37.3341  134.2574    8.67100    0.01049
 10.3167   35.35248  291.48526   37.3411  134.2825    8.62800    0.00399
 10.3250   35.49160  291.70023   37.3480  134.3074    8.50200   -0.00692
 10.3333   35.63072  291.91547   37.3548  134.3323    8.40500   -0.02279
 10.3417   35.76982  292.13101   37.3616  134.3571    8.34100   -0.02452
 10.3500   35.90892  292.34680   37.3682  134.3818    8.28100   -0.02098
 10.3583   36.04801  292.56287   37.3747  134.4064    8.21000   -0.01906
 10.3667   36.18709  292.77924   37.3812  134.4309    8.14000   -0.01051
 10.3750   36.32616  292.99588   37.3876  134.4553    8.11800   -0.00259
 10.3833   36.46523  293.21280   37.3938  134.4796    8.05000    0.00022
 10.3917   36.60430  293.43002   37.4000  134.5039    7.95900   -0.00615
 10.4000   36.74336  293.64752   37.4061  134.5280    7.89500   -0.01279
 10.4083   36.88241  293.86533   37.4121  134.5521    7.83100   -0.01277
 10.4167   37.02147  294.08340   37.4181  134.5761    7.77600   -0.01607
 10.4250   37.16052  294.30179   37.4239  134.6000    7.69800   -0.02165
 10.4333   37.29957  294.52048   37.4297  134.6238    7.62200   -0.02204
 10.4417   37.43863  294.73944   37.4354  134.6475    7.59100   -0.01177
 10.4500   37.57768  294.95874   37.4410  134.6712    7.56700    0.00099
 10.4583   37.71674  295.17831   37.4465  134.6947    7.50600    0.00818
 10.4667   37.85579  295.39819   37.4519  134.7182    7.44800    0.01546
 10.4750   37.99486  295.61838   37.4573  134.7416    7.42300    0.02138
 10.4833   38.13392  295.83887   37.4625  134.7650    7.35600    0.02120
 10.4917   38.27299  296.05969   37.4677  134.7882    7.27400    0.00266
 10.5000   38.41207  296.28079   37.4728  134.8113    7.16300   -0.01327
 10.5083   38.55115  296.50223   37.4779  134.8344    7.10600   -0.01702
 10.5167   38.69024  296.72397   37.4828  134.8574    7.07700   -0.00020
 10.5250   38.82934  296.94604   37.4877  134.8803    7.05600    0.02176
 10.5333   38.96845  297.16843   37.4925  134.9032    7.01600    0.02477
 10.5417   39.10757  297.39114   37.4972  134.9259    6.89300    0.02544
 10.5500   39.24670  297.61420   37.5018  134.9486    6.85200    0.02532
 10.5583   39.38584  297.83755   37.5063  134.9713    6.80000    0.04193
 10.5667   39.52499  298.06125   37.5108  134.9938    6.74700    0.03849
 10.5750   39.66416  298.28531   37.5152  135.0163    6.61700    0.03274
 10.5833   39.80334  298.50967   37.5195  135.0387    6.56000    0.02398
 10.5917   39.94253  298.73438   37.5238  135.0610    6.49500    0.01991
 10.6000   40.08174  298.95944   37.5280  135.0832    6.38100    0.01814
 10.6083   40.22096  299.18484   37.5321  135.1054    6.32100    0.01028
 10.6167   40.36021  299.41058   37.5361  135.1275    6.21400   -0.00603
 10.6250   40.49946  299.63669   37.5400  135.1495    6.05800   -0.01716
 10.6333   40.63874  299.86313   37.5439  135.1715    6.01700   -0.01227
 10.6417   40.77804  300.08994   37.5477  135.1933    5.97900    0.00994
 10.6500   40.91735  300.31711   37.5514  135.2152    5.89100    0.03363
 10.6583   41.05669  300.54465   37.5551  135.2369    5.85400    0.04272
 10.6667   41.19605  300.77255   37.5586  135.2586    5.75100    0.03786
 10.6750   41.33542  301.00082   37.5621  135.2802    5.60300    0.01678
 10.6833   41.47483  301.22946   37.5656  135.3017    5.49500   -0.00988
 10.6917   41.61425  301.45847   37.5689  135.3232    5.37100   -0.01492
 10.7000   41.75370  301.68787   37.5722  135.3446    5.31900   -0.01971
 10.7083   41.89317  301.91766   37.5755  135.3659    5.21700   -0.01478
 10.7167   42.03266  302.14783   37.5786  135.3872    5.13600   -0.02085
 10.7250   42.17219  302.37839   37.5817  135.4084    5.03800   -0.02519
 10.7333   42.31174  302.60934   37.5847  135.4295    4.94400   -0.02841
 10.7417   42.45131  302.84070   37.5876  135.4506    4.86900   -0.02702
 10.7500   42.59091  303.07245   37.5905  135.4716    4.79400   -0.03133
 10.7583   42.73055  303.30463   37.5933  135.4925    4.68300   -0.02089
 10.7667   42.87021  303.53720   37.5960  135.5134    4.67800   -0.02186
 10.7750   43.00989  303.77020   37.5987  135.5342    4.56800   -0.02710
 10.7833   43.14961  304.00360   37.6013  135.5549    4.45100   -0.04641
 10.7917   43.28936  304.23743   37.6038  135.5756    4.40200   -0.05428
 10.8000   43.42914  304.47168   37.6063  135.5962    4.35000   -0.05021
 10.8083   43.56895  304.70639   37.6086  135.6168    4.29500   -0.04610
 10.8167   43.70880  304.94150   37.6110  135.6373    4.26000   -0.05001
 10.8250   43.84867  305.17709   37.6132  135.6577    4.18900   -0.05513
 10.8333   43.98858  305.41309   37.6154  135.6780    4.14000   -0.07545
 10.8417   44.12853  305.64957   37.6175  135.6983    4.05100   -0.07747
 10.8500   44.26850  305.88647   37.6196  135.7186    4.05800   -0.06231
 10.8583   44.40851  306.12387   37.6216  135.7388    4.08100   -0.03177
 10.8667   44.54856  306.36172   37.6235  135.7589    4.05400   -0.01398
 10.8750   44.68864  306.60004   37.6254  135.7789    4.01100    0.00308
 10.8833   44.82876  306.83881   37.6272  135.7989    4.03100    0.03069
 10.8917   44.96891  307.07809   37.6289  135.8189    4.04500    0.06226
 10.9000   45.10910  307.31784   37.6306  135.8387    4.01600    0.08403
 10.9083   45.24932  307.55811   37.6322  135.8586    3.99500    0.09094
 10.9167   45.38959  307.79886   37.6337  135.8783    3.94900    0.08439
 10.9250   45.52989  308.04010   37.6352  135.8980    3.86800    0.06513
 10.9333   45.67023  308.28186   37.6366  135.9177    3.79400    0.03601
 10.9417   45.81060  308.52414   37.6380  135.9372    3.70100    0.01533
 10.9500   45.95102  308.76694   37.6393  135.9568    3.64400   -0.00090
 10.9583   46.09147  309.01025   37.6405  135.9762    3.58100   -0.00938
 10.9667   46.23196  309.25412   37.6416  135.9956    3.51200   -0.01108
 10.9750   46.37250  309.49850   37.6427  136.0150    3.47100   -0.01025
 10.9833   46.51307  309.74344   37.6438  136.0343    3.40700    0.00025
 10.9917   46.65368  309.98895   37.6448  136.0535    3.36800    0.00742
 11.0000   46.79433  310.23499   37.6457  136.0727    3.31100    0.01330
 11.0083   46.93502  310.48160   37.6465  136.0918    3.24100    0.00910
 11.0167   47.07575  310.72879   37.6473  136.1109    3.16500    0.00561
 11.0250   47.21652  310.97656   37.6481  136.1299    3.11600    0.00383
 11.0333   47.35733  311.22491   37.6487  136.1489    3.05800   -0.00115
 11.0417   47.49818  311.47388   37.6494  136.1678    2.97600   -0.01616
 11.0500   47.63908  311.72342   37.6499  136.1866    2.89300   -0.02782
 11.0583   47.78001  311.97357   37.6504  136.2054    2.85300   -0.03860
 11.0667   47.92098  312.22437   37.6509  136.2241    2.77800   -0.03644
 11.0750   48.06199  312.47574   37.6512  136.2428    2.74800   -0.03984
 11.0833   48.20305  312.72778   37.6516  136.2614    2.69000   -0.03940
 11.0917   48.34414  312.98044   37.6518  136.2800    2.63400   -0.04250
 11.1000   48.48527  313.23376   37.6520  136.2985    2.59700   -0.04040
 11.1083   48.62645  313.48773   37.6522  136.3170    2.56500   -0.03047
 11.1167   48.76766  313.74237   37.6523  136.3354    2.54600   -0.02177
 11.1250   48.90891  313.99768   37.6523  136.3538    2.50900   -0.01394
 11.1333   49.05021  314.25369   37.6523  136.3721    2.48000   -0.01374
 11.1417   49.19154  314.51038   37.6522  136.3903    2.43600   -0.01195
 11.1500   49.33291  314.76776   37.6520  136.4085    2.40900   -0.00722
 11.1583   49.47432  315.02585   37.6518  136.4267    2.39100   -0.00244
 11.1667   49.61577  315.28467   37.6516  136.4448    2.34600    0.00695
 11.1750   49.75726  315.54419   37.6513  136.4628    2.33400    0.01411
 11.1833   49.89878  315.80447   37.6509  136.4808    2.30700    0.02853
 11.1917   50.04034  316.06549   37.6505  136.4987    2.29000    0.03363
 11.2000   50.18194  316.32727   37.6500  136.5166    2.23900    0.03935
 11.2083   50.32357  316.58984   37.6495  136.5344    2.20700    0.04145
 11.2167   50.46524  316.85318   37.6489  136.5522    2.16900    0.04419
 11.2250   50.60695  317.11728   37.6482  136.5700    2.11600    0.04016
 11.2333   50.74869  317.38220   37.6475  136.5876    2.05700    0.02772
 11.2417   50.89046  317.64792   37.6468  136.6053    1.98400    0.01465
 11.2500   51.03227  317.91449   37.6460  136.6228    1.92500    0.01154
 11.2583   51.17411  318.18188   37.6451  136.6404    1.89800    0.02143
 11.2667   51.31598  318.45010   37.6442  136.6579    1.86800    0.02360
 11.2750   51.45789  318.71918   37.6432  136.6753    1.77300    0.00728
 11.2833   51.59982  318.98914   37.6422  136.6927    1.67100   -0.00637
 11.2917   51.74179  319.25995   37.6411  136.7100    1.64600   -0.01187
 11.3000   51.88378  319.53168   37.6400  136.7273    1.58000    0.00034
 11.3083   52.02580  319.80432   37.6388  136.7445    1.54300    0.00488
 11.3167   52.16785  320.07788   37.6375  136.7617    1.49300    0.00593
 11.3250   52.30992  320.35233   37.6362  136.7788    1.41800    0.00047
 11.3333   52.45202  320.62778   37.6349  136.7959    1.36200   -0.00829
 11.3417   52.59414  320.90414   37.6335  136.8129    1.30100   -0.01660
 11.3500   52.73628  321.18149   37.6321  136.8299    1.22800   -0.03046
 11.3583   52.87845  321.45984   37.6306  136.8469    1.15500   -0.04419
 11.3667   53.02064  321.73917   37.6290  136.8637    1.10200   -0.04622
 11.3750   53.16284  322.01953   37.6274  136.8806    1.07900   -0.04719
 11.3833   53.30506  322.30090   37.6257  136.8974    1.01600   -0.03337
 11.3917   53.44730  322.58331   37.6240  136.9141    1.02000   -0.02822
 11.4000   53.58955  322.86679   37.6223  136.9308    0.97000   -0.02073
 11.4083   53.73182  323.15134   37.6205  136.9474    0.92100   -0.02720
 11.4167   53.87410  323.43698   37.6186  136.9641    0.88200   -0.02849
 11.4250   54.01638  323.72375   37.6167  136.9806    0.85900   -0.02681
 11.4333   54.15868  324.01160   37.6147  136.9971    0.83100   -0.02717
 11.4417   54.30098  324.30060   37.6127  137.0136    0.79500   -0.03110
 11.4500   54.44329  324.59076   37.6107  137.0300    0.77000   -0.03380
 11.4583   54.58560  324.88211   37.6085  137.0463    0.75300   -0.03611
 11.4667   54.72791  325.17462   37.6064  137.0627    0.72300   -0.03593
 11.4750   54.87022  325.46835   37.6042  137.0789    0.70900   -0.03584
 11.4833   55.01253  325.76331   37.6019  137.0952    0.69500   -0.02933
 11.4917   55.15483  326.05951   37.5996  137.1113    0.69200   -0.02640
 11.5000   55.29713  326.35699   37.5972  137.1275    0.67100   -0.01277
 11.5083   55.43941  326.65573   37.5948  137.1435    0.69900   -0.00333
 11.5167   55.58169  326.95575   37.5924  137.1596    0.68300    0.01029
 11.5250   55.72395  327.25711   37.5899  137.1756    0.67900    0.01401
 11.5333   55.86619  327.55981   37.5873  137.1915    0.67400    0.00912
 11.5417   56.00842  327.86389   37.5847  137.2074    0.63000    0.00670
 11.5500   56.15062  328.16934   37.5820  137.2233    0.63600    0.00321
 11.5583   56.29280  328.47617   37.5793  137.2391    0.62800    0.00739
 11.5667   56.43495  328.78445   37.5766  137.2549    0.61100    0.00992
 11.5750   56.57708  329.09415   37.5738  137.2706    0.61000    0.00839
 11.5833   56.71917  329.40533   37.5709  137.2863    0.58800    0.00515
 11.5917   56.86122  329.71799   37.5681  137.3019    0.56200    0.00359
 11.6000   57.00324  330.03217   37.5651  137.3175    0.56400    0.00388
 11.6083   57.14521  330.34790   37.5621  137.3330    0.54500    0.00839
 11.6167   57.28714  330.66516   37.5591  137.3485    0.53300    0.00652
 11.6250   57.42902  330.98401   37.5560  137.3640    0.51500    0.00503
 11.6333   57.57085  331.30450   37.5529  137.3794    0.49900   -0.00203
 11.6417   57.71262  331.62659   37.5497  137.3947    0.47100   -0.00662
 11.6500   57.85434  331.95035   37.5465  137.4101    0.46300   -0.00499
 11.6583   57.99599  332.27579   37.5432  137.4253    0.46800   -0.00985
 11.6667   58.13757  332.60294   37.5399  137.4406    0.41700   -0.01783
 11.6750   58.27909  332.93182   37.5365  137.4558    0.39900   -0.02520
 11.6833   58.42053  333.26245   37.5331  137.4709    0.40900   -0.02770
 11.6917   58.56189  333.59491   37.5297  137.4860    0.37700   -0.02174
 11.7000   58.70317  333.92917   37.5262  137.5011    0.39100   -0.01781
 11.7083   58.84436  334.26526   37.5226  137.5161    0.39800   -0.00633
 11.7167   58.98547  334.60324   37.5190  137.5311    0.39600    0.00108
 11.7250   59.12647  334.94312   37.5154  137.5460    0.39700   -0.00483
 11.7333   59.26737  335.28494   37.5117  137.5609    0.35800   -0.01250
 11.7417   59.40817  335.62875   37.5080  137.5757    0.34900   -0.01703
 11.7500   59.54886  335.97452   37.5042  137.5906    0.36300   -0.01044
 11.7583   59.68943  336.32233   37.5004  137.6053    0.36500   -0.00845
 11.7667   59.82988  336.67221   37.4965  137.6200    0.34500    0.00049
 11.7750   59.97021  337.02417   37.4926  137.6347    0.38600    0.01076
 11.7833   60.11040  337.37827   37.4886  137.6494    0.39300    0.02189
 11.7917   60.25046  337.73450   37.4846  137.6640    0.37500    0.01332
 11.8000   60.39038  338.09293   37.4806  137.6785    0.34500    0.00201
 11.8083   60.53014  338.45361   37.4765  137.6930    0.34000   -0.00860
 11.8167   60.66975  338.81653   37.4723  137.7075    0.32400   -0.00777
 11.8250   60.80920  339.18176   37.4681  137.7219    0.33300   -0.00714
 11.8333   60.94848  339.54932   37.4639  137.7363    0.32900    0.00682
 11.8417   61.08759  339.91925   37.4596  137.7507    0.35700    0.01716
 11.8500   61.22652  340.29160   37.4553  137.7650    0.35400    0.02323
 11.8583   61.36527  340.66638   37.4510  137.7792    0.33200    0.02125
 11.8667   61.50381  341.04364   37.4466  137.7935    0.32900    0.01382
 11.8750   61.64216  341.42343   37.4421  137.8076    0.30200    0.00816
 11.8833   61.78030  341.80579   37.4376  137.8218    0.28500    0.00189
 11.8917   61.91822  342.19073   37.4331  137.8359    0.28000   -0.00404
 11.9000   62.05592  342.57831   37.4285  137.8499    0.25700    0.00268
 11.9083   62.19339  342.96860   37.4239  137.8640    0.28300    0.00542
 11.9167   62.33062  343.36160   37.4192  137.8780    0.26500    0.01450
 11.9250   62.46760  343.75739   37.4145  137.8919    0.26000    0.01053
 11.9333   62.60433  344.15594   37.4097  137.9058    0.24000    0.00637
 11.9417   62.74079  344.55740   37.4049  137.9197    0.22100   -0.00872
 11.9500   62.87698  344.96173   37.4001  137.9335    0.18200   -0.01954
 11.9583   63.01289  345.36902   37.3952  137.9473    0.18000   -0.02908
 11.9667   63.14850  345.77927   37.3902  137.9610    0.16800   -0.02252
 11.9750   63.28382  346.19257   37.3853  137.9747    0.18500   -0.01868
 11.9833   63.41882  346.60895   37.3802  137.9884    0.17700   -0.01493
 11.9917   63.55350  347.02847   37.3752  138.0020    0.16500   -0.01915
 12.0000   63.68786  347.45114   37.3700  138.0156    0.15700   -0.02211
 12.0083   63.82187  347.87708   37.3649  138.0292    0.15400   -0.02078
 12.0167   63.95553  348.30624   37.3597  138.0427    0.16100   -0.01416
 12.0250   64.08883  348.73874   37.3544  138.0561    0.17500   -0.00953
 12.0333   64.22176  349.17459   37.3491  138.0696    0.17100   -0.01018
 12.0417   64.35430  349.61389   37.3438  138.0830    0.16500   -0.01460
 12.0500   64.48645  350.05664   37.3384  138.0963    0.17200   -0.01492
 12.0583   64.61819  350.50290   37.3330  138.1096    0.18400   -0.01878
 12.0667   64.74951  350.95276   37.3275  138.1229    0.16900   -0.02020
 12.0750   64.88040  351.40622   37.3220  138.1362    0.18500   -0.02061
 12.0833   65.01085  351.86337   37.3165  138.1494    0.20200   -0.01122
 12.0917   65.14083  352.32422   37.3109  138.1625    0.21700   -0.00241
 12.1000   65.27035  352.78888   37.3052  138.1757    0.22700    0.00370
 12.1083   65.39938  353.25735   37.2995  138.1887    0.23100    0.00930
 12.1167   65.52792  353.72974   37.2938  138.2018    0.24100    0.02343
 12.1250   65.65595  354.20605   37.2880  138.2148    0.27700    0.03806
 12.1333   65.78345  354.68634   37.2822  138.2278    0.28100    0.05225
 12.1417   65.91041  355.17068   37.2763  138.2407    0.28800    0.05769
 12.1500   66.03681  355.65915   37.2704  138.2536    0.29300    0.06067
 12.1583   66.16264  356.15176   37.2645  138.2665    0.28400    0.04503
 12.1667   66.28789  356.64856   37.2585  138.2793    0.22500    0.02580
 12.1750   66.41254  357.14966   37.2524  138.2921    0.21200    0.01492
 12.1833   66.53657  357.65506   37.2463  138.3048    0.22400    0.00978
 12.1917   66.65996  358.16483   37.2402  138.3175    0.17900    0.01056
 12.2000   66.78271  358.67902   37.2340  138.3302    0.18200    0.01147
 12.2083   66.90478  359.19769   37.2278  138.3428    0.19100    0.01906
 12.2167   67.02617  359.72089   37.2215  138.3554    0.16400    0.01921
 12.2250   67.14686    0.24868   37.2152  138.3680    0.14000    0.00738
 12.2333   67.26682    0.78110   37.2088  138.3804    0.11000   -0.00615
 12.2417   67.38605    1.31822   37.2024  138.3929    0.07900   -0.01805
 12.2500   67.50451    1.86007   37.1960  138.4054    0.06500   -0.03158
 12.2583   67.62220    2.40671   37.1894  138.4178    0.03500   -0.04210
 12.2667   67.73909    2.95820   37.1829  138.4301    0.01800   -0.04573
 12.2750   67.85516    3.51456   37.1763  138.4424    0.02900   -0.04413
 12.2833   67.97039    4.07587   37.1697  138.4547    0.01900   -0.04477
 12.2917   68.08477    4.64216   37.1630  138.4669    0.00000   -0.04416
 12.3000   68.19826    5.21347   37.1562  138.4791    0.02100   -0.04020
 12.3083   68.31086    5.78985   37.1495  138.4913    0.02900   -0.03268
 12.3167   68.42253    6.37135   37.1426  138.5034    0.03000   -0.02912
 12.3250   68.53326    6.95800   37.1358  138.5155    0.04700   -0.03123
 12.3333   68.64301    7.54985   37.1288  138.5275    0.04700   -0.03569
 12.3417   68.75178    8.14693   37.1219  138.5395    0.05000   -0.04704
 12.3500   68.85954    8.74927   37.1149  138.5515    0.05400   -0.05351
 12.3583   68.96626    9.35691   37.1078  138.5634    0.07700   -0.05132
 12.3667   69.07191    9.96988   37.1007  138.5753    0.11600   -0.04118
 12.3750   69.17648   10.58822   37.0935  138.5871    0.15300   -0.03493
 12.3833   69.27995   11.21194   37.0863  138.5989    0.17300   -0.03420
 12.3917   69.38227   11.84106   37.0791  138.6106    0.19800   -0.03496
 12.4000   69.48344   12.47562   37.0718  138.6223    0.23400   -0.02400
 12.4083   69.58342   13.11563   37.0644  138.6339    0.29100   -0.01830
 12.4167   69.68220   13.76109   37.0570  138.6456    0.30400   -0.01309
 12.4250   69.77973   14.41203   37.0496  138.6571    0.34400   -0.01159
 12.4333   69.87600   15.06845   37.0421  138.6686    0.39500    0.00101
 12.4417   69.97098   15.73035   37.0346  138.6801    0.44600    0.00836
 12.4500   70.06464   16.39774   37.0270  138.6915    0.47100    0.02924
 12.4583   70.15695   17.07060   37.0193  138.7029    0.56700    0.01945
 12.4667   70.24789   17.74894   37.0117  138.7143    0.52400    0.01687
 12.4750   70.33743   18.43274   37.0039  138.7255    0.57300   -0.01203
 12.4833   70.42554   19.12198   36.9962  138.7368    0.58700   -0.01400
 12.4917   70.51220   19.81664   36.9883  138.7480    0.63200   -0.01169
 12.5000   70.59737   20.51669   36.9805  138.7591    0.70000   -0.01527
 12.5083   70.68102   21.22210   36.9726  138.7702    0.70400   -0.03141
 12.5167   70.76313   21.93284   36.9646  138.7812    0.71400   -0.04200
 12.5250   70.84367   22.64886   36.9566  138.7922    0.79900   -0.04048
 12.5333   70.92260   23.37012   36.9485  138.8032    0.84200   -0.03228
 12.5417   70.99991   24.09656   36.9404  138.8141    0.87400   -0.04504
 12.5500   71.07555   24.82812   36.9323  138.8249    0.90200   -0.05837
 12.5583   71.14951   25.56474   36.9241  138.8357    0.94900   -0.05622
 12.5667   71.22174   26.30635   36.9159  138.8464    1.04200   -0.04219
 12.5750   71.29223   27.05286   36.9076  138.8571    1.11200   -0.00745
 12.5833   71.36094   27.80421   36.8993  138.8677    1.22300    0.00287
 12.5917   71.42784   28.56030   36.8909  138.8783    1.23500   -0.00684
 12.6000   71.49291   29.32103   36.8825  138.8888    1.24300   -0.01409
 12.6083   71.55611   30.08630   36.8740  138.8992    1.36400   -0.00567
 12.6167   71.61742   30.85600   36.8655  138.9096    1.42400    0.02327
 12.6250   71.67680   31.63003   36.8570  138.9200    1.49500    0.03805
 12.6333   71.73424   32.40826   36.8484  138.9302    1.57600    0.06261
 12.6417   71.78969   33.19055   36.8398  138.9405    1.67500    0.06808
 12.6500   71.84314   33.97679   36.8311  138.9506    1.68900    0.04512
 12.6583   71.89455   34.76683   36.8224  138.9607    1.68000    0.00395
 12.6667   71.94390   35.56053   36.8137  138.9708    1.71600   -0.01760
 12.6750   71.99116   36.35773   36.8049  138.9808    1.79200   -0.02737
 12.6833   72.03631   37.15828   36.7961  138.9907    1.82200   -0.04761
 12.6917   72.07931   37.96201   36.7873  139.0006    1.82800   -0.06018
 12.7000   72.12015   38.76876   36.7784  139.0104    1.92300   -0.05188
 12.7083   72.15879   39.57835   36.7694  139.0202    2.01200   -0.01822
 12.7167   72.19522   40.39061   36.7605  139.0298    2.09300    0.00419
 12.7250   72.22941   41.20535   36.7515  139.0395    2.14800    0.01953
 12.7333   72.26134   42.02237   36.7425  139.0490    2.21000    0.02508
 12.7417   72.29098   42.84150   36.7334  139.0585    2.25600    0.04267
 12.7500   72.31832   43.66254   36.7243  139.0680    2.34700    0.05311
 12.7583   72.34333   44.48527   36.7152  139.0774    2.37900    0.07481
 12.7667   72.36599   45.30951   36.7061  139.0867    2.45100    0.06628
 12.7750   72.38629   46.13503   36.6969  139.0960    2.43900    0.07151
 12.7833   72.40420   46.96164   36.6877  139.1052    2.50700    0.07905
 12.7917   72.41971   47.78912   36.6784  139.1143    2.57700    0.10148
 12.8000   72.43280   48.61725   36.6692  139.1234    2.60100    0.10720
 12.8083   72.44346   49.44582   36.6599  139.1325    2.61000    0.08896
 12.8167   72.45168   50.27462   36.6506  139.1414    2.60000    0.06675
 12.8250   72.45743   51.10341   36.6413  139.1503    2.60800    0.03199
 12.8333   72.46070   51.93200   36.6319  139.1592    2.57000    0.00049
 12.8417   72.46149   52.76015   36.6225  139.1680    2.56500   -0.03231
 12.8500   72.45979   53.58765   36.6131  139.1768    2.56300   -0.05272
 12.8583   72.45558   54.41428   36.6037  139.1855    2.56600   -0.06689
 12.8667   72.44886   55.23983   36.5942  139.1941    2.58000   -0.06467
 12.8750   72.43962   56.06407   36.5848  139.2027    2.62500   -0.04828
 12.8833   72.42786   56.88681   36.5753  139.2112    2.66500   -0.02908
 12.8917   72.41356   57.70782   36.5658  139.2197    2.68400   -0.01382
 12.9000   72.39673   58.52690   36.5563  139.2281    2.72000   -0.01282
 12.9083   72.37737   59.34384   36.5467  139.2365    2.71800   -0.00754
 12.9167   72.35546   60.15844   36.5372  139.2449    2.75400    0.00066
 12.9250   72.33102   60.97051   36.5276  139.2531    2.80200    0.02566
 12.9333   72.30405   61.77985   36.5180  139.2614    2.85200    0.04640
 12.9417   72.27453   62.58627   36.5084  139.2696    2.87100    0.04502
 12.9500   72.24249   63.38958   36.4988  139.2777    2.84600    0.03764
 12.9583   72.20792   64.18961   36.4892  139.2858    2.87400    0.03393
 12.9667   72.17082   64.98618   36.4795  139.2939    2.90100    0.05078
 12.9750   72.13121   65.77911   36.4698  139.3019    2.93300    0.06151
 12.9833   72.08909   66.56826   36.4602  139.3099    2.93100    0.06795
 12.9917   72.04448   67.35344   36.4505  139.3179    2.93000    0.07686
 13.0000   71.99737   68.13452   36.4408  139.3258    2.95200    0.06787
 13.0083   71.94778   68.91135   36.4310  139.3337    2.87300    0.06128
 13.0167   71.89572   69.68378   36.4213  139.3415    2.85600    0.06897
 13.0250   71.84120   70.45168   36.4116  139.3493    2.89800    0.10027
 13.0333   71.78425   71.21492   36.4018  139.3571    2.87400    0.14879
 13.0417   71.72486   71.97338   36.3920  139.3648    2.88900    0.18073
 13.0500   71.66305   72.72694   36.3822  139.3725    2.85900    0.19702
 13.0583   71.59885   73.47550   36.3724  139.3802    2.76400    0.18297
 13.0667   71.53227   74.21894   36.3626  139.3878    2.66500    0.16180
 13.0750   71.46332   74.95717   36.3527  139.3955    2.59200    0.13289
 13.0833   71.39202   75.69011   36.3429  139.4031    2.45000    0.10991
 13.0917   71.31839   76.41766   36.3330  139.4106    2.35200    0.07723
 13.1000   71.24245   77.13975   36.3231  139.4182    2.23700    0.05860
 13.1083   71.16422   77.85630   36.3132  139.4257    2.12900    0.01874
 13.1167   71.08372   78.56725   36.3033  139.4332    1.95300    0.00010
 13.1250   71.00097   79.27253   36.2934  139.4407    1.88700   -0.00692
 13.1333   70.91600   79.97210   36.2834  139.4482    1.80100   -0.00013
 13.1417   70.82881   80.66590   36.2734  139.4556    1.65700   -0.01146
 13.1500   70.73944   81.35389   36.2635  139.4630    1.52500   -0.03497
 13.1583   70.64791   82.03603   36.2534  139.4704    1.39100   -0.05169
 13.1667   70.55424   82.71228   36.2434  139.4778    1.26400   -0.03666
 13.1750   70.45846   83.38263   36.2334  139.4852    1.23500   -0.01155
 13.1833   70.36058   84.04704   36.2233  139.4925    1.14300    0.02414
 13.1917   70.26063   84.70549   36.2132  139.4999    1.05600    0.02534
 13.2000   70.15864   85.35798   36.2031  139.5072    0.92900    0.01972
 13.2083   70.05463   86.00450   36.1929  139.5145    0.82600    0.00511
 13.2167   69.94862   86.64503   36.1828  139.5218    0.72600   -0.03461
 13.2250   69.84064   87.27958   36.1726  139.5291    0.53800   -0.09945
 13.2333   69.73071   87.90815   36.1624  139.5364    0.37900   -0.15702
 13.2417   69.61886   88.53074   36.1522  139.5436    0.32900   -0.18107
 13.2500   69.50512   89.14737   36.1419  139.5509    0.27400   -0.18196
 13.2583   69.38950   89.75805   36.1316  139.5581    0.21500   -0.20211
 13.2667   69.27203   90.36280   36.1213  139.5654    0.12900   -0.22462
 13.2750   69.15273   90.96163   36.1110  139.5726    0.08800   -0.24198
 13.2833   69.03164   91.55457   36.1006  139.5798    0.06700   -0.23074
 13.2917   68.90878   92.14164   36.0903  139.5870    0.09600   -0.19877
 13.3000   68.78416   92.72288   36.0798  139.5942    0.14900   -0.16700
 13.3083   68.65782   93.29831   36.0694  139.6014    0.16000   -0.14165
 13.3167   68.52978   93.86797   36.0589  139.6086    0.20200   -0.12290
 13.3250   68.40007   94.43188   36.0484  139.6157    0.26200   -0.07992
 13.3333   68.26870   94.99010   36.0379  139.6229    0.37100   -0.03464
 13.3417   68.13571   95.54265   36.0273  139.6301    0.43600   -0.00461
 13.3500   68.00111   96.08957   36.0167  139.6372    0.46500   -0.01027
 13.3583   67.86493   96.63092   36.0061  139.6444    0.47700   -0.01103
 13.3667   67.72719   97.16672   35.9954  139.6515    0.57100    0.00571
 13.3750   67.58792   97.69704   35.9847  139.6586    0.66200    0.03116
 13.3833   67.44714   98.22191   35.9740  139.6658    0.70300    0.04483
 13.3917   67.30488   98.74138   35.9632  139.6729    0.75900    0.04203
 13.4000   67.16115   99.25550   35.9524  139.6800    0.79700    0.03467
 13.4083   67.01598   99.76432   35.9416  139.6871    0.82400    0.03101
 13.4167   66.86939  100.26789   35.9307  139.6943    0.88800    0.03197
 13.4250   66.72140  100.76626   35.9198  139.7014    0.93300    0.03910
 13.4333   66.57204  101.25948   35.9089  139.7085    0.97100    0.03475
 13.4417   66.42132  101.74761   35.8979  139.7156    0.99200    0.02302
 13.4500   66.26927  102.23070   35.8869  139.7227    1.00800    0.01331
 13.4583   66.11591  102.70879   35.8758  139.7298    1.04800    0.00869
 13.4667   65.96126  103.18195   35.8647  139.7368    1.08200    0.00958
 13.4750   65.80533  103.65023   35.8536  139.7439    1.11500    0.01684
 13.4833   65.64816  104.11368   35.8424  139.7510    1.17500    0.02772
 13.4917   65.48976  104.57236   35.8312  139.7581    1.21900    0.02279
 13.5000   65.33015  105.02632   35.8199  139.7652    1.19800    0.00293
 13.5083   65.16934  105.47561   35.8086  139.7723    1.20700   -0.02785
 13.5167   65.00737  105.92029   35.7972  139.7794    1.21500   -0.04721
 13.5250   64.84424  106.36042   35.7859  139.7864    1.23700   -0.04666
 13.5333   64.67998  106.79605   35.7744  139.7935    1.31900   -0.03387
 13.5417   64.51460  107.22722   35.7630  139.8006    1.37500   -0.01977
 13.5500   64.34813  107.65401   35.7514  139.8076    1.40700   -0.02168
 13.5583   64.18058  108.07645   35.7399  139.8147    1.44000   -0.03492
 13.5667   64.01196  108.49460   35.7283  139.8218    1.46000   -0.04812
 13.5750   63.84231  108.90853   35.7166  139.8288    1.49000   -0.05716
 13.5833   63.67162  109.31827   35.7049  139.8359    1.53600   -0.05171
 13.5917   63.49992  109.72388   35.6932  139.8430    1.60500   -0.02703
 13.6000   63.32723  110.12542   35.6814  139.8501    1.70400   -0.00178
 13.6083   63.15357  110.52293   35.6695  139.8571    1.75900    0.02309
 13.6167   62.97894  110.91647   35.6576  139.8642    1.83000    0.04010
 13.6250   62.80337  111.30608   35.6457  139.8712    1.90000    0.05311
 13.6333   62.62686  111.69183   35.6337  139.8783    1.93500    0.06117
 13.6417   62.44944  112.07375   35.6217  139.8854    1.98400    0.05345
 13.6500   62.27113  112.45189   35.6096  139.8925    1.99800    0.03935
 13.6583   62.09193  112.82632   35.5975  139.8995    2.00600    0.02131
 13.6667   61.91185  113.19707   35.5853  139.9066    2.03700    0.01694
 13.6750   61.73093  113.56419   35.5731  139.9137    2.09200    0.03646
 13.6833   61.54916  113.92773   35.5608  139.9207    2.17600    0.05746
 13.6917   61.36657  114.28774   35.5484  139.9278    2.20700    0.06054
 13.7000   61.18316  114.64425   35.5360  139.9349    2.19400    0.04770
 13.7083   60.99895  114.99733   35.5236  139.9420    2.21600    0.02995
 13.7167   60.81396  115.34702   35.5111  139.9491    2.22200    0.01615
 13.7250   60.62819  115.69335   35.4985  139.9561    2.21600   -0.00980
 13.7333   60.44166  116.03637   35.4859  139.9632    2.19300   -0.02606
 13.7417   60.25438  116.37613   35.4733  139.9703    2.23000   -0.02830
 13.7500   60.06637  116.71266   35.4605  139.9774    2.27100   -0.00713
 13.7583   59.87764  117.04602   35.4478  139.9845    2.32500    0.01469
 13.7667   59.68820  117.37625   35.4349  139.9916    2.35400    0.02621
 13.7750   59.49805  117.70337   35.4220  139.9987    2.34900    0.02888
 13.7833   59.30722  118.02744   35.4091  140.0058    2.36400    0.02621
 13.7917   59.11572  118.34850   35.3961  140.0129    2.37400    0.02751
 13.8000   58.92355  118.66658   35.3830  140.0201    2.38500    0.02554
 13.8083   58.73072  118.98172   35.3699  140.0272    2.39300    0.02497
 13.8167   58.53726  119.29397   35.3567  140.0343    2.41400    0.02444
 13.8250   58.34316  119.60335   35.3434  140.0415    2.42700    0.02359
 13.8333   58.14845  119.90991   35.3301  140.0486    2.43200    0.00524
 13.8417   57.95312  120.21369   35.3168  140.0557    2.38600   -0.01444
 13.8500   57.75720  120.51471   35.3033  140.0629    2.38800   -0.04059
 13.8583   57.56068  120.81302   35.2898  140.0701    2.36700   -0.04005
 13.8667   57.36359  121.10865   35.2763  140.0772    2.41300   -0.03023
 13.8750   57.16593  121.40164   35.2626  140.0844    2.44800   -0.00800
 13.8833   56.96770  121.69201   35.2490  140.0916    2.47000    0.01213
 13.8917   56.76893  121.97981   35.2352  140.0988    2.50700    0.01842
 13.9000   56.56962  122.26506   35.2214  140.1060    2.49200    0.01722
 13.9083   56.36977  122.54780   35.2075  140.1132    2.48900    0.01374
 13.9167   56.16941  122.82806   35.1935  140.1204    2.52100    0.00648
 13.9250   55.96853  123.10587   35.1795  140.1277    2.50000   -0.00033
 13.9333   55.76715  123.38126   35.1654  140.1349    2.50600   -0.00799
 13.9417   55.56527  123.65427   35.1513  140.1422    2.54300   -0.01420
 13.9500   55.36290  123.92492   35.1370  140.1494    2.53000   -0.02169
 13.9583   55.16006  124.19324   35.1227  140.1567    2.53000   -0.03730
 13.9667   54.95675  124.45926   35.1084  140.1640    2.53500   -0.04725
 13.9750   54.75298  124.72301   35.0939  140.1713    2.54100   -0.04209
 13.9833   54.54875  124.98452   35.0794  140.1786    2.59700   -0.02910
 13.9917   54.34408  125.24382   35.0648  140.1859    2.63200   -0.01224
 14.0000   54.13897  125.50093   35.0501  140.1933    2.65500    0.00031
 14.0083   53.93343  125.75588   35.0354  140.2006    2.70000    0.00753
 14.0167   53.72747  126.00869   35.0206  140.2080    2.72200    0.01162
 14.0250   53.52109  126.25940   35.0057  140.2154    2.73800    0.00157
 14.0333   53.31431  126.50802   34.9907  140.2227    2.73400   -0.00422
 14.0417   53.10713  126.75459   34.9757  140.2302    2.77200   -0.00428
 14.0500   52.89956  126.99912   34.9606  140.2376    2.81200   -0.00437
 14.0583   52.69161  127.24165   34.9453  140.2450    2.81200   -0.01215
 14.0667   52.48327  127.48219   34.9301  140.2525    2.82400   -0.01587
 14.0750   52.27457  127.72077   34.9147  140.2600    2.88000   -0.01335
 14.0833   52.06550  127.95741   34.8992  140.2675    2.90200    0.00095
 14.0917   51.85607  128.19214   34.8837  140.2750    2.95700    0.00708
 14.1000   51.64630  128.42497   34.8681  140.2825    2.98300    0.00555
 14.1083   51.43618  128.65594   34.8524  140.2901    2.97900   -0.00857
 14.1167   51.22572  128.88506   34.8366  140.2976    2.99300   -0.01971
 14.1250   51.01494  129.11234   34.8207  140.3052    3.03400   -0.02088
 14.1333   50.80383  129.33781   34.8047  140.3128    3.06800   -0.01653
 14.1417   50.59240  129.56149   34.7887  140.3205    3.10300   -0.00986
 14.1500   50.38066  129.78343   34.7725  140.3281    3.15400   -0.01076
 14.1583   50.16862  130.00362   34.7563  140.3358    3.16300   -0.01357
 14.1667   49.95627  130.22206   34.7400  140.3435    3.19200   -0.01539
 14.1750   49.74364  130.43880   34.7236  140.3512    3.24600   -0.00701
 14.1833   49.53071  130.65385   34.7071  140.3590    3.29200    0.00657
 14.1917   49.31751  130.86725   34.6904  140.3668    3.34100    0.01407
 14.2000   49.10403  131.07898   34.6737  140.3746    3.37400    0.01056
 14.2083   48.89028  131.28908   34.6569  140.3824    3.38100    0.00492
 14.2167   48.67626  131.49757   34.6400  140.3902    3.42400   -0.00320
 14.2250   48.46199  131.70445   34.6231  140.3981    3.44800    0.00417
 14.2333   48.24746  131.90976   34.6060  140.4060    3.51500    0.00689
 14.2417   48.03268  132.11349   34.5888  140.4140    3.53900    0.01081
 14.2500   47.81767  132.31569   34.5715  140.4219    3.56700    0.00217
 14.2583   47.60241  132.51636   34.5540  140.4299    3.58300   -0.00357
 14.2667   47.38693  132.71550   34.5365  140.4379    3.61500   -0.00901
 14.2750   47.17121  132.91315   34.5189  140.4460    3.64100   -0.00435
 14.2833   46.95528  133.10930   34.5012  140.4541    3.69500    0.00475
 14.2917   46.73913  133.30400   34.4834  140.4622    3.74700    0.01127
 14.3000   46.52276  133.49724   34.4654  140.4704    3.76400    0.01744
 14.3083   46.30619  133.68904   34.4474  140.4785    3.81800    0.01225
 14.3167   46.08942  133.87941   34.4292  140.4868    3.82100    0.00731
 14.3250   45.87246  134.06837   34.4109  140.4950    3.83900   -0.00292
 14.3333   45.65530  134.25595   34.3925  140.5033    3.87300   -0.01105
 14.3417   45.43795  134.44212   34.3740  140.5117    3.88900   -0.01406
 14.3500   45.22042  134.62695   34.3554  140.5200    3.93000   -0.01646
 14.3583   45.00271  134.81042   34.3366  140.5284    3.96900   -0.00985
 14.3667   44.78483  134.99254   34.3177  140.5369    4.02200   -0.01113
 14.3750   44.56679  135.17332   34.2988  140.5454    4.03200   -0.01326
 14.3833   44.34857  135.35281   34.2796  140.5539    4.06700   -0.02489
 14.3917   44.13020  135.53098   34.2604  140.5625    4.08400   -0.02435
 14.4000   43.91167  135.70786   34.2410  140.5711    4.14900   -0.01847
 14.4083   43.69299  135.88345   34.2215  140.5797    4.21200   -0.00995
 14.4167   43.47417  136.05780   34.2019  140.5884    4.24300   -0.01014
 14.4250   43.25520  136.23088   34.1821  140.5972    4.27300   -0.01079
 14.4333   43.03609  136.40271   34.1622  140.6060    4.33500   -0.01245
 14.4417   42.81685  136.57332   34.1422  140.6148    4.36300   -0.00616
 14.4500   42.59748  136.74271   34.1220  140.6237    4.42500   -0.00910
 14.4583   42.37799  136.91087   34.1017  140.6326    4.44800    0.00473
 14.4667   42.15837  137.07785   34.0813  140.6416    4.54500    0.01603
 14.4750   41.93863  137.24364   34.0607  140.6507    4.59700    0.03212
 14.4833   41.71878  137.40823   34.0399  140.6597    4.63600    0.03061
 14.4917   41.49882  137.57169   34.0190  140.6689    4.65400    0.02580
 14.5000   41.27876  137.73396   33.9980  140.6781    4.68500    0.02666
 14.5083   41.05859  137.89510   33.9768  140.6873    4.74400    0.03184
 14.5167   40.83832  138.05508   33.9555  140.6966    4.77400    0.03537
 14.5250   40.61796  138.21396   33.9340  140.7060    4.79200    0.03892
 14.5333   40.39751  138.37170   33.9124  140.7154    4.84100    0.03623
 14.5417   40.17697  138.52835   33.8906  140.7249    4.83700    0.03720
 14.5500   39.95635  138.68388   33.8686  140.7344    4.85900    0.03144
 14.5583   39.73564  138.83833   33.8465  140.7440    4.86900    0.03661
 14.5667   39.51487  138.99171   33.8242  140.7537    4.90100    0.03559
 14.5750   39.29401  139.14401   33.8017  140.7634    4.89000    0.03816
 14.5833   39.07309  139.29524   33.7791  140.7732    4.91100    0.03096
 14.5917   38.85211  139.44542   33.7563  140.7830    4.89600    0.02758
 14.6000   38.63106  139.59454   33.7333  140.7929    4.89700    0.01369
 14.6083   38.40995  139.74265   33.7102  140.8029    4.86800    0.00661
 14.6167   38.18879  139.88969   33.6868  140.8130    4.88000   -0.00737
 14.6250   37.96757  140.03574   33.6633  140.8231    4.85100   -0.01285
 14.6333   37.74631  140.18076   33.6396  140.8333    4.86100   -0.02704
 14.6417   37.52500  140.32478   33.6158  140.8436    4.83800   -0.03213
 14.6500   37.30364  140.46779   33.5917  140.8539    4.85200   -0.04006
 14.6583   37.08225  140.60982   33.5674  140.8643    4.85400   -0.03824
 14.6667   36.86083  140.75085   33.5430  140.8748    4.88100   -0.04127
 14.6750   36.63937  140.89091   33.5183  140.8854    4.87900   -0.03881
 14.6833   36.41788  141.03001   33.4935  140.8960    4.91300   -0.04315
 14.6917   36.19636  141.16815   33.4684  140.9068    4.91500   -0.03670
 14.7000   35.97482  141.30531   33.4432  140.9176    4.97200   -0.03453
 14.7083   35.75326  141.44154   33.4177  140.9285    4.99400   -0.02453
 14.7167   35.53169  141.57683   33.3920  140.9395    5.03900   -0.02153
 14.7250   35.31010  141.71118   33.3661  140.9505    5.06900   -0.01266
 14.7333   35.08849  141.84460   33.3400  140.9617    5.12500   -0.00335
 14.7417   34.86688  141.97710   33.3137  140.9729    5.17900    0.00051
 14.7500   34.64527  142.10867   33.2871  140.9843    5.18800    0.00512
 14.7583   34.42365  142.23935   33.2603  140.9957    5.25400   -0.00001
 14.7667   34.20203  142.36911   33.2333  141.0072    5.26600    0.00549
 14.7750   33.98042  142.49799   33.2061  141.0189    5.33100    0.00356
 14.7833   33.75881  142.62596   33.1786  141.0306    5.36000    0.00098
 14.7917   33.53721  142.75305   33.1508  141.0424    5.36800   -0.00783
 14.8000   33.31562  142.87926   33.1229  141.0543    5.40200   -0.00895
 14.8083   33.09404  143.00459   33.0946  141.0664    5.47200   -0.00970
 14.8167   32.87249  143.12906   33.0662  141.0785    5.48400   -0.00687
 14.8250   32.65095  143.25267   33.0374  141.0907    5.53900   -0.00286
 14.8333   32.42943  143.37541   33.0084  141.1031    5.61700    0.00335
 14.8417   32.20794  143.49731   32.9792  141.1155    5.64300    0.00060
 14.8500   31.98648  143.61835   32.9497  141.1281    5.65300   -0.00917
 14.8583   31.76504  143.73856   32.9199  141.1408    5.69600   -0.02155
 14.8667   31.54364  143.85793   32.8898  141.1536    5.71000   -0.02344
 14.8750   31.32228  143.97646   32.8594  141.1665    5.77700   -0.01914
 14.8833   31.10095  144.09416   32.8288  141.1795    5.85300   -0.01255
 14.8917   30.87966  144.21104   32.7979  141.1927    5.88200   -0.00118
 14.9000   30.65842  144.32710   32.7667  141.2059    5.97500    0.00194
 14.9083   30.43722  144.44237   32.7352  141.2193    6.00800    0.01044
 14.9167   30.21607  144.55681   32.7033  141.2329    6.06200    0.00309
 14.9250   29.99497  144.67046   32.6712  141.2466    6.06900    0.00861
 14.9333   29.77392  144.78329   32.6388  141.2603    6.17000    0.01076
 14.9417   29.55292  144.89534   32.6060  141.2743    6.20400    0.01786
 14.9500   29.33198  145.00659   32.5729  141.2883    6.23700    0.01024
 14.9583   29.11111  145.11707   32.5395  141.3026    6.25900    0.01678
 14.9667   28.89029  145.22675   32.5058  141.3169    6.37000    0.01651
 14.9750   28.66954  145.33566   32.4717  141.3314    6.36500    0.01835
 14.9833   28.44885  145.44380   32.4373  141.3460    6.39400    0.00934
 14.9917   28.22823  145.55116   32.4025  141.3608    6.44600    0.00758
 15.0000   28.00769  145.65778   32.3674  141.3758    6.48200    0.00364
 15.0083   27.78721  145.76361   32.3319  141.3909    6.50200   -0.01311
 15.0167   27.56681  145.86868   32.2961  141.4061    6.48200   -0.02644
 15.0250   27.34649  145.97301   32.2598  141.4215    6.53500   -0.02620
 15.0333   27.12625  146.07658   32.2232  141.4371    6.63200   -0.02102
 15.0417   26.90609  146.17941   32.1863  141.4529    6.64600   -0.01878
 15.0500   26.68601  146.28151   32.1489  141.4688    6.68500   -0.02419
 15.0583   26.46602  146.38284   32.1111  141.4848    6.74300   -0.01957
 15.0667   26.24612  146.48346   32.0729  141.5011    6.81800   -0.01076
 15.0750   26.02630  146.58334   32.0344  141.5175    6.88700   -0.01011
 15.0833   25.80658  146.68248   31.9954  141.5341    6.90000   -0.00854
 15.0917   25.58695  146.78090   31.9559  141.5509    6.98100   -0.01602
 15.1000   25.36742  146.87860   31.9161  141.5679    7.00400   -0.01312
 15.1083   25.14799  146.97559   31.8758  141.5851    7.08400   -0.00747
 15.1167   24.92865  147.07184   31.8351  141.6024    7.18200    0.00105
 15.1250   24.70942  147.16737   31.7939  141.6200    7.21800    0.01088
 15.1333   24.49029  147.26222   31.7522  141.6377    7.30500    0.01667
 15.1417   24.27127  147.35635   31.7101  141.6557    7.38000    0.01964
 15.1500   24.05235  147.44977   31.6675  141.6738    7.39700    0.01944
 15.1583   23.83355  147.54250   31.6245  141.6922    7.46100    0.01325
 15.1667   23.61485  147.63452   31.5809  141.7108    7.50000    0.01576
 15.1750   23.39627  147.72585   31.5368  141.7296    7.57300    0.01583
 15.1833   23.17781  147.81648   31.4923  141.7486    7.62400    0.01190
 15.1917   22.95945  147.90642   31.4472  141.7678    7.63800   -0.00150
 15.2000   22.74122  147.99568   31.4016  141.7872    7.65000   -0.00719
 15.2083   22.52311  148.08424   31.3554  141.8069    7.74700   -0.01113
 15.2167   22.30512  148.17213   31.3087  141.8269    7.76500   -0.01386
 15.2250   22.08726  148.25934   31.2615  141.8470    7.78000   -0.01632
 15.2333   21.86952  148.34587   31.2137  141.8674    7.87900   -0.01293
 15.2417   21.65190  148.43172   31.1653  141.8881    7.93800   -0.00438
 15.2500   21.43442  148.51691   31.1163  141.9090    7.99100   -0.00403
 15.2583   21.21707  148.60141   31.0668  141.9301    8.03400    0.00119
 15.2667   20.99985  148.68526   31.0166  141.9515    8.12400    0.00573
 15.2750   20.78276  148.76843   30.9659  141.9732    8.17200    0.00915
 15.2833   20.56581  148.85094   30.9145  141.9951    8.21000    0.00061
 15.2917   20.34899  148.93279   30.8625  142.0173    8.21800   -0.00493
 15.3000   20.13232  149.01398   30.8098  142.0398    8.28500    0.00019
 15.3083   19.91578  149.09451   30.7565  142.0625    8.39700    0.00951
 15.3167   19.69939  149.17438   30.7025  142.0856    8.43700    0.01567
 15.3250   19.48314  149.25362   30.6479  142.1089    8.48400    0.01034
 15.3333   19.26704  149.33218   30.5925  142.1326    8.51700    0.00808
 15.3417   19.05108  149.41010   30.5365  142.1565    8.58000    0.00287
 15.3500   18.83527  149.48738   30.4797  142.1807    8.60500   -0.00229
 15.3583   18.61961  149.56401   30.4222  142.2052    8.63400   -0.01257
 15.3667   18.40410  149.63998   30.3640  142.2301    8.66200   -0.01903
 15.3750   18.18875  149.71535   30.3050  142.2552    8.72200   -0.01907
 15.3833   17.97355  149.79004   30.2453  142.2807    8.80600   -0.01754
 15.3917   17.75850  149.86411   30.1848  142.3065    8.85000   -0.01577
 15.4000   17.54361  149.93753   30.1235  142.3327    8.91200   -0.01222
 15.4083   17.32888  150.01031   30.0614  142.3592    9.01300   -0.01107
 15.4167   17.11431  150.08247   29.9985  142.3860    9.04400   -0.01484
 15.4250   16.89990  150.15401   29.9347  142.4132    9.07600   -0.02761
 15.4333   16.68566  150.22491   29.8702  142.4407    9.11800   -0.02798
 15.4417   16.47158  150.29518   29.8047  142.4686    9.25000   -0.02279
 15.4500   16.25766  150.36482   29.7384  142.4969    9.33500   -0.01327
 15.4583   16.04391  150.43382   29.6712  142.5255    9.41600   -0.00678
 15.4667   15.83033  150.50221   29.6031  142.5545    9.52700   -0.00715
 15.4750   15.61692  150.56999   29.5341  142.5839    9.55800   -0.00118
 15.4833   15.40368  150.63715   29.4641  142.6136    9.68900   -0.00561
 15.4917   15.19061  150.70366   29.3932  142.6438    9.72600   -0.00400
 15.5000   14.97772  150.76958   29.3213  142.6744    9.81800   -0.00284
 15.5083   14.76500  150.83485   29.2485  142.7053    9.95600    0.00216
 15.5167   14.55246  150.89954   29.1747  142.7367   10.03400    0.00586
 15.5250   14.34009  150.96359   29.0998  142.7685   10.11800    0.00074
 15.5333   14.12791  151.02702   29.0239  142.8007   10.18800   -0.00949
 15.5417   13.91590  151.08987   28.9470  142.8334   10.22500   -0.02559
 15.5500   13.70407  151.15208   28.8690  142.8664   10.26200   -0.03327
 15.5583   13.49243  151.21368   28.7900  142.9000   10.40700   -0.03048
 15.5667   13.28097  151.27469   28.7098  142.9339   10.53500   -0.00788
 15.5750   13.06970  151.33508   28.6285  142.9683   10.73500    0.00147
 15.5833   12.85861  151.39487   28.5461  143.0032   10.76700    0.00610
 15.5917   12.64771  151.45404   28.4626  143.0386   10.84800    0.00249
 15.6000   12.43700  151.51260   28.3779  143.0744   10.97500    0.00519
 15.6083   12.22648  151.57059   28.2920  143.1107   11.05200    0.01024
 15.6167   12.01615  151.62794   28.2049  143.1474   11.14800    0.01440
 15.6250   11.80601  151.68469   28.1166  143.1847   11.26900    0.02877
 15.6333   11.59606  151.74084   28.0271  143.2224   11.44000    0.04423
 15.6417   11.38631  151.79642   27.9363  143.2607   11.55500    0.03875
 15.6500   11.17675  151.85136   27.8442  143.2995   11.49900    0.02243
 15.6583   10.96740  151.90572   27.7508  143.3387   11.57200    0.00262
 15.6667   10.75823  151.95947   27.6561  143.3785   11.65200   -0.00413
 15.6750   10.54927  152.01263   27.5602  143.4189   11.70600   -0.01597
 15.6833   10.34051  152.06520   27.4628  143.4597   11.73600   -0.03042
 15.6917   10.13195  152.11716   27.3641  143.5011   11.79200   -0.03675
 15.7000    9.92359  152.16853   27.2640  143.5430   11.91600   -0.03397
 15.7083    9.71544  152.21930   27.1625  143.5855   12.02000   -0.01944
 15.7167    9.50748  152.26949   27.0596  143.6286   12.17100   -0.01030
 15.7250    9.29974  152.31906   26.9552  143.6721   12.23500    0.00687
 15.7333    9.09220  152.36806   26.8494  143.7163   12.40800    0.01302
 15.7417    8.88487  152.41644   26.7422  143.7610   12.46400    0.01719
 15.7500    8.67774  152.46425   26.6334  143.8063   12.52100    0.01944
 15.7583    8.47083  152.51146   26.5231  143.8522   12.68500    0.02149
 15.7667    8.26413  152.55807   26.4113  143.8987   12.74800    0.02375
 15.7750    8.05764  152.60411   26.2980  143.9458   12.81600    0.01333
 15.7833    7.85136  152.64955   26.1830  143.9934   12.86300    0.00699
 15.7917    7.64530  152.69440   26.0666  144.0417   12.95300   -0.00198
 15.8000    7.43945  152.73865   25.9485  144.0905   12.97400   -0.01273
 15.8083    7.23381  152.78230   25.8288  144.1400   13.02000   -0.01856
 15.8167    7.02839  152.82539   25.7074  144.1901   13.14000   -0.01170
 15.8250    6.82319  152.86787   25.5845  144.2408   13.26800    0.00367
 15.8333    6.61821  152.90977   25.4599  144.2922   13.38300    0.01364
 15.8417    6.41345  152.95108   25.3336  144.3441   13.46700    0.01780
 15.8500    6.20891  152.99181   25.2056  144.3967   13.57900    0.01187
 15.8583    6.00459  153.03194   25.0759  144.4499   13.58700    0.00473
 15.8667    5.80050  153.07149   24.9445  144.5038   13.56300    0.00000

