hmax        =    300
wind_bottom =      2
wind_top    =     10
critlon     =      0
tbeg, h     =   0.00
tend, h     =  24.00
c_ionex     =      0
c_vert      =      1
time, gamma, az, latp, lonp, tec, tec_filtered
 15.9500   11.21457  208.90681   27.9135  133.3090   20.76400    0.00000
 15.9583   11.41854  208.93645   28.0008  133.3518   20.67100   -0.00211
 15.9667   11.62278  208.96654   28.0870  133.3940   20.56300    0.00339
 15.9750   11.82731  208.99712   28.1720  133.4356   20.52400    0.00300
 15.9833   12.03211  209.02818   28.2559  133.4768   20.35800    0.01359
 15.9917   12.23719  209.05974   28.3388  133.5174   20.27100    0.02797
 16.0000   12.44255  209.09180   28.4205  133.5575   20.20100    0.04253
 16.0083   12.64818  209.12431   28.5012  133.5972   19.99000    0.05168
 16.0167   12.85409  209.15733   28.5809  133.6363   19.81400    0.04106
 16.0250   13.06027  209.19084   28.6595  133.6749   19.60300    0.03258
 16.0333   13.26672  209.22482   28.7371  133.7131   19.43200    0.02739
 16.0417   13.47345  209.25931   28.8136  133.7507   19.32500    0.00786
 16.0500   13.68044  209.29428   28.8892  133.7879   18.99100   -0.01520
 16.0583   13.88771  209.32974   28.9638  133.8246   18.78700   -0.04874
 16.0667   14.09525  209.36568   29.0375  133.8609   18.59800   -0.05456
 16.0750   14.30305  209.40211   29.1102  133.8967   18.49500   -0.05459
 16.0833   14.51113  209.43904   29.1819  133.9320   18.35100   -0.04893
 16.0917   14.71947  209.47646   29.2528  133.9669   18.22200   -0.05026
 16.1000   14.92808  209.51436   29.3227  134.0014   18.08500   -0.05708
 16.1083   15.13695  209.55276   29.3917  134.0354   17.92400   -0.06302
 16.1167   15.34609  209.59164   29.4599  134.0691   17.82200   -0.07532
 16.1250   15.55549  209.63103   29.5272  134.1022   17.65000   -0.08057
 16.1333   15.76515  209.67088   29.5936  134.1350   17.56300   -0.08352
 16.1417   15.97508  209.71126   29.6592  134.1674   17.50800   -0.06923
 16.1500   16.18527  209.75211   29.7239  134.1994   17.49700   -0.04513
 16.1583   16.39571  209.79346   29.7879  134.2309   17.50100   -0.02437
 16.1667   16.60642  209.83530   29.8510  134.2621   17.42700    0.00045
 16.1750   16.81739  209.87764   29.9134  134.2929   17.44500    0.01799
 16.1833   17.02861  209.92047   29.9749  134.3233   17.39000    0.02591
 16.1917   17.24009  209.96381   30.0357  134.3534   17.24000    0.02700
 16.2000   17.45183  210.00761   30.0957  134.3830   17.21400    0.02296
 16.2083   17.66382  210.05194   30.1550  134.4123   17.13600    0.04027
 16.2167   17.87606  210.09676   30.2136  134.4413   17.14900    0.05039
 16.2250   18.08856  210.14207   30.2714  134.4699   17.06000    0.06444
 16.2333   18.30131  210.18790   30.3285  134.4981   16.99000    0.06205
 16.2417   18.51431  210.23421   30.3850  134.5260   16.86600    0.04872
 16.2500   18.72756  210.28102   30.4407  134.5536   16.69300    0.02195
 16.2583   18.94105  210.32832   30.4958  134.5808   16.52400   -0.00860
 16.2667   19.15480  210.37614   30.5502  134.6078   16.36700   -0.00648
 16.2750   19.36879  210.42447   30.6039  134.6343   16.42000    0.01248
 16.2833   19.58303  210.47330   30.6570  134.6606   16.36300    0.02478
 16.2917   19.79751  210.52261   30.7094  134.6866   16.16200   -0.00490
 16.3000   20.01224  210.57246   30.7613  134.7122   15.91700   -0.03616
 16.3083   20.22721  210.62280   30.8125  134.7376   15.84500   -0.05318
 16.3167   20.44242  210.67365   30.8631  134.7626   15.73900   -0.03900
 16.3250   20.65787  210.72501   30.9131  134.7874   15.70700   -0.01732
 16.3333   20.87356  210.77687   30.9625  134.8118   15.68800   -0.01505
 16.3417   21.08949  210.82924   31.0114  134.8360   15.46200   -0.01046
 16.3500   21.30566  210.88213   31.0597  134.8599   15.45200   -0.01435
 16.3583   21.52206  210.93553   31.1074  134.8835   15.37400    0.00276
 16.3667   21.73870  210.98944   31.1546  134.9069   15.27200    0.00496
 16.3750   21.95557  211.04387   31.2012  134.9299   15.16900    0.00528
 16.3833   22.17268  211.09882   31.2473  134.9528   15.09600    0.01316
 16.3917   22.39001  211.15427   31.2929  134.9753   15.05700    0.01583
 16.4000   22.60758  211.21024   31.3379  134.9976   14.92400    0.01225
 16.4083   22.82537  211.26674   31.3825  135.0197   14.80400    0.01305
 16.4167   23.04340  211.32376   31.4265  135.0415   14.79200   -0.00305
 16.4250   23.26165  211.38130   31.4701  135.0630   14.55700   -0.01409
 16.4333   23.48012  211.43936   31.5131  135.0844   14.47400   -0.04045
 16.4417   23.69882  211.49794   31.5557  135.1054   14.37400   -0.01670
 16.4500   23.91775  211.55705   31.5978  135.1263   14.45000   -0.00474
 16.4583   24.13689  211.61670   31.6395  135.1469   14.30100   -0.00560
 16.4667   24.35626  211.67686   31.6807  135.1673   14.12900   -0.02426
 16.4750   24.57584  211.73756   31.7215  135.1875   14.10000   -0.04311
 16.4833   24.79565  211.79880   31.7618  135.2074   13.95700   -0.03505
 16.4917   25.01567  211.86057   31.8017  135.2272   13.95400   -0.03061
 16.5000   25.23590  211.92287   31.8411  135.2467   13.90500   -0.02381
 16.5083   25.45635  211.98570   31.8802  135.2661   13.78300   -0.02081
 16.5167   25.67701  212.04907   31.9188  135.2852   13.76300   -0.02185
 16.5250   25.89789  212.11298   31.9570  135.3041   13.70300   -0.01037
 16.5333   26.11897  212.17744   31.9948  135.3228   13.65300   -0.00090
 16.5417   26.34026  212.24245   32.0323  135.3413   13.62300    0.00538
 16.5500   26.56176  212.30798   32.0693  135.3597   13.55000    0.01374
 16.5583   26.78347  212.37407   32.1059  135.3778   13.52100    0.01186
 16.5667   27.00538  212.44070   32.1422  135.3958   13.44000    0.00363
 16.5750   27.22750  212.50790   32.1781  135.4135   13.32800   -0.00542
 16.5833   27.44981  212.57565   32.2136  135.4311   13.29000   -0.01046
 16.5917   27.67233  212.64395   32.2488  135.4485   13.22500   -0.00711
 16.6000   27.89504  212.71281   32.2836  135.4658   13.15600    0.00400
 16.6083   28.11796  212.78223   32.3181  135.4829   13.15500    0.01878
 16.6167   28.34107  212.85220   32.3522  135.4998   13.09900    0.03477
 16.6250   28.56437  212.92274   32.3860  135.5165   13.02600    0.04469
 16.6333   28.78787  212.99384   32.4195  135.5331   12.98300    0.05430
 16.6417   29.01155  213.06551   32.4526  135.5495   12.91400    0.05744
 16.6500   29.23543  213.13776   32.4854  135.5658   12.79500    0.05194
 16.6583   29.45950  213.21057   32.5179  135.5818   12.69700    0.04270
 16.6667   29.68375  213.28397   32.5501  135.5978   12.60300    0.04089
 16.6750   29.90819  213.35793   32.5819  135.6136   12.52000    0.03139
 16.6833   30.13281  213.43246   32.6135  135.6292   12.37600    0.02029
 16.6917   30.35761  213.50760   32.6448  135.6447   12.26800    0.01179
 16.7000   30.58260  213.58331   32.6757  135.6601   12.19200    0.01056
 16.7083   30.80776  213.65961   32.7064  135.6753   12.07800    0.00354
 16.7167   31.03310  213.73651   32.7368  135.6904   11.93200   -0.01031
 16.7250   31.25862  213.81400   32.7669  135.7053   11.81500   -0.02315
 16.7333   31.48431  213.89207   32.7967  135.7201   11.70500   -0.02821
 16.7417   31.71017  213.97075   32.8263  135.7348   11.60300   -0.02838
 16.7500   31.93620  214.05003   32.8555  135.7493   11.51700   -0.02376
 16.7583   32.16240  214.12991   32.8846  135.7637   11.43700   -0.01660
 16.7667   32.38877  214.21040   32.9133  135.7780   11.35500   -0.01375
 16.7750   32.61531  214.29150   32.9418  135.7922   11.25200   -0.01791
 16.7833   32.84200  214.37321   32.9700  135.8062   11.14000   -0.02719
 16.7917   33.06886  214.45555   32.9980  135.8201   11.03600   -0.03308
 16.8000   33.29588  214.53850   33.0258  135.8339   10.95900   -0.03639
 16.8083   33.52306  214.62209   33.0533  135.8476   10.87300   -0.03337
 16.8167   33.75039  214.70628   33.0805  135.8612   10.80900   -0.02689
 16.8250   33.97788  214.79111   33.1075  135.8746   10.75500   -0.01413
 16.8333   34.20552  214.87659   33.1343  135.8880   10.70100   -0.00443
 16.8417   34.43331  214.96268   33.1609  135.9012   10.62700   -0.00699
 16.8500   34.66125  215.04942   33.1872  135.9144   10.51800   -0.01599
 16.8583   34.88934  215.13681   33.2133  135.9274   10.44100   -0.02006
 16.8667   35.11757  215.22485   33.2392  135.9403   10.39700   -0.01330
 16.8750   35.34595  215.31354   33.2648  135.9531   10.34500    0.00194
 16.8833   35.57447  215.40288   33.2903  135.9658   10.30900    0.00109
 16.8917   35.80312  215.49289   33.3155  135.9784   10.18500    0.00094
 16.9000   36.03192  215.58356   33.3405  135.9910   10.13100   -0.00974
 16.9083   36.26084  215.67490   33.3653  136.0034   10.03800    0.00406
 16.9167   36.48991  215.76691   33.3899  136.0157   10.02300    0.02191
 16.9250   36.71910  215.85960   33.4144  136.0279    9.98000    0.04979
 16.9333   36.94842  215.95297   33.4386  136.0401    9.92700    0.06288
 16.9417   37.17787  216.04703   33.4626  136.0521    9.83700    0.06782
 16.9500   37.40745  216.14178   33.4864  136.0641    9.75100    0.06296
 16.9583   37.63714  216.23721   33.5100  136.0760    9.64900    0.05037
 16.9667   37.86696  216.33336   33.5335  136.0878    9.51700    0.03707
 16.9750   38.09690  216.43021   33.5568  136.0995    9.42300    0.02209
 16.9833   38.32695  216.52777   33.5798  136.1111    9.30700    0.01817
 16.9917   38.55712  216.62604   33.6027  136.1227    9.22000    0.01077
 17.0000   38.78740  216.72504   33.6255  136.1341    9.10100   -0.00196
 17.0083   39.01779  216.82475   33.6480  136.1455    8.95400   -0.01488
 17.0167   39.24829  216.92522   33.6704  136.1568    8.86100   -0.01996
 17.0250   39.47889  217.02638   33.6926  136.1680    8.77900   -0.00788
 17.0333   39.70960  217.12833   33.7146  136.1792    8.71100   -0.00067
 17.0417   39.94040  217.23100   33.7365  136.1903    8.60100   -0.00655
 17.0500   40.17131  217.33443   33.7582  136.2013    8.46700   -0.02164
 17.0583   40.40231  217.43861   33.7797  136.2122    8.36600   -0.04602
 17.0667   40.63341  217.54356   33.8011  136.2231    8.22300   -0.06387
 17.0750   40.86459  217.64931   33.8224  136.2339    8.12600   -0.07214
 17.0833   41.09587  217.75580   33.8434  136.2447    8.07500   -0.06610
 17.0917   41.32723  217.86308   33.8643  136.2553    8.00600   -0.04834
 17.1000   41.55868  217.97116   33.8851  136.2659    7.97000   -0.03794
 17.1083   41.79021  218.08005   33.9057  136.2765    7.89700   -0.02992
 17.1167   42.02182  218.18971   33.9262  136.2869    7.82100   -0.02737
 17.1250   42.25350  218.30022   33.9465  136.2973    7.76300   -0.02204
 17.1333   42.48526  218.41151   33.9667  136.3077    7.70600   -0.02222
 17.1417   42.71709  218.52365   33.9867  136.3180    7.61400   -0.01120
 17.1500   42.94900  218.63663   34.0066  136.3282    7.61300   -0.00740
 17.1583   43.18096  218.75043   34.0263  136.3384    7.53300    0.00662
 17.1667   43.41299  218.86508   34.0460  136.3485    7.48800    0.01395
 17.1750   43.64509  218.98059   34.0654  136.3586    7.45800    0.02826
 17.1833   43.87724  219.09695   34.0848  136.3686    7.40400    0.03146
 17.1917   44.10944  219.21420   34.1040  136.3786    7.31100    0.02200
 17.2000   44.34171  219.33234   34.1231  136.3885    7.22800    0.01230
 17.2083   44.57402  219.45134   34.1420  136.3983    7.17300    0.00914
 17.2167   44.80638  219.57126   34.1609  136.4081    7.10800    0.00800
 17.2250   45.03878  219.69206   34.1796  136.4179    7.03700    0.00576
 17.2333   45.27123  219.81380   34.1981  136.4276    6.97700    0.00053
 17.2417   45.50371  219.93646   34.2166  136.4372    6.90000   -0.00937
 17.2500   45.73623  220.06004   34.2349  136.4468    6.80700   -0.01419
 17.2583   45.96879  220.18459   34.2531  136.4564    6.76800   -0.01926
 17.2667   46.20138  220.31006   34.2712  136.4659    6.69200   -0.02347
 17.2750   46.43399  220.43651   34.2892  136.4754    6.60700   -0.03269
 17.2833   46.66663  220.56393   34.3070  136.4848    6.55600   -0.03323
 17.2917   46.89929  220.69234   34.3248  136.4942    6.51900   -0.02564
 17.3000   47.13197  220.82173   34.3424  136.5035    6.47000   -0.02497
 17.3083   47.36467  220.95213   34.3599  136.5128    6.39500   -0.02860
 17.3167   47.59738  221.08356   34.3773  136.5221    6.34700   -0.03851
 17.3250   47.83010  221.21600   34.3946  136.5313    6.28200   -0.04096
 17.3333   48.06282  221.34949   34.4118  136.5405    6.24500   -0.03066
 17.3417   48.29555  221.48402   34.4289  136.5496    6.25400   -0.02193
 17.3500   48.52827  221.61961   34.4459  136.5587    6.18900   -0.01175
 17.3583   48.76100  221.75630   34.4628  136.5678    6.16400   -0.02081
 17.3667   48.99372  221.89406   34.4795  136.5768    6.10500   -0.02520
 17.3750   49.22642  222.03291   34.4962  136.5858    6.05800   -0.02725
 17.3833   49.45912  222.17290   34.5128  136.5948    6.03900   -0.01673
 17.3917   49.69180  222.31400   34.5292  136.6037    6.02300    0.00317
 17.4000   49.92446  222.45625   34.5456  136.6126    6.01100    0.01875
 17.4083   50.15709  222.59966   34.5619  136.6214    5.97300    0.03396
 17.4167   50.38970  222.74422   34.5780  136.6303    5.95200    0.04686
 17.4250   50.62227  222.88998   34.5941  136.6391    5.92400    0.06466
 17.4333   50.85482  223.03694   34.6101  136.6478    5.89800    0.08079
 17.4417   51.08732  223.18510   34.6260  136.6566    5.86400    0.07409
 17.4500   51.31978  223.33450   34.6418  136.6653    5.74700    0.06382
 17.4583   51.55220  223.48515   34.6575  136.6740    5.70300    0.03789
 17.4667   51.78457  223.63707   34.6731  136.6826    5.60500    0.03502
 17.4750   52.01689  223.79025   34.6886  136.6912    5.56500    0.02207
 17.4833   52.24915  223.94475   34.7040  136.6998    5.47500    0.01548
 17.4917   52.48135  224.10056   34.7194  136.7084    5.39300    0.00752
 17.5000   52.71348  224.25771   34.7346  136.7169    5.34000    0.00554
 17.5083   52.94555  224.41618   34.7498  136.7254    5.26400    0.00897
 17.5167   53.17754  224.57605   34.7649  136.7339    5.19200    0.01336
 17.5250   53.40946  224.73730   34.7799  136.7424    5.13300    0.01455
 17.5333   53.64130  224.89996   34.7948  136.7508    5.04100    0.01249
 17.5417   53.87305  225.06406   34.8097  136.7592    4.95700    0.00236
 17.5500   54.10471  225.22961   34.8244  136.7677    4.87400    0.00477
 17.5583   54.33628  225.39662   34.8391  136.7760    4.82900    0.00600
 17.5667   54.56776  225.56514   34.8537  136.7844    4.74300    0.00389
 17.5750   54.79912  225.73517   34.8682  136.7927    4.65000   -0.00394
 17.5833   55.03039  225.90674   34.8826  136.8010    4.58700   -0.01857
 17.5917   55.26154  226.07986   34.8970  136.8093    4.48000   -0.03522
 17.6000   55.49257  226.25459   34.9113  136.8176    4.38200   -0.04996
 17.6083   55.72349  226.43092   34.9255  136.8259    4.33000   -0.04904
 17.6167   55.95428  226.60890   34.9396  136.8341    4.28200   -0.03789
 17.6250   56.18494  226.78854   34.9537  136.8423    4.22300   -0.02656
 17.6333   56.41546  226.96986   34.9676  136.8505    4.17500   -0.02450
 17.6417   56.64584  227.15291   34.9816  136.8587    4.09700   -0.02020
 17.6500   56.87608  227.33771   34.9954  136.8669    4.05100   -0.01931
 17.6583   57.10617  227.52428   35.0091  136.8750    3.99700   -0.01273
 17.6667   57.33610  227.71265   35.0228  136.8832    3.94800   -0.01285
 17.6750   57.56587  227.90285   35.0365  136.8913    3.88700   -0.00668
 17.6833   57.79548  228.09491   35.0500  136.8994    3.86400   -0.01175
 17.6917   58.02491  228.28888   35.0635  136.9075    3.78300   -0.02432
 17.7000   58.25417  228.48479   35.0769  136.9156    3.70300   -0.04074
 17.7083   58.48324  228.68263   35.0902  136.9237    3.67200   -0.04782
 17.7167   58.71212  228.88249   35.1035  136.9317    3.62800   -0.04550
 17.7250   58.94081  229.08438   35.1167  136.9398    3.58600   -0.04217
 17.7333   59.16930  229.28835   35.1299  136.9478    3.56300   -0.02879
 17.7417   59.39758  229.49442   35.1430  136.9559    3.55900   -0.02540
 17.7500   59.62565  229.70262   35.1560  136.9639    3.48500   -0.02146
 17.7583   59.85350  229.91301   35.1689  136.9719    3.46600   -0.02375
 17.7667   60.08112  230.12563   35.1818  136.9799    3.44100   -0.01143
 17.7750   60.30851  230.34052   35.1946  136.9878    3.42000    0.00063
 17.7833   60.53566  230.55769   35.2074  136.9958    3.40500    0.00861
 17.7917   60.76256  230.77725   35.2201  137.0038    3.37000    0.01305
 17.8000   60.98921  230.99919   35.2327  137.0117    3.33800    0.01668
 17.8083   61.21560  231.22359   35.2453  137.0197    3.31900    0.02424
 17.8167   61.44173  231.45045   35.2578  137.0276    3.29700    0.02337
 17.8250   61.66758  231.67987   35.2702  137.0355    3.23600    0.01558
 17.8333   61.89314  231.91188   35.2826  137.0435    3.19600    0.00677
 17.8417   62.11842  232.14651   35.2949  137.0514    3.17100    0.00386
 17.8500   62.34339  232.38387   35.3072  137.0593    3.13000    0.00723
 17.8583   62.56806  232.62396   35.3194  137.0672    3.10800    0.00348
 17.8667   62.79242  232.86687   35.3316  137.0751    3.05600   -0.00507
 17.8750   63.01645  233.11263   35.3437  137.0830    2.99600   -0.01417
 17.8833   63.24015  233.36131   35.3557  137.0909    2.96800   -0.01481
 17.8917   63.46351  233.61298   35.3677  137.0987    2.94300   -0.00527
 17.9000   63.68652  233.86771   35.3796  137.1066    2.91800    0.00876
 17.9083   63.90918  234.12553   35.3915  137.1145    2.91000    0.01044
 17.9167   64.13146  234.38657   35.4033  137.1223    2.85200    0.00230
 17.9250   64.35336  234.65082   35.4151  137.1302    2.80200   -0.01016
 17.9333   64.57488  234.91841   35.4268  137.1381    2.78700   -0.02395
 17.9417   64.79599  235.18939   35.4384  137.1459    2.73100   -0.04316
 17.9500   65.01670  235.46384   35.4500  137.1538    2.67300   -0.07585
 17.9583   65.23699  235.74184   35.4616  137.1616    2.62400   -0.09495
 17.9667   65.45684  236.02347   35.4730  137.1694    2.62200   -0.09801
 17.9750   65.67625  236.30881   35.4845  137.1773    2.62300   -0.08700
 17.9833   65.89521  236.59795   35.4959  137.1851    2.62200   -0.06719
 17.9917   66.11370  236.89095   35.5072  137.1930    2.65000   -0.05320
 18.0000   66.33171  237.18794   35.5185  137.2008    2.63900   -0.03848
 18.0083   66.54924  237.48900   35.5297  137.2086    2.65100   -0.02627
 18.0167   66.76625  237.79422   35.5409  137.2165    2.68100   -0.00424
 18.0250   66.98275  238.10371   35.5520  137.2243    2.70700    0.01364
 18.0333   67.19871  238.41756   35.5631  137.2321    2.70700    0.02427
 18.0417   67.41413  238.73589   35.5741  137.2399    2.71500    0.02750
 18.0500   67.62899  239.05879   35.5851  137.2478    2.71600    0.01502
 18.0583   67.84327  239.38638   35.5960  137.2556    2.66800    0.00393
 18.0667   68.05696  239.71880   35.6069  137.2634    2.68400    0.01500
 18.0750   68.27004  240.05614   35.6177  137.2712    2.76100    0.03756
 18.0833   68.48250  240.39851   35.6285  137.2791    2.75700    0.05280
 18.0917   68.69432  240.74609   35.6393  137.2869    2.75600    0.03822
 18.1000   68.90547  241.09898   35.6500  137.2947    2.74100    0.00069
 18.1083   69.11595  241.45734   35.6606  137.3025    2.65900   -0.04680
 18.1167   69.32573  241.82126   35.6712  137.3103    2.62300   -0.09338
 18.1250   69.53480  242.19092   35.6817  137.3181    2.61200   -0.10142
 18.1333   69.74313  242.56648   35.6922  137.3260    2.65900   -0.09115
 18.1417   69.95071  242.94807   35.7027  137.3338    2.68600   -0.06579
 18.1500   70.15751  243.33588   35.7131  137.3416    2.73000   -0.03045
 18.1583   70.36351  243.73004   35.7235  137.3494    2.81200    0.00465
 18.1667   70.56868  244.13074   35.7338  137.3573    2.84200    0.02126
 18.1750   70.77301  244.53816   35.7441  137.3651    2.82700   -0.00013
 18.1833   70.97647  244.95248   35.7543  137.3729    2.78900   -0.01829
 18.1917   71.17904  245.37389   35.7645  137.3807    2.83100   -0.01933
 18.2000   71.38068  245.80257   35.7746  137.3885    2.87500    0.00324
 18.2083   71.58138  246.23872   35.7847  137.3963    2.91100    0.00559
 18.2167   71.78109  246.68257   35.7948  137.4041    2.88200    0.02826
 18.2250   71.97980  247.13432   35.8048  137.4120    2.98100    0.05196
 18.2333   72.17748  247.59419   35.8148  137.4198    3.02300    0.09137
 18.2417   72.37409  248.06242   35.8247  137.4276    3.04700    0.10112
 18.2500   72.56960  248.53923   35.8346  137.4354    3.04900    0.08745
 18.2583   72.76398  249.02487   35.8445  137.4432    3.00700    0.05884
 18.2667   72.95719  249.51959   35.8543  137.4510    2.98000    0.03902
 18.2750   73.14920  250.02364   35.8640  137.4588    3.00900   -0.01261
 18.2833   73.33997  250.53729   35.8738  137.4666    2.87100   -0.06473
 18.2917   73.52947  251.06084   35.8834  137.4744    2.84300   -0.10687
 18.3000   73.71764  251.59454   35.8931  137.4822    2.90300   -0.05561
 18.3083   73.90446  252.13869   35.9027  137.4900    3.04500    0.01720
 18.3167   74.08987  252.69357   35.9123  137.4978    3.06900    0.04954
 18.3250   74.27384  253.25954   35.9218  137.5056    2.98700    0.02371
 18.3333   74.45632  253.83688   35.9313  137.5134    2.94000   -0.00146
 18.3417   74.63726  254.42592   35.9408  137.5212    2.96300   -0.00085
 18.3500   74.81661  255.02699   35.9502  137.5289    2.96400    0.03999
 18.3583   74.99433  255.64046   35.9596  137.5367    3.04900    0.08066
 18.3667   75.17035  256.26663   35.9690  137.5445    3.08900    0.08907
 18.3750   75.34462  256.90591   35.9784  137.5522    3.00800    0.04506
 18.3833   75.51709  257.55865   35.9877  137.5600    2.94500   -0.01903
 18.3917   75.68771  258.22522   35.9969  137.5678    2.92000   -0.07135
 18.4000   75.85640  258.90601   36.0062  137.5755    2.87300   -0.10986
 18.4083   76.02310  259.60141   36.0154  137.5833    2.85800   -0.14947
 18.4167   76.18776  260.31183   36.0246  137.5910    2.84300   -0.17024
 18.4250   76.35030  261.03766   36.0337  137.5987    2.86200   -0.15465
 18.4333   76.51066  261.77933   36.0429  137.6064    2.95800   -0.10376
 18.4417   76.66877  262.53723   36.0520  137.6142    3.04300   -0.04817
 18.4500   76.82454  263.31177   36.0611  137.6219    3.06700   -0.00461
 18.4583   76.97792  264.10342   36.0701  137.6296    3.12000    0.02226
 18.4667   77.12881  264.91254   36.0792  137.6373    3.15700    0.06694
 18.4750   77.27714  265.73962   36.0882  137.6449    3.24300    0.11128
 18.4833   77.42284  266.58502   36.0972  137.6526    3.30300    0.14168
 18.4917   77.56580  267.44919   36.1062  137.6603    3.30300    0.13610
 18.5000   77.70596  268.33252   36.1152  137.6680    3.28500    0.10195
 18.5083   77.84322  269.23544   36.1241  137.6756    3.26100    0.06465
 18.5167   77.97749  270.15833   36.1331  137.6833    3.24900    0.03129
 18.5250   78.10868  271.10153   36.1421  137.6910    3.23500   -0.00423
 18.5333   78.23670  272.06549   36.1510  137.6986    3.19400   -0.02681
 18.5417   78.36145  273.05048   36.1599  137.7063    3.21100   -0.04290
 18.5500   78.48284  274.05685   36.1689  137.7139    3.20600   -0.03825
 18.5583   78.60078  275.08487   36.1778  137.7216    3.21500   -0.02779
 18.5667   78.71516  276.13486   36.1867  137.7292    3.23600   -0.00731
 18.5750   78.82588  277.20697   36.1957  137.7369    3.25000    0.01933
 18.5833   78.93286  278.30145   36.2046  137.7445    3.27100    0.04531
 18.5917   79.03599  279.41840   36.2136  137.7522    3.28900    0.06871
 18.6000   79.13516  280.55795   36.2225  137.7599    3.29500    0.07964
 18.6083   79.23030  281.72012   36.2315  137.7676    3.27700    0.07542
 18.6167   79.32130  282.90485   36.2405  137.7753    3.24800    0.05431
 18.6250   79.40806  284.11212   36.2495  137.7831    3.20200    0.03786
 18.6333   79.49050  285.34174   36.2585  137.7908    3.19800    0.02299
 18.6417   79.56852  286.59348   36.2676  137.7986    3.17000    0.01102
 18.6500   79.64204  287.86703   36.2766  137.8065    3.12800   -0.00309
 18.6583   79.71098  289.16199   36.2857  137.8143    3.11200   -0.00728
 18.6667   79.77525  290.47787   36.2948  137.8222    3.11000   -0.00909
 18.6750   79.83479  291.81412   36.3039  137.8302    3.07200   -0.01288
 18.6833   79.88951  293.17004   36.3130  137.8382    3.04500   -0.02025
 18.6917   79.93937  294.54489   36.3222  137.8463    3.02800   -0.01597
 18.7000   79.98429  295.93781   36.3313  137.8544    3.02400   -0.00815
 18.7083   80.02423  297.34784   36.3405  137.8626    3.01100   -0.00696
 18.7167   80.05914  298.77393   36.3497  137.8709    2.97600   -0.01083
 18.7250   80.08899  300.21490   36.3589  137.8793    2.95700   -0.01194
 18.7333   80.11373  301.66956   36.3682  137.8877    2.95100   -0.00071
 18.7417   80.13336  303.13657   36.3774  137.8963    2.95100    0.01753
 18.7500   80.14785  304.61453   36.3867  137.9049    2.94900    0.02311
 18.7583   80.15719  306.10196   36.3959  137.9136    2.90100    0.02212
 18.7667   80.16139  307.59738   36.4051  137.9224    2.87900    0.02293
 18.7750   80.16045  309.09912   36.4144  137.9314    2.88000    0.03792
 18.7833   80.15440  310.60562   36.4236  137.9404    2.87000    0.05296
 18.7917   80.14325  312.11520   36.4328  137.9496    2.84100    0.05899
 18.8000   80.12704  313.62616   36.4420  137.9588    2.81000    0.05587
 18.8083   80.10581  315.13681   36.4512  137.9682    2.76900    0.04230
 18.8167   80.07960  316.64548   36.4603  137.9776    2.70700    0.02715
 18.8250   80.04848  318.15051   36.4694  137.9872    2.66800    0.02066
 18.8333   80.01251  319.65021   36.4785  137.9969    2.64700    0.02085
 18.8417   79.97174  321.14301   36.4875  138.0067    2.60100    0.01479
 18.8500   79.92626  322.62738   36.4965  138.0167    2.53900    0.00467
 18.8583   79.87614  324.10175   36.5055  138.0267    2.50200   -0.01148
 18.8667   79.82147  325.56476   36.5143  138.0368    2.43100   -0.01532
 18.8750   79.76234  327.01505   36.5232  138.0470    2.40000   -0.01463
 18.8833   79.69884  328.45132   36.5319  138.0573    2.37400    0.00088
 18.8917   79.63107  329.87241   36.5406  138.0677    2.34800    0.01490
 18.9000   79.55911  331.27722   36.5492  138.0782    2.31400    0.01474
 18.9083   79.48308  332.66476   36.5578  138.0888    2.24600    0.01341
 18.9167   79.40308  334.03415   36.5663  138.0995    2.21600    0.00625
 18.9250   79.31922  335.38458   36.5747  138.1102    2.16600    0.00074
 18.9333   79.23158  336.71530   36.5830  138.1210    2.10800   -0.01281
 18.9417   79.14030  338.02576   36.5913  138.1319    2.05900   -0.02923
 18.9500   79.04546  339.31543   36.5995  138.1428    2.00500   -0.03418
 18.9583   78.94718  340.58383   36.6076  138.1538    1.98500   -0.03344
 18.9667   78.84556  341.83069   36.6157  138.1649    1.95600   -0.03345
 18.9750   78.74071  343.05569   36.6236  138.1759    1.90000   -0.03816
 18.9833   78.63273  344.25867   36.6315  138.1871    1.86500   -0.04700
 18.9917   78.52172  345.43954   36.6393  138.1983    1.82600   -0.03793
 19.0000   78.40779  346.59818   36.6471  138.2095    1.82700   -0.01646
 19.0083   78.29103  347.73468   36.6548  138.2208    1.83100    0.00313
 19.0167   78.17154  348.84909   36.6624  138.2321    1.78600    0.00938
 19.0250   78.04942  349.94150   36.6699  138.2434    1.74800    0.01353
 19.0333   77.92477  351.01212   36.6774  138.2548    1.74900    0.01867
 19.0417   77.79767  352.06116   36.6848  138.2662    1.70900    0.02332
 19.0500   77.66821  353.08884   36.6921  138.2776    1.67000    0.02149
 19.0583   77.53647  354.09549   36.6994  138.2891    1.65100    0.02635
 19.0667   77.40256  355.08136   36.7066  138.3005    1.63100    0.02744
 19.0750   77.26654  356.04684   36.7137  138.3120    1.58100    0.01689
 19.0833   77.12849  356.99225   36.7208  138.3236    1.52400    0.00183
 19.0917   76.98850  357.91797   36.7278  138.3351    1.48700   -0.00512
 19.1000   76.84664  358.82440   36.7348  138.3466    1.45800   -0.00365
 19.1083   76.70297  359.71191   36.7417  138.3582    1.42700    0.00159
 19.1167   76.55758    0.58095   36.7486  138.3698    1.40200    0.00342
 19.1250   76.41053    1.43191   36.7554  138.3815    1.36400    0.00058
 19.1333   76.26188    2.26521   36.7621  138.3931    1.31900   -0.00971
 19.1417   76.11170    3.08128   36.7688  138.4047    1.27200   -0.01621
 19.1500   75.96005    3.88054   36.7755  138.4164    1.24500   -0.02225
 19.1583   75.80699    4.66341   36.7821  138.4281    1.20200   -0.02137
 19.1667   75.65258    5.43031   36.7886  138.4398    1.17900   -0.02811
 19.1750   75.49686    6.18165   36.7951  138.4515    1.13200   -0.02364
 19.1833   75.33990    6.91785   36.8016  138.4633    1.12500   -0.01840
 19.1917   75.18174    7.63931   36.8080  138.4751    1.10500   -0.00466
 19.2000   75.02243    8.34644   36.8144  138.4868    1.08300    0.00253
 19.2083   74.86203    9.03963   36.8207  138.4986    1.05400    0.00741
 19.2167   74.70057    9.71926   36.8270  138.5105    1.02500    0.00844
 19.2250   74.53810   10.38572   36.8333  138.5223    0.99300    0.01306
 19.2333   74.37467   11.03937   36.8395  138.5342    0.97700    0.01726
 19.2417   74.21031   11.68058   36.8456  138.5461    0.94800    0.02228
 19.2500   74.04506   12.30971   36.8518  138.5580    0.91600    0.02153
 19.2583   73.87896   12.92710   36.8578  138.5699    0.88100    0.02453
 19.2667   73.71205   13.53309   36.8639  138.5818    0.86200    0.02013
 19.2750   73.54436   14.12800   36.8699  138.5938    0.80600    0.01013
 19.2833   73.37593   14.71217   36.8759  138.6058    0.75300   -0.00462
 19.2917   73.20678   15.28589   36.8818  138.6178    0.71900   -0.00428
 19.3000   73.03696   15.84947   36.8877  138.6299    0.71200   -0.00113
 19.3083   72.86648   16.40321   36.8936  138.6419    0.66900   -0.00062
 19.3167   72.69538   16.94739   36.8994  138.6540    0.62700   -0.01568
 19.3250   72.52369   17.48230   36.9052  138.6662    0.57000   -0.02768
 19.3333   72.35143   18.00819   36.9110  138.6783    0.53500   -0.03142
 19.3417   72.17862   18.52533   36.9167  138.6905    0.51900   -0.03064
 19.3500   72.00530   19.03397   36.9224  138.7027    0.47700   -0.01923
 19.3583   71.83149   19.53436   36.9280  138.7149    0.47600   -0.01310
 19.3667   71.65721   20.02674   36.9336  138.7272    0.44600    0.00152
 19.3750   71.48248   20.51134   36.9392  138.7394    0.43400    0.00729
 19.3833   71.30732   20.98837   36.9448  138.7518    0.40900    0.01081
 19.3917   71.13176   21.45807   36.9503  138.7641    0.37400    0.00399
 19.4000   70.95581   21.92063   36.9558  138.7765    0.33200   -0.00525
 19.4083   70.77950   22.37626   36.9612  138.7889    0.30400   -0.01234
 19.4167   70.60284   22.82516   36.9666  138.8013    0.28100   -0.01391
 19.4250   70.42585   23.26751   36.9720  138.8138    0.26200   -0.02618
 19.4333   70.24854   23.70351   36.9773  138.8263    0.20600   -0.03339
 19.4417   70.07094   24.13332   36.9827  138.8388    0.20100   -0.04187
 19.4500   69.89306   24.55713   36.9879  138.8514    0.18100   -0.03183
 19.4583   69.71491   24.97510   36.9932  138.8640    0.18400   -0.03082
 19.4667   69.53651   25.38738   36.9984  138.8766    0.15600   -0.03033
 19.4750   69.35787   25.79415   37.0036  138.8893    0.13800   -0.03449
 19.4833   69.17902   26.19555   37.0087  138.9020    0.13100   -0.03416
 19.4917   68.99995   26.59173   37.0138  138.9147    0.12200   -0.02611
 19.5000   68.82069   26.98282   37.0189  138.9275    0.13600   -0.01363
 19.5083   68.64124   27.36898   37.0240  138.9403    0.15000   -0.01526
 19.5167   68.46162   27.75032   37.0290  138.9531    0.10200   -0.01628
 19.5250   68.28184   28.12699   37.0339  138.9660    0.12100   -0.02562
 19.5333   68.10191   28.49910   37.0389  138.9789    0.11200   -0.01133
 19.5417   67.92184   28.86678   37.0438  138.9919    0.14200   -0.01138
 19.5500   67.74165   29.23014   37.0487  139.0049    0.11800   -0.01487
 19.5583   67.56133   29.58931   37.0535  139.0179    0.10200   -0.02140
 19.5667   67.38091   29.94438   37.0584  139.0310    0.12600   -0.00919
 19.5750   67.20039   30.29547   37.0631  139.0441    0.16500    0.00712
 19.5833   67.01977   30.64268   37.0679  139.0572    0.16100    0.01050
 19.5917   66.83908   30.98610   37.0726  139.0704    0.14300    0.00039
 19.6000   66.65831   31.32585   37.0773  139.0836    0.14300   -0.00740
 19.6083   66.47748   31.66200   37.0819  139.0969    0.15000   -0.00564
 19.6167   66.29660   31.99466   37.0865  139.1102    0.16300   -0.00420
 19.6250   66.11566   32.32391   37.0911  139.1236    0.15500    0.00480
 19.6333   65.93468   32.64984   37.0957  139.1369    0.18400    0.00927
 19.6417   65.75367   32.97253   37.1002  139.1504    0.18300    0.01180
 19.6500   65.57262   33.29206   37.1046  139.1638    0.17000    0.00227
 19.6583   65.39156   33.60852   37.1091  139.1774    0.15700    0.00670
 19.6667   65.21048   33.92196   37.1135  139.1909    0.19600    0.02868
 19.6750   65.02940   34.23248   37.1179  139.2045    0.23800    0.04635
 19.6833   64.84831   34.54014   37.1222  139.2182    0.21000    0.03636
 19.6917   64.66722   34.84502   37.1265  139.2318    0.15900    0.01002
 19.7000   64.48615   35.14717   37.1308  139.2455    0.14500   -0.00368
 19.7083   64.30508   35.44667   37.1350  139.2593    0.15800   -0.00003
 19.7167   64.12404   35.74357   37.1392  139.2731    0.16200    0.00544
 19.7250   63.94302   36.03795   37.1434  139.2870    0.15400    0.00715
 19.7333   63.76204   36.32986   37.1475  139.3009    0.15400   -0.00412
 19.7417   63.58108   36.61936   37.1516  139.3149    0.11600   -0.01042
 19.7500   63.40017   36.90650   37.1557  139.3289    0.12300   -0.01867
 19.7583   63.21930   37.19134   37.1597  139.3429    0.11200   -0.01332
 19.7667   63.03847   37.47394   37.1637  139.3570    0.11700   -0.01528
 19.7750   62.85770   37.75434   37.1677  139.3711    0.10200   -0.01053
 19.7833   62.67698   38.03260   37.1716  139.3853    0.11700   -0.00921
 19.7917   62.49633   38.30877   37.1755  139.3995    0.11200   -0.00022
 19.8000   62.31574   38.58289   37.1793  139.4138    0.12100    0.00423
 19.8083   62.13521   38.85501   37.1831  139.4281    0.12000    0.00491
 19.8167   61.95476   39.12517   37.1869  139.4425    0.10300    0.00376
 19.8250   61.77438   39.39343   37.1907  139.4569    0.10800    0.00135
 19.8333   61.59407   39.65982   37.1944  139.4714    0.10300    0.00850
 19.8417   61.41385   39.92438   37.1980  139.4859    0.11600    0.01484
 19.8500   61.23371   40.18715   37.2017  139.5004    0.11400    0.01261
 19.8583   61.05366   40.44818   37.2052  139.5151    0.08000    0.00888
 19.8667   60.87370   40.70750   37.2088  139.5297    0.09000    0.00373
 19.8750   60.69383   40.96515   37.2123  139.5444    0.08600    0.00442
 19.8833   60.51405   41.22117   37.2158  139.5592    0.07200    0.00937
 19.8917   60.33438   41.47558   37.2192  139.5740    0.09700    0.01000
 19.9000   60.15480   41.72844   37.2227  139.5889    0.08100    0.00335
 19.9083   59.97533   41.97976   37.2260  139.6038    0.04600   -0.02127
 19.9167   59.79596   42.22958   37.2294  139.6187    0.01300   -0.04464
 19.9250   59.61669   42.47794   37.2327  139.6337    0.00000   -0.05080
 19.9333   59.43754   42.72486   37.2359  139.6488    0.02300   -0.03774
 19.9417   59.25850   42.97037   37.2391  139.6639    0.05700   -0.02375
 19.9500   59.07957   43.21451   37.2423  139.6791    0.05000   -0.01892
 19.9583   58.90076   43.45730   37.2455  139.6943    0.04600   -0.01790
 19.9667   58.72206   43.69878   37.2486  139.7096    0.07000   -0.01002
 19.9750   58.54348   43.93896   37.2516  139.7249    0.09100    0.00227
 19.9833   58.36503   44.17787   37.2546  139.7403    0.10600    0.00940
 19.9917   58.18669   44.41555   37.2576  139.7557    0.11800   -0.00121
 20.0000   58.00848   44.65201   37.2606  139.7712    0.08500   -0.01427
 20.0083   57.83040   44.88728   37.2635  139.7867    0.09900   -0.02789
 20.0167   57.65244   45.12139   37.2663  139.8024    0.11600   -0.03591
 20.0250   57.47462   45.35435   37.2692  139.8180    0.10900   -0.03670
 20.0333   57.29692   45.58619   37.2720  139.8337    0.15500   -0.04074
 20.0417   57.11935   45.81694   37.2747  139.8495    0.16600   -0.03465
 20.0500   56.94192   46.04661   37.2774  139.8653    0.19800   -0.03676
 20.0583   56.76462   46.27523   37.2801  139.8811    0.21900   -0.03465
 20.0667   56.58745   46.50281   37.2827  139.8971    0.24900   -0.04048
 20.0750   56.41042   46.72938   37.2853  139.9131    0.25700   -0.04571
 20.0833   56.23353   46.95496   37.2878  139.9291    0.28300   -0.03818
 20.0917   56.05678   47.17956   37.2903  139.9452    0.36100   -0.01511
 20.1000   55.88016   47.40321   37.2928  139.9613    0.42700    0.00991
 20.1083   55.70369   47.62592   37.2952  139.9776    0.46300    0.01902
 20.1167   55.52736   47.84771   37.2976  139.9938    0.48600    0.01486
 20.1250   55.35117   48.06860   37.2999  140.0101    0.50700    0.01948
 20.1333   55.17512   48.28860   37.3022  140.0265    0.57500    0.03187
 20.1417   54.99921   48.50774   37.3045  140.0430    0.62500    0.04091
 20.1500   54.82345   48.72602   37.3067  140.0595    0.63100    0.02952
 20.1583   54.64784   48.94347   37.3088  140.0761    0.62500    0.01705
 20.1667   54.47237   49.16010   37.3110  140.0927    0.67300    0.00569
 20.1750   54.29704   49.37592   37.3130  140.1094    0.68200    0.00331
 20.1833   54.12187   49.59095   37.3151  140.1261    0.70200    0.00417
 20.1917   53.94684   49.80521   37.3171  140.1429    0.75400    0.00852
 20.2000   53.77196   50.01871   37.3190  140.1598    0.77300    0.01663
 20.2083   53.59722   50.23145   37.3209  140.1767    0.80500    0.01138
 20.2167   53.42264   50.44347   37.3228  140.1937    0.80100    0.00245
 20.2250   53.24821   50.65476   37.3246  140.2107    0.79600    0.00219
 20.2333   53.07392   50.86535   37.3264  140.2278    0.85000    0.01815
 20.2417   52.89979   51.07524   37.3281  140.2450    0.90400    0.03222
 20.2500   52.72580   51.28444   37.3298  140.2623    0.89200    0.03267
 20.2583   52.55197   51.49298   37.3314  140.2796    0.90100    0.02724
 20.2667   52.37829   51.70086   37.3330  140.2969    0.93700    0.03199
 20.2750   52.20476   51.90809   37.3346  140.3143    0.96700    0.02913
 20.2833   52.03138   52.11468   37.3361  140.3318    0.94800    0.00601
 20.2917   51.85815   52.32065   37.3375  140.3494    0.90700   -0.02475
 20.3000   51.68508   52.52600   37.3389  140.3670    0.90600   -0.05340
 20.3083   51.51216   52.73076   37.3403  140.3847    0.89100   -0.05902
 20.3167   51.33939   52.93491   37.3416  140.4025    0.93000   -0.05754
 20.3250   51.16677   53.13849   37.3429  140.4203    0.94800   -0.02824
 20.3333   50.99430   53.34149   37.3441  140.4382    1.03500    0.00158
 20.3417   50.82199   53.54393   37.3453  140.4561    1.07700    0.03759
 20.3500   50.64983   53.74581   37.3464  140.4741    1.11400    0.05613
 20.3583   50.47782   53.94715   37.3475  140.4922    1.12700    0.06942
 20.3667   50.30597   54.14795   37.3485  140.5104    1.14600    0.06249
 20.3750   50.13427   54.34822   37.3495  140.5286    1.11700    0.04178
 20.3833   49.96272   54.54798   37.3504  140.5469    1.08600    0.01560
 20.3917   49.79132   54.74723   37.3513  140.5652    1.08700   -0.00576
 20.4000   49.62008   54.94598   37.3522  140.5837    1.07900   -0.00569
 20.4083   49.44899   55.14423   37.3530  140.6022    1.13900   -0.00481
 20.4167   49.27805   55.34200   37.3537  140.6208    1.14900   -0.03348
 20.4250   49.10726   55.53929   37.3544  140.6394    1.02200   -0.06835
 20.4333   48.93663   55.73611   37.3550  140.6581    1.04900   -0.08166
 20.4417   48.76615   55.93246   37.3556  140.6769    1.12900   -0.04344
 20.4500   48.59582   56.12837   37.3562  140.6957    1.18900   -0.01969
 20.4583   48.42564   56.32382   37.3566  140.7147    1.14700   -0.01875
 20.4667   48.25561   56.51884   37.3571  140.7337    1.13200    0.00320
 20.4750   48.08574   56.71342   37.3575  140.7527    1.27000    0.06187
 20.4833   47.91601   56.90757   37.3578  140.7719    1.37000    0.12812
 20.4917   47.74644   57.10130   37.3581  140.7911    1.38800    0.13552
 20.5000   47.57701   57.29462   37.3583  140.8104    1.30900    0.12815
 20.5083   47.40774   57.48753   37.3585  140.8298    1.37100    0.08005
 20.5167   47.23862   57.68003   37.3586  140.8492    1.24300    0.02994
 20.5250   47.06964   57.87214   37.3587  140.8687    1.15600   -0.04425
 20.5333   46.90082   58.06387   37.3587  140.8883    1.11400   -0.09662
 20.5417   46.73214   58.25520   37.3587  140.9080    1.07000   -0.13986
 20.5500   46.56362   58.44616   37.3586  140.9277    1.02700   -0.16884
 20.5583   46.39524   58.63675   37.3585  140.9476    1.04800   -0.15626
 20.5667   46.22701   58.82697   37.3583  140.9675    1.16900   -0.09437
 20.5750   46.05892   59.01683   37.3580  140.9875    1.31900   -0.02642
 20.5833   45.89099   59.20633   37.3577  141.0075    1.36700    0.00590
 20.5917   45.72320   59.39547   37.3574  141.0277    1.35000   -0.01251
 20.6000   45.55556   59.58427   37.3570  141.0479    1.31400   -0.03171
 20.6083   45.38806   59.77273   37.3565  141.0682    1.38300   -0.04357
 20.6167   45.22071   59.96086   37.3560  141.0886    1.42800   -0.03868
 20.6250   45.05351   60.14865   37.3554  141.1091    1.48300   -0.02609
 20.6333   44.88645   60.33611   37.3548  141.1296    1.59900   -0.01393
 20.6417   44.71953   60.52325   37.3541  141.1502    1.64800   -0.01197
 20.6500   44.55276   60.71007   37.3533  141.1710    1.65800   -0.03264
 20.6583   44.38613   60.89657   37.3525  141.1918    1.66700   -0.04853
 20.6667   44.21964   61.08277   37.3516  141.2126    1.72100   -0.03445
 20.6750   44.05330   61.26866   37.3507  141.2336    1.84700    0.00861
 20.6833   43.88710   61.45424   37.3497  141.2547    1.98000    0.06313
 20.6917   43.72104   61.63953   37.3487  141.2758    2.08500    0.09496
 20.7000   43.55512   61.82453   37.3476  141.2970    2.11800    0.10272
 20.7083   43.38934   62.00923   37.3464  141.3183    2.14700    0.08061
 20.7167   43.22370   62.19365   37.3452  141.3398    2.12300    0.05845
 20.7250   43.05820   62.37778   37.3439  141.3612    2.15000    0.03351
 20.7333   42.89284   62.56164   37.3426  141.3828    2.16500    0.01508
 20.7417   42.72762   62.74522   37.3412  141.4045    2.17300   -0.00633
 20.7500   42.56254   62.92852   37.3397  141.4263    2.19700   -0.02201
 20.7583   42.39759   63.11156   37.3382  141.4481    2.24000   -0.03961
 20.7667   42.23278   63.29433   37.3366  141.4700    2.24100   -0.05394
 20.7750   42.06810   63.47684   37.3350  141.4921    2.27300   -0.06607
 20.7833   41.90357   63.65909   37.3333  141.5142    2.32100   -0.06608
 20.7917   41.73916   63.84108   37.3315  141.5364    2.36800   -0.06862
 20.8000   41.57489   64.02282   37.3296  141.5587    2.39200   -0.06820
 20.8083   41.41076   64.20431   37.3277  141.5811    2.45900   -0.06374
 20.8167   41.24675   64.38555   37.3258  141.6037    2.53600   -0.04074
 20.8250   41.08288   64.56655   37.3237  141.6263    2.65300   -0.01916
 20.8333   40.91914   64.74730   37.3217  141.6489    2.73000    0.01550
 20.8417   40.75554   64.92782   37.3195  141.6717    2.87700    0.02843
 20.8500   40.59206   65.10809   37.3173  141.6946    2.91200    0.02509
 20.8583   40.42871   65.28814   37.3150  141.7176    2.92500   -0.00929
 20.8667   40.26550   65.46795   37.3126  141.7407    2.94100   -0.03771
 20.8750   40.10241   65.64754   37.3102  141.7639    3.00300   -0.05245
 20.8833   39.93945   65.82689   37.3077  141.7872    3.07900   -0.04342
 20.8917   39.77662   66.00603   37.3051  141.8106    3.19800   -0.02424
 20.9000   39.61391   66.18494   37.3025  141.8341    3.30100    0.00677
 20.9083   39.45133   66.36363   37.2998  141.8577    3.42100    0.03404
 20.9167   39.28888   66.54210   37.2970  141.8814    3.51800    0.05593
 20.9250   39.12655   66.72036   37.2942  141.9052    3.58900    0.05913
 20.9333   38.96435   66.89840   37.2913  141.9292    3.62200    0.05499
 20.9417   38.80227   67.07624   37.2883  141.9532    3.68800    0.04624
 20.9500   38.64031   67.25386   37.2852  141.9773    3.74900    0.04132
 20.9583   38.47847   67.43128   37.2821  142.0016    3.80900    0.01892
 20.9667   38.31676   67.60850   37.2789  142.0259    3.80000   -0.00755
 20.9750   38.15517   67.78551   37.2756  142.0504    3.84000   -0.03285
 20.9833   37.99370   67.96232   37.2723  142.0749    3.90200   -0.04363
 20.9917   37.83234   68.13892   37.2689  142.0996    3.95400   -0.04890
 21.0000   37.67111   68.31534   37.2654  142.1244    4.01600   -0.05253
 21.0083   37.50999   68.49155   37.2618  142.1494    4.08300   -0.04644
 21.0167   37.34900   68.66757   37.2582  142.1744    4.18300   -0.03254
 21.0250   37.18812   68.84340   37.2545  142.1995    4.28600   -0.01790
 21.0333   37.02735   69.01904   37.2507  142.2248    4.36300   -0.01486
 21.0417   36.86670   69.19449   37.2468  142.2502    4.41400   -0.01500
 21.0500   36.70617   69.36975   37.2429  142.2757    4.50600   -0.00958
 21.0583   36.54575   69.54482   37.2388  142.3013    4.61100   -0.00263
 21.0667   36.38544   69.71971   37.2347  142.3270    4.67000    0.00612
 21.0750   36.22525   69.89441   37.2306  142.3529    4.77100    0.01022
 21.0833   36.06517   70.06893   37.2263  142.3788    4.85500    0.01846
 21.0917   35.90520   70.24328   37.2220  142.4050    4.93500    0.02678
 21.1000   35.74534   70.41744   37.2175  142.4312    5.03400    0.03894
 21.1083   35.58559   70.59142   37.2130  142.4575    5.13200    0.05070
 21.1167   35.42595   70.76523   37.2084  142.4840    5.20600    0.04433
 21.1250   35.26642   70.93886   37.2038  142.5106    5.21600    0.02834
 21.1333   35.10700   71.11232   37.1990  142.5374    5.26300    0.00809
 21.1417   34.94769   71.28560   37.1942  142.5643    5.31200   -0.00143
 21.1500   34.78848   71.45871   37.1893  142.5912    5.37600   -0.00644
 21.1583   34.62937   71.63165   37.1842  142.6184    5.45200   -0.00872
 21.1667   34.47038   71.80442   37.1792  142.6457    5.51900   -0.01665
 21.1750   34.31148   71.97702   37.1740  142.6731    5.55400   -0.02262
 21.1833   34.15269   72.14945   37.1687  142.7006    5.63800   -0.02620
 21.1917   33.99401   72.32172   37.1633  142.7283    5.71400   -0.03322
 21.2000   33.83542   72.49382   37.1579  142.7561    5.73300   -0.05091
 21.2083   33.67694   72.66575   37.1524  142.7841    5.76900   -0.06289
 21.2167   33.51856   72.83752   37.1467  142.8122    5.88400   -0.04841
 21.2250   33.36028   73.00912   37.1410  142.8404    6.04400   -0.01589
 21.2333   33.20210   73.18057   37.1352  142.8688    6.17600    0.00176
 21.2417   33.04401   73.35185   37.1293  142.8973    6.22100   -0.00122
 21.2500   32.88603   73.52297   37.1233  142.9260    6.28100   -0.00465
 21.2583   32.72814   73.69393   37.1172  142.9548    6.41500   -0.01137
 21.2667   32.57035   73.86473   37.1111  142.9838    6.44900   -0.00690
 21.2750   32.41266   74.03537   37.1048  143.0129    6.57200   -0.00791
 21.2833   32.25506   74.20586   37.0984  143.0422    6.68800    0.00350
 21.2917   32.09755   74.37618   37.0919  143.0716    6.79500    0.00438
 21.3000   31.94014   74.54635   37.0854  143.1012    6.87200    0.00010
 21.3083   31.78283   74.71637   37.0787  143.1310    6.95800   -0.00780
 21.3167   31.62560   74.88622   37.0719  143.1609    7.04400   -0.01409
 21.3250   31.46847   75.05593   37.0651  143.1909    7.13100   -0.02107
 21.3333   31.31143   75.22547   37.0581  143.2211    7.21900   -0.02206
 21.3417   31.15448   75.39487   37.0510  143.2515    7.33700   -0.01681
 21.3500   30.99762   75.56411   37.0439  143.2821    7.45400   -0.00374
 21.3583   30.84085   75.73320   37.0366  143.3128    7.58000    0.00130
 21.3667   30.68416   75.90214   37.0292  143.3437    7.65600    0.00438
 21.3750   30.52757   76.07092   37.0217  143.3747    7.76300   -0.00531
 21.3833   30.37106   76.23955   37.0141  143.4060    7.82300    0.00751
 21.3917   30.21464   76.40804   37.0064  143.4373    8.02000    0.02209
 21.4000   30.05830   76.57637   36.9986  143.4689    8.13800    0.02983
 21.4083   29.90205   76.74455   36.9906  143.5007    8.16900    0.02108
 21.4167   29.74588   76.91258   36.9826  143.5326    8.28200   -0.00435
 21.4250   29.58980   77.08046   36.9745  143.5647    8.31900   -0.02173
 21.4333   29.43380   77.24819   36.9662  143.5970    8.40200   -0.03512
 21.4417   29.27788   77.41578   36.9578  143.6294    8.54900   -0.03628
 21.4500   29.12204   77.58321   36.9493  143.6621    8.66600   -0.04383
 21.4583   28.96629   77.75050   36.9407  143.6949    8.72700   -0.05540
 21.4667   28.81061   77.91764   36.9320  143.7280    8.86100   -0.07429
 21.4750   28.65502   78.08463   36.9231  143.7612    8.93600   -0.07024
 21.4833   28.49950   78.25147   36.9142  143.7946    9.11900   -0.07719
 21.4917   28.34406   78.41817   36.9051  143.8282    9.19600   -0.06384
 21.5000   28.18870   78.58472   36.8959  143.8620    9.39700   -0.04523
 21.5083   28.03342   78.75112   36.8865  143.8960    9.62400   -0.01018
 21.5167   27.87821   78.91738   36.8771  143.9302    9.80500    0.02010
 21.5250   27.72308   79.08349   36.8675  143.9646    9.98600    0.04215
 21.5333   27.56803   79.24945   36.8578  143.9992   10.17700    0.03862
 21.5417   27.41304   79.41526   36.8479  144.0340   10.22300    0.01887
 21.5500   27.25814   79.58093   36.8380  144.0690   10.32300   -0.00694
 21.5583   27.10330   79.74646   36.8279  144.1043   10.48600   -0.01528
 21.5667   26.94854   79.91183   36.8176  144.1397   10.63800   -0.00586
 21.5750   26.79385   80.07706   36.8073  144.1754   10.84800   -0.01009
 21.5833   26.63923   80.24215   36.7968  144.2113   10.93800   -0.01445
 21.5917   26.48468   80.40709   36.7861  144.2474   11.09100   -0.03239
 21.6000   26.33020   80.57188   36.7753  144.2837   11.21600   -0.02391
 21.6083   26.17579   80.73653   36.7644  144.3203   11.45600   -0.02088
 21.6167   26.02145   80.90103   36.7533  144.3571   11.57400   -0.01341
 21.6250   25.86718   81.06538   36.7421  144.3941   11.73500   -0.02647
 21.6333   25.71297   81.22959   36.7308  144.4313   11.86300   -0.01957
 21.6417   25.55883   81.39365   36.7193  144.4688   12.10800   -0.01884
 21.6500   25.40476   81.55757   36.7076  144.5065   12.23800   -0.00985
 21.6583   25.25076   81.72134   36.6959  144.5445   12.41700   -0.00383
 21.6667   25.09681   81.88496   36.6839  144.5827   12.65000   -0.00778
 21.6750   24.94294   82.04844   36.6718  144.6211   12.72800   -0.00554
 21.6833   24.78912   82.21177   36.6595  144.6598   12.95700   -0.01361
 21.6917   24.63537   82.37496   36.6471  144.6988   13.13400   -0.00142
 21.7000   24.48169   82.53800   36.6346  144.7380   13.33500   -0.00847
 21.7083   24.32806   82.70089   36.6218  144.7775   13.44800   -0.01486
 21.7167   24.17450   82.86363   36.6090  144.8172   13.63400   -0.01994
 21.7250   24.02099   83.02623   36.5959  144.8571   13.84900   -0.01921
 21.7333   23.86755   83.18868   36.5827  144.8974   14.00900   -0.02187
 21.7417   23.71417   83.35098   36.5693  144.9379   14.18700   -0.01963
 21.7500   23.56084   83.51314   36.5557  144.9787   14.44100   -0.01534
 21.7583   23.40758   83.67515   36.5420  145.0197   14.62600   -0.00988
 21.7667   23.25437   83.83700   36.5281  145.0611   14.81700   -0.02628
 21.7750   23.10122   83.99872   36.5140  145.1027   14.94200   -0.03880
 21.7833   22.94813   84.16028   36.4998  145.1446   15.14800   -0.05430
 21.7917   22.79509   84.32169   36.4853  145.1868   15.32500   -0.04874
 21.8000   22.64211   84.48296   36.4707  145.2293   15.59600   -0.03511
 21.8083   22.48918   84.64407   36.4559  145.2720   15.87000   -0.01195
 21.8167   22.33631   84.80504   36.4409  145.3151   16.12400   -0.00457
 21.8250   22.18349   84.96585   36.4257  145.3585   16.30600    0.00328
 21.8333   22.03073   85.12652   36.4104  145.4021   16.59100   -0.00210
 21.8417   21.87802   85.28704   36.3948  145.4461   16.76800   -0.01068
 21.8500   21.72536   85.44740   36.3791  145.4904   16.93300   -0.03168
 21.8583   21.57275   85.60762   36.3631  145.5350   17.14800   -0.04874
 21.8667   21.42020   85.76768   36.3469  145.5799   17.36200   -0.04399
 21.8750   21.26769   85.92759   36.3306  145.6252   17.69000   -0.03099
 21.8833   21.11524   86.08735   36.3140  145.6707   17.97500   -0.01414
 21.8917   20.96283   86.24696   36.2972  145.7166   18.21900   -0.01264
 21.9000   20.81048   86.40641   36.2803  145.7629   18.44900   -0.01533
 21.9083   20.65817   86.56571   36.2631  145.8094   18.71200   -0.01486
 21.9167   20.50592   86.72486   36.2456  145.8563   18.98600   -0.02465
 21.9250   20.35371   86.88386   36.2280  145.9035   19.15600   -0.03405
 21.9333   20.20154   87.04270   36.2101  145.9511   19.42600   -0.03888
 21.9417   20.04943   87.20139   36.1920  145.9991   19.74200   -0.02284
 21.9500   19.89736   87.35992   36.1737  146.0474   20.06200   -0.00111
 21.9583   19.74533   87.51829   36.1552  146.0960   20.37500   -0.00191
 21.9667   19.59336   87.67652   36.1364  146.1451   20.53700    0.00668
 21.9750   19.44142   87.83458   36.1174  146.1944   20.91700    0.00914
 21.9833   19.28953   87.99249   36.0981  146.2442   21.19600    0.01969
 21.9917   19.13769   88.15024   36.0786  146.2943   21.42900    0.01638
 22.0000   18.98589   88.30783   36.0589  146.3448   21.72900   -0.00295
 22.0083   18.83413   88.46527   36.0389  146.3957   21.91600   -0.01637
 22.0167   18.68241   88.62255   36.0186  146.4470   22.20600   -0.03467
 22.0250   18.53074   88.77967   35.9981  146.4987   22.48500   -0.04317
 22.0333   18.37911   88.93663   35.9773  146.5508   22.73700   -0.05284
 22.0417   18.22752   89.09343   35.9563  146.6032   23.01500   -0.06805
 22.0500   18.07597   89.25007   35.9350  146.6561   23.25500   -0.06384
 22.0583   17.92446   89.40655   35.9134  146.7094   23.64700   -0.04520
 22.0667   17.77299   89.56287   35.8915  146.7631   24.03200   -0.02000
 22.0750   17.62156   89.71903   35.8694  146.8172   24.32300    0.00639
 22.0833   17.47017   89.87503   35.8470  146.8718   24.73500    0.02302
 22.0917   17.31881   90.03086   35.8243  146.9268   25.06300    0.03704
 22.1000   17.16750   90.18653   35.8013  146.9822   25.34800    0.02409
 22.1083   17.01622   90.34204   35.7780  147.0380   25.57800    0.01553
 22.1167   16.86498   90.49738   35.7544  147.0943   25.95200   -0.00451
 22.1250   16.71378   90.65256   35.7305  147.1511   26.16300   -0.01606
 22.1333   16.56261   90.80757   35.7063  147.2083   26.46900   -0.02934
 22.1417   16.41148   90.96242   35.6818  147.2659   26.83100   -0.03394
 22.1500   16.26039   91.11710   35.6570  147.3240   27.10400   -0.02927
 22.1583   16.10933   91.27162   35.6318  147.3826   27.47100   -0.03020
 22.1667   15.95830   91.42597   35.6063  147.4417   27.78600   -0.02421
 22.1750   15.80731   91.58015   35.5805  147.5012   28.11000   -0.01314
 22.1833   15.65636   91.73416   35.5544  147.5612   28.51200    0.00364
 22.1917   15.50544   91.88800   35.5279  147.6218   28.88000    0.01054
 22.2000   15.35455   92.04168   35.5010  147.6828   29.13600    0.01761
 22.2083   15.20369   92.19518   35.4738  147.7443   29.55200    0.01053
 22.2167   15.05287   92.34851   35.4463  147.8063   29.82000    0.00722
 22.2250   14.90208   92.50168   35.4184  147.8688   30.11200   -0.00534
 22.2333   14.75132   92.65467   35.3901  147.9319   30.46100   -0.00729
 22.2417   14.60059   92.80749   35.3615  147.9954   30.81200   -0.00837
 22.2500   14.44990   92.96013   35.3325  148.0595   31.11800   -0.01762
 22.2583   14.29923   93.11260   35.3031  148.1241   31.40900   -0.01958
 22.2667   14.14860   93.26490   35.2733  148.1893   31.82000   -0.02047
 22.2750   13.99799   93.41702   35.2431  148.2550   32.13600   -0.01755
 22.2833   13.84742   93.56897   35.2126  148.3212   32.45800   -0.01312
 22.2917   13.69688   93.72074   35.1816  148.3880   32.87900   -0.01445
 22.3000   13.54636   93.87234   35.1502  148.4554   33.15200   -0.01316
 22.3083   13.39587   94.02375   35.1184  148.5233   33.49900   -0.01603
 22.3167   13.24542   94.17499   35.0862  148.5918   33.89500   -0.00954
 22.3250   13.09499   94.32606   35.0535  148.6608   34.24700    0.00062
 22.3333   12.94459   94.47694   35.0204  148.7305   34.62800    0.00571
 22.3417   12.79421   94.62764   34.9869  148.8007   34.99100    0.01357
 22.3500   12.64386   94.77816   34.9529  148.8715   35.37100    0.00992
 22.3583   12.49354   94.92851   34.9185  148.9430   35.66700    0.00014
 22.3667   12.34325   95.07867   34.8836  149.0150   35.98600   -0.00932
 22.3750   12.19299   95.22864   34.8482  149.0876   36.37000   -0.01234
 22.3833   12.04274   95.37844   34.8124  149.1609   36.71800   -0.01236
 22.3917   11.89253   95.52805   34.7761  149.2347   37.05900   -0.01526
 22.4000   11.74234   95.67748   34.7392  149.3092   37.42000   -0.01470
 22.4083   11.59218   95.82672   34.7019  149.3843   37.79100   -0.00976
 22.4167   11.44204   95.97577   34.6641  149.4601   38.15800   -0.00398
 22.4250   11.29192   96.12464   34.6258  149.5365   38.52100    0.01408
 22.4333   11.14184   96.27333   34.5870  149.6135   38.99200    0.02993
 22.4417   10.99177   96.42182   34.5476  149.6912   39.34100    0.03597
 22.4500   10.84173   96.57013   34.5077  149.7696   39.61900    0.02970
 22.4583   10.69171   96.71825   34.4673  149.8486   39.98500    0.02220
 22.4667   10.54172   96.86618   34.4263  149.9283   40.32300    0.02158
 22.4750   10.39175   97.01392   34.3848  150.0087   40.66100    0.01326
 22.4833   10.24180   97.16146   34.3427  150.0897   40.96200   -0.00189
 22.4917   10.09187   97.30882   34.3000  150.1714   41.24000   -0.00808
 22.5000    9.94197   97.45598   34.2568  150.2538   41.65300   -0.01034
 22.5083    9.79209   97.60295   34.2129  150.3369   41.98200   -0.01014
 22.5167    9.64223   97.74973   34.1685  150.4207   42.27500   -0.01705
 22.5250    9.49239   97.89631   34.1235  150.5052   42.62100   -0.01792
 22.5333    9.34258   98.04270   34.0778  150.5904   43.00400   -0.01585
 22.5417    9.19278   98.18889   34.0315  150.6763   43.32700   -0.01067
 22.5500    9.04301   98.33488   33.9846  150.7630   43.70300   -0.00406
 22.5583    8.89326   98.48068   33.9371  150.8503   44.10000    0.00087
 22.5667    8.74353   98.62628   33.8889  150.9384   44.40900    0.00102
 22.5750    8.59382   98.77168   33.8401  151.0272   44.74600   -0.00611
 22.5833    8.44413   98.91688   33.7906  151.1168   45.08000   -0.00351
 22.5917    8.29446   99.06188   33.7404  151.2070   45.48100    0.00372
 22.6000    8.14480   99.20668   33.6895  151.2981   45.86100    0.00944
 22.6083    7.99517   99.35128   33.6379  151.3898   46.18500    0.01011
 22.6167    7.84556   99.49567   33.5857  151.4823   46.54400    0.00574
 22.6250    7.69597   99.63987   33.5327  151.5756   46.88100    0.00563
 22.6333    7.54640   99.78385   33.4790  151.6696   47.24000   -0.00012
 22.6417    7.39684   99.92764   33.4246  151.7644   47.53800   -0.00516
 22.6500    7.24731  100.07122   33.3694  151.8599   47.87500   -0.00375
 22.6583    7.09779  100.21459   33.3135  151.9562   48.29700   -0.00068
 22.6667    6.94829  100.35775   33.2568  152.0533   48.62200   -0.00155
 22.6750    6.79881  100.50071   33.1994  152.1511   48.91800   -0.00209
 22.6833    6.64935  100.64346   33.1412  152.2497   49.33100    0.00467
 22.6917    6.49990  100.78600   33.0822  152.3490   49.72500    0.01205
 22.7000    6.35047  100.92833   33.0224  152.4492   50.03800    0.00693
 22.7083    6.20106  101.07045   32.9618  152.5501   50.33300   -0.00516
 22.7167    6.05167  101.21236   32.9004  152.6518   50.66000   -0.01094
 22.7250    5.90230  101.35406   32.8381  152.7543   51.00100   -0.00347
 22.7333    5.75294  101.49554   32.7750  152.8575   51.42800    0.00000

