hmax        =    300
wind_bottom =      2
wind_top    =     10
critlon     =      0
tbeg, h     =   0.00
tend, h     =  24.00
c_ionex     =      0
c_vert      =      1
time, gamma, az, latp, lonp, tec, tec_filtered
  7.5667   16.35891  294.09094   38.7936  129.8728   38.74000    0.00000
  7.5750   16.50621  294.24731   38.7965  129.9394   38.40800   -0.00255
  7.5833   16.65368  294.40356   38.7992  130.0054   38.21600   -0.00828
  7.5917   16.80132  294.55969   38.8018  130.0709   37.94100    0.01572
  7.6000   16.94914  294.71573   38.8042  130.1358   37.77200    0.02585
  7.6083   17.09713  294.87164   38.8064  130.2002   37.34200    0.06650
  7.6167   17.24530  295.02744   38.8084  130.2640   37.16400    0.08994
  7.6250   17.39364  295.18314   38.8103  130.3274   36.77100    0.11363
  7.6333   17.54216  295.33871   38.8120  130.3902   36.26200    0.11273
  7.6417   17.69086  295.49417   38.8136  130.4525   35.86100    0.11222
  7.6500   17.83974  295.64951   38.8150  130.5143   35.47400    0.09384
  7.6583   17.98880  295.80472   38.8162  130.5756   34.97300    0.06122
  7.6667   18.13805  295.95981   38.8173  130.6364   34.48300    0.00807
  7.6750   18.28748  296.11481   38.8183  130.6967   33.97500   -0.04174
  7.6833   18.43709  296.26968   38.8191  130.7565   33.53100   -0.10535
  7.6917   18.58689  296.42441   38.8198  130.8159   32.99200   -0.16223
  7.7000   18.73687  296.57901   38.8203  130.8747   32.57400   -0.23112
  7.7083   18.88705  296.73352   38.8207  130.9331   32.09100   -0.27941
  7.7167   19.03741  296.88788   38.8209  130.9910   31.73100   -0.31602
  7.7250   19.18796  297.04214   38.8210  131.0484   31.42200   -0.32378
  7.7333   19.33871  297.19626   38.8210  131.1054   31.15200   -0.28554
  7.7417   19.48964  297.35025   38.8209  131.1620   31.10500   -0.20554
  7.7500   19.64077  297.50412   38.8206  131.2180   31.07500   -0.08163
  7.7583   19.79210  297.65787   38.8202  131.2737   31.09100    0.05311
  7.7667   19.94362  297.81146   38.8197  131.3288   31.10300    0.18567
  7.7750   20.09533  297.96494   38.8191  131.3836   31.03900    0.29617
  7.7833   20.24725  298.11832   38.8183  131.4379   30.89100    0.36526
  7.7917   20.39936  298.27151   38.8174  131.4918   30.61100    0.38631
  7.8000   20.55168  298.42462   38.8164  131.5452   30.20900    0.36869
  7.8083   20.70419  298.57758   38.8153  131.5982   29.79300    0.30771
  7.8167   20.85691  298.73041   38.8141  131.6508   29.21400    0.23145
  7.8250   21.00983  298.88309   38.8128  131.7030   28.70300    0.12741
  7.8333   21.16295  299.03568   38.8113  131.7548   28.08500    0.04395
  7.8417   21.31628  299.18808   38.8098  131.8062   27.61600   -0.05396
  7.8500   21.46982  299.34036   38.8081  131.8572   26.98800   -0.12185
  7.8583   21.62356  299.49252   38.8064  131.9077   26.54600   -0.19057
  7.8667   21.77751  299.64453   38.8045  131.9579   26.05800   -0.24495
  7.8750   21.93168  299.79642   38.8025  132.0077   25.51700   -0.27431
  7.8833   22.08605  299.94815   38.8005  132.0571   25.24700   -0.28147
  7.8917   22.24064  300.09973   38.7983  132.1061   24.92000   -0.24531
  7.9000   22.39544  300.25119   38.7961  132.1547   24.68800   -0.20396
  7.9083   22.55045  300.40253   38.7937  132.2030   24.48100   -0.15211
  7.9167   22.70568  300.55368   38.7913  132.2509   24.26400   -0.08139
  7.9250   22.86112  300.70471   38.7887  132.2984   24.18500   -0.02006
  7.9333   23.01679  300.85562   38.7861  132.3455   23.95900    0.03620
  7.9417   23.17267  301.00635   38.7834  132.3923   23.73900    0.06349
  7.9500   23.32877  301.15695   38.7806  132.4387   23.50900    0.08431
  7.9583   23.48509  301.30743   38.7777  132.4848   23.27100    0.08573
  7.9667   23.64163  301.45773   38.7747  132.5305   22.95400    0.07908
  7.9750   23.79840  301.60791   38.7717  132.5759   22.69600    0.05591
  7.9833   23.95539  301.75793   38.7685  132.6209   22.36700    0.03982
  7.9917   24.11261  301.90778   38.7653  132.6656   22.10500    0.01223
  8.0000   24.27005  302.05750   38.7620  132.7099   21.78200   -0.00931
  8.0083   24.42772  302.20709   38.7586  132.7539   21.48500   -0.03818
  8.0167   24.58562  302.35651   38.7552  132.7976   21.17400   -0.06566
  8.0250   24.74375  302.50577   38.7516  132.8409   20.85600   -0.09093
  8.0333   24.90211  302.65491   38.7480  132.8839   20.57900   -0.10507
  8.0417   25.06070  302.80389   38.7443  132.9266   20.34400   -0.10312
  8.0500   25.21952  302.95270   38.7406  132.9690   20.13600   -0.08861
  8.0583   25.37858  303.10135   38.7367  133.0110   19.95100   -0.06700
  8.0667   25.53787  303.24988   38.7328  133.0527   19.77500   -0.04842
  8.0750   25.69740  303.39822   38.7288  133.0942   19.56900   -0.04357
  8.0833   25.85716  303.54645   38.7248  133.1353   19.32900   -0.04530
  8.0917   26.01717  303.69449   38.7207  133.1761   19.14800   -0.05059
  8.1000   26.17741  303.84238   38.7165  133.2166   18.95500   -0.05499
  8.1083   26.33790  303.99011   38.7122  133.2568   18.75500   -0.05685
  8.1167   26.49862  304.13770   38.7079  133.2967   18.61200   -0.06201
  8.1250   26.65959  304.28510   38.7035  133.3363   18.41900   -0.05962
  8.1333   26.82080  304.43237   38.6991  133.3756   18.27000   -0.07299
  8.1417   26.98226  304.57947   38.6946  133.4146   18.04200   -0.06539
  8.1500   27.14396  304.72644   38.6900  133.4534   17.96700   -0.04924
  8.1583   27.30591  304.87320   38.6854  133.4918   17.86300   -0.00277
  8.1667   27.46810  305.01984   38.6807  133.5300   17.80300    0.03590
  8.1750   27.63055  305.16629   38.6759  133.5679   17.67800    0.07941
  8.1833   27.79325  305.31259   38.6711  133.6055   17.59300    0.08915
  8.1917   27.95619  305.45874   38.6662  133.6428   17.33600    0.09947
  8.2000   28.11939  305.60471   38.6613  133.6799   17.20900    0.09007
  8.2083   28.28285  305.75052   38.6563  133.7167   17.01200    0.09064
  8.2167   28.44655  305.89615   38.6513  133.7533   16.81200    0.07371
  8.2250   28.61052  306.04163   38.6462  133.7895   16.59500    0.05265
  8.2333   28.77473  306.18695   38.6410  133.8255   16.38100    0.02178
  8.2417   28.93921  306.33212   38.6358  133.8613   16.12900   -0.01158
  8.2500   29.10395  306.47708   38.6306  133.8967   15.89300   -0.05108
  8.2583   29.26894  306.62192   38.6253  133.9320   15.64200   -0.07975
  8.2667   29.43420  306.76657   38.6199  133.9669   15.44400   -0.09837
  8.2750   29.59971  306.91104   38.6145  134.0017   15.26500   -0.10714
  8.2833   29.76550  307.05536   38.6090  134.0361   15.07100   -0.09696
  8.2917   29.93154  307.19949   38.6035  134.0704   14.98400   -0.08434
  8.3000   30.09785  307.34344   38.5980  134.1044   14.82300   -0.05727
  8.3083   30.26442  307.48727   38.5924  134.1381   14.71400   -0.03698
  8.3167   30.43127  307.63089   38.5867  134.1716   14.59500   -0.01511
  8.3250   30.59838  307.77435   38.5810  134.2049   14.45700    0.00110
  8.3333   30.76575  307.91766   38.5753  134.2379   14.33200    0.01141
  8.3417   30.93340  308.06076   38.5695  134.2707   14.20500    0.01036
  8.3500   31.10132  308.20370   38.5636  134.3033   14.02000    0.01267
  8.3583   31.26952  308.34647   38.5577  134.3356   13.92500    0.01331
  8.3667   31.43798  308.48907   38.5518  134.3677   13.79400    0.01144
  8.3750   31.60672  308.63150   38.5458  134.3996   13.59900    0.00363
  8.3833   31.77574  308.77374   38.5398  134.4312   13.47200   -0.01907
  8.3917   31.94503  308.91583   38.5338  134.4627   13.26000   -0.01303
  8.4000   32.11460  309.05771   38.5277  134.4939   13.20800   -0.01241
  8.4083   32.28445  309.19943   38.5215  134.5249   13.04900    0.01456
  8.4167   32.45457  309.34097   38.5154  134.5556   12.96900    0.01199
  8.4250   32.62498  309.48233   38.5091  134.5862   12.76600    0.01875
  8.4333   32.79567  309.62354   38.5029  134.6165   12.65800    0.00750
  8.4417   32.96664  309.76453   38.4966  134.6467   12.48900    0.01102
  8.4500   33.13789  309.90536   38.4902  134.6766   12.36200    0.00118
  8.4583   33.30943  310.04602   38.4839  134.7063   12.18900   -0.00507
  8.4667   33.48125  310.18649   38.4774  134.7358   12.04200   -0.02130
  8.4750   33.65336  310.32678   38.4710  134.7651   11.87800   -0.03072
  8.4833   33.82576  310.46692   38.4645  134.7942   11.74400   -0.03633
  8.4917   33.99844  310.60684   38.4580  134.8231   11.62400   -0.03766
  8.5000   34.17142  310.74658   38.4514  134.8518   11.48000   -0.03355
  8.5083   34.34468  310.88617   38.4448  134.8803   11.37900   -0.03149
  8.5167   34.51824  311.02554   38.4382  134.9086   11.25300   -0.03364
  8.5250   34.69209  311.16476   38.4315  134.9367   11.09800   -0.03804
  8.5333   34.86623  311.30377   38.4248  134.9646   10.99400   -0.04371
  8.5417   35.04067  311.44260   38.4181  134.9924   10.87200   -0.03481
  8.5500   35.21540  311.58127   38.4113  135.0199   10.79700   -0.02757
  8.5583   35.39042  311.71973   38.4045  135.0473   10.69400   -0.01605
  8.5667   35.56575  311.85803   38.3977  135.0744   10.60000   -0.01511
  8.5750   35.74137  311.99612   38.3908  135.1014   10.48200   -0.01656
  8.5833   35.91729  312.13403   38.3839  135.1282   10.37300   -0.01673
  8.5917   36.09351  312.27176   38.3770  135.1548   10.28800   -0.01416
  8.6000   36.27003  312.40933   38.3700  135.1812   10.18200   -0.00188
  8.6083   36.44686  312.54666   38.3630  135.2075   10.11900    0.00458
  8.6167   36.62398  312.68384   38.3560  135.2335   10.00800    0.01419
  8.6250   36.80141  312.82083   38.3489  135.2594    9.92000    0.01371
  8.6333   36.97915  312.95764   38.3419  135.2851    9.81000    0.01654
  8.6417   37.15719  313.09424   38.3348  135.3107    9.71200    0.02548
  8.6500   37.33553  313.23065   38.3276  135.3361    9.64900    0.02902
  8.6583   37.51419  313.36688   38.3204  135.3613    9.51400    0.02875
  8.6667   37.69315  313.50293   38.3132  135.3863    9.40200    0.01108
  8.6750   37.87242  313.63879   38.3060  135.4111    9.26100   -0.00400
  8.6833   38.05200  313.77444   38.2988  135.4358    9.14000   -0.01494
  8.6917   38.23189  313.90991   38.2915  135.4604    9.04800   -0.01820
  8.7000   38.41209  314.04520   38.2842  135.4847    8.94700   -0.01878
  8.7083   38.59261  314.18030   38.2768  135.5089    8.84300   -0.03112
  8.7167   38.77344  314.31519   38.2695  135.5329    8.70400   -0.04168
  8.7250   38.95458  314.44992   38.2621  135.5568    8.61400   -0.04758
  8.7333   39.13604  314.58444   38.2547  135.5805    8.53100   -0.04022
  8.7417   39.31782  314.71875   38.2472  135.6041    8.45200   -0.03970
  8.7500   39.49991  314.85291   38.2398  135.6275    8.33400   -0.03836
  8.7583   39.68232  314.98685   38.2323  135.6507    8.26200   -0.03191
  8.7667   39.86505  315.12057   38.2248  135.6738    8.21200   -0.01501
  8.7750   40.04810  315.25415   38.2172  135.6967    8.14600    0.00541
  8.7833   40.23147  315.38751   38.2097  135.7195    8.09100    0.02034
  8.7917   40.41516  315.52069   38.2021  135.7421    8.01700    0.02278
  8.8000   40.59917  315.65366   38.1945  135.7646    7.90000    0.01766
  8.8083   40.78351  315.78644   38.1868  135.7869    7.81700    0.00917
  8.8167   40.96817  315.91904   38.1792  135.8091    7.73300    0.00610
  8.8250   41.15315  316.05142   38.1715  135.8311    7.64000    0.00568
  8.8333   41.33846  316.18362   38.1638  135.8530    7.57000    0.00356
  8.8417   41.52410  316.31564   38.1560  135.8747    7.48000    0.00513
  8.8500   41.71006  316.44745   38.1483  135.8963    7.40300   -0.00226
  8.8583   41.89635  316.57907   38.1405  135.9178    7.29300   -0.01092
  8.8667   42.08297  316.71048   38.1327  135.9391    7.19500   -0.01538
  8.8750   42.26992  316.84171   38.1249  135.9603    7.13500   -0.01349
  8.8833   42.45720  316.97275   38.1171  135.9813    7.05400   -0.00962
  8.8917   42.64481  317.10358   38.1092  136.0022    6.96900   -0.01196
  8.9000   42.83275  317.23419   38.1014  136.0229    6.88900   -0.01677
  8.9083   43.02103  317.36465   38.0935  136.0435    6.80200   -0.02051
  8.9167   43.20963  317.49487   38.0855  136.0640    6.72500   -0.02358
  8.9250   43.39857  317.62494   38.0776  136.0844    6.65100   -0.02256
  8.9333   43.58785  317.75476   38.0696  136.1046    6.58300   -0.02384
  8.9417   43.77746  317.88443   38.0617  136.1246    6.50100   -0.02377
  8.9500   43.96741  318.01389   38.0537  136.1446    6.43600   -0.02322
  8.9583   44.15769  318.14313   38.0456  136.1644    6.37400   -0.01730
  8.9667   44.34831  318.27219   38.0376  136.1841    6.31600   -0.00705
  8.9750   44.53927  318.40106   38.0296  136.2036    6.27100   -0.00055
  8.9833   44.73057  318.52972   38.0215  136.2230    6.19600    0.00478
  8.9917   44.92221  318.65817   38.0134  136.2423    6.13400    0.00708
  9.0000   45.11419  318.78644   38.0053  136.2615    6.07700    0.00804
  9.0083   45.30651  318.91452   37.9971  136.2805    5.99500    0.01181
  9.0167   45.49917  319.04239   37.9890  136.2995    5.94400    0.00819
  9.0250   45.69217  319.17004   37.9808  136.3183    5.85600    0.01178
  9.0333   45.88552  319.29752   37.9726  136.3369    5.80300    0.01336
  9.0417   46.07921  319.42480   37.9644  136.3555    5.74200    0.02046
  9.0500   46.27324  319.55188   37.9562  136.3739    5.67400    0.02481
  9.0583   46.46762  319.67874   37.9480  136.3922    5.60700    0.01997
  9.0667   46.66234  319.80542   37.9397  136.4104    5.50700    0.01590
  9.0750   46.85741  319.93188   37.9315  136.4285    5.43900    0.00498
  9.0833   47.05283  320.05817   37.9232  136.4464    5.34100    0.00480
  9.0917   47.24860  320.18427   37.9149  136.4642    5.28000    0.00100
  9.1000   47.44471  320.31015   37.9066  136.4820    5.19600    0.00288
  9.1083   47.64117  320.43582   37.8982  136.4996    5.12300   -0.00240
  9.1167   47.83798  320.56131   37.8899  136.5170    5.03600   -0.00299
  9.1250   48.03514  320.68658   37.8815  136.5344    4.97100   -0.00169
  9.1333   48.23265  320.81168   37.8731  136.5517    4.90400   -0.00037
  9.1417   48.43051  320.93655   37.8647  136.5688    4.81500   -0.00452
  9.1500   48.62872  321.06125   37.8563  136.5858    4.72800   -0.01523
  9.1583   48.82728  321.18573   37.8479  136.6028    4.63500   -0.02701
  9.1667   49.02620  321.31003   37.8394  136.6196    4.54500   -0.02749
  9.1750   49.22547  321.43411   37.8310  136.6363    4.50400   -0.01469
  9.1833   49.42509  321.55801   37.8225  136.6529    4.46400    0.00283
  9.1917   49.62506  321.68170   37.8140  136.6694    4.39300    0.00943
  9.2000   49.82539  321.80521   37.8055  136.6857    4.31200    0.01184
  9.2083   50.02608  321.92850   37.7970  136.7020    4.25600    0.00769
  9.2167   50.22712  322.05161   37.7884  136.7182    4.15800    0.00058
  9.2250   50.42851  322.17450   37.7799  136.7342    4.06300   -0.00639
  9.2333   50.63026  322.29721   37.7713  136.7502    4.00700   -0.00366
  9.2417   50.83237  322.41971   37.7627  136.7660    3.94800    0.00512
  9.2500   51.03484  322.54202   37.7541  136.7818    3.87900    0.00835
  9.2583   51.23766  322.66412   37.7455  136.7974    3.80200    0.01524
  9.2667   51.44084  322.78604   37.7369  136.8130    3.75300    0.02024
  9.2750   51.64438  322.90775   37.7283  136.8284    3.67400    0.02015
  9.2833   51.84827  323.02927   37.7196  136.8437    3.57800    0.01070
  9.2917   52.05253  323.15060   37.7110  136.8590    3.49600   -0.00452
  9.3000   52.25714  323.27173   37.7023  136.8741    3.39800   -0.01487
  9.3083   52.46212  323.39267   37.6936  136.8892    3.32300   -0.01764
  9.3167   52.66745  323.51340   37.6849  136.9041    3.27000   -0.01476
  9.3250   52.87315  323.63394   37.6762  136.9190    3.19100   -0.01550
  9.3333   53.07920  323.75427   37.6674  136.9337    3.09900   -0.02039
  9.3417   53.28562  323.87442   37.6587  136.9484    3.02900   -0.01471
  9.3500   53.49240  323.99438   37.6499  136.9629    2.98600   -0.00440
  9.3583   53.69954  324.11417   37.6412  136.9774    2.90800    0.01113
  9.3667   53.90704  324.23373   37.6324  136.9918    2.85500    0.02096
  9.3750   54.11490  324.35309   37.6236  137.0060    2.79200    0.02876
  9.3833   54.32313  324.47229   37.6148  137.0202    2.71200    0.02460
  9.3917   54.53172  324.59128   37.6060  137.0343    2.62100    0.01652
  9.4000   54.74067  324.71008   37.5972  137.0483    2.54800    0.00473
  9.4083   54.94998  324.82870   37.5883  137.0622    2.45800   -0.00437
  9.4167   55.15966  324.94711   37.5795  137.0760    2.38200   -0.01738
  9.4250   55.36970  325.06534   37.5706  137.0898    2.30100   -0.03417
  9.4333   55.58010  325.18338   37.5617  137.1034    2.20100   -0.05207
  9.4417   55.79087  325.30124   37.5528  137.1170    2.12300   -0.06472
  9.4500   56.00200  325.41888   37.5439  137.1304    2.06200   -0.05872
  9.4583   56.21350  325.53638   37.5350  137.1438    2.03000   -0.04885
  9.4667   56.42536  325.65366   37.5261  137.1571    1.96900   -0.03951
  9.4750   56.63759  325.77075   37.5171  137.1703    1.91300   -0.03172
  9.4833   56.85018  325.88766   37.5082  137.1834    1.88400   -0.02068
  9.4917   57.06313  326.00443   37.4992  137.1965    1.84300   -0.01235
  9.5000   57.27645  326.12097   37.4902  137.2094    1.78300   -0.00886
  9.5083   57.49013  326.23734   37.4812  137.2223    1.74200   -0.01158
  9.5167   57.70418  326.35349   37.4722  137.2350    1.68400   -0.01435
  9.5250   57.91859  326.46951   37.4632  137.2477    1.62900   -0.02080
  9.5333   58.13337  326.58533   37.4542  137.2603    1.57900   -0.01818
  9.5417   58.34851  326.70096   37.4452  137.2729    1.55200   -0.00648
  9.5500   58.56402  326.81644   37.4361  137.2853    1.52900    0.01063
  9.5583   58.77989  326.93173   37.4271  137.2977    1.49900    0.02424
  9.5667   58.99613  327.04684   37.4180  137.3100    1.46200    0.02633
  9.5750   59.21273  327.16177   37.4089  137.3222    1.39900    0.02207
  9.5833   59.42970  327.27652   37.3999  137.3343    1.34800    0.01322
  9.5917   59.64703  327.39111   37.3908  137.3463    1.29500    0.00567
  9.6000   59.86473  327.50552   37.3816  137.3583    1.23800   -0.00357
  9.6083   60.08279  327.61978   37.3725  137.3702    1.18100   -0.01850
  9.6167   60.30121  327.73386   37.3634  137.3820    1.11200   -0.02198
  9.6250   60.52000  327.84775   37.3542  137.3938    1.09500   -0.01964
  9.6333   60.73915  327.96152   37.3451  137.4054    1.05900   -0.01116
  9.6417   60.95867  328.07510   37.3359  137.4170    1.01100   -0.01161
  9.6500   61.17855  328.18851   37.3267  137.4285    0.96600   -0.00861
  9.6583   61.39880  328.30176   37.3175  137.4399    0.94600   -0.01771
  9.6667   61.61941  328.41486   37.3083  137.4513    0.86300   -0.02359
  9.6750   61.84038  328.52780   37.2991  137.4626    0.83400   -0.03843
  9.6833   62.06171  328.64059   37.2899  137.4738    0.78600   -0.03618
  9.6917   62.28341  328.75323   37.2807  137.4849    0.76200   -0.03941
  9.7000   62.50547  328.86569   37.2714  137.4960    0.71800   -0.03204
  9.7083   62.72789  328.97803   37.2622  137.5070    0.70800   -0.02508
  9.7167   62.95068  329.09021   37.2529  137.5179    0.68600   -0.00932
  9.7250   63.17382  329.20224   37.2436  137.5287    0.67300    0.00431
  9.7333   63.39733  329.31415   37.2344  137.5395    0.66000    0.02005
  9.7417   63.62120  329.42590   37.2251  137.5502    0.64600    0.02588
  9.7500   63.84543  329.53754   37.2157  137.5608    0.60200    0.01588
  9.7583   64.07002  329.64902   37.2064  137.5714    0.53800   -0.00021
  9.7667   64.29496  329.76035   37.1971  137.5819    0.50700   -0.01121
  9.7750   64.52027  329.87158   37.1878  137.5923    0.48300   -0.01569
  9.7833   64.74594  329.98270   37.1784  137.6027    0.44400   -0.00995
  9.7917   64.97197  330.09366   37.1690  137.6130    0.45000   -0.00737
  9.8000   65.19835  330.20453   37.1597  137.6232    0.41600    0.00141
  9.8083   65.42509  330.31525   37.1503  137.6333    0.39600   -0.00248
  9.8167   65.65219  330.42590   37.1409  137.6434    0.35900   -0.01192
  9.8250   65.87965  330.53641   37.1315  137.6534    0.30600   -0.02080
  9.8333   66.10746  330.64682   37.1221  137.6634    0.29100   -0.03090
  9.8417   66.33563  330.75714   37.1126  137.6733    0.25600   -0.02482
  9.8500   66.56416  330.86737   37.1032  137.6831    0.26300   -0.02272
  9.8583   66.79303  330.97748   37.0938  137.6929    0.24000   -0.00990
  9.8667   67.02227  331.08752   37.0843  137.7026    0.24200   -0.01431
  9.8750   67.25185  331.19748   37.0748  137.7122    0.19500   -0.01963
  9.8833   67.48179  331.30737   37.0653  137.7218    0.17100   -0.02784
  9.8917   67.71208  331.41718   37.0558  137.7313    0.16600   -0.03164
  9.9000   67.94272  331.52695   37.0463  137.7407    0.13700   -0.02301
  9.9083   68.17371  331.63663   37.0368  137.7501    0.15900   -0.01609
  9.9167   68.40506  331.74628   37.0273  137.7594    0.15500   -0.00736
  9.9250   68.63675  331.85587   37.0178  137.7687    0.13800   -0.00762
  9.9333   68.86879  331.96542   37.0082  137.7779    0.13400   -0.01626
  9.9417   69.10118  332.07492   36.9986  137.7870    0.10500   -0.01620
  9.9500   69.33391  332.18442   36.9891  137.7961    0.11600   -0.01923
  9.9583   69.56699  332.29391   36.9795  137.8051    0.10300   -0.01474
  9.9667   69.80042  332.40338   36.9699  137.8140    0.10000   -0.01587
  9.9750   70.03419  332.51285   36.9603  137.8230    0.09600   -0.01023
  9.9833   70.26831  332.62231   36.9507  137.8318    0.10700    0.00033
  9.9917   70.50277  332.73181   36.9411  137.8405    0.12000    0.00991
 10.0000   70.73757  332.84134   36.9314  137.8493    0.11200    0.01827
 10.0083   70.97271  332.95093   36.9218  137.8579    0.11800    0.01764
 10.0167   71.20819  333.06055   36.9121  137.8665    0.10300    0.01898
 10.0250   71.44401  333.17026   36.9024  137.8751    0.10100    0.00732
 10.0333   71.68016  333.28003   36.8927  137.8836    0.06600    0.00224
 10.0417   71.91666  333.38989   36.8830  137.8920    0.07300   -0.00062
 10.0500   72.15349  333.49985   36.8733  137.9004    0.08000   -0.00055
 10.0583   72.39066  333.60995   36.8636  137.9087    0.05600    0.00170
 10.0667   72.62816  333.72018   36.8539  137.9170    0.06900   -0.00272
 10.0750   72.86599  333.83057   36.8441  137.9252    0.05400   -0.00493
 10.0833   73.10415  333.94113   36.8344  137.9334    0.03700   -0.00647
 10.0917   73.34264  334.05188   36.8246  137.9415    0.05200   -0.02038
 10.1000   73.58147  334.16287   36.8148  137.9495    0.00000   -0.02470
 10.1083   73.82062  334.27405   36.8050  137.9575    0.01400   -0.02572
 10.1167   74.06010  334.38553   36.7952  137.9655    0.04400   -0.01420
 10.1250   74.29990  334.49728   36.7854  137.9734    0.03300   -0.00969
 10.1333   74.54002  334.60938   36.7756  137.9812    0.02800   -0.01403
 10.1417   74.78047  334.72177   36.7658  137.9890    0.03200   -0.01523
 10.1500   75.02124  334.83456   36.7559  137.9967    0.03200   -0.01093
 10.1583   75.26233  334.94775   36.7460  138.0044    0.04500   -0.00878
 10.1667   75.50374  335.06140   36.7362  138.0121    0.04100   -0.00489
 10.1750   75.74546  335.17551   36.7263  138.0197    0.04500   -0.00273
 10.1833   75.98750  335.29016   36.7164  138.0272    0.05300    0.00940
 10.1917   76.22986  335.40536   36.7065  138.0347    0.07900    0.01165
 10.2000   76.47252  335.52121   36.6965  138.0421    0.05300    0.02257
 10.2083   76.71550  335.63770   36.6866  138.0495    0.08600    0.02867
 10.2167   76.95878  335.75491   36.6766  138.0568    0.09700    0.03510
 10.2250   77.20237  335.87292   36.6667  138.0641    0.07300    0.03237
 10.2333   77.44626  335.99179   36.6567  138.0714    0.07800    0.01785
 10.2417   77.69046  336.11157   36.6467  138.0786    0.05300    0.00350
 10.2500   77.93496  336.23236   36.6367  138.0857    0.03000   -0.01238
 10.2583   78.17976  336.35425   36.6267  138.0928    0.03100   -0.02543
 10.2667   78.42485  336.47733   36.6167  138.0999    0.01600   -0.02564
 10.2750   78.67024  336.60168   36.6066  138.1069    0.03200   -0.02697
 10.2833   78.91591  336.72745   36.5966  138.1139    0.03200   -0.02497
 10.2917   79.16188  336.85474   36.5865  138.1208    0.02800   -0.02439
 10.3000   79.40814  336.98370   36.5764  138.1276    0.03900   -0.02518
 10.3083   79.65468  337.11447   36.5663  138.1345    0.03400   -0.02005
 10.3167   79.90149  337.24722   36.5562  138.1413    0.04800   -0.01775
 10.3250   80.14859  337.38217   36.5461  138.1480    0.05500   -0.01399
 10.3333   80.39596  337.51953   36.5359  138.1547    0.05900   -0.00958
 10.3417   80.64361  337.65948   36.5258  138.1613    0.08000   -0.00610
 10.3500   80.89152  337.80237   36.5156  138.1680    0.08700    0.00484
 10.3583   81.13970  337.94839   36.5054  138.1745    0.11300    0.01406
 10.3667   81.38813  338.09802   36.4952  138.1811    0.12900    0.00809
 10.3750   81.63682  338.25153   36.4850  138.1876    0.09200    0.00118
 10.3833   81.88576  338.40939   36.4748  138.1940    0.11800   -0.01083
 10.3917   82.13495  338.57214   36.4646  138.2004    0.12000   -0.00494
 10.4000   82.38437  338.74030   36.4543  138.2068    0.13600    0.00134
 10.4083   82.63403  338.91458   36.4441  138.2131    0.16200    0.00966
 10.4167   82.88391  339.09579   36.4338  138.2194    0.16900    0.00768
 10.4250   83.13401  339.28479   36.4235  138.2257    0.15300   -0.00349
 10.4333   83.38432  339.48267   36.4132  138.2319    0.15200   -0.00931
 10.4417   83.63483  339.69070   36.4029  138.2381    0.17500   -0.00026
 10.4500   83.88552  339.91043   36.3926  138.2443    0.20400    0.01192
 10.4583   84.13639  340.14371   36.3823  138.2504    0.21300    0.01339
 10.4667   84.38741  340.39273   36.3719  138.2565    0.20400    0.00398
 10.4750   84.63858  340.66031   36.3616  138.2626    0.20100   -0.00619
 10.4833   84.88987  340.94980   36.3512  138.2687    0.20700   -0.01343
 10.4917   85.14124  341.26556   36.3409  138.2747    0.20700   -0.01630
 10.5000   85.39269  341.61304   36.3305  138.2808    0.21700   -0.00939
 10.5083   85.64416  341.99939   36.3201  138.2868    0.25300   -0.00129
 10.5167   85.89561  342.43399   36.3097  138.2928    0.25800    0.00616
 10.5250   86.14698  342.92947   36.2994  138.2988    0.26800    0.00240
 10.5333   86.39820  343.50330   36.2890  138.3049    0.26900   -0.00277
 10.5417   86.64919  344.18024   36.2786  138.3111    0.26900   -0.00927
 10.5500   86.89980  344.99664   36.2683  138.3172    0.27400   -0.00839
 10.5583   87.14988  346.00800   36.2580  138.3236    0.29900   -0.00259
 10.5667   87.39920  347.30341   36.2477  138.3302    0.31600    0.00268
 10.5750   87.64743  349.03522   36.2374  138.3371    0.32000    0.00196
 10.5833   87.89410  351.48575   36.2272  138.3447    0.32700   -0.00182
 10.5917   88.13848  355.23856   36.2170  138.3534    0.33300    0.00282
 10.6000   88.37941    1.69379   36.2064  138.3647    0.36300    0.00202
 10.6083   88.61496   14.94038   36.1937  138.3820    0.35400    0.00663
 10.6167   88.84168   47.77744   36.1685  138.4098    0.37900   -0.00207
 10.6250   89.05302   99.56349   36.1264  138.4140    0.37300   -0.00465
 10.6333   89.23586  126.42876   36.1131  138.3963    0.38600   -0.00575
 10.6417   89.36479  137.54260   36.1124  138.3859    0.41500   -0.01405
 10.6500   89.40347  143.20432   36.1120  138.3819    0.38700   -0.02198
 10.6583   89.33565  146.59361   36.1086  138.3824    0.40200   -0.03261
 10.6667   89.18738  148.84970   36.1022  138.3855    0.42700   -0.02684
 10.6750   88.99343  150.46519   36.0941  138.3897    0.45100   -0.02368
 10.6833   88.77518  151.68492   36.0850  138.3944    0.46000   -0.01840
 10.6917   88.54339  152.64349   36.0753  138.3993    0.49500   -0.00882
 10.7000   88.30351  153.42094   36.0653  138.4043    0.53700   -0.00540
 10.7083   88.05846  154.06763   36.0549  138.4093    0.53500   -0.02102
 10.7167   87.80988  154.61691   36.0445  138.4143    0.51700   -0.03187
 10.7250   87.55881  155.09164   36.0339  138.4193    0.57600   -0.03608
 10.7333   87.30586  155.50809   36.0232  138.4242    0.59800   -0.02757
 10.7417   87.05148  155.87807   36.0124  138.4291    0.62300   -0.03280
 10.7500   86.79596  156.21040   36.0015  138.4340    0.64600   -0.03583
 10.7583   86.53950  156.51181   35.9906  138.4388    0.67600   -0.03340
 10.7667   86.28227  156.78749   35.9796  138.4436    0.71900   -0.01546
 10.7750   86.02437  157.04152   35.9686  138.4483    0.78900    0.00537
 10.7833   85.76589  157.27718   35.9575  138.4531    0.82800    0.01214
 10.7917   85.50691  157.49709   35.9464  138.4578    0.83000    0.00936
 10.8000   85.24747  157.70338   35.9353  138.4624    0.87600    0.00619
 10.8083   84.98762  157.89783   35.9241  138.4670    0.91900    0.00719
 10.8167   84.72739  158.08191   35.9129  138.4716    0.93800    0.00933
 10.8250   84.46682  158.25684   35.9016  138.4762    0.98800    0.00438
 10.8333   84.20593  158.42366   35.8904  138.4807    1.00900   -0.00033
 10.8417   83.94473  158.58327   35.8790  138.4852    1.02700   -0.00874
 10.8500   83.68325  158.73640   35.8677  138.4897    1.06300   -0.01026
 10.8583   83.42151  158.88371   35.8563  138.4941    1.10000   -0.00739
 10.8667   83.15951  159.02579   35.8449  138.4985    1.12600    0.00051
 10.8750   82.89727  159.16307   35.8335  138.5029    1.17500    0.01648
 10.8833   82.63479  159.29602   35.8220  138.5072    1.23700    0.03616
 10.8917   82.37210  159.42500   35.8105  138.5115    1.27400    0.04523
 10.9000   82.10919  159.55035   35.7989  138.5158    1.29100    0.03574
 10.9083   81.84607  159.67236   35.7874  138.5201    1.29500    0.02303
 10.9167   81.58276  159.79128   35.7758  138.5243    1.32000    0.00995
 10.9250   81.31925  159.90735   35.7641  138.5285    1.33300    0.00073
 10.9333   81.05555  160.02077   35.7525  138.5327    1.34700   -0.00850
 10.9417   80.79168  160.13173   35.7408  138.5368    1.37300   -0.01280
 10.9500   80.52763  160.24039   35.7290  138.5410    1.40200   -0.00759
 10.9583   80.26341  160.34691   35.7173  138.5451    1.44500   -0.00580
 10.9667   79.99903  160.45142   35.7055  138.5492    1.45900    0.00455
 10.9750   79.73448  160.55405   35.6936  138.5532    1.51100    0.00393
 10.9833   79.46978  160.65488   35.6818  138.5572    1.52100   -0.00700
 10.9917   79.20493  160.75404   35.6699  138.5612    1.50700   -0.02399
 11.0000   78.93993  160.85164   35.6579  138.5652    1.54600   -0.03943
 11.0083   78.67478  160.94772   35.6460  138.5692    1.56500   -0.03455
 11.0167   78.40950  161.04240   35.6340  138.5731    1.61800   -0.02853
 11.0250   78.14408  161.13573   35.6219  138.5770    1.66500   -0.02637
 11.0333   77.87853  161.22777   35.6099  138.5809    1.68000   -0.02943
 11.0417   77.61285  161.31859   35.5978  138.5847    1.72400   -0.04077
 11.0500   77.34704  161.40823   35.5856  138.5886    1.75500   -0.04385
 11.0583   77.08111  161.49677   35.5735  138.5924    1.80300   -0.05013
 11.0667   76.81507  161.58424   35.5613  138.5962    1.84600   -0.04981
 11.0750   76.54890  161.67068   35.5490  138.5999    1.90700   -0.06137
 11.0833   76.28263  161.75613   35.5367  138.6037    1.92700   -0.06750
 11.0917   76.01625  161.84065   35.5244  138.6074    1.99400   -0.07781
 11.1000   75.74976  161.92426   35.5120  138.6111    2.04500   -0.06362
 11.1083   75.48317  162.00697   35.4996  138.6148    2.14400   -0.04686
 11.1167   75.21648  162.08885   35.4872  138.6185    2.22400   -0.02100
 11.1250   74.94970  162.16991   35.4747  138.6221    2.31000   -0.00022
 11.1333   74.68282  162.25017   35.4622  138.6257    2.40000    0.01555
 11.1417   74.41585  162.32967   35.4496  138.6294    2.46800    0.02681
 11.1500   74.14880  162.40843   35.4370  138.6329    2.54300    0.02618
 11.1583   73.88166  162.48647   35.4244  138.6365    2.59800    0.02016
 11.1667   73.61444  162.56380   35.4117  138.6401    2.65100    0.00943
 11.1750   73.34715  162.64044   35.3990  138.6436    2.71000    0.00508
 11.1833   73.07978  162.71643   35.3862  138.6471    2.78300    0.01048
 11.1917   72.81234  162.79176   35.3734  138.6506    2.86000    0.02627
 11.2000   72.54483  162.86647   35.3606  138.6541    2.94400    0.03957
 11.2083   72.27725  162.94057   35.3477  138.6575    2.99800    0.04735
 11.2167   72.00962  163.01405   35.3348  138.6610    3.04700    0.05451
 11.2250   71.74192  163.08698   35.3218  138.6644    3.12100    0.06656
 11.2333   71.47416  163.15930   35.3088  138.6678    3.18500    0.06952
 11.2417   71.20636  163.23106   35.2957  138.6712    3.20500    0.06267
 11.2500   70.93850  163.30228   35.2826  138.6746    3.24500    0.05017
 11.2583   70.67059  163.37296   35.2694  138.6779    3.28800    0.03708
 11.2667   70.40264  163.44310   35.2562  138.6813    3.30000    0.02403
 11.2750   70.13465  163.51273   35.2429  138.6846    3.33200    0.00212
 11.2833   69.86661  163.58183   35.2296  138.6879    3.33800   -0.01738
 11.2917   69.59855  163.65045   35.2163  138.6912    3.35000   -0.02321
 11.3000   69.33044  163.71857   35.2029  138.6945    3.42200   -0.01592
 11.3083   69.06231  163.78619   35.1894  138.6978    3.46800    0.01057
 11.3167   68.79415  163.85335   35.1759  138.7010    3.53800    0.01781
 11.3250   68.52596  163.92003   35.1624  138.7043    3.54700    0.02030
 11.3333   68.25776  163.98624   35.1488  138.7075    3.57500    0.01218
 11.3417   67.98953  164.05200   35.1351  138.7107    3.60900    0.00108
 11.3500   67.72129  164.11729   35.1214  138.7139    3.60400   -0.00646
 11.3583   67.45303  164.18214   35.1076  138.7171    3.64200   -0.01229
 11.3667   67.18477  164.24657   35.0938  138.7203    3.68300   -0.00393
 11.3750   66.91649  164.31055   35.0799  138.7235    3.72800    0.01059
 11.3833   66.64821  164.37408   35.0660  138.7266    3.78600    0.01988
 11.3917   66.37993  164.43721   35.0520  138.7298    3.80600    0.03125
 11.4000   66.11165  164.49991   35.0380  138.7329    3.85300    0.02492
 11.4083   65.84338  164.56219   35.0239  138.7360    3.85600    0.01492
 11.4167   65.57511  164.62405   35.0097  138.7391    3.87100   -0.01347
 11.4250   65.30685  164.68552   34.9955  138.7422    3.86500   -0.02810
 11.4333   65.03860  164.74658   34.9813  138.7453    3.91800   -0.03866
 11.4417   64.77036  164.80724   34.9669  138.7484    3.95100   -0.03498
 11.4500   64.50215  164.86749   34.9525  138.7515    3.99500   -0.04348
 11.4583   64.23395  164.92735   34.9381  138.7545    4.00800   -0.06365
 11.4667   63.96578  164.98682   34.9236  138.7576    4.00100   -0.07047
 11.4750   63.69763  165.04590   34.9090  138.7606    4.09000   -0.05454
 11.4833   63.42952  165.10460   34.8943  138.7637    4.18000   -0.01924
 11.4917   63.16143  165.16290   34.8796  138.7667    4.24100    0.00605
 11.5000   62.89338  165.22086   34.8649  138.7697    4.29800    0.01523
 11.5083   62.62537  165.27840   34.8500  138.7727    4.33800    0.02432
 11.5167   62.35739  165.33559   34.8351  138.7757    4.40000    0.02726
 11.5250   62.08946  165.39240   34.8201  138.7787    4.43600    0.02748
 11.5333   61.82157  165.44884   34.8051  138.7817    4.46300    0.02598
 11.5417   61.55374  165.50490   34.7900  138.7847    4.51700    0.03192
 11.5500   61.28595  165.56061   34.7748  138.7877    4.58100    0.04112
 11.5583   61.01822  165.61595   34.7596  138.7907    4.62200    0.04372
 11.5667   60.75054  165.67093   34.7442  138.7936    4.65400    0.03060
 11.5750   60.48292  165.72556   34.7288  138.7966    4.66100    0.01663
 11.5833   60.21536  165.77982   34.7134  138.7996    4.69700    0.00590
 11.5917   59.94787  165.83371   34.6978  138.8025    4.73800   -0.00760
 11.6000   59.68045  165.88725   34.6822  138.8055    4.73100   -0.02346
 11.6083   59.41309  165.94044   34.6665  138.8084    4.75200   -0.03899
 11.6167   59.14581  165.99329   34.6508  138.8114    4.78600   -0.03578
 11.6250   58.87860  166.04578   34.6349  138.8143    4.83700   -0.01813
 11.6333   58.61147  166.09792   34.6190  138.8173    4.90200    0.00796
 11.6417   58.34442  166.14970   34.6030  138.8202    4.96200    0.03234
 11.6500   58.07746  166.20116   34.5869  138.8231    5.00600    0.05707
 11.6583   57.81058  166.25226   34.5707  138.8260    5.07400    0.06697
 11.6667   57.54379  166.30301   34.5545  138.8290    5.08500    0.06271
 11.6750   57.27708  166.35342   34.5381  138.8319    5.08200    0.03885
 11.6833   57.01048  166.40349   34.5217  138.8349    5.08500    0.00415
 11.6917   56.74397  166.45322   34.5052  138.8378    5.06100   -0.02487
 11.7000   56.47755  166.50261   34.4886  138.8407    5.08000   -0.04282
 11.7083   56.21124  166.55165   34.4719  138.8436    5.11900   -0.04254
 11.7167   55.94504  166.60036   34.4552  138.8466    5.15400   -0.03593
 11.7250   55.67893  166.64873   34.4383  138.8495    5.18800   -0.02898
 11.7333   55.41294  166.69676   34.4214  138.8525    5.22400   -0.01729
 11.7417   55.14706  166.74446   34.4043  138.8554    5.27200   -0.00344
 11.7500   54.88130  166.79181   34.3872  138.8583    5.31500    0.01412
 11.7583   54.61565  166.83884   34.3699  138.8613    5.36500    0.02536
 11.7667   54.35012  166.88553   34.3526  138.8642    5.39400    0.02940
 11.7750   54.08471  166.93188   34.3352  138.8672    5.41300    0.02202
 11.7833   53.81943  166.97791   34.3177  138.8701    5.42300    0.01310
 11.7917   53.55427  167.02359   34.3000  138.8731    5.44500   -0.00014
 11.8000   53.28924  167.06895   34.2823  138.8761    5.44700    0.00088
 11.8083   53.02435  167.11397   34.2645  138.8790    5.50900    0.00449
 11.8167   52.75959  167.15866   34.2466  138.8820    5.54100    0.02079
 11.8250   52.49496  167.20303   34.2285  138.8850    5.58900    0.02217
 11.8333   52.23047  167.24706   34.2104  138.8880    5.59300    0.02213
 11.8417   51.96613  167.29076   34.1921  138.8910    5.61600    0.00539
 11.8500   51.70193  167.33414   34.1738  138.8940    5.59900   -0.00759
 11.8583   51.43787  167.37717   34.1553  138.8970    5.61500   -0.02426
 11.8667   51.17397  167.41988   34.1367  138.9000    5.62600   -0.02458
 11.8750   50.91021  167.46227   34.1180  138.9030    5.67200   -0.01558
 11.8833   50.64661  167.50432   34.0992  138.9061    5.72600   -0.00514
 11.8917   50.38317  167.54604   34.0803  138.9091    5.74000    0.00392
 11.9000   50.11988  167.58743   34.0612  138.9121    5.77700    0.00372
 11.9083   49.85675  167.62851   34.0421  138.9152    5.78900    0.00583
 11.9167   49.59379  167.66925   34.0228  138.9183    5.80900    0.00765
 11.9250   49.33099  167.70966   34.0034  138.9214    5.84100    0.00989
 11.9333   49.06836  167.74976   33.9838  138.9245    5.85700    0.01956
 11.9417   48.80590  167.78951   33.9642  138.9276    5.90600    0.02681
 11.9500   48.54361  167.82893   33.9444  138.9307    5.93300    0.03422
 11.9583   48.28149  167.86804   33.9245  138.9339    5.94800    0.02823
 11.9667   48.01956  167.90681   33.9044  138.9370    5.94200    0.01921
 11.9750   47.75780  167.94527   33.8842  138.9402    5.95200    0.00869
 11.9833   47.49622  167.98338   33.8639  138.9433    5.95600    0.00410
 11.9917   47.23482  168.02118   33.8435  138.9465    5.97200   -0.00765
 12.0000   46.97361  168.05865   33.8229  138.9498    5.95300   -0.00580
 12.0083   46.71259  168.09579   33.8021  138.9530    6.01000   -0.00944
 12.0167   46.45176  168.13260   33.7813  138.9562    6.00100    0.00386
 12.0250   46.19112  168.16908   33.7602  138.9595    6.04000    0.00673
 12.0333   45.93068  168.20525   33.7391  138.9628    6.04900    0.01369
 12.0417   45.67043  168.24107   33.7178  138.9661    6.05300    0.01084
 12.0500   45.41038  168.27658   33.6963  138.9694    6.05800    0.00491
 12.0583   45.15053  168.31177   33.6747  138.9727    6.06100    0.00582
 12.0667   44.89088  168.34660   33.6529  138.9761    6.09700    0.00964
 12.0750   44.63144  168.38113   33.6310  138.9794    6.11500    0.01274
 12.0833   44.37220  168.41533   33.6089  138.9828    6.11600    0.00390
 12.0917   44.11317  168.44919   33.5867  138.9863    6.10300   -0.02638
 12.1000   43.85436  168.48273   33.5643  138.9897    6.03400   -0.04431
 12.1083   43.59576  168.51595   33.5417  138.9932    6.08100   -0.04710
 12.1167   43.33737  168.54881   33.5189  138.9967    6.12700   -0.02260
 12.1250   43.07920  168.58138   33.4960  139.0002    6.17100    0.00221
 12.1333   42.82125  168.61360   33.4730  139.0038    6.22500    0.01270
 12.1417   42.56352  168.64549   33.4497  139.0073    6.21800    0.01276
 12.1500   42.30601  168.67705   33.4263  139.0109    6.22300    0.00340
 12.1583   42.04873  168.70828   33.4027  139.0145    6.24100    0.00182
 12.1667   41.79168  168.73920   33.3789  139.0182    6.27100    0.00095
 12.1750   41.53485  168.76978   33.3549  139.0219    6.28300   -0.01356
 12.1833   41.27826  168.80002   33.3307  139.0256    6.24900   -0.03617
 12.1917   41.02190  168.82993   33.3064  139.0293    6.24800   -0.04489
 12.2000   40.76577  168.85953   33.2818  139.0331    6.32200   -0.03689
 12.2083   40.50988  168.88876   33.2571  139.0369    6.35900   -0.02291
 12.2167   40.25423  168.91769   33.2321  139.0407    6.38200   -0.00954
 12.2250   39.99882  168.94627   33.2070  139.0446    6.45400    0.00268
 12.2333   39.74365  168.97453   33.1816  139.0485    6.49000    0.01455
 12.2417   39.48873  169.00247   33.1561  139.0524    6.51800    0.01355
 12.2500   39.23405  169.03006   33.1303  139.0564    6.53600    0.00377
 12.2583   38.97962  169.05733   33.1043  139.0604    6.53300   -0.00554
 12.2667   38.72544  169.08424   33.0781  139.0645    6.56800   -0.01155
 12.2750   38.47151  169.11084   33.0517  139.0686    6.61100   -0.01101
 12.2833   38.21783  169.13710   33.0251  139.0727    6.64500   -0.01343
 12.2917   37.96441  169.16302   32.9982  139.0768    6.66700   -0.01614
 12.3000   37.71124  169.18861   32.9711  139.0810    6.70500   -0.01248
 12.3083   37.45833  169.21387   32.9438  139.0853    6.76500   -0.00567
 12.3167   37.20569  169.23878   32.9162  139.0896    6.79800   -0.00384
 12.3250   36.95330  169.26337   32.8884  139.0939    6.80900   -0.01034
 12.3333   36.70118  169.28761   32.8604  139.0983    6.82900   -0.00783
 12.3417   36.44932  169.31152   32.8321  139.1027    6.90500    0.00985
 12.3500   36.19773  169.33508   32.8035  139.1072    6.98700    0.02883
 12.3583   35.94641  169.35834   32.7747  139.1117    7.01300    0.03399
 12.3667   35.69536  169.38123   32.7457  139.1163    7.02300    0.02827
 12.3750   35.44458  169.40378   32.7164  139.1209    7.05300    0.02482
 12.3833   35.19408  169.42599   32.6868  139.1255    7.08700    0.02047
 12.3917   34.94384  169.44788   32.6569  139.1303    7.08500    0.01567
 12.4000   34.69389  169.46941   32.6268  139.1350    7.10700    0.01259
 12.4083   34.44421  169.49062   32.5964  139.1398    7.14300    0.01218
 12.4167   34.19482  169.51146   32.5657  139.1447    7.15200    0.00899
 12.4250   33.94570  169.53197   32.5348  139.1497    7.15300    0.01006
 12.4333   33.69687  169.55214   32.5035  139.1546    7.20100    0.01796
 12.4417   33.44832  169.57198   32.4719  139.1597    7.23600    0.02671
 12.4500   33.20006  169.59146   32.4401  139.1648    7.24200    0.02585
 12.4583   32.95208  169.61060   32.4079  139.1700    7.24600    0.01120
 12.4667   32.70440  169.62939   32.3754  139.1752    7.21300    0.00606
 12.4750   32.45700  169.64784   32.3426  139.1805    7.26500   -0.00567
 12.4833   32.20989  169.66595   32.3095  139.1859    7.23500   -0.00964
 12.4917   31.96308  169.68372   32.2761  139.1913    7.24100   -0.02506
 12.5000   31.71657  169.70113   32.2423  139.1968    7.23200   -0.03185
 12.5083   31.47035  169.71819   32.2082  139.2023    7.24600   -0.03369
 12.5167   31.22442  169.73491   32.1738  139.2080    7.27700   -0.01804
 12.5250   30.97880  169.75128   32.1390  139.2137    7.35700   -0.00053
 12.5333   30.73348  169.76730   32.1038  139.2194    7.37900    0.00956
 12.5417   30.48845  169.78297   32.0684  139.2253    7.37400    0.00701
 12.5500   30.24373  169.79829   32.0325  139.2312    7.39600    0.00512
 12.5583   29.99932  169.81326   31.9963  139.2372    7.42600    0.00405
 12.5667   29.75521  169.82788   31.9597  139.2433    7.43200   -0.00371
 12.5750   29.51141  169.84213   31.9227  139.2495    7.42100   -0.00709
 12.5833   29.26792  169.85606   31.8853  139.2557    7.48000   -0.01092
 12.5917   29.02473  169.86961   31.8476  139.2620    7.48600   -0.01583
 12.6000   28.78186  169.88281   31.8094  139.2684    7.47100   -0.02239
 12.6083   28.53930  169.89568   31.7709  139.2749    7.52000   -0.02067
 12.6167   28.29705  169.90817   31.7319  139.2815    7.56900   -0.01009
 12.6250   28.05512  169.92030   31.6925  139.2882    7.60400   -0.00392
 12.6333   27.81351  169.93208   31.6527  139.2949    7.63100    0.00264
 12.6417   27.57221  169.94351   31.6125  139.3018    7.68500    0.00324
 12.6500   27.33123  169.95457   31.5718  139.3088    7.68900    0.00198
 12.6583   27.09057  169.96529   31.5306  139.3158    7.70900   -0.00267
 12.6667   26.85023  169.97565   31.4891  139.3230    7.74500   -0.00509
 12.6750   26.61021  169.98563   31.4470  139.3302    7.76600   -0.00208
 12.6833   26.37052  169.99525   31.4045  139.3376    7.82200   -0.00447
 12.6917   26.13115  170.00452   31.3615  139.3450    7.83400   -0.00305
 12.7000   25.89211  170.01341   31.3180  139.3526    7.87900   -0.00840
 12.7083   25.65340  170.02196   31.2741  139.3603    7.89700   -0.01085
 12.7167   25.41501  170.03014   31.2296  139.3681    7.92800   -0.01276
 12.7250   25.17695  170.03793   31.1846  139.3760    7.97800   -0.01646
 12.7333   24.93922  170.04539   31.1392  139.3840    7.98900   -0.02279
 12.7417   24.70183  170.05247   31.0931  139.3921    8.00800   -0.01991
 12.7500   24.46476  170.05917   31.0466  139.4004    8.11800   -0.01748
 12.7583   24.22803  170.06552   30.9995  139.4088    8.13200   -0.01090
 12.7667   23.99164  170.07150   30.9519  139.4173    8.18200   -0.01373
 12.7750   23.75558  170.07710   30.9037  139.4259    8.23900   -0.01012
 12.7833   23.51986  170.08234   30.8549  139.4347    8.29500   -0.00790
 12.7917   23.28447  170.08720   30.8055  139.4436    8.33600   -0.00634
 12.8000   23.04943  170.09171   30.7556  139.4526    8.39200   -0.00445
 12.8083   22.81473  170.09583   30.7051  139.4617    8.45200   -0.00342
 12.8167   22.58036  170.09956   30.6539  139.4711    8.49200   -0.00363
 12.8250   22.34634  170.10294   30.6021  139.4805    8.54400    0.00100
 12.8333   22.11266  170.10593   30.5498  139.4901    8.63400    0.01081
 12.8417   21.87933  170.10855   30.4967  139.4998    8.70900    0.01347
 12.8500   21.64634  170.11079   30.4430  139.5097    8.71600    0.01318
 12.8583   21.41370  170.11266   30.3887  139.5198    8.79300   -0.00186
 12.8667   21.18141  170.11415   30.3337  139.5300    8.77100   -0.00278
 12.8750   20.94946  170.11526   30.2780  139.5404    8.86800   -0.00600
 12.8833   20.71786  170.11600   30.2216  139.5509    8.92500   -0.00215
 12.8917   20.48662  170.11633   30.1645  139.5616    8.94600   -0.00089
 12.9000   20.25572  170.11630   30.1066  139.5724    9.02000   -0.00386
 12.9083   20.02518  170.11588   30.0481  139.5835    9.04700    0.00036
 12.9167   19.79499  170.11508   29.9888  139.5947    9.11300    0.00771
 12.9250   19.56515  170.11389   29.9287  139.6061    9.20500    0.02338
 12.9333   19.33567  170.11232   29.8679  139.6176    9.28200    0.02735
 12.9417   19.10655  170.11037   29.8063  139.6294    9.26900    0.02528
 12.9500   18.87778  170.10802   29.7439  139.6413    9.32400    0.01496
 12.9583   18.64937  170.10527   29.6807  139.6535    9.34600    0.00731
 12.9667   18.42131  170.10216   29.6167  139.6658    9.35100   -0.00543
 12.9750   18.19362  170.09863   29.5519  139.6783    9.36800   -0.00731
 12.9833   17.96629  170.09473   29.4862  139.6911    9.46900   -0.01073
 12.9917   17.73932  170.09042   29.4196  139.7040    9.46500   -0.01022
 13.0000   17.51271  170.08574   29.3522  139.7172    9.51200   -0.02652
 13.0083   17.28646  170.08064   29.2839  139.7306    9.49300   -0.02236
 13.0167   17.06058  170.07516   29.2147  139.7442    9.63600   -0.02093
 13.0250   16.83506  170.06929   29.1446  139.7580    9.66500   -0.01245
 13.0333   16.60991  170.06302   29.0735  139.7720    9.70000   -0.01496
 13.0417   16.38513  170.05634   29.0015  139.7863    9.76900   -0.01529
 13.0500   16.16071  170.04927   28.9285  139.8008    9.81700   -0.01046
 13.0583   15.93666  170.04179   28.8546  139.8155    9.90100   -0.01062
 13.0667   15.71298  170.03392   28.7796  139.8305    9.93300   -0.00607
 13.0750   15.48967  170.02565   28.7037  139.8458   10.02100    0.00144
 13.0833   15.26673  170.01697   28.6267  139.8613   10.12600    0.00649
 13.0917   15.04416  170.00789   28.5487  139.8770   10.14600    0.00898
 13.1000   14.82196  169.99840   28.4697  139.8930   10.21000    0.00720
 13.1083   14.60014  169.98849   28.3896  139.9093   10.27800    0.01120
 13.1167   14.37869  169.97820   28.3083  139.9259   10.34300    0.00815
 13.1250   14.15761  169.96748   28.2260  139.9427   10.34900    0.01725
 13.1333   13.93691  169.95638   28.1426  139.9598   10.51300    0.01417
 13.1417   13.71659  169.94484   28.0580  139.9772   10.47500    0.01765
 13.1500   13.49664  169.93291   27.9723  139.9948   10.54000    0.01019
 13.1583   13.27708  169.92055   27.8854  140.0128   10.61600    0.00800
 13.1667   13.05789  169.90778   27.7973  140.0311   10.61900   -0.00165
 13.1750   12.83907  169.89459   27.7081  140.0497   10.62500   -0.01247
 13.1833   12.62064  169.88100   27.6176  140.0686   10.69400   -0.00917
 13.1917   12.40259  169.86697   27.5258  140.0878   10.82100   -0.02043
 13.2000   12.18493  169.85254   27.4328  140.1073   10.70800   -0.02477
 13.2083   11.96764  169.83768   27.3386  140.1272   10.84100   -0.03725
 13.2167   11.75074  169.82240   27.2430  140.1474   10.89900   -0.02549
 13.2250   11.53422  169.80672   27.1462  140.1679   10.99500   -0.02316
 13.2333   11.31809  169.79059   27.0480  140.1888   11.05000   -0.02220
 13.2417   11.10234  169.77405   26.9485  140.2100   11.09900   -0.01429
 13.2500   10.88697  169.75708   26.8477  140.2316   11.25300   -0.00678
 13.2583   10.67200  169.73969   26.7454  140.2535   11.30400    0.00655
 13.2667   10.45741  169.72186   26.6418  140.2758   11.40700    0.01130
 13.2750   10.24321  169.70361   26.5368  140.2985   11.48500    0.02083
 13.2833   10.02940  169.68494   26.4304  140.3215   11.58000    0.02579
 13.2917    9.81598  169.66582   26.3225  140.3450   11.63800    0.03077
 13.3000    9.60295  169.64629   26.2132  140.3688   11.71500    0.03436
 13.3083    9.39031  169.62630   26.1024  140.3930   11.79200    0.03014
 13.3167    9.17807  169.60590   25.9901  140.4176   11.78800    0.02061
 13.3250    8.96621  169.58504   25.8763  140.4427   11.82500    0.00508
 13.3333    8.75475  169.56377   25.7610  140.4681   11.85100   -0.00192
 13.3417    8.54369  169.54204   25.6442  140.4939   11.91900   -0.00562
 13.3500    8.33302  169.51988   25.5258  140.5202   11.98500   -0.01509
 13.3583    8.12274  169.49728   25.4059  140.5469   11.96400   -0.03337
 13.3667    7.91286  169.47424   25.2844  140.5740   11.96000   -0.04571
 13.3750    7.70338  169.45074   25.1613  140.6016   12.03400   -0.04377
 13.3833    7.49430  169.42682   25.0366  140.6296   12.13500   -0.02368
 13.3917    7.28562  169.40245   24.9103  140.6581   12.31500   -0.00578
 13.4000    7.07733  169.37762   24.7824  140.6870   12.38800    0.00625
 13.4083    6.86944  169.35236   24.6528  140.7164   12.47100   -0.00767
 13.4167    6.66196  169.32664   24.5216  140.7462   12.49000   -0.00819
 13.4250    6.45488  169.30048   24.3888  140.7766   12.68700   -0.00399
 13.4333    6.24819  169.27385   24.2543  140.8074   12.82000    0.00000

