hmax        =    300
wind_bottom =      2
wind_top    =     10
critlon     =      0
tbeg, h     =   0.00
tend, h     =  24.00
c_ionex     =      0
c_vert      =      1
time, gamma, az, latp, lonp, tec, tec_filtered
  6.0583    8.71484  167.88414   25.7928  140.8083  113.83200    0.00000
  6.0667    8.90308  167.78528   25.8993  140.8059  111.99200   -0.00236
  6.0750    9.09176  167.68655   26.0046  140.8033  110.04900   -0.00923
  6.0833    9.28090  167.58794   26.1087  140.8006  108.27299   -0.03432
  6.0917    9.47048  167.48946   26.2117  140.7976  106.47400   -0.05848
  6.1000    9.66052  167.39108   26.3135  140.7946  104.75999   -0.08376
  6.1083    9.85100  167.29282   26.4141  140.7913  103.11700   -0.09806
  6.1167   10.04192  167.19466   26.5136  140.7879  101.51500   -0.09564
  6.1250   10.23329  167.09660   26.6120  140.7844   99.99300   -0.09217
  6.1333   10.42510  166.99866   26.7092  140.7808   98.40600   -0.09385
  6.1417   10.61735  166.90079   26.8053  140.7770   96.84000   -0.07982
  6.1500   10.81004  166.80302   26.9004  140.7731   95.30900   -0.06540
  6.1583   11.00316  166.70535   26.9943  140.7690   93.80600   -0.05871
  6.1667   11.19672  166.60776   27.0871  140.7649   92.25999   -0.07865
  6.1750   11.39072  166.51025   27.1789  140.7606   90.59200   -0.10462
  6.1833   11.58515  166.41281   27.2696  140.7562   89.12800   -0.13569
  6.1917   11.78000  166.31544   27.3592  140.7517   87.63000   -0.15418
  6.2000   11.97529  166.21814   27.4478  140.7471   86.15900   -0.17490
  6.2083   12.17100  166.12091   27.5354  140.7424   84.76300   -0.19594
  6.2167   12.36714  166.02373   27.6219  140.7377   83.35600   -0.21630
  6.2250   12.56370  165.92661   27.7074  140.7328   81.99000   -0.23749
  6.2333   12.76069  165.82953   27.7919  140.7278   80.69300   -0.24970
  6.2417   12.95809  165.73251   27.8755  140.7228   79.46500   -0.26087
  6.2500   13.15592  165.63551   27.9580  140.7177   78.21899   -0.26615
  6.2583   13.35416  165.53857   28.0396  140.7125   77.09200   -0.26950
  6.2667   13.55281  165.44165   28.1202  140.7073   76.00300   -0.26660
  6.2750   13.75188  165.34476   28.1999  140.7020   74.93300   -0.26110
  6.2833   13.95136  165.24789   28.2786  140.6966   73.94200   -0.24662
  6.2917   14.15125  165.15105   28.3564  140.6912   73.04000   -0.22848
  6.3000   14.35155  165.05421   28.4333  140.6857   72.11200   -0.21096
  6.3083   14.55226  164.95738   28.5093  140.6801   71.23700   -0.20053
  6.3167   14.75337  164.86057   28.5844  140.6745   70.40000   -0.18464
  6.3250   14.95488  164.76373   28.6586  140.6689   69.62900   -0.17415
  6.3333   15.15680  164.66692   28.7319  140.6632   68.81800   -0.16637
  6.3417   15.35911  164.57007   28.8043  140.6574   68.06000   -0.15889
  6.3500   15.56182  164.47321   28.8760  140.6517   67.37600   -0.15955
  6.3583   15.76493  164.37634   28.9467  140.6458   66.57900   -0.15969
  6.3667   15.96842  164.27943   29.0167  140.6400   65.89200   -0.15890
  6.3750   16.17231  164.18250   29.0858  140.6341   65.27100   -0.12939
  6.3833   16.37659  164.08553   29.1541  140.6282   64.73600   -0.09036
  6.3917   16.58126  163.98853   29.2216  140.6223   64.14400   -0.04687
  6.4000   16.78631  163.89146   29.2884  140.6163   63.57000   -0.00726
  6.4083   16.99175  163.79436   29.3543  140.6103   63.00300    0.04021
  6.4167   17.19756  163.69719   29.4195  140.6043   62.46100    0.08002
  6.4250   17.40376  163.59996   29.4840  140.5982   61.81600    0.11373
  6.4333   17.61033  163.50267   29.5476  140.5922   61.18200    0.14158
  6.4417   17.81728  163.40530   29.6106  140.5861   60.58100    0.16882
  6.4500   18.02460  163.30785   29.6728  140.5800   59.91800    0.18967
  6.4583   18.23229  163.21031   29.7343  140.5739   59.23000    0.17648
  6.4667   18.44035  163.11269   29.7951  140.5678   58.37400    0.14812
  6.4750   18.64878  163.01495   29.8552  140.5617   57.60000    0.09608
  6.4833   18.85757  162.91714   29.9146  140.5556   56.75300    0.03716
  6.4917   19.06672  162.81921   29.9733  140.5494   55.86700   -0.03145
  6.5000   19.27624  162.72116   30.0314  140.5433   55.05000   -0.11630
  6.5083   19.48611  162.62299   30.0888  140.5371   54.13300   -0.19313
  6.5167   19.69633  162.52470   30.1455  140.5310   53.36400   -0.26344
  6.5250   19.90691  162.42627   30.2016  140.5248   52.66600   -0.32053
  6.5333   20.11784  162.32770   30.2571  140.5187   51.91400   -0.36461
  6.5417   20.32912  162.22899   30.3120  140.5125   51.31500   -0.39109
  6.5500   20.54074  162.13013   30.3662  140.5064   50.83000   -0.39663
  6.5583   20.75271  162.03111   30.4198  140.5002   50.32100   -0.39908
  6.5667   20.96501  161.93192   30.4728  140.4941   49.85100   -0.39381
  6.5750   21.17766  161.83257   30.5253  140.4880   49.52600   -0.36560
  6.5833   21.39064  161.73303   30.5771  140.4818   49.27500   -0.31156
  6.5917   21.60396  161.63332   30.6284  140.4757   49.07800   -0.24130
  6.6000   21.81760  161.53340   30.6792  140.4696   48.94800   -0.18368
  6.6083   22.03158  161.43329   30.7293  140.4635   48.69800   -0.12154
  6.6167   22.24588  161.33298   30.7789  140.4574   48.60100   -0.06915
  6.6250   22.46050  161.23245   30.8280  140.4513   48.47100   -0.01274
  6.6333   22.67545  161.13171   30.8766  140.4452   48.29400    0.03523
  6.6417   22.89071  161.03075   30.9246  140.4391   48.17800    0.07598
  6.6500   23.10628  160.92953   30.9721  140.4331   48.03000    0.10233
  6.6583   23.32217  160.82808   31.0191  140.4271   47.78000    0.11261
  6.6667   23.53837  160.72639   31.0656  140.4210   47.56700    0.10608
  6.6750   23.75487  160.62444   31.1115  140.4150   47.29900    0.10651
  6.6833   23.97168  160.52222   31.1570  140.4090   47.06900    0.09765
  6.6917   24.18879  160.41972   31.2021  140.4031   46.77300    0.09650
  6.7000   24.40620  160.31696   31.2466  140.3971   46.52100    0.08719
  6.7083   24.62390  160.21391   31.2907  140.3912   46.20500    0.08464
  6.7167   24.84189  160.11057   31.3343  140.3853   45.91000    0.08621
  6.7250   25.06017  160.00691   31.3775  140.3793   45.64400    0.08675
  6.7333   25.27874  159.90294   31.4202  140.3735   45.28500    0.08733
  6.7417   25.49759  159.79866   31.4625  140.3676   44.96100    0.07305
  6.7500   25.71672  159.69405   31.5043  140.3617   44.58600    0.06613
  6.7583   25.93612  159.58910   31.5457  140.3559   44.26200    0.05361
  6.7667   26.15580  159.48380   31.5867  140.3501   43.89100    0.04164
  6.7750   26.37575  159.37814   31.6273  140.3443   43.50700    0.01637
  6.7833   26.59596  159.27213   31.6674  140.3386   43.09000   -0.00761
  6.7917   26.81644  159.16576   31.7072  140.3328   42.71900   -0.02856
  6.8000   27.03718  159.05898   31.7465  140.3271   42.34300   -0.04360
  6.8083   27.25817  158.95183   31.7855  140.3214   41.95100   -0.04481
  6.8167   27.47942  158.84427   31.8241  140.3157   41.64900   -0.03449
  6.8250   27.70091  158.73631   31.8623  140.3101   41.33300   -0.00523
  6.8333   27.92265  158.62793   31.9001  140.3044   41.04500    0.00972
  6.8417   28.14463  158.51910   31.9375  140.2988   40.65900    0.01590
  6.8500   28.36685  158.40987   31.9746  140.2933   40.29200    0.01278
  6.8583   28.58931  158.30017   32.0113  140.2877   39.95000    0.02041
  6.8667   28.81199  158.19002   32.0477  140.2822   39.62500    0.02172
  6.8750   29.03490  158.07941   32.0837  140.2767   39.22400    0.02255
  6.8833   29.25804  157.96831   32.1194  140.2712   38.88400    0.01273
  6.8917   29.48139  157.85670   32.1547  140.2657   38.50700    0.01490
  6.9000   29.70496  157.74463   32.1897  140.2603   38.17700    0.00780
  6.9083   29.92874  157.63203   32.2244  140.2549   37.79100    0.00590
  6.9167   30.15273  157.51892   32.2587  140.2495   37.44100   -0.00238
  6.9250   30.37692  157.40527   32.2927  140.2442   37.08000   -0.01592
  6.9333   30.60131  157.29108   32.3264  140.2389   36.67000   -0.03395
  6.9417   30.82589  157.17635   32.3598  140.2336   36.30100   -0.05470
  6.9500   31.05067  157.06104   32.3929  140.2283   35.92700   -0.06144
  6.9583   31.27563  156.94514   32.4257  140.2231   35.59500   -0.06019
  6.9667   31.50077  156.82867   32.4581  140.2178   35.27300   -0.04736
  6.9750   31.72609  156.71161   32.4903  140.2126   34.96600   -0.03022
  6.9833   31.95158  156.59392   32.5222  140.2075   34.65900   -0.01276
  6.9917   32.17723  156.47562   32.5538  140.2023   34.34500    0.00149
  7.0000   32.40306  156.35667   32.5852  140.1972   34.02900    0.00608
  7.0083   32.62903  156.23708   32.6162  140.1922   33.68400   -0.00106
  7.0167   32.85517  156.11682   32.6470  140.1871   33.32500   -0.01272
  7.0250   33.08145  155.99590   32.6775  140.1821   33.00200   -0.02140
  7.0333   33.30788  155.87427   32.7077  140.1771   32.68900   -0.02739
  7.0417   33.53444  155.75195   32.7377  140.1721   32.35800   -0.03900
  7.0500   33.76114  155.62892   32.7674  140.1672   32.02100   -0.05292
  7.0583   33.98797  155.50516   32.7968  140.1623   31.70800   -0.06380
  7.0667   34.21492  155.38066   32.8260  140.1574   31.40100   -0.06667
  7.0750   34.44199  155.25540   32.8550  140.1525   31.11200   -0.06460
  7.0833   34.66917  155.12938   32.8837  140.1477   30.83200   -0.05837
  7.0917   34.89646  155.00256   32.9121  140.1429   30.55500   -0.05438
  7.1000   35.12385  154.87495   32.9404  140.1381   30.26400   -0.05011
  7.1083   35.35133  154.74654   32.9684  140.1334   29.99300   -0.04017
  7.1167   35.57891  154.61729   32.9961  140.1287   29.75000   -0.02474
  7.1250   35.80658  154.48718   33.0236  140.1240   29.49500   -0.00912
  7.1333   36.03432  154.35625   33.0509  140.1193   29.23900   -0.00213
  7.1417   36.26213  154.22441   33.0780  140.1147   28.97400    0.00260
  7.1500   36.49001  154.09171   33.1049  140.1101   28.72600    0.00441
  7.1583   36.71796  153.95808   33.1315  140.1056   28.47000    0.00090
  7.1667   36.94596  153.82353   33.1580  140.1010   28.18800   -0.01619
  7.1750   37.17400  153.68805   33.1842  140.0965   27.87800   -0.03914
  7.1833   37.40209  153.55161   33.2102  140.0920   27.59300   -0.05779
  7.1917   37.63022  153.41420   33.2360  140.0876   27.32600   -0.05610
  7.2000   37.85837  153.27580   33.2616  140.0831   27.10700   -0.03889
  7.2083   38.08655  153.13638   33.2870  140.0788   26.89200   -0.00281
  7.2167   38.31474  152.99596   33.3122  140.0744   26.71300    0.03234
  7.2250   38.54294  152.85448   33.3372  140.0701   26.49100    0.06103
  7.2333   38.77115  152.71194   33.3620  140.0658   26.24600    0.07252
  7.2417   38.99935  152.56833   33.3867  140.0615   25.98600    0.06270
  7.2500   39.22753  152.42361   33.4111  140.0572   25.66300    0.03847
  7.2583   39.45570  152.27779   33.4353  140.0530   25.35000    0.00330
  7.2667   39.68384  152.13081   33.4594  140.0488   25.03800   -0.01136
  7.2750   39.91195  151.98270   33.4833  140.0447   24.80200   -0.00662
  7.2833   40.14001  151.83339   33.5070  140.0405   24.56600    0.01934
  7.2917   40.36803  151.68289   33.5306  140.0364   24.33700    0.04163
  7.3000   40.59599  151.53117   33.5540  140.0324   24.07400    0.05847
  7.3083   40.82388  151.37823   33.5772  140.0284   23.80600    0.06188
  7.3167   41.05170  151.22401   33.6002  140.0243   23.51600    0.05028
  7.3250   41.27944  151.06853   33.6231  140.0204   23.19000    0.02609
  7.3333   41.50709  150.91174   33.6458  140.0164   22.88000   -0.00953
  7.3417   41.73464  150.75365   33.6683  140.0125   22.55800   -0.04966
  7.3500   41.96209  150.59418   33.6907  140.0086   22.23300   -0.08888
  7.3583   42.18941  150.43336   33.7129  140.0047   21.93800   -0.11679
  7.3667   42.41662  150.27113   33.7350  140.0009   21.66800   -0.12534
  7.3750   42.64369  150.10751   33.7570  139.9971   21.42800   -0.12441
  7.3833   42.87062  149.94244   33.7787  139.9933   21.17900   -0.10753
  7.3917   43.09740  149.77592   33.8003  139.9896   20.98100   -0.09152
  7.4000   43.32401  149.60793   33.8218  139.9859   20.73900   -0.05532
  7.4083   43.55046  149.43839   33.8432  139.9822   20.57600   -0.01717
  7.4167   43.77672  149.26733   33.8643  139.9785   20.39500    0.01747
  7.4250   44.00280  149.09473   33.8854  139.9749   20.15500    0.02569
  7.4333   44.22867  148.92053   33.9063  139.9713   19.90300    0.01515
  7.4417   44.45434  148.74471   33.9271  139.9678   19.66300    0.01865
  7.4500   44.67978  148.56728   33.9477  139.9642   19.49700    0.02922
  7.4583   44.90499  148.38815   33.9682  139.9607   19.28600    0.02557
  7.4667   45.12996  148.20735   33.9886  139.9573   18.99900   -0.00781
  7.4750   45.35468  148.02483   34.0088  139.9538   18.71600   -0.05625
  7.4833   45.57914  147.84056   34.0289  139.9504   18.44600   -0.07765
  7.4917   45.80331  147.65451   34.0489  139.9470   18.26200   -0.06989
  7.5000   46.02721  147.46667   34.0688  139.9437   18.09300   -0.04636
  7.5083   46.25080  147.27699   34.0885  139.9404   17.88900   -0.03454
  7.5167   46.47409  147.08545   34.1081  139.9371   17.67000   -0.02331
  7.5250   46.69705  146.89201   34.1276  139.9338   17.50900   -0.00811
  7.5333   46.91968  146.69667   34.1469  139.9306   17.31600    0.01637
  7.5417   47.14197  146.49936   34.1662  139.9274   17.12400    0.02432
  7.5500   47.36389  146.30008   34.1853  139.9242   16.89000    0.01979
  7.5583   47.58544  146.09879   34.2043  139.9211   16.64800   -0.00542
  7.5667   47.80661  145.89545   34.2233  139.9180   16.38100   -0.01106
  7.5750   48.02739  145.69002   34.2420  139.9149   16.23200    0.01442
  7.5833   48.24775  145.48248   34.2607  139.9118   16.12100    0.06171
  7.5917   48.46769  145.27281   34.2793  139.9088   15.94400    0.08427
  7.6000   48.68718  145.06097   34.2978  139.9058   15.70200    0.05067
  7.6083   48.90623  144.84691   34.3161  139.9029   15.37800    0.00303
  7.6167   49.12481  144.63062   34.3344  139.8999   15.14900   -0.04572
  7.6250   49.34291  144.41203   34.3525  139.8970   14.90200   -0.08890
  7.6333   49.56051  144.19115   34.3706  139.8942   14.60200   -0.12125
  7.6417   49.77761  143.96790   34.3885  139.8914   14.42300   -0.12047
  7.6500   49.99417  143.74228   34.4064  139.8886   14.31500   -0.08547
  7.6583   50.21020  143.51424   34.4241  139.8858   14.16000   -0.05549
  7.6667   50.42566  143.28374   34.4418  139.8831   13.97600   -0.04688
  7.6750   50.64056  143.05075   34.4593  139.8803   13.79800   -0.03540
  7.6833   50.85486  142.81523   34.4768  139.8777   13.66200   -0.04000
  7.6917   51.06856  142.57715   34.4941  139.8750   13.42900   -0.05755
  7.7000   51.28164  142.33646   34.5114  139.8724   13.21800   -0.08298
  7.7083   51.49407  142.09312   34.5286  139.8698   13.07400   -0.09764
  7.7167   51.70585  141.84711   34.5457  139.8673   12.90700   -0.11844
  7.7250   51.91695  141.59837   34.5627  139.8648   12.70400   -0.10603
  7.7333   52.12736  141.34686   34.5796  139.8623   12.70100   -0.06229
  7.7417   52.33706  141.09258   34.5964  139.8598   12.66000   -0.01110
  7.7500   52.54603  140.83543   34.6132  139.8574   12.48400   -0.00159
  7.7583   52.75425  140.57542   34.6298  139.8550   12.33000   -0.03336
  7.7667   52.96170  140.31248   34.6464  139.8527   12.13900   -0.06268
  7.7750   53.16836  140.04659   34.6629  139.8503   11.98300   -0.06831
  7.7833   53.37422  139.77769   34.6793  139.8480   11.93200   -0.04951
  7.7917   53.57925  139.50574   34.6956  139.8458   11.84400    0.00741
  7.8000   53.78343  139.23071   34.7118  139.8436   11.83800    0.03087
  7.8083   53.98674  138.95256   34.7280  139.8414   11.67500    0.05676
  7.8167   54.18917  138.67123   34.7441  139.8392   11.59600    0.03196
  7.8250   54.39068  138.38670   34.7601  139.8371   11.39600    0.00766
  7.8333   54.59126  138.09892   34.7760  139.8350   11.22500   -0.02005
  7.8417   54.79089  137.80785   34.7919  139.8329   11.13500   -0.01829
  7.8500   54.98953  137.51341   34.8077  139.8309   11.04800   -0.00019
  7.8583   55.18718  137.21564   34.8234  139.8289   10.94500    0.00238
  7.8667   55.38381  136.91441   34.8390  139.8269   10.80800    0.00756
  7.8750   55.57939  136.60973   34.8546  139.8250   10.74400    0.00916
  7.8833   55.77390  136.30153   34.8701  139.8231   10.63200   -0.00329
  7.8917   55.96731  135.98979   34.8855  139.8213   10.44500   -0.03502
  7.9000   56.15960  135.67445   34.9008  139.8194   10.30300   -0.05784
  7.9083   56.35076  135.35548   34.9161  139.8176   10.21900   -0.06538
  7.9167   56.54074  135.03285   34.9314  139.8159   10.09000   -0.08661
  7.9250   56.72952  134.70650   34.9465  139.8142    9.90900   -0.08770
  7.9333   56.91709  134.37637   34.9616  139.8125    9.89700   -0.06125
  7.9417   57.10341  134.04245   34.9766  139.8108    9.86000    0.02157
  7.9500   57.28845  133.70470   34.9916  139.8092    9.87500    0.09199
  7.9583   57.47219  133.36305   35.0065  139.8076    9.82500    0.10563
  7.9667   57.65461  133.01749   35.0213  139.8061    9.60200    0.06658
  7.9750   57.83567  132.66797   35.0361  139.8046    9.44300   -0.00012
  7.9833   58.01534  132.31445   35.0508  139.8031    9.30600   -0.02871
  7.9917   58.19360  131.95689   35.0654  139.8017    9.22200   -0.03133
  8.0000   58.37042  131.59526   35.0800  139.8003    9.15700   -0.05019
  8.0083   58.54577  131.22952   35.0946  139.7990    8.97300   -0.08291
  8.0167   58.71962  130.85963   35.1090  139.7977    8.85000   -0.11309
  8.0250   58.89193  130.48557   35.1234  139.7964    8.80300   -0.09192
  8.0333   59.06269  130.10728   35.1378  139.7951    8.79200   -0.03187
  8.0417   59.23185  129.72476   35.1521  139.7939    8.79200   -0.00418
  8.0500   59.39940  129.33797   35.1664  139.7928    8.63100   -0.00728
  8.0583   59.56528  128.94685   35.1806  139.7916    8.51900   -0.02377
  8.0667   59.72949  128.55141   35.1947  139.7905    8.48600   -0.03718
  8.0750   59.89198  128.15158   35.2088  139.7895    8.34300   -0.03239
  8.0833   60.05271  127.74738   35.2228  139.7885    8.30000   -0.01166
  8.0917   60.21167  127.33876   35.2368  139.7875    8.33100    0.03289
  8.1000   60.36881  126.92571   35.2508  139.7866    8.28100    0.05730
  8.1083   60.52411  126.50819   35.2646  139.7857    8.18200    0.03508
  8.1167   60.67753  126.08621   35.2785  139.7849    8.05600    0.00895
  8.1250   60.82903  125.65973   35.2923  139.7841    7.98400   -0.02657
  8.1333   60.97859  125.22874   35.3060  139.7833    7.84500   -0.04174
  8.1417   61.12617  124.79324   35.3197  139.7826    7.78100   -0.04507
  8.1500   61.27173  124.35320   35.3334  139.7819    7.74300   -0.02224
  8.1583   61.41524  123.90863   35.3470  139.7813    7.68500    0.00524
  8.1667   61.55667  123.45952   35.3605  139.7807    7.63200    0.03578
  8.1750   61.69599  123.00587   35.3741  139.7801    7.59900    0.07880
  8.1833   61.83315  122.54767   35.3875  139.7796    7.57800    0.11004
  8.1917   61.96813  122.08493   35.4009  139.7792    7.48300    0.11546
  8.2000   62.10089  121.61766   35.4143  139.7788    7.37100    0.08699
  8.2083   62.23140  121.14586   35.4277  139.7784    7.24600    0.03224
  8.2167   62.35961  120.66955   35.4410  139.7781    7.07400   -0.02804
  8.2250   62.48551  120.18875   35.4543  139.7778    6.94700   -0.08938
  8.2333   62.60904  119.70347   35.4675  139.7776    6.81900   -0.11410
  8.2417   62.73019  119.21373   35.4807  139.7774    6.76900   -0.12410
  8.2500   62.84891  118.71957   35.4938  139.7772    6.69600   -0.10538
  8.2583   62.96517  118.22102   35.5070  139.7771    6.66600   -0.08821
  8.2667   63.07894  117.71810   35.5200  139.7771    6.61200   -0.06217
  8.2750   63.19018  117.21086   35.5331  139.7771    6.57100   -0.03374
  8.2833   63.29886  116.69933   35.5461  139.7772    6.55300   -0.01198
  8.2917   63.40495  116.18357   35.5591  139.7773    6.48100   -0.01642
  8.3000   63.50842  115.66362   35.5720  139.7774    6.35500   -0.02979
  8.3083   63.60922  115.13955   35.5849  139.7776    6.31400   -0.02770
  8.3167   63.70735  114.61139   35.5978  139.7778    6.30800    0.00415
  8.3250   63.80275  114.07923   35.6107  139.7782    6.29600    0.01852
  8.3333   63.89540  113.54313   35.6235  139.7785    6.21200    0.03825
  8.3417   63.98528  113.00316   35.6363  139.7789    6.22500    0.05507
  8.3500   64.07234  112.45939   35.6491  139.7793    6.19700    0.06097
  8.3583   64.15657  111.91191   35.6618  139.7798    6.06400    0.04044
  8.3667   64.23793  111.36079   35.6745  139.7804    5.97500   -0.01453
  8.3750   64.31640  110.80614   35.6872  139.7810    5.82700   -0.04916
  8.3833   64.39195  110.24805   35.6999  139.7816    5.76600   -0.04179
  8.3917   64.46455  109.68661   35.7125  139.7824    5.82700    0.00473
  8.4000   64.53419  109.12192   35.7251  139.7831    5.81600    0.06515
  8.4083   64.60083  108.55410   35.7377  139.7839    5.80000    0.07644
  8.4167   64.66445  107.98326   35.7503  139.7848    5.69900    0.04453
  8.4250   64.72504  107.40950   35.7628  139.7857    5.54000   -0.01382
  8.4333   64.78256  106.83296   35.7754  139.7867    5.43000   -0.07793
  8.4417   64.83701  106.25375   35.7879  139.7877    5.30600   -0.10237
  8.4500   64.88836  105.67201   35.8004  139.7888    5.28400   -0.09123
  8.4583   64.93659  105.08786   35.8129  139.7899    5.30500   -0.05009
  8.4667   64.98169  104.50144   35.8253  139.7911    5.28600   -0.00785
  8.4750   65.02364  103.91289   35.8378  139.7923    5.26600    0.02127
  8.4833   65.06243  103.32235   35.8502  139.7936    5.23500    0.04177
  8.4917   65.09804  102.72996   35.8626  139.7950    5.18000    0.03386
  8.5000   65.13047  102.13589   35.8750  139.7964    5.06900    0.01080
  8.5083   65.15969  101.54027   35.8874  139.7978    4.99900   -0.01311
  8.5167   65.18572  100.94326   35.8998  139.7993    4.95100   -0.00619
  8.5250   65.20853  100.34502   35.9122  139.8009    4.94400    0.00965
  8.5333   65.22812   99.74571   35.9245  139.8025    4.89900    0.00447
  8.5417   65.24448   99.14548   35.9369  139.8041    4.77900   -0.00277
  8.5500   65.25762   98.54450   35.9492  139.8059    4.76700   -0.01277
  8.5583   65.26753   97.94294   35.9616  139.8076    4.71900   -0.00364
  8.5667   65.27420   97.34096   35.9739  139.8095    4.66700    0.01388
  8.5750   65.27765   96.73873   35.9862  139.8113    4.67900    0.03723
  8.5833   65.27786   96.13641   35.9985  139.8133    4.64500    0.02744
  8.5917   65.27485   95.53417   36.0108  139.8153    4.48200   -0.02930
  8.6000   65.26862   94.93218   36.0231  139.8173    4.34300   -0.08546
  8.6083   65.25918   94.33060   36.0354  139.8194    4.31000   -0.09532
  8.6167   65.24652   93.72962   36.0477  139.8215    4.29600   -0.04467
  8.6250   65.23068   93.12938   36.0600  139.8237    4.35600    0.03158
  8.6333   65.21164   92.53007   36.0723  139.8260    4.40700    0.08760
  8.6417   65.18943   91.93184   36.0846  139.8283    4.32800    0.08267
  8.6500   65.16405   91.33486   36.0969  139.8306    4.18500    0.04204
  8.6583   65.13553   90.73929   36.1092  139.8331    4.11300    0.00705
  8.6667   65.10387   90.14530   36.1215  139.8355    4.04400    0.00459
  8.6750   65.06910   89.55303   36.1338  139.8380    4.00600    0.01063
  8.6833   65.03122   88.96266   36.1460  139.8406    3.97100    0.01018
  8.6917   64.99027   88.37433   36.1583  139.8432    3.89600    0.00535
  8.7000   64.94626   87.78819   36.1706  139.8459    3.85300   -0.00457
  8.7083   64.89921   87.20440   36.1829  139.8486    3.79700   -0.00571
  8.7167   64.84914   86.62309   36.1952  139.8513    3.73800   -0.00940
  8.7250   64.79608   86.04442   36.2075  139.8542    3.67500   -0.02077
  8.7333   64.74005   85.46852   36.2198  139.8570    3.59300   -0.04319
  8.7417   64.68108   84.89552   36.2321  139.8600    3.50400   -0.06181
  8.7500   64.61919   84.32556   36.2444  139.8629    3.46100   -0.06604
  8.7583   64.55441   83.75877   36.2567  139.8660    3.43100   -0.03517
  8.7667   64.48677   83.19527   36.2691  139.8690    3.45900    0.00742
  8.7750   64.41630   82.63518   36.2814  139.8722    3.45300    0.03256
  8.7833   64.34302   82.07862   36.2937  139.8754    3.36200    0.03477
  8.7917   64.26697   81.52570   36.3060  139.8786    3.31300    0.02417
  8.8000   64.18818   80.97652   36.3184  139.8819    3.26400    0.01401
  8.8083   64.10667   80.43119   36.3307  139.8852    3.17700    0.00579
  8.8167   64.02249   79.88981   36.3431  139.8886    3.13900    0.00507
  8.8250   63.93565   79.35247   36.3554  139.8920    3.12400    0.01686
  8.8333   63.84621   78.81927   36.3678  139.8955    3.08800    0.01954
  8.8417   63.75418   78.29028   36.3802  139.8990    3.02600    0.00402
  8.8500   63.65960   77.76560   36.3925  139.9026    2.94500   -0.02118
  8.8583   63.56251   77.24528   36.4049  139.9062    2.86500   -0.03778
  8.8667   63.46294   76.72942   36.4173  139.9099    2.82200   -0.04368
  8.8750   63.36093   76.21807   36.4297  139.9137    2.77300   -0.03661
  8.8833   63.25651   75.71130   36.4421  139.9174    2.73600   -0.02546
  8.8917   63.14971   75.20917   36.4545  139.9213    2.70600    0.00294
  8.9000   63.04058   74.71172   36.4670  139.9252    2.71500    0.03954
  8.9083   62.92914   74.21903   36.4794  139.9291    2.70500    0.07225
  8.9167   62.81543   73.73112   36.4918  139.9331    2.66000    0.07342
  8.9250   62.69949   73.24804   36.5043  139.9372    2.56000    0.05200
  8.9333   62.58135   72.76983   36.5168  139.9413    2.47200    0.02691
  8.9417   62.46105   72.29653   36.5292  139.9454    2.41200    0.01377
  8.9500   62.33863   71.82816   36.5417  139.9497    2.35000    0.00616
  8.9583   62.21411   71.36475   36.5542  139.9539    2.28200   -0.00481
  8.9667   62.08755   70.90633   36.5667  139.9583    2.21600   -0.00805
  8.9750   61.95896   70.45291   36.5792  139.9626    2.18700   -0.00729
  8.9833   61.82838   70.00451   36.5917  139.9671    2.13400   -0.00058
  8.9917   61.69586   69.56115   36.6043  139.9715    2.08300   -0.00834
  9.0000   61.56142   69.12283   36.6168  139.9761    1.99800   -0.02664
  9.0083   61.42511   68.68956   36.6293  139.9807    1.90500   -0.05776
  9.0167   61.28694   68.26134   36.6419  139.9853    1.81000   -0.07889
  9.0250   61.14697   67.83818   36.6545  139.9901    1.76000   -0.07260
  9.0333   61.00522   67.42007   36.6671  139.9948    1.76300   -0.03479
  9.0417   60.86172   67.00701   36.6797  139.9997    1.78200    0.01432
  9.0500   60.71652   66.59899   36.6923  140.0045    1.78000    0.04697
  9.0583   60.56964   66.19601   36.7049  140.0095    1.73500    0.04934
  9.0667   60.42111   65.79804   36.7175  140.0145    1.65600    0.03371
  9.0750   60.27097   65.40507   36.7302  140.0196    1.59400    0.00198
  9.0833   60.11926   65.01710   36.7428  140.0247    1.49600   -0.03253
  9.0917   59.96599   64.63410   36.7555  140.0299    1.41100   -0.06152
  9.1000   59.81121   64.25604   36.7682  140.0351    1.37500   -0.07094
  9.1083   59.65494   63.88291   36.7809  140.0405    1.35200   -0.05480
  9.1167   59.49722   63.51469   36.7936  140.0458    1.35900   -0.02800
  9.1250   59.33807   63.15135   36.8063  140.0513    1.35800   -0.00103
  9.1333   59.17753   62.79286   36.8190  140.0568    1.33000    0.01605
  9.1417   59.01563   62.43919   36.8318  140.0623    1.29800    0.01955
  9.1500   58.85239   62.09031   36.8446  140.0680    1.24800    0.01115
  9.1583   58.68784   61.74620   36.8573  140.0737    1.17900   -0.00008
  9.1667   58.52202   61.40682   36.8701  140.0795    1.14000   -0.00482
  9.1750   58.35494   61.07214   36.8830  140.0853    1.11700    0.00421
  9.1833   58.18664   60.74211   36.8958  140.0912    1.10000    0.01942
  9.1917   58.01715   60.41672   36.9086  140.0972    1.08400    0.03404
  9.2000   57.84648   60.09592   36.9215  140.1032    1.05700    0.03983
  9.2083   57.67468   59.77967   36.9344  140.1093    1.00800    0.03584
  9.2167   57.50176   59.46794   36.9473  140.1155    0.95700    0.01890
  9.2250   57.32775   59.16068   36.9602  140.1218    0.88500   -0.00194
  9.2333   57.15267   58.85787   36.9731  140.1281    0.82300   -0.02343
  9.2417   56.97655   58.55946   36.9861  140.1345    0.77200   -0.03733
  9.2500   56.79942   58.26540   36.9990  140.1410    0.72900   -0.04631
  9.2583   56.62129   57.97567   37.0120  140.1475    0.68600   -0.04975
  9.2667   56.44220   57.69021   37.0250  140.1541    0.65500   -0.04646
  9.2750   56.26216   57.40900   37.0381  140.1608    0.63700   -0.03007
  9.2833   56.08120   57.13198   37.0511  140.1676    0.64200   -0.01326
  9.2917   55.89934   56.85911   37.0642  140.1745    0.61500   -0.00124
  9.3000   55.71660   56.59036   37.0773  140.1814    0.58200   -0.00095
  9.3083   55.53301   56.32568   37.0904  140.1884    0.54800   -0.00384
  9.3167   55.34858   56.06503   37.1035  140.1955    0.51200   -0.00930
  9.3250   55.16334   55.80836   37.1166  140.2027    0.47400   -0.01272
  9.3333   54.97730   55.55564   37.1298  140.2100    0.45200   -0.00986
  9.3417   54.79050   55.30682   37.1430  140.2173    0.44400    0.00182
  9.3500   54.60294   55.06187   37.1562  140.2247    0.44200    0.01343
  9.3583   54.41464   54.82073   37.1695  140.2322    0.42300    0.01930
  9.3667   54.22564   54.58337   37.1827  140.2398    0.39500    0.01322
  9.3750   54.03594   54.34975   37.1960  140.2475    0.35000   -0.00183
  9.3833   53.84556   54.11982   37.2094  140.2553    0.29900   -0.02168
  9.3917   53.65452   53.89354   37.2227  140.2631    0.25500   -0.03263
  9.4000   53.46285   53.67087   37.2361  140.2710    0.24500   -0.03368
  9.4083   53.27055   53.45177   37.2495  140.2791    0.23400   -0.02709
  9.4167   53.07764   53.23620   37.2629  140.2872    0.22300   -0.02283
  9.4250   52.88415   53.02412   37.2763  140.2954    0.20900   -0.01871
  9.4333   52.69008   52.81548   37.2898  140.3037    0.20000   -0.01472
  9.4417   52.49546   52.61026   37.3033  140.3121    0.19000   -0.01239
  9.4500   52.30030   52.40840   37.3168  140.3206    0.17100   -0.01236
  9.4583   52.10462   52.20987   37.3304  140.3292    0.15600   -0.01833
  9.4667   51.90842   52.01462   37.3440  140.3379    0.12800   -0.02211
  9.4750   51.71174   51.82263   37.3576  140.3466    0.12300   -0.02240
  9.4833   51.51457   51.63385   37.3712  140.3555    0.12600   -0.01589
  9.4917   51.31695   51.44824   37.3849  140.3645    0.12800   -0.00569
  9.5000   51.11887   51.26577   37.3986  140.3736    0.14000    0.00278
  9.5083   50.92035   51.08640   37.4124  140.3827    0.14000    0.00646
  9.5167   50.72142   50.91009   37.4261  140.3920    0.12600    0.00265
  9.5250   50.52207   50.73680   37.4399  140.4014    0.11100   -0.00566
  9.5333   50.32233   50.56650   37.4538  140.4109    0.09500   -0.01407
  9.5417   50.12221   50.39915   37.4676  140.4205    0.08200   -0.01834
  9.5500   49.92172   50.23472   37.4815  140.4302    0.08500   -0.01875
  9.5583   49.72087   50.07317   37.4955  140.4400    0.08600   -0.01127
  9.5667   49.51968   49.91447   37.5095  140.4499    0.10500   -0.00307
  9.5750   49.31816   49.75858   37.5235  140.4599    0.11200    0.00509
  9.5833   49.11631   49.60547   37.5375  140.4700    0.11300    0.00655
  9.5917   48.91416   49.45510   37.5516  140.4803    0.10600    0.00464
  9.6000   48.71170   49.30744   37.5657  140.4906    0.10000    0.00138
  9.6083   48.50897   49.16247   37.5799  140.5011    0.09600   -0.00168
  9.6167   48.30595   49.02014   37.5941  140.5117    0.09100   -0.00564
  9.6250   48.10267   48.88042   37.6083  140.5224    0.08400   -0.00666
  9.6333   47.89914   48.74329   37.6226  140.5332    0.09400   -0.00609
  9.6417   47.69536   48.60870   37.6369  140.5442    0.09800   -0.00242
  9.6500   47.49135   48.47664   37.6512  140.5552    0.10400    0.00020
  9.6583   47.28711   48.34707   37.6656  140.5664    0.11100    0.00009
  9.6667   47.08267   48.21996   37.6801  140.5777    0.10500   -0.00304
  9.6750   46.87801   48.09529   37.6945  140.5891    0.10000   -0.01122
  9.6833   46.67316   47.97301   37.7091  140.6007    0.08800   -0.01895
  9.6917   46.46813   47.85311   37.7236  140.6124    0.08400   -0.02080
  9.7000   46.26291   47.73555   37.7382  140.6242    0.10400   -0.01809
  9.7083   46.05753   47.62031   37.7529  140.6361    0.11300   -0.01159
  9.7167   45.85199   47.50735   37.7676  140.6482    0.12800   -0.00736
  9.7250   45.64630   47.39666   37.7823  140.6604    0.14300   -0.00210
  9.7333   45.44047   47.28821   37.7971  140.6727    0.16000    0.00030
  9.7417   45.23450   47.18196   37.8120  140.6852    0.16800   -0.00356
  9.7500   45.02841   47.07790   37.8269  140.6978    0.16200   -0.01096
  9.7583   44.82220   46.97599   37.8418  140.7106    0.16800   -0.02369
  9.7667   44.61587   46.87621   37.8568  140.7234    0.15900   -0.03105
  9.7750   44.40945   46.77854   37.8718  140.7365    0.18000   -0.03497
  9.7833   44.20292   46.68295   37.8869  140.7496    0.20600   -0.03267
  9.7917   43.99631   46.58942   37.9020  140.7629    0.22800   -0.02801
  9.8000   43.78962   46.49793   37.9172  140.7764    0.26300   -0.02218
  9.8083   43.58286   46.40844   37.9324  140.7900    0.29700   -0.01396
  9.8167   43.37602   46.32094   37.9477  140.8038    0.32900   -0.00862
  9.8250   43.16913   46.23540   37.9631  140.8177    0.35200   -0.00938
  9.8333   42.96218   46.15180   37.9785  140.8317    0.36000   -0.00905
  9.8417   42.75518   46.07013   37.9939  140.8459    0.39900   -0.00759
  9.8500   42.54815   45.99035   38.0094  140.8603    0.43200    0.00155
  9.8583   42.34108   45.91244   38.0250  140.8748    0.48000    0.01122
  9.8667   42.13398   45.83639   38.0406  140.8895    0.52900    0.01784
  9.8750   41.92685   45.76217   38.0563  140.9043    0.55500    0.01736
  9.8833   41.71971   45.68976   38.0720  140.9193    0.57700    0.00406
  9.8917   41.51256   45.61915   38.0878  140.9345    0.57500   -0.01212
  9.9000   41.30541   45.55030   38.1037  140.9498    0.59100   -0.03570
  9.9083   41.09825   45.48321   38.1196  140.9653    0.58300   -0.04833
  9.9167   40.89110   45.41785   38.1356  140.9810    0.63000   -0.05324
  9.9250   40.68396   45.35421   38.1516  140.9969    0.68200   -0.04279
  9.9333   40.47684   45.29225   38.1677  141.0129    0.74400   -0.02840
  9.9417   40.26974   45.23198   38.1839  141.0291    0.81000   -0.01479
  9.9500   40.06266   45.17336   38.2001  141.0455    0.86000   -0.00563
  9.9583   39.85562   45.11638   38.2164  141.0620    0.90400    0.00408
  9.9667   39.64861   45.06102   38.2328  141.0787    0.97400    0.01100
  9.9750   39.44165   45.00726   38.2492  141.0957    1.01300    0.01338
  9.9833   39.23472   44.95509   38.2657  141.1128    1.03800    0.00916
  9.9917   39.02785   44.90449   38.2823  141.1301    1.08200    0.00793
 10.0000   38.82104   44.85545   38.2989  141.1475    1.13800    0.00976
 10.0083   38.61428   44.80794   38.3156  141.1652    1.18100    0.01269
 10.0167   38.40759   44.76194   38.3324  141.1831    1.23100    0.01557
 10.0250   38.20096   44.71746   38.3492  141.2012    1.28600    0.01859
 10.0333   37.99441   44.67446   38.3662  141.2194    1.32600    0.01781
 10.0417   37.78793   44.63293   38.3831  141.2379    1.35300    0.00616
 10.0500   37.58153   44.59286   38.4002  141.2566    1.35200   -0.00703
 10.0583   37.37522   44.55423   38.4174  141.2755    1.38000   -0.01707
 10.0667   37.16899   44.51703   38.4346  141.2946    1.42200   -0.01540
 10.0750   36.96285   44.48124   38.4519  141.3139    1.47900   -0.00508
 10.0833   36.75681   44.44684   38.4693  141.3334    1.55200    0.00630
 10.0917   36.55087   44.41384   38.4867  141.3531    1.60200    0.01404
 10.1000   36.34503   44.38220   38.5043  141.3731    1.64300    0.00955
 10.1083   36.13930   44.35191   38.5219  141.3932    1.65900   -0.00666
 10.1167   35.93367   44.32297   38.5396  141.4137    1.65100   -0.02316
 10.1250   35.72816   44.29536   38.5573  141.4343    1.68900   -0.03546
 10.1333   35.52276   44.26906   38.5752  141.4552    1.72500   -0.03053
 10.1417   35.31749   44.24406   38.5932  141.4762    1.80300   -0.01904
 10.1500   35.11233   44.22035   38.6112  141.4976    1.87700   -0.00210
 10.1583   34.90730   44.19792   38.6293  141.5191    1.94100    0.01032
 10.1667   34.70240   44.17676   38.6475  141.5410    1.99700    0.01613
 10.1750   34.49762   44.15684   38.6658  141.5630    2.03800    0.01992
 10.1833   34.29299   44.13817   38.6842  141.5853    2.09200    0.01161
 10.1917   34.08849   44.12072   38.7027  141.6079    2.09200    0.00355
 10.2000   33.88412   44.10449   38.7213  141.6307    2.14100   -0.01137
 10.2083   33.67990   44.08947   38.7399  141.6538    2.17000   -0.01609
 10.2167   33.47583   44.07563   38.7587  141.6771    2.22800   -0.01745
 10.2250   33.27190   44.06298   38.7776  141.7007    2.29400   -0.01811
 10.2333   33.06813   44.05150   38.7965  141.7246    2.32300   -0.01705
 10.2417   32.86450   44.04118   38.8156  141.7487    2.38400   -0.01647
 10.2500   32.66103   44.03201   38.8347  141.7732    2.44600   -0.01525
 10.2583   32.45772   44.02398   38.8539  141.7979    2.48000   -0.01308
 10.2667   32.25457   44.01707   38.8733  141.8228    2.54700   -0.00769
 10.2750   32.05158   44.01129   38.8927  141.8481    2.62900    0.00461
 10.2833   31.84876   44.00660   38.9123  141.8736    2.69900    0.01694
 10.2917   31.64610   44.00302   38.9320  141.8995    2.76900    0.01751
 10.3000   31.44361   44.00053   38.9517  141.9256    2.79000    0.01083
 10.3083   31.24129   43.99911   38.9716  141.9521    2.82300    0.00133
 10.3167   31.03915   43.99876   38.9916  141.9788    2.87800    0.00168
 10.3250   30.83718   43.99947   39.0117  142.0059    2.95300    0.00691
 10.3333   30.63539   44.00123   39.0318  142.0333    3.01800    0.00612
 10.3417   30.43377   44.00403   39.0522  142.0610    3.05000    0.00259
 10.3500   30.23234   44.00786   39.0726  142.0890    3.11500   -0.01014
 10.3583   30.03109   44.01271   39.0931  142.1173    3.13100   -0.02103
 10.3667   29.83002   44.01857   39.1138  142.1460    3.17100   -0.03224
 10.3750   29.62915   44.02544   39.1345  142.1750    3.23300   -0.03557
 10.3833   29.42845   44.03331   39.1554  142.2043    3.29300   -0.04018
 10.3917   29.22795   44.04216   39.1764  142.2340    3.32400   -0.03336
 10.4000   29.02765   44.05199   39.1976  142.2641    3.44500   -0.01345
 10.4083   28.82753   44.06280   39.2188  142.2944    3.56800    0.01436
 10.4167   28.62761   44.07456   39.2402  142.3252    3.64100    0.02978
 10.4250   28.42788   44.08728   39.2617  142.3563    3.69400    0.03267
 10.4333   28.22836   44.10095   39.2833  142.3878    3.75100    0.03820
 10.4417   28.02903   44.11556   39.3050  142.4196    3.83700    0.04667
 10.4500   27.82990   44.13110   39.3269  142.4519    3.90200    0.05463
 10.4583   27.63098   44.14756   39.3489  142.4845    3.95200    0.04273
 10.4667   27.43226   44.16494   39.3711  142.5175    3.92400    0.02519
 10.4750   27.23375   44.18323   39.3934  142.5509    3.95800   -0.00228
 10.4833   27.03544   44.20242   39.4158  142.5847    3.94900   -0.00067
 10.4917   26.83734   44.22250   39.4383  142.6189    4.07800    0.00158
 10.5000   26.63945   44.24347   39.4610  142.6535    4.10600    0.01496
 10.5083   26.44177   44.26533   39.4838  142.6886    4.15800    0.00528
 10.5167   26.24430   44.28805   39.5068  142.7240    4.15700   -0.01274
 10.5250   26.04704   44.31165   39.5299  142.7599    4.13800   -0.03050
 10.5333   25.85000   44.33610   39.5531  142.7962    4.18900   -0.03305
 10.5417   25.65317   44.36141   39.5765  142.8330    4.26900   -0.02229
 10.5500   25.45656   44.38756   39.6001  142.8702    4.32000   -0.00972
 10.5583   25.26016   44.41456   39.6238  142.9079    4.36800   -0.00217
 10.5667   25.06399   44.44239   39.6476  142.9460    4.40200    0.00898
 10.5750   24.86803   44.47104   39.6716  142.9846    4.45100    0.03301
 10.5833   24.67229   44.50052   39.6957  143.0237    4.55600    0.06715
 10.5917   24.47678   44.53082   39.7200  143.0632    4.63600    0.10136
 10.6000   24.28148   44.56192   39.7445  143.1033    4.68600    0.12515
 10.6083   24.08641   44.59383   39.7691  143.1438    4.73500    0.12888
 10.6167   23.89157   44.62654   39.7939  143.1848    4.69800    0.11184
 10.6250   23.69695   44.66004   39.8188  143.2264    4.61500    0.07420
 10.6333   23.50255   44.69433   39.8439  143.2684    4.51900    0.02418
 10.6417   23.30839   44.72939   39.8692  143.3110    4.37500   -0.01742
 10.6500   23.11444   44.76523   39.8946  143.3542    4.31500   -0.04773
 10.6583   22.92073   44.80185   39.9202  143.3978    4.26600   -0.05250
 10.6667   22.72725   44.83922   39.9459  143.4420    4.27200   -0.03352
 10.6750   22.53400   44.87736   39.9719  143.4868    4.36800   -0.00378
 10.6833   22.34097   44.91625   39.9980  143.5321    4.40100    0.02122
 10.6917   22.14818   44.95588   40.0243  143.5780    4.39000    0.02917
 10.7000   21.95562   44.99626   40.0507  143.6245    4.37600    0.01696
 10.7083   21.76329   45.03738   40.0773  143.6716    4.26800   -0.02714
 10.7167   21.57120   45.07924   40.1041  143.7193    4.04100   -0.07432
 10.7250   21.37934   45.12182   40.1311  143.7676    4.00300   -0.10665
 10.7333   21.18771   45.16512   40.1583  143.8165    3.99500   -0.09495
 10.7417   20.99632   45.20914   40.1857  143.8660    4.05300   -0.03030
 10.7500   20.80517   45.25388   40.2132  143.9162    4.34800    0.05646
 10.7583   20.61425   45.29932   40.2409  143.9670    4.46300    0.13537
 10.7667   20.42357   45.34547   40.2689  144.0184    4.45000    0.15984
 10.7750   20.23312   45.39232   40.2970  144.0706    4.37300    0.13828
 10.7833   20.04292   45.43987   40.3253  144.1234    4.18000    0.10195
 10.7917   19.85295   45.48810   40.3538  144.1769    4.08100    0.06609
 10.8000   19.66322   45.53702   40.3824  144.2311    4.02900    0.05025
 10.8083   19.47373   45.58663   40.4113  144.2860    3.98700    0.01756
 10.8167   19.28448   45.63691   40.4404  144.3416    3.76900   -0.03278
 10.8250   19.09547   45.68786   40.4697  144.3979    3.57200   -0.08260
 10.8333   18.90670   45.73949   40.4992  144.4550    3.50000   -0.10553
 10.8417   18.71817   45.79177   40.5289  144.5128    3.44300   -0.09362
 10.8500   18.52989   45.84472   40.5588  144.5714    3.47800   -0.06441
 10.8583   18.34184   45.89833   40.5889  144.6308    3.53600   -0.02123
 10.8667   18.15404   45.95259   40.6192  144.6909    3.60900    0.01116
 10.8750   17.96648   46.00749   40.6497  144.7519    3.58900    0.01622
 10.8833   17.77916   46.06305   40.6804  144.8136    3.46900   -0.01224
 10.8917   17.59208   46.11924   40.7113  144.8762    3.30300   -0.05170
 10.9000   17.40525   46.17607   40.7425  144.9396    3.21300   -0.07331
 10.9083   17.21866   46.23353   40.7738  145.0038    3.24200   -0.06395
 10.9167   17.03232   46.29162   40.8054  145.0690    3.31900   -0.03385
 10.9250   16.84622   46.35034   40.8372  145.1349    3.39300   -0.00716
 10.9333   16.66036   46.40968   40.8692  145.2018    3.39600    0.03525
 10.9417   16.47475   46.46964   40.9014  145.2696    3.58200    0.04114
 10.9500   16.28938   46.53021   40.9339  145.3383    3.38400    0.04229
 10.9583   16.10426   46.59140   40.9665  145.4079    3.35400    0.02880
 10.9667   15.91939   46.65319   40.9994  145.4784    3.43400    0.02341
 10.9750   15.73476   46.71559   41.0325  145.5499    3.29800    0.02396
 10.9833   15.55037   46.77859   41.0658  145.6224    3.31000    0.01071
 10.9917   15.36624   46.84218   41.0994  145.6958    3.28500    0.00202
 11.0000   15.18234   46.90637   41.1332  145.7703    3.17600   -0.00906
 11.0083   14.99870   46.97115   41.1672  145.8457    3.15900   -0.01904
 11.0167   14.81530   47.03652   41.2014  145.9222    3.13400    0.00776
 11.0250   14.63214   47.10247   41.2358  145.9997    3.29900    0.03856
 11.0333   14.44924   47.16901   41.2705  146.0783    3.31000    0.05362
 11.0417   14.26658   47.23612   41.3054  146.1580    3.15000    0.03323
 11.0500   14.08416   47.30381   41.3405  146.2387    3.02200   -0.00508
 11.0583   13.90200   47.37207   41.3759  146.3206    2.88100   -0.01680
 11.0667   13.72008   47.44089   41.4115  146.4036    2.93500   -0.01842
 11.0750   13.53841   47.51029   41.4473  146.4877    2.90200   -0.00705
 11.0833   13.35698   47.58024   41.4833  146.5730    2.87500    0.00614
 11.0917   13.17580   47.65076   41.5196  146.6594    2.94300    0.02195
 11.1000   12.99487   47.72183   41.5560  146.7470    2.92600    0.02382
 11.1083   12.81419   47.79346   41.5927  146.8359    2.76400    0.00593
 11.1167   12.63375   47.86563   41.6297  146.9259    2.65000   -0.02387
 11.1250   12.45356   47.93836   41.6668  147.0173    2.52600   -0.03558
 11.1333   12.27362   48.01163   41.7042  147.1098    2.53000   -0.01755
 11.1417   12.09393   48.08544   41.7418  147.2036    2.68700    0.01029
 11.1500   11.91448   48.15980   41.7796  147.2988    2.65600    0.02839
 11.1583   11.73528   48.23469   41.8176  147.3952    2.58200    0.01965
 11.1667   11.55633   48.31011   41.8558  147.4930    2.50500    0.00117
 11.1750   11.37762   48.38607   41.8943  147.5921    2.38300   -0.01888
 11.1833   11.19916   48.46255   41.9329  147.6926    2.28800   -0.02964
 11.1917   11.02095   48.53956   41.9718  147.7945    2.28600   -0.02913
 11.2000   10.84299   48.61710   42.0109  147.8978    2.26400   -0.00861
 11.2083   10.66527   48.69516   42.0501  148.0025    2.35200    0.00561
 11.2167   10.48780   48.77373   42.0896  148.1086    2.30700    0.01312
 11.2250   10.31058   48.85283   42.1293  148.2162    2.22600    0.01742
 11.2333   10.13360   48.93243   42.1691  148.3253    2.26700    0.01470
 11.2417    9.95687   49.01255   42.2092  148.4359    2.14600    0.01501
 11.2500    9.78039   49.09317   42.2494  148.5480    2.09100    0.01904
 11.2583    9.60415   49.17431   42.2898  148.6617    2.17300    0.01489
 11.2667    9.42816   49.25594   42.3304  148.7768    1.97600    0.00711
 11.2750    9.25242   49.33808   42.3712  148.8936    1.86800    0.00467
 11.2833    9.07692   49.42072   42.4121  149.0120    1.95900    0.02671
 11.2917    8.90167   49.50385   42.4532  149.1320    1.93500    0.05858
 11.3000    8.72667   49.58748   42.4945  149.2536    1.87900    0.06482
 11.3083    8.55191   49.67160   42.5359  149.3769    1.71800    0.07423
 11.3167    8.37740   49.75621   42.5774  149.5018    1.71200    0.08743
 11.3250    8.20313   49.84131   42.6191  149.6284    1.68500    0.10947
 11.3333    8.02911   49.92690   42.6609  149.7568    1.59700    0.10606
 11.3417    7.85533   50.01296   42.7029  149.8869    1.35400    0.07527
 11.3500    7.68180   50.09951   42.7449  150.0187    1.08100    0.01627
 11.3583    7.50851   50.18654   42.7871  150.1523    0.74900   -0.04401
 11.3667    7.33547   50.27405   42.8294  150.2877    0.51300   -0.09148
 11.3750    7.16267   50.36203   42.8717  150.4249    0.36800   -0.11048
 11.3833    6.99012   50.45048   42.9142  150.5639    0.30900   -0.11685
 11.3917    6.81781   50.53940   42.9567  150.7047    0.21200   -0.12394
 11.4000    6.64575   50.62880   42.9993  150.8475    0.08600   -0.13664
 11.4083    6.47393   50.71866   43.0420  150.9921    0.00000   -0.13583
 11.4167    6.30235   50.80898   43.0846  151.1385    0.05100   -0.12412
 11.4250    6.13102   50.89976   43.1274  151.2870    0.06300   -0.09813
 11.4333    5.95993   50.99101   43.1701  151.4373    0.16100   -0.05602
 11.4417    5.78909   51.08272   43.2129  151.5896    0.27000   -0.03108
 11.4500    5.61848   51.17488   43.2557  151.7438    0.25100   -0.01657
 11.4583    5.44812   51.26749   43.2984  151.9000    0.33600   -0.01491
 11.4667    5.27800   51.36056   43.3412  152.0583    0.43100   -0.00880
 11.4750    5.10813   51.45408   43.3839  152.2185    0.52500   -0.00009
 11.4833    4.93849   51.54805   43.4265  152.3808    0.64600   -0.00031
 11.4917    4.76910   51.64246   43.4691  152.5451    0.69500    0.00017
 11.5000    4.59995   51.73732   43.5116  152.7114    0.81100    0.00000

