hmax        =    300
wind_bottom =      2
wind_top    =     10
critlon     =      0
tbeg, h     =   0.00
tend, h     =  24.00
c_ionex     =      0
c_vert      =      1
time, gamma, az, latp, lonp, tec, tec_filtered
  3.4083    9.26585  189.95888   26.0247  136.4001  125.49200    0.00000
  3.4167    9.48250  189.93221   26.1385  136.4254  124.13100   -0.00220
  3.4250    9.69955  189.90596   26.2509  136.4502  122.84600   -0.00907
  3.4333    9.91697  189.88016   26.3616  136.4746  121.54400   -0.02256
  3.4417   10.13479  189.85478   26.4709  136.4986  120.26900   -0.03709
  3.4500   10.35298  189.82983   26.5787  136.5222  119.07000   -0.03618
  3.4583   10.57156  189.80534   26.6850  136.5453  117.93999   -0.02576
  3.4667   10.79052  189.78127   26.7898  136.5681  116.71301    0.00167
  3.4750   11.00987  189.75764   26.8933  136.5905  115.56899    0.03226
  3.4833   11.22959  189.73444   26.9952  136.6125  114.37099    0.07545
  3.4917   11.44969  189.71165   27.0958  136.6342  113.18400    0.10883
  3.5000   11.67016  189.68930   27.1950  136.6555  111.99000    0.12489
  3.5083   11.89102  189.66737   27.2928  136.6764  110.64300    0.12408
  3.5167   12.11225  189.64587   27.3893  136.6969  109.31200    0.10800
  3.5250   12.33385  189.62479   27.4844  136.7171  107.99400    0.07951
  3.5333   12.55583  189.60413   27.5782  136.7370  106.54200    0.04916
  3.5417   12.77818  189.58389   27.6708  136.7565  105.19199    0.01054
  3.5500   13.00091  189.56407   27.7620  136.7757  103.80000   -0.01757
  3.5583   13.22400  189.54466   27.8520  136.7945  102.42599   -0.04840
  3.5667   13.44747  189.52568   27.9407  136.8131  101.05099   -0.07846
  3.5750   13.67130  189.50710   28.0283  136.8313   99.65800   -0.08955
  3.5833   13.89550  189.48894   28.1146  136.8492   98.43800   -0.09666
  3.5917   14.12007  189.47119   28.1997  136.8668   97.10000   -0.08560
  3.6000   14.34500  189.45386   28.2837  136.8841   95.86800   -0.08309
  3.6083   14.57030  189.43694   28.3665  136.9011   94.60500   -0.07065
  3.6167   14.79597  189.42041   28.4481  136.9178   93.37800   -0.06354
  3.6250   15.02199  189.40430   28.5287  136.9342   92.14400   -0.06230
  3.6333   15.24838  189.38858   28.6081  136.9504   90.88100   -0.06094
  3.6417   15.47513  189.37328   28.6865  136.9662   89.70500   -0.07342
  3.6500   15.70224  189.35838   28.7638  136.9818   88.42100   -0.07897
  3.6583   15.92971  189.34387   28.8401  136.9972   87.27299   -0.09840
  3.6667   16.15753  189.32977   28.9153  137.0123   86.05500   -0.11608
  3.6750   16.38572  189.31607   28.9895  137.0271   84.84900   -0.13384
  3.6833   16.61426  189.30276   29.0627  137.0417   83.76400   -0.15553
  3.6917   16.84315  189.28986   29.1349  137.0560   82.58400   -0.16962
  3.7000   17.07240  189.27734   29.2061  137.0701   81.50500   -0.18987
  3.7083   17.30200  189.26521   29.2764  137.0840   80.45000   -0.20060
  3.7167   17.53195  189.25349   29.3458  137.0976   79.42100   -0.20899
  3.7250   17.76225  189.24216   29.4142  137.1110   78.43400   -0.21679
  3.7333   17.99290  189.23120   29.4817  137.1241   77.46700   -0.20927
  3.7417   18.22390  189.22064   29.5484  137.1371   76.62400   -0.20760
  3.7500   18.45525  189.21046   29.6141  137.1498   75.68200   -0.19731
  3.7583   18.68694  189.20068   29.6790  137.1624   74.85400   -0.19438
  3.7667   18.91898  189.19128   29.7431  137.1747   74.04000   -0.17830
  3.7750   19.15137  189.18227   29.8063  137.1868   73.26600   -0.15839
  3.7833   19.38409  189.17361   29.8687  137.1987   72.53699   -0.13264
  3.7917   19.61716  189.16537   29.9303  137.2104   71.82800   -0.12335
  3.8000   19.85057  189.15749   29.9910  137.2220   71.00300   -0.10503
  3.8083   20.08432  189.14999   30.0510  137.2333   70.39200   -0.09867
  3.8167   20.31840  189.14287   30.1103  137.2445   69.65400   -0.07085
  3.8250   20.55283  189.13612   30.1688  137.2554   69.01400   -0.06261
  3.8333   20.78759  189.12975   30.2265  137.2663   68.30300   -0.03874
  3.8417   21.02268  189.12376   30.2835  137.2769   67.69900   -0.02836
  3.8500   21.25811  189.11813   30.3398  137.2873   66.99400   -0.00935
  3.8583   21.49388  189.11288   30.3954  137.2976   66.36100   -0.00979
  3.8667   21.72997  189.10800   30.4503  137.3077   65.64500    0.00578
  3.8750   21.96639  189.10349   30.5045  137.3177   65.05400    0.01230
  3.8833   22.20315  189.09933   30.5580  137.3275   64.37500    0.02184
  3.8917   22.44023  189.09557   30.6109  137.3372   63.68300    0.02087
  3.9000   22.67764  189.09213   30.6631  137.3466   63.03400    0.00422
  3.9083   22.91537  189.08910   30.7147  137.3560   62.25999   -0.00140
  3.9167   23.15343  189.08640   30.7657  137.3652   61.65100   -0.01672
  3.9250   23.39181  189.08408   30.8160  137.3743   60.95000   -0.02054
  3.9333   23.63051  189.08211   30.8658  137.3832   60.26200   -0.02571
  3.9417   23.86954  189.08051   30.9149  137.3920   59.65300   -0.03808
  3.9500   24.10888  189.07925   30.9635  137.4006   58.92599   -0.04976
  3.9583   24.34854  189.07835   31.0115  137.4091   58.25800   -0.07198
  3.9667   24.58852  189.07782   31.0589  137.4175   57.60600   -0.08845
  3.9750   24.82882  189.07764   31.1057  137.4257   56.93800   -0.09521
  3.9833   25.06942  189.07780   31.1521  137.4339   56.35400   -0.09994
  3.9917   25.31035  189.07832   31.1978  137.4419   55.74800   -0.09936
  4.0000   25.55158  189.07921   31.2431  137.4497   55.14200   -0.10028
  4.0083   25.79312  189.08043   31.2878  137.4575   54.58400   -0.11016
  4.0167   26.03498  189.08200   31.3320  137.4652   53.96000   -0.11305
  4.0250   26.27714  189.08392   31.3757  137.4727   53.43000   -0.11339
  4.0333   26.51961  189.08620   31.4189  137.4801   52.92599   -0.10997
  4.0417   26.76238  189.08881   31.4617  137.4874   52.36100   -0.10229
  4.0500   27.00545  189.09177   31.5039  137.4946   51.89700   -0.10531
  4.0583   27.24883  189.09506   31.5457  137.5018   51.37099   -0.10133
  4.0667   27.49251  189.09869   31.5870  137.5088   50.88100   -0.09981
  4.0750   27.73649  189.10268   31.6278  137.5157   50.43700   -0.09655
  4.0833   27.98077  189.10699   31.6682  137.5225   49.95200   -0.08492
  4.0917   28.22535  189.11166   31.7082  137.5291   49.54000   -0.07870
  4.1000   28.47022  189.11665   31.7477  137.5358   49.09500   -0.06636
  4.1083   28.71538  189.12199   31.7868  137.5423   48.66900   -0.06010
  4.1167   28.96084  189.12766   31.8255  137.5487   48.24599   -0.05068
  4.1250   29.20658  189.13367   31.8638  137.5550   47.84100   -0.04121
  4.1333   29.45262  189.13998   31.9016  137.5613   47.43500   -0.03630
  4.1417   29.69895  189.14667   31.9391  137.5674   47.00700   -0.02833
  4.1500   29.94556  189.15366   31.9762  137.5735   46.63400   -0.02226
  4.1583   30.19246  189.16098   32.0128  137.5795   46.23400   -0.01381
  4.1667   30.43964  189.16862   32.0491  137.5854   45.83600   -0.01767
  4.1750   30.68710  189.17661   32.0851  137.5912   45.41199   -0.02513
  4.1833   30.93485  189.18492   32.1206  137.5970   45.00800   -0.03362
  4.1917   31.18287  189.19354   32.1558  137.6027   44.61800   -0.03344
  4.2000   31.43117  189.20250   32.1906  137.6083   44.25300   -0.03282
  4.2083   31.67975  189.21178   32.2251  137.6138   43.86100   -0.03832
  4.2167   31.92860  189.22137   32.2593  137.6193   43.44700   -0.04668
  4.2250   32.17773  189.23129   32.2931  137.6247   43.07500   -0.04987
  4.2333   32.42713  189.24155   32.3265  137.6300   42.71600   -0.04179
  4.2417   32.67679  189.25209   32.3597  137.6352   42.36400   -0.03035
  4.2500   32.92673  189.26295   32.3925  137.6404   42.01200   -0.02053
  4.2583   33.17693  189.27415   32.4249  137.6455   41.65200   -0.00612
  4.2667   33.42740  189.28564   32.4571  137.6506   41.32899    0.00649
  4.2750   33.67813  189.29747   32.4890  137.6556   40.97300    0.01293
  4.2833   33.92912  189.30960   32.5205  137.6605   40.58300    0.01476
  4.2917   34.18037  189.32204   32.5518  137.6654   40.23800    0.01369
  4.3000   34.43188  189.33478   32.5827  137.6702   39.87400    0.01291
  4.3083   34.68365  189.34784   32.6134  137.6749   39.49400    0.00555
  4.3167   34.93567  189.36121   32.6438  137.6796   39.12700   -0.00153
  4.3250   35.18795  189.37488   32.6739  137.6843   38.76900   -0.00380
  4.3333   35.44047  189.38885   32.7037  137.6889   38.41900   -0.01322
  4.3417   35.69325  189.40314   32.7333  137.6934   38.02600   -0.02629
  4.3500   35.94627  189.41772   32.7625  137.6979   37.65900   -0.04654
  4.3583   36.19955  189.43260   32.7916  137.7023   37.28200   -0.06681
  4.3667   36.45306  189.44778   32.8203  137.7067   36.89700   -0.07304
  4.3750   36.70682  189.46327   32.8488  137.7110   36.60700   -0.07404
  4.3833   36.96082  189.47906   32.8770  137.7153   36.26700   -0.06602
  4.3917   37.21506  189.49513   32.9050  137.7196   35.93800   -0.07007
  4.4000   37.46954  189.51151   32.9328  137.7238   35.60600   -0.06335
  4.4083   37.72425  189.52818   32.9603  137.7279   35.32900   -0.05279
  4.4167   37.97920  189.54514   32.9875  137.7320   35.02800   -0.03991
  4.4250   38.23437  189.56239   33.0146  137.7361   34.72000   -0.03711
  4.4333   38.48978  189.57996   33.0413  137.7401   34.41200   -0.04176
  4.4417   38.74542  189.59778   33.0679  137.7441   34.09500   -0.04161
  4.4500   39.00128  189.61591   33.0942  137.7480   33.82600   -0.03789
  4.4583   39.25737  189.63432   33.1204  137.7519   33.54700   -0.02661
  4.4667   39.51368  189.65302   33.1463  137.7558   33.27400   -0.02126
  4.4750   39.77021  189.67200   33.1720  137.7596   32.98300   -0.01927
  4.4833   40.02696  189.69127   33.1974  137.7634   32.69600   -0.02304
  4.4917   40.28393  189.71082   33.2227  137.7672   32.40200   -0.02045
  4.5000   40.54111  189.73064   33.2477  137.7709   32.14600   -0.01527
  4.5083   40.79851  189.75075   33.2726  137.7746   31.87600   -0.00734
  4.5167   41.05611  189.77113   33.2973  137.7782   31.60200   -0.00163
  4.5250   41.31393  189.79179   33.3217  137.7818   31.34600    0.00047
  4.5333   41.57195  189.81274   33.3460  137.7854   31.07000   -0.00163
  4.5417   41.83018  189.83395   33.3700  137.7890   30.78700   -0.01785
  4.5500   42.08860  189.85544   33.3939  137.7925   30.47700   -0.03501
  4.5583   42.34724  189.87720   33.4176  137.7960   30.20300   -0.05055
  4.5667   42.60607  189.89923   33.4411  137.7995   29.93400   -0.05013
  4.5750   42.86509  189.92152   33.4645  137.8029   29.69900   -0.05086
  4.5833   43.12431  189.94411   33.4876  137.8063   29.42700   -0.04896
  4.5917   43.38373  189.96693   33.5106  137.8097   29.17500   -0.04543
  4.6000   43.64333  189.99002   33.5334  137.8130   28.95300   -0.03455
  4.6083   43.90313  190.01338   33.5560  137.8164   28.71900   -0.02175
  4.6167   44.16311  190.03700   33.5785  137.8197   28.48200   -0.01319
  4.6250   44.42327  190.06088   33.6008  137.8230   28.25000   -0.01595
  4.6333   44.68362  190.08504   33.6229  137.8262   27.98000   -0.01857
  4.6417   44.94414  190.10944   33.6449  137.8295   27.75500   -0.02644
  4.6500   45.20485  190.13408   33.6667  137.8327   27.51300   -0.02889
  4.6583   45.46573  190.15900   33.6883  137.8359   27.27400   -0.03355
  4.6667   45.72678  190.18414   33.7098  137.8391   27.04900   -0.03399
  4.6750   45.98801  190.20956   33.7312  137.8422   26.83200   -0.02944
  4.6833   46.24940  190.23523   33.7524  137.8453   26.61900   -0.02853
  4.6917   46.51096  190.26114   33.7734  137.8484   26.38400   -0.02881
  4.7000   46.77269  190.28729   33.7943  137.8515   26.16600   -0.03004
  4.7083   47.03458  190.31371   33.8151  137.8546   25.95400   -0.02995
  4.7167   47.29663  190.34035   33.8357  137.8577   25.73300   -0.02899
  4.7250   47.55883  190.36723   33.8561  137.8607   25.52700   -0.02309
  4.7333   47.82120  190.39436   33.8765  137.8637   25.34300   -0.01806
  4.7417   48.08371  190.42172   33.8967  137.8668   25.12500   -0.01517
  4.7500   48.34638  190.44933   33.9167  137.8698   24.91800   -0.01993
  4.7583   48.60920  190.47716   33.9366  137.8727   24.71100   -0.02276
  4.7667   48.87216  190.50523   33.9564  137.8757   24.50600   -0.02782
  4.7750   49.13527  190.53352   33.9761  137.8786   24.29600   -0.03193
  4.7833   49.39852  190.56206   33.9956  137.8816   24.09900   -0.02732
  4.7917   49.66191  190.59081   34.0150  137.8845   23.93300   -0.02194
  4.8000   49.92544  190.61980   34.0343  137.8874   23.73200   -0.01998
  4.8083   50.18910  190.64899   34.0535  137.8903   23.52600   -0.02064
  4.8167   50.45290  190.67842   34.0725  137.8932   23.35300   -0.01807
  4.8250   50.71682  190.70805   34.0914  137.8961   23.16700   -0.01354
  4.8333   50.98087  190.73792   34.1102  137.8989   22.97400   -0.01064
  4.8417   51.24505  190.76801   34.1289  137.9018   22.80100   -0.01097
  4.8500   51.50935  190.79829   34.1475  137.9046   22.60700   -0.00882
  4.8583   51.77378  190.82878   34.1659  137.9075   22.42600   -0.01077
  4.8667   52.03832  190.85950   34.1843  137.9103   22.24100   -0.00643
  4.8750   52.30297  190.89040   34.2025  137.9131   22.07300   -0.00968
  4.8833   52.56775  190.92152   34.2206  137.9159   21.86600   -0.01176
  4.8917   52.83263  190.95284   34.2386  137.9187   21.68700   -0.01488
  4.9000   53.09762  190.98434   34.2565  137.9215   21.51700   -0.00292
  4.9083   53.36271  191.01607   34.2743  137.9243   21.36600    0.00490
  4.9167   53.62791  191.04797   34.2920  137.9271   21.17300    0.00567
  4.9250   53.89321  191.08006   34.3096  137.9299   20.97700   -0.00244
  4.9333   54.15861  191.11235   34.3271  137.9327   20.79600   -0.00535
  4.9417   54.42411  191.14482   34.3445  137.9354   20.62400   -0.00261
  4.9500   54.68970  191.17747   34.3618  137.9382   20.45400   -0.00076
  4.9583   54.95538  191.21031   34.3790  137.9410   20.27300   -0.00569
  4.9667   55.22115  191.24332   34.3961  137.9437   20.08100   -0.01264
  4.9750   55.48700  191.27650   34.4131  137.9465   19.90800   -0.02198
  4.9833   55.75294  191.30986   34.4300  137.9492   19.72200   -0.02438
  4.9917   56.01896  191.34338   34.4468  137.9520   19.55500   -0.03492
  5.0000   56.28506  191.37708   34.4635  137.9547   19.35300   -0.03542
  5.0083   56.55124  191.41092   34.4802  137.9575   19.20400   -0.03450
  5.0167   56.81748  191.44493   34.4967  137.9602   19.04600   -0.01958
  5.0250   57.08380  191.47910   34.5132  137.9629   18.89800   -0.01042
  5.0333   57.35019  191.51341   34.5295  137.9657   18.73200   -0.00349
  5.0417   57.61664  191.54787   34.5458  137.9684   18.56900    0.00315
  5.0500   57.88316  191.58247   34.5620  137.9712   18.42200    0.00458
  5.0583   58.14973  191.61720   34.5781  137.9739   18.24100    0.00317
  5.0667   58.41637  191.65208   34.5942  137.9766   18.07100   -0.00468
  5.0750   58.68306  191.68710   34.6101  137.9794   17.90500   -0.01360
  5.0833   58.94980  191.72224   34.6260  137.9821   17.72500   -0.01735
  5.0917   59.21659  191.75751   34.6418  137.9849   17.57700   -0.01169
  5.1000   59.48343  191.79288   34.6575  137.9876   17.44600   -0.00528
  5.1083   59.75032  191.82838   34.6731  137.9904   17.26900   -0.00249
  5.1167   60.01724  191.86398   34.6887  137.9931   17.11000   -0.01033
  5.1250   60.28421  191.89969   34.7042  137.9959   16.94400   -0.01380
  5.1333   60.55121  191.93549   34.7196  137.9986   16.78500   -0.02178
  5.1417   60.81825  191.97139   34.7349  138.0014   16.61400   -0.02177
  5.1500   61.08532  192.00739   34.7501  138.0041   16.48000   -0.02457
  5.1583   61.35242  192.04346   34.7653  138.0069   16.31700   -0.02138
  5.1667   61.61954  192.07961   34.7804  138.0097   16.17200   -0.02495
  5.1750   61.88669  192.11581   34.7955  138.0124   16.02100   -0.02576
  5.1833   62.15386  192.15210   34.8105  138.0152   15.87100   -0.02724
  5.1917   62.42105  192.18845   34.8254  138.0180   15.72900   -0.03319
  5.2000   62.68825  192.22484   34.8402  138.0208   15.56900   -0.03186
  5.2083   62.95547  192.26128   34.8550  138.0236   15.45200   -0.03608
  5.2167   63.22269  192.29776   34.8697  138.0264   15.30000   -0.03662
  5.2250   63.48993  192.33427   34.8843  138.0292   15.16200   -0.04098
  5.2333   63.75716  192.37080   34.8989  138.0320   15.04000   -0.04628
  5.2417   64.02440  192.40736   34.9134  138.0349   14.89300   -0.04663
  5.2500   64.29164  192.44392   34.9278  138.0377   14.77800   -0.05067
  5.2583   64.55888  192.48048   34.9422  138.0405   14.65100   -0.04644
  5.2667   64.82611  192.51701   34.9566  138.0434   14.53700   -0.04327
  5.2750   65.09333  192.55354   34.9708  138.0462   14.42300   -0.03636
  5.2833   65.36055  192.59006   34.9850  138.0491   14.31300   -0.02543
  5.2917   65.62774  192.62653   34.9992  138.0520   14.21500   -0.01290
  5.3000   65.89492  192.66293   35.0132  138.0549   14.11100   -0.00396
  5.3083   66.16208  192.69930   35.0273  138.0578   13.99500    0.00379
  5.3167   66.42922  192.73557   35.0412  138.0607   13.90000    0.00858
  5.3250   66.69633  192.77177   35.0551  138.0636   13.79400    0.00934
  5.3333   66.96342  192.80789   35.0690  138.0665   13.67200    0.00366
  5.3417   67.23048  192.84389   35.0828  138.0694   13.56400   -0.01074
  5.3500   67.49750  192.87978   35.0965  138.0724   13.43600   -0.02778
  5.3583   67.76448  192.91553   35.1102  138.0753   13.31200   -0.04778
  5.3667   68.03143  192.95114   35.1238  138.0783   13.20000   -0.05996
  5.3750   68.29834  192.98659   35.1374  138.0813   13.10100   -0.06061
  5.3833   68.56520  193.02185   35.1510  138.0842   13.01600   -0.05662
  5.3917   68.83202  193.05692   35.1644  138.0872   12.92100   -0.04794
  5.4000   69.09878  193.09178   35.1779  138.0903   12.84000   -0.03634
  5.4083   69.36550  193.12640   35.1912  138.0933   12.76700   -0.02314
  5.4167   69.63216  193.16080   35.2046  138.0963   12.68100   -0.01114
  5.4250   69.89876  193.19492   35.2178  138.0994   12.60000    0.00086
  5.4333   70.16530  193.22874   35.2311  138.1024   12.53200    0.01089
  5.4417   70.43178  193.26225   35.2442  138.1055   12.44500    0.01375
  5.4500   70.69820  193.29544   35.2574  138.1086   12.34700    0.00824
  5.4583   70.96454  193.32828   35.2705  138.1117   12.25700    0.00122
  5.4667   71.23081  193.36072   35.2835  138.1148   12.16700    0.00023
  5.4750   71.49701  193.39275   35.2965  138.1180   12.09000   -0.00346
  5.4833   71.76314  193.42435   35.3094  138.1211   11.99300   -0.00198
  5.4917   72.02918  193.45549   35.3223  138.1243   11.92100   -0.00567
  5.5000   72.29514  193.48613   35.3352  138.1274   11.82800   -0.00885
  5.5083   72.56102  193.51624   35.3480  138.1306   11.73300   -0.01147
  5.5167   72.82681  193.54578   35.3608  138.1338   11.66300   -0.01325
  5.5250   73.09251  193.57471   35.3735  138.1371   11.57400   -0.01444
  5.5333   73.35811  193.60301   35.3862  138.1403   11.48300   -0.02038
  5.5417   73.62362  193.63062   35.3988  138.1436   11.40000   -0.02024
  5.5500   73.88904  193.65752   35.4114  138.1469   11.33100   -0.01673
  5.5583   74.15435  193.68362   35.4240  138.1501   11.25100   -0.00928
  5.5667   74.41955  193.70892   35.4365  138.1534   11.18300   -0.00839
  5.5750   74.68466  193.73334   35.4490  138.1568   11.09600   -0.00805
  5.5833   74.94965  193.75682   35.4614  138.1601   11.01800   -0.00811
  5.5917   75.21453  193.77931   35.4739  138.1635   10.95200   -0.00286
  5.6000   75.47929  193.80075   35.4862  138.1668   10.88600    0.00024
  5.6083   75.74394  193.82108   35.4985  138.1702   10.80600   -0.00769
  5.6167   76.00847  193.84018   35.5108  138.1736   10.71100   -0.02330
  5.6250   76.27287  193.85803   35.5231  138.1771   10.62700   -0.03665
  5.6333   76.53715  193.87453   35.5353  138.1805   10.55900   -0.03961
  5.6417   76.80130  193.88956   35.5475  138.1840   10.50000   -0.03999
  5.6500   77.06532  193.90305   35.5596  138.1875   10.42700   -0.03882
  5.6583   77.32920  193.91490   35.5717  138.1910   10.36700   -0.04098
  5.6667   77.59295  193.92499   35.5838  138.1945   10.30200   -0.03558
  5.6750   77.85656  193.93320   35.5958  138.1980   10.25600   -0.02922
  5.6833   78.12003  193.93941   35.6078  138.2016   10.20200   -0.01990
  5.6917   78.38335  193.94344   35.6198  138.2052   10.14800   -0.01248
  5.7000   78.64652  193.94518   35.6317  138.2088   10.10000   -0.00424
  5.7083   78.90955  193.94444   35.6436  138.2124   10.05300    0.00029
  5.7167   79.17242  193.94107   35.6555  138.2160    9.99100    0.00373
  5.7250   79.43513  193.93484   35.6674  138.2197    9.94100    0.00176
  5.7333   79.69769  193.92554   35.6792  138.2234    9.87900    0.00610
  5.7417   79.96008  193.91295   35.6909  138.2271    9.83900    0.00739
  5.7500   80.22231  193.89679   35.7027  138.2308    9.78200    0.01148
  5.7583   80.48437  193.87680   35.7144  138.2346    9.72800    0.00825
  5.7667   80.74625  193.85265   35.7261  138.2383    9.66500    0.00742
  5.7750   81.00797  193.82401   35.7377  138.2421    9.61400    0.00467
  5.7833   81.26950  193.79047   35.7494  138.2459    9.55500   -0.00129
  5.7917   81.53086  193.75163   35.7610  138.2497    9.48200   -0.00808
  5.8000   81.79203  193.70705   35.7725  138.2536    9.42900   -0.01057
  5.8083   82.05301  193.65613   35.7841  138.2574    9.38300   -0.00275
  5.8167   82.31380  193.59834   35.7956  138.2613    9.34300   -0.00026
  5.8250   82.57440  193.53300   35.8071  138.2652    9.27500   -0.00714
  5.8333   82.83480  193.45937   35.8186  138.2691    9.20200   -0.01346
  5.8417   83.09499  193.37660   35.8300  138.2730    9.16400   -0.02027
  5.8500   83.35497  193.28374   35.8414  138.2770    9.09600   -0.01444
  5.8583   83.61475  193.17970   35.8528  138.2810    9.06200   -0.01396
  5.8667   83.87430  193.06325   35.8642  138.2849    9.00900   -0.01169
  5.8750   84.13363  192.93294   35.8755  138.2889    8.94900   -0.01496
  5.8833   84.39274  192.78711   35.8868  138.2930    8.90200   -0.01284
  5.8917   84.65160  192.62384   35.8981  138.2970    8.86900   -0.00907
  5.9000   84.91022  192.44089   35.9094  138.3010    8.81900   -0.01009
  5.9083   85.16859  192.23558   35.9207  138.3051    8.76800   -0.01917
  5.9167   85.42669  192.00479   35.9319  138.3091    8.72400   -0.03203
  5.9250   85.68451  191.74478   35.9431  138.3132    8.67200   -0.04884
  5.9333   85.94204  191.45103   35.9544  138.3172    8.61600   -0.06734
  5.9417   86.19926  191.11810   35.9656  138.3213    8.57300   -0.08338
  5.9500   86.45614  190.73930   35.9767  138.3253    8.53900   -0.09513
  5.9583   86.71266  190.30634   35.9879  138.3293    8.50100   -0.09994
  5.9667   86.96877  189.80885   35.9991  138.3333    8.47200   -0.07990
  5.9750   87.22443  189.23370   36.0102  138.3373    8.49600   -0.02480
  5.9833   87.47955  188.56395   36.0214  138.3412    8.54500    0.04340
  5.9917   87.73403  187.77750   36.0325  138.3450    8.54300    0.09144
  6.0000   87.98772  186.84486   36.0436  138.3487    8.49500    0.12667
  6.0083   88.24037  185.72604   36.0547  138.3523    8.49600    0.17291
  6.0167   88.49156  184.36540   36.0658  138.3557    8.51800    0.24550
  6.0250   88.74058  182.68344   36.0769  138.3588    8.54100    0.28923
  6.0333   88.98599  180.56323   36.0879  138.3615    8.44600    0.25421
  6.0417   89.22458  177.82700   36.0987  138.3637    8.22700    0.16367
  6.0500   89.44780  174.19434   36.1088  138.3652    8.08500    0.06552
  6.0583   89.62742  169.20776   36.1170  138.3659    7.96900    0.00572
  6.0667   89.67974  162.10478   36.1198  138.3675    7.86000   -0.04868
  6.0750   89.55750  151.65424   36.1160  138.3737    7.72300   -0.08810
  6.0833   89.35335  136.26878   36.1125  138.3869    7.64200   -0.12389
  6.0917   89.12294  115.60217   36.1165  138.4061    7.53600   -0.15081
  6.1000   88.88257   93.53233   36.1304  138.4241    7.41900   -0.17835
  6.1083   88.63764   75.53931   36.1488  138.4355    7.33100   -0.17148
  6.1167   88.39036   62.99088   36.1664  138.4420    7.33200   -0.12620
  6.1250   88.14177   54.52324   36.1820  138.4464    7.34700   -0.06700
  6.1333   87.89243   48.67735   36.1961  138.4503    7.32200   -0.02814
  6.1417   87.64266   44.49139   36.2091  138.4542    7.28000   -0.02309
  6.1500   87.39266   41.38610   36.2215  138.4582    7.20500   -0.03830
  6.1583   87.14257   39.01107   36.2334  138.4624    7.13200   -0.06086
  6.1667   86.89248   37.14767   36.2450  138.4668    7.08100   -0.07211
  6.1750   86.64244   35.65451   36.2563  138.4713    7.05500   -0.05511
  6.1833   86.39251   34.43692   36.2674  138.4760    7.08100   -0.01881
  6.1917   86.14271   33.42947   36.2784  138.4808    7.10200    0.01773
  6.2000   85.89308   32.58568   36.2893  138.4857    7.08200    0.02870
  6.2083   85.64364   31.87168   36.3001  138.4906    7.02800    0.01512
  6.2167   85.39440   31.26229   36.3108  138.4957    6.96700   -0.00145
  6.2250   85.14538   30.73837   36.3215  138.5009    6.93300   -0.00839
  6.2333   84.89658   30.28518   36.3321  138.5061    6.91000   -0.00381
  6.2417   84.64802   29.89116   36.3426  138.5114    6.88900    0.01342
  6.2500   84.39971   29.54715   36.3532  138.5167    6.89500    0.03282
  6.2583   84.15165   29.24576   36.3636  138.5221    6.87400    0.05333
  6.2667   83.90384   28.98100   36.3741  138.5276    6.84400    0.06008
  6.2750   83.65630   28.74795   36.3845  138.5331    6.79000    0.06397
  6.2833   83.40903   28.54255   36.3948  138.5387    6.74200    0.06163
  6.2917   83.16203   28.36138   36.4052  138.5444    6.68000    0.06655
  6.3000   82.91531   28.20159   36.4155  138.5500    6.64300    0.08768
  6.3083   82.66887   28.06075   36.4258  138.5558    6.63900    0.11491
  6.3167   82.42271   27.93678   36.4360  138.5616    6.59100    0.11859
  6.3250   82.17684   27.82792   36.4463  138.5674    6.48000    0.09854
  6.3333   81.93125   27.73263   36.4565  138.5733    6.40200    0.06363
  6.3417   81.68596   27.64958   36.4667  138.5792    6.30500    0.01588
  6.3500   81.44097   27.57761   36.4769  138.5852    6.14800   -0.02690
  6.3583   81.19627   27.51572   36.4870  138.5912    6.07900   -0.06302
  6.3667   80.95186   27.46299   36.4972  138.5973    6.00200   -0.07694
  6.3750   80.70777   27.41866   36.5073  138.6034    5.91900   -0.09766
  6.3833   80.46397   27.38202   36.5174  138.6096    5.83500   -0.10401
  6.3917   80.22048   27.35245   36.5274  138.6158    5.79900   -0.08446
  6.4000   79.97730   27.32940   36.5375  138.6221    5.78600   -0.04609
  6.4083   79.73442   27.31237   36.5475  138.6284    5.75500   -0.01897
  6.4167   79.49186   27.30093   36.5576  138.6347    5.68800   -0.01662
  6.4250   79.24961   27.29466   36.5676  138.6411    5.60800   -0.03104
  6.4333   79.00767   27.29320   36.5776  138.6476    5.53800   -0.02068
  6.4417   78.76605   27.29624   36.5875  138.6541    5.55500    0.01989
  6.4500   78.52475   27.30348   36.5975  138.6606    5.57300    0.05782
  6.4583   78.28377   27.31463   36.6074  138.6672    5.49900    0.05597
  6.4667   78.04310   27.32947   36.6174  138.6738    5.40300    0.01826
  6.4750   77.80276   27.34776   36.6273  138.6805    5.31900   -0.01806
  6.4833   77.56275   27.36931   36.6372  138.6873    5.25300   -0.03207
  6.4917   77.32306   27.39391   36.6471  138.6940    5.22500   -0.02928
  6.5000   77.08369   27.42140   36.6569  138.7009    5.19200   -0.01827
  6.5083   76.84465   27.45163   36.6668  138.7077    5.15100   -0.02716
  6.5167   76.60595   27.48443   36.6766  138.7147    5.06300   -0.04529
  6.5250   76.36757   27.51969   36.6864  138.7216    4.99700   -0.04701
  6.5333   76.12952   27.55727   36.6963  138.7287    4.99600   -0.02140
  6.5417   75.89181   27.59705   36.7060  138.7357    4.98000    0.01472
  6.5500   75.65443   27.63894   36.7158  138.7428    4.94100    0.05003
  6.5583   75.41739   27.68283   36.7256  138.7500    4.93800    0.07658
  6.5667   75.18068   27.72862   36.7353  138.7572    4.89600    0.09250
  6.5750   74.94431   27.77624   36.7451  138.7645    4.82100    0.08960
  6.5833   74.70828   27.82560   36.7548  138.7718    4.75500    0.08443
  6.5917   74.47259   27.87662   36.7645  138.7792    4.70000    0.07222
  6.6000   74.23724   27.92924   36.7742  138.7866    4.60200    0.05579
  6.6083   74.00223   27.98339   36.7839  138.7941    4.52200    0.02832
  6.6167   73.76757   28.03901   36.7936  138.8016    4.42900    0.00664
  6.6250   73.53325   28.09604   36.8032  138.8091    4.34400   -0.00998
  6.6333   73.29927   28.15442   36.8129  138.8168    4.27400   -0.01964
  6.6417   73.06564   28.21412   36.8225  138.8244    4.19900   -0.03153
  6.6500   72.83236   28.27507   36.8321  138.8322    4.10400   -0.03668
  6.6583   72.59943   28.33723   36.8418  138.8399    4.05500   -0.04217
  6.6667   72.36684   28.40056   36.8513  138.8478    3.98400   -0.03918
  6.6750   72.13461   28.46503   36.8609  138.8557    3.92100   -0.04655
  6.6833   71.90272   28.53059   36.8705  138.8636    3.84400   -0.05757
  6.6917   71.67119   28.59720   36.8801  138.8716    3.76200   -0.05363
  6.7000   71.44000   28.66484   36.8896  138.8796    3.74500   -0.04543
  6.7083   71.20918   28.73347   36.8991  138.8877    3.68200   -0.02693
  6.7167   70.97870   28.80306   36.9087  138.8959    3.63500   -0.01337
  6.7250   70.74858   28.87359   36.9182  138.9041    3.60500    0.00648
  6.7333   70.51882   28.94502   36.9277  138.9124    3.56200    0.03795
  6.7417   70.28941   29.01733   36.9372  138.9207    3.54900    0.06848
  6.7500   70.06036   29.09049   36.9466  138.9290    3.51300    0.08717
  6.7583   69.83166   29.16449   36.9561  138.9375    3.42800    0.07872
  6.7667   69.60333   29.23930   36.9655  138.9460    3.32600    0.04958
  6.7750   69.37535   29.31490   36.9750  138.9545    3.22400    0.03301
  6.7833   69.14773   29.39126   36.9844  138.9631    3.18000    0.02975
  6.7917   68.92048   29.46838   36.9938  138.9718    3.12500    0.03028
  6.8000   68.69358   29.54623   37.0032  138.9805    3.04100    0.01079
  6.8083   68.46704   29.62479   37.0126  138.9893    2.94000   -0.02103
  6.8167   68.24087   29.70405   37.0220  138.9981    2.85000   -0.05355
  6.8250   68.01506   29.78400   37.0314  139.0070    2.76400   -0.08408
  6.8333   67.78962   29.86461   37.0407  139.0159    2.66800   -0.11317
  6.8417   67.56453   29.94587   37.0501  139.0249    2.58300   -0.13034
  6.8500   67.33981   30.02777   37.0594  139.0340    2.54000   -0.12827
  6.8583   67.11546   30.11030   37.0687  139.0432    2.51500   -0.10300
  6.8667   66.89147   30.19344   37.0780  139.0523    2.51000   -0.05959
  6.8750   66.66785   30.27718   37.0873  139.0616    2.52500   -0.01205
  6.8833   66.44459   30.36151   37.0966  139.0709    2.50900    0.02886
  6.8917   66.22170   30.44641   37.1059  139.0803    2.47900    0.05664
  6.9000   65.99918   30.53189   37.1152  139.0897    2.44900    0.07406
  6.9083   65.77703   30.61792   37.1244  139.0992    2.39600    0.08868
  6.9167   65.55524   30.70450   37.1337  139.1088    2.35700    0.09922
  6.9250   65.33382   30.79162   37.1429  139.1184    2.31900    0.11165
  6.9333   65.11277   30.87926   37.1521  139.1281    2.28000    0.11046
  6.9417   64.89209   30.96743   37.1613  139.1378    2.20400    0.08812
  6.9500   64.67178   31.05611   37.1705  139.1477    2.10100    0.04777
  6.9583   64.45183   31.14529   37.1797  139.1575    2.00500   -0.00441
  6.9667   64.23226   31.23496   37.1889  139.1675    1.88900   -0.05926
  6.9750   64.01306   31.32512   37.1981  139.1775    1.77500   -0.11912
  6.9833   63.79423   31.41577   37.2072  139.1876    1.66000   -0.15656
  6.9917   63.57577   31.50689   37.2164  139.1977    1.61600   -0.16197
  7.0000   63.35768   31.59847   37.2255  139.2079    1.60600   -0.13905
  7.0083   63.13996   31.69052   37.2346  139.2182    1.58300   -0.09567
  7.0167   62.92261   31.78302   37.2437  139.2286    1.60500   -0.04560
  7.0250   62.70563   31.87597   37.2528  139.2390    1.61700    0.00956
  7.0333   62.48903   31.96936   37.2619  139.2495    1.61400    0.04841
  7.0417   62.27280   32.06318   37.2710  139.2600    1.58700    0.07161
  7.0500   62.05694   32.15744   37.2800  139.2706    1.55500    0.07656
  7.0583   61.84145   32.25213   37.2891  139.2813    1.50300    0.06784
  7.0667   61.62634   32.34723   37.2981  139.2921    1.44500    0.05165
  7.0750   61.41159   32.44275   37.3072  139.3029    1.40000    0.03013
  7.0833   61.19722   32.53869   37.3162  139.3138    1.33600    0.00997
  7.0917   60.98323   32.63502   37.3252  139.3248    1.28500   -0.01158
  7.1000   60.76960   32.73177   37.3342  139.3358    1.23200   -0.03150
  7.1083   60.55635   32.82890   37.3432  139.3469    1.16500   -0.05045
  7.1167   60.34347   32.92644   37.3521  139.3581    1.10200   -0.05971
  7.1250   60.13097   33.02436   37.3611  139.3693    1.06900   -0.04932
  7.1333   59.91883   33.12267   37.3700  139.3807    1.06500   -0.02979
  7.1417   59.70707   33.22136   37.3790  139.3921    1.04000   -0.00753
  7.1500   59.49569   33.32042   37.3879  139.4035    1.02900    0.00773
  7.1583   59.28467   33.41986   37.3968  139.4151    1.01300    0.02784
  7.1667   59.07403   33.51968   37.4057  139.4267    1.01400    0.03395
  7.1750   58.86376   33.61986   37.4146  139.4384    0.96000    0.01690
  7.1833   58.65387   33.72040   37.4235  139.4502    0.86700   -0.03240
  7.1917   58.44435   33.82130   37.4323  139.4621    0.75900   -0.08450
  7.2000   58.23520   33.92257   37.4412  139.4740    0.70000   -0.10243
  7.2083   58.02642   34.02418   37.4500  139.4860    0.73100   -0.07782
  7.2167   57.81801   34.12615   37.4589  139.4981    0.77400   -0.03110
  7.2250   57.60998   34.22847   37.4677  139.5102    0.79400    0.00748
  7.2333   57.40232   34.33114   37.4765  139.5225    0.79800    0.02848
  7.2417   57.19503   34.43414   37.4853  139.5348    0.78100    0.02876
  7.2500   56.98811   34.53749   37.4941  139.5472    0.72800    0.01494
  7.2583   56.78157   34.64118   37.5028  139.5597    0.68300   -0.00139
  7.2667   56.57539   34.74520   37.5116  139.5722    0.66200   -0.00986
  7.2750   56.36959   34.84955   37.5203  139.5849    0.64700   -0.01142
  7.2833   56.16416   34.95424   37.5291  139.5976    0.63600   -0.01015
  7.2917   55.95910   35.05925   37.5378  139.6104    0.62600   -0.00550
  7.3000   55.75441   35.16459   37.5465  139.6233    0.61500    0.00442
  7.3083   55.55009   35.27026   37.5552  139.6363    0.61100    0.01408
  7.3167   55.34614   35.37624   37.5638  139.6493    0.59200    0.02272
  7.3250   55.14256   35.48255   37.5725  139.6624    0.57600    0.02414
  7.3333   54.93935   35.58917   37.5812  139.6757    0.55300    0.02450
  7.3417   54.73651   35.69611   37.5898  139.6890    0.54100    0.02124
  7.3500   54.53403   35.80336   37.5984  139.7024    0.52100    0.01106
  7.3583   54.33193   35.91093   37.6071  139.7159    0.47700   -0.01073
  7.3667   54.13020   36.01880   37.6157  139.7294    0.42400   -0.03808
  7.3750   53.92883   36.12698   37.6242  139.7431    0.38400   -0.06430
  7.3833   53.72783   36.23547   37.6328  139.7568    0.34600   -0.07928
  7.3917   53.52720   36.34426   37.6414  139.7706    0.33500   -0.07546
  7.4000   53.32693   36.45336   37.6499  139.7845    0.36300   -0.04822
  7.4083   53.12703   36.56275   37.6585  139.7985    0.40700   -0.01198
  7.4167   52.92750   36.67245   37.6670  139.8126    0.42500    0.01459
  7.4250   52.72833   36.78244   37.6755  139.8268    0.41500    0.02535
  7.4333   52.52953   36.89273   37.6840  139.8411    0.40200    0.02880
  7.4417   52.33109   37.00331   37.6925  139.8554    0.39800    0.03015
  7.4500   52.13302   37.11418   37.7009  139.8699    0.38900    0.03983
  7.4583   51.93531   37.22535   37.7094  139.8845    0.41400    0.04702
  7.4667   51.73797   37.33681   37.7178  139.8991    0.40300    0.04369
  7.4750   51.54099   37.44855   37.7262  139.9138    0.35000    0.02449
  7.4833   51.34437   37.56058   37.7346  139.9287    0.30600   -0.00042
  7.4917   51.14811   37.67290   37.7430  139.9436    0.26200   -0.01467
  7.5000   50.95222   37.78550   37.7514  139.9586    0.24000   -0.01027
  7.5083   50.75668   37.89839   37.7598  139.9737    0.26400    0.00777
  7.5167   50.56151   38.01156   37.7681  139.9889    0.27600    0.03344
  7.5250   50.36670   38.12500   37.7765  140.0042    0.28900    0.04484
  7.5333   50.17224   38.23873   37.7848  140.0197    0.26200    0.03327
  7.5417   49.97815   38.35273   37.7931  140.0352    0.18400   -0.00082
  7.5500   49.78441   38.46701   37.8014  140.0508    0.10600   -0.04025
  7.5583   49.59104   38.58157   37.8096  140.0665    0.05500   -0.06621
  7.5667   49.39802   38.69640   37.8179  140.0823    0.03000   -0.07246
  7.5750   49.20535   38.81150   37.8261  140.0982    0.03400   -0.05703
  7.5833   49.01305   38.92688   37.8343  140.1142    0.07400   -0.02732
  7.5917   48.82110   39.04253   37.8425  140.1303    0.11100    0.00218
  7.6000   48.62950   39.15844   37.8507  140.1465    0.11900    0.01476
  7.6083   48.43826   39.27463   37.8589  140.1628    0.09600    0.00852
  7.6167   48.24737   39.39108   37.8671  140.1792    0.06400   -0.01200
  7.6250   48.05684   39.50779   37.8752  140.1958    0.02500   -0.03618
  7.6333   47.86666   39.62478   37.8833  140.2124    0.00000   -0.05550
  7.6417   47.67683   39.74203   37.8914  140.2291    0.00000   -0.06317
  7.6500   47.48735   39.85954   37.8995  140.2460    0.01600   -0.05977
  7.6583   47.29822   39.97731   37.9076  140.2629    0.04100   -0.04555
  7.6667   47.10944   40.09534   37.9156  140.2800    0.08600   -0.02981
  7.6750   46.92102   40.21364   37.9237  140.2971    0.11000   -0.01694
  7.6833   46.73294   40.33219   37.9317  140.3144    0.12600   -0.00943
  7.6917   46.54521   40.45100   37.9397  140.3318    0.15500   -0.00258
  7.7000   46.35782   40.57007   37.9477  140.3493    0.18200   -0.00061
  7.7083   46.17079   40.68940   37.9556  140.3669    0.18400   -0.00201
  7.7167   45.98409   40.80898   37.9636  140.3846    0.20400   -0.00879
  7.7250   45.79775   40.92881   37.9715  140.4024    0.21400   -0.01157
  7.7333   45.61175   41.04890   37.9794  140.4204    0.23800   -0.01360
  7.7417   45.42609   41.16925   37.9873  140.4384    0.26800   -0.00492
  7.7500   45.24077   41.28984   37.9952  140.4566    0.32700    0.00587
  7.7583   45.05580   41.41069   38.0030  140.4749    0.36200    0.01537
  7.7667   44.87117   41.53178   38.0109  140.4933    0.38500    0.01112
  7.7750   44.68688   41.65312   38.0187  140.5118    0.38400   -0.00426
  7.7833   44.50293   41.77472   38.0265  140.5305    0.36900   -0.02326
  7.7917   44.31932   41.89656   38.0342  140.5492    0.37400   -0.03395
  7.8000   44.13605   42.01865   38.0420  140.5681    0.40700   -0.02556
  7.8083   43.95311   42.14098   38.0497  140.5871    0.47500   -0.00182
  7.8167   43.77051   42.26356   38.0574  140.6062    0.54900    0.02625
  7.8250   43.58825   42.38638   38.0651  140.6255    0.60200    0.04152
  7.8333   43.40632   42.50944   38.0728  140.6449    0.61200    0.03731
  7.8417   43.22473   42.63275   38.0804  140.6644    0.59600    0.02195
  7.8500   43.04347   42.75630   38.0881  140.6840    0.59200    0.00780
  7.8583   42.86255   42.88009   38.0957  140.7037    0.60000   -0.00204
  7.8667   42.68195   43.00413   38.1032  140.7236    0.60000   -0.00115
  7.8750   42.50169   43.12840   38.1108  140.7436    0.64600    0.01388
  7.8833   42.32176   43.25291   38.1183  140.7637    0.72100    0.03642
  7.8917   42.14216   43.37766   38.1258  140.7840    0.75600    0.04505
  7.9000   41.96288   43.50264   38.1333  140.8043    0.73900    0.03667
  7.9083   41.78393   43.62786   38.1408  140.8249    0.73000    0.01670
  7.9167   41.60531   43.75332   38.1482  140.8455    0.70500   -0.00839
  7.9250   41.42702   43.87901   38.1557  140.8663    0.66000   -0.03193
  7.9333   41.24905   44.00494   38.1631  140.8872    0.65900   -0.04597
  7.9417   41.07141   44.13110   38.1704  140.9082    0.67900   -0.03600
  7.9500   40.89409   44.25749   38.1778  140.9294    0.74400   -0.00920
  7.9583   40.71709   44.38412   38.1851  140.9507    0.82000    0.01684
  7.9667   40.54041   44.51097   38.1924  140.9722    0.83800    0.02771
  7.9750   40.36405   44.63806   38.1997  140.9938    0.83500    0.01180
  7.9833   40.18802   44.76538   38.2069  141.0155    0.79200   -0.01093
  7.9917   40.01230   44.89292   38.2141  141.0374    0.78000   -0.03456
  8.0000   39.83690   45.02070   38.2213  141.0594    0.77600   -0.04076
  8.0083   39.66181   45.14870   38.2285  141.0815    0.81900   -0.03851
  8.0167   39.48705   45.27693   38.2356  141.1038    0.85700   -0.02838
  8.0250   39.31259   45.40538   38.2428  141.1263    0.90400   -0.02155
  8.0333   39.13846   45.53407   38.2499  141.1488    0.94500   -0.01486
  8.0417   38.96463   45.66297   38.2569  141.1716    0.99000   -0.01417
  8.0500   38.79112   45.79210   38.2640  141.1944    1.01200   -0.02601
  8.0583   38.61792   45.92146   38.2710  141.2175    0.99700   -0.04654
  8.0667   38.44502   46.05103   38.2779  141.2406    1.00600   -0.06819
  8.0750   38.27244   46.18083   38.2849  141.2639    1.02800   -0.07197
  8.0833   38.10017   46.31085   38.2918  141.2874    1.10200   -0.06257
  8.0917   37.92820   46.44110   38.2987  141.3111    1.17800   -0.03153
  8.1000   37.75654   46.57156   38.3056  141.3348    1.30600    0.00771
  8.1083   37.58519   46.70224   38.3124  141.3588    1.42100    0.04299
  8.1167   37.41414   46.83314   38.3192  141.3829    1.48100    0.05462
  8.1250   37.24339   46.96426   38.3260  141.4071    1.49700    0.04659
  8.1333   37.07295   47.09559   38.3327  141.4315    1.51700    0.02673
  8.1417   36.90281   47.22715   38.3394  141.4561    1.52000    0.00827
  8.1500   36.73297   47.35892   38.3461  141.4808    1.54500    0.00068
  8.1583   36.56342   47.49090   38.3527  141.5057    1.62200    0.00407
  8.1667   36.39418   47.62310   38.3594  141.5307    1.68200    0.01739
  8.1750   36.22523   47.75551   38.3659  141.5559    1.75700    0.02448
  8.1833   36.05658   47.88814   38.3725  141.5813    1.79900    0.02758
  8.1917   35.88823   48.02098   38.3790  141.6068    1.82800    0.01506
  8.2000   35.72017   48.15403   38.3855  141.6325    1.81200   -0.00191
  8.2083   35.55240   48.28729   38.3919  141.6584    1.82100   -0.01924
  8.2167   35.38493   48.42077   38.3984  141.6844    1.84200   -0.02385
  8.2250   35.21774   48.55445   38.4047  141.7106    1.88700   -0.01463
  8.2333   35.05085   48.68835   38.4111  141.7370    1.96700    0.00792
  8.2417   34.88424   48.82245   38.4174  141.7636    2.05800    0.03345
  8.2500   34.71793   48.95676   38.4237  141.7903    2.12300    0.04391
  8.2583   34.55190   49.09128   38.4299  141.8172    2.12900    0.03947
  8.2667   34.38616   49.22600   38.4361  141.8443    2.14200    0.01490
  8.2750   34.22070   49.36093   38.4423  141.8716    2.10100   -0.01028
  8.2833   34.05552   49.49607   38.4484  141.8990    2.10100   -0.03309
  8.2917   33.89063   49.63141   38.4545  141.9266    2.12900   -0.04444
  8.3000   33.72602   49.76696   38.4605  141.9544    2.15300   -0.03983
  8.3083   33.56169   49.90271   38.4665  141.9824    2.24100   -0.02154
  8.3167   33.39764   50.03866   38.4725  142.0106    2.34000    0.00688
  8.3250   33.23387   50.17482   38.4784  142.0390    2.40800    0.02297
  8.3333   33.07038   50.31117   38.4843  142.0675    2.41900    0.01889
  8.3417   32.90716   50.44773   38.4902  142.0963    2.40400    0.00368
  8.3500   32.74422   50.58449   38.4960  142.1252    2.40600   -0.00864
  8.3583   32.58155   50.72144   38.5018  142.1543    2.43200   -0.00462
  8.3667   32.41916   50.85860   38.5075  142.1837    2.50500    0.01504
  8.3750   32.25704   50.99596   38.5132  142.2132    2.59800    0.04506
  8.3833   32.09518   51.13351   38.5188  142.2429    2.68800    0.06430
  8.3917   31.93360   51.27126   38.5244  142.2728    2.71000    0.06013
  8.4000   31.77229   51.40920   38.5300  142.3029    2.68100    0.02714
  8.4083   31.61124   51.54734   38.5355  142.3332    2.61300   -0.00847
  8.4167   31.45046   51.68568   38.5409  142.3637    2.61200   -0.04456
  8.4250   31.28995   51.82421   38.5464  142.3944    2.57600   -0.06136
  8.4333   31.12970   51.96293   38.5517  142.4254    2.60900   -0.06235
  8.4417   30.96971   52.10185   38.5571  142.4565    2.69500   -0.04039
  8.4500   30.80999   52.24096   38.5623  142.4879    2.78200   -0.00933
  8.4583   30.65052   52.38026   38.5676  142.5194    2.86300    0.01217
  8.4667   30.49132   52.51975   38.5728  142.5512    2.89300    0.02743
  8.4750   30.33237   52.65943   38.5779  142.5832    2.94000    0.02640
  8.4833   30.17369   52.79931   38.5830  142.6154    2.93200    0.01476
  8.4917   30.01525   52.93937   38.5880  142.6478    2.91300   -0.00254
  8.5000   29.85708   53.07962   38.5930  142.6805    2.94100   -0.01522
  8.5083   29.69915   53.22005   38.5979  142.7133    2.97100   -0.01563
  8.5167   29.54148   53.36068   38.6028  142.7464    3.02600   -0.00875
  8.5250   29.38407   53.50148   38.6076  142.7797    3.10000    0.00303
  8.5333   29.22690   53.64248   38.6124  142.8133    3.15400    0.00536
  8.5417   29.06998   53.78366   38.6171  142.8470    3.15200   -0.00295
  8.5500   28.91331   53.92502   38.6218  142.8811    3.15700   -0.01653
  8.5583   28.75689   54.06657   38.6264  142.9153    3.17500   -0.02158
  8.5667   28.60071   54.20830   38.6309  142.9498    3.21900   -0.01789
  8.5750   28.44478   54.35021   38.6354  142.9845    3.27900   -0.00906
  8.5833   28.28909   54.49231   38.6399  143.0194    3.33500   -0.00197
  8.5917   28.13365   54.63458   38.6442  143.0546    3.37700    0.01385
  8.6000   27.97845   54.77704   38.6486  143.0900    3.49000    0.01955
  8.6083   27.82348   54.91967   38.6528  143.1257    3.48900    0.02310
  8.6167   27.66876   55.06249   38.6570  143.1617    3.51300    0.00105
  8.6250   27.51427   55.20548   38.6612  143.1978    3.47700   -0.01342
  8.6333   27.36002   55.34865   38.6653  143.2343    3.51700   -0.02231
  8.6417   27.20601   55.49199   38.6693  143.2709    3.57600   -0.01523
  8.6500   27.05223   55.63551   38.6732  143.3079    3.63200   -0.00363
  8.6583   26.89868   55.77921   38.6771  143.3451    3.69800    0.00758
  8.6667   26.74537   55.92308   38.6809  143.3825    3.75300    0.02184
  8.6750   26.59229   56.06712   38.6847  143.4202    3.82500    0.02775
  8.6833   26.43943   56.21134   38.6884  143.4582    3.83500    0.02346
  8.6917   26.28681   56.35573   38.6920  143.4965    3.81900    0.01513
  8.7000   26.13441   56.50029   38.6956  143.5350    3.85200    0.01040
  8.7083   25.98224   56.64502   38.6991  143.5738    3.87500    0.01601
  8.7167   25.83029   56.78992   38.7025  143.6128    3.91600    0.02184
  8.7250   25.67857   56.93499   38.7058  143.6522    3.94900    0.03172
  8.7333   25.52707   57.08023   38.7091  143.6918    3.99500    0.04151
  8.7417   25.37579   57.22564   38.7123  143.7317    4.03500    0.05179
  8.7500   25.22474   57.37122   38.7154  143.7719    4.06800    0.05212
  8.7583   25.07390   57.51696   38.7185  143.8123    4.04600    0.03282
  8.7667   24.92328   57.66287   38.7215  143.8531    3.95600    0.00201
  8.7750   24.77287   57.80894   38.7244  143.8942    3.91300   -0.02933
  8.7833   24.62269   57.95518   38.7272  143.9355    3.88800   -0.04111
  8.7917   24.47271   58.10158   38.7299  143.9772    3.92100   -0.04226
  8.8000   24.32295   58.24814   38.7326  144.0191    3.94800   -0.02836
  8.8083   24.17340   58.39487   38.7352  144.0613    4.02000   -0.01011
  8.8167   24.02407   58.54176   38.7377  144.1039    4.08600   -0.00026
  8.8250   23.87494   58.68880   38.7401  144.1467    4.06200   -0.00511
  8.8333   23.72602   58.83601   38.7424  144.1899    4.03800   -0.02815
  8.8417   23.57731   58.98338   38.7447  144.2334    3.98300   -0.04226
  8.8500   23.42880   59.13090   38.7468  144.2771    4.01300   -0.04023
  8.8583   23.28050   59.27859   38.7489  144.3212    4.09400   -0.02400
  8.8667   23.13240   59.42643   38.7509  144.3657    4.13900   -0.00015
  8.8750   22.98451   59.57442   38.7528  144.4104    4.22500    0.02065
  8.8833   22.83681   59.72258   38.7546  144.4555    4.29400    0.04628
  8.8917   22.68932   59.87088   38.7563  144.5009    4.36800    0.05506
  8.9000   22.54202   60.01934   38.7579  144.5466    4.33900    0.04797
  8.9083   22.39493   60.16796   38.7594  144.5927    4.30100    0.02354
  8.9167   22.24803   60.31672   38.7609  144.6391    4.26000    0.00132
  8.9250   22.10132   60.46564   38.7622  144.6859    4.25300   -0.01716
  8.9333   21.95481   60.61471   38.7634  144.7330    4.24500   -0.02023
  8.9417   21.80849   60.76393   38.7645  144.7804    4.31300   -0.01586
  8.9500   21.66236   60.91329   38.7656  144.8282    4.36000   -0.00513
  8.9583   21.51643   61.06281   38.7665  144.8764    4.39500   -0.00395
  8.9667   21.37068   61.21247   38.7673  144.9249    4.39800   -0.01644
  8.9750   21.22512   61.36228   38.7680  144.9738    4.34900   -0.02830
  8.9833   21.07975   61.51224   38.7686  145.0230    4.38600   -0.04753
  8.9917   20.93457   61.66234   38.7691  145.0726    4.34400   -0.04901
  9.0000   20.78956   61.81259   38.7695  145.1226    4.41700   -0.04923
  9.0083   20.64475   61.96298   38.7698  145.1729    4.46900   -0.02494
  9.0167   20.50011   62.11351   38.7699  145.2236    4.59700   -0.00015
  9.0250   20.35565   62.26418   38.7700  145.2747    4.68300    0.02005
  9.0333   20.21138   62.41500   38.7699  145.3262    4.70800    0.02578
  9.0417   20.06728   62.56596   38.7697  145.3781    4.73700    0.02754
  9.0500   19.92336   62.71705   38.7694  145.4304    4.79200    0.02534
  9.0583   19.77962   62.86829   38.7689  145.4830    4.79300    0.02261
  9.0667   19.63605   63.01966   38.7684  145.5361    4.82600    0.00270
  9.0750   19.49265   63.17117   38.7677  145.5896    4.78300   -0.01249
  9.0833   19.34943   63.32282   38.7669  145.6434    4.83300   -0.02687
  9.0917   19.20638   63.47460   38.7659  145.6977    4.88700   -0.01935
  9.1000   19.06350   63.62652   38.7648  145.7524    4.99500   -0.01861
  9.1083   18.92079   63.77857   38.7636  145.8075    4.99100   -0.02480
  9.1167   18.77824   63.93076   38.7623  145.8631    4.99700   -0.04833
  9.1250   18.63586   64.08308   38.7608  145.9190    4.99600   -0.06863
  9.1333   18.49365   64.23552   38.7592  145.9754    5.03500   -0.07663
  9.1417   18.35160   64.38810   38.7574  146.0322    5.13500   -0.05824
  9.1500   18.20972   64.54081   38.7555  146.0895    5.32500   -0.03038
  9.1583   18.06799   64.69365   38.7534  146.1472    5.43400   -0.00510
  9.1667   17.92643   64.84662   38.7512  146.2053    5.52700   -0.00130
  9.1750   17.78503   64.99971   38.7488  146.2639    5.57100   -0.01454
  9.1833   17.64378   65.15293   38.7463  146.3230    5.56500   -0.01176
  9.1917   17.50269   65.30628   38.7437  146.3825    5.77400    0.01021
  9.2000   17.36176   65.45975   38.7408  146.4424    5.96100    0.04862
  9.2083   17.22098   65.61334   38.7379  146.5028    6.08200    0.04724
  9.2167   17.08035   65.76706   38.7347  146.5637    6.01100    0.03465
  9.2250   16.93988   65.92090   38.7314  146.6251    6.12600    0.00209
  9.2333   16.79956   66.07486   38.7279  146.6870    6.10100   -0.00150
  9.2417   16.65938   66.22894   38.7243  146.7493    6.24100   -0.00893
  9.2500   16.51936   66.38314   38.7204  146.8121    6.31900    0.00552
  9.2583   16.37948   66.53746   38.7164  146.8754    6.45900   -0.00555
  9.2667   16.23975   66.69189   38.7123  146.9393    6.41200   -0.01549
  9.2750   16.10017   66.84645   38.7079  147.0036    6.49500   -0.03142
  9.2833   15.96073   67.00112   38.7033  147.0684    6.57100   -0.03125
  9.2917   15.82143   67.15590   38.6986  147.1337    6.63200   -0.01609
  9.3000   15.68227   67.31080   38.6937  147.1995    6.83100    0.00230
  9.3083   15.54325   67.46582   38.6886  147.2659    6.93900    0.01915
  9.3167   15.40437   67.62094   38.6833  147.3328    6.99800    0.01938
  9.3250   15.26563   67.77618   38.6778  147.4002    7.06600    0.02640
  9.3333   15.12703   67.93153   38.6721  147.4681    7.22600    0.02376
  9.3417   14.98856   68.08698   38.6662  147.5366    7.19300    0.02181
  9.3500   14.85023   68.24255   38.6600  147.6056    7.25800    0.00215
  9.3583   14.71203   68.39823   38.6537  147.6752    7.26900    0.01215
  9.3667   14.57396   68.55401   38.6471  147.7453    7.46200    0.02453
  9.3750   14.43602   68.70990   38.6404  147.8160    7.53400    0.04127
  9.3833   14.29822   68.86589   38.6334  147.8872    7.55700    0.04849
  9.3917   14.16054   69.02199   38.6262  147.9590    7.64800    0.05507
  9.4000   14.02299   69.17819   38.6187  148.0314    7.68400    0.06898
  9.4083   13.88556   69.33449   38.6111  148.1043    7.74200    0.06593
  9.4167   13.74826   69.49090   38.6032  148.1778    7.67200    0.06430
  9.4250   13.61108   69.64740   38.5950  148.2519    7.69900    0.05946
  9.4333   13.47403   69.80401   38.5866  148.3266    7.71500    0.06021
  9.4417   13.33710   69.96071   38.5780  148.4019    7.68600    0.05934
  9.4500   13.20028   70.11752   38.5691  148.4778    7.68500    0.05012
  9.4583   13.06359   70.27442   38.5599  148.5543    7.61300    0.03727
  9.4667   12.92702   70.43141   38.5505  148.6314    7.52900    0.01833
  9.4750   12.79056   70.58850   38.5409  148.7091    7.45600    0.00333
  9.4833   12.65422   70.74569   38.5309  148.7875    7.39500   -0.00803
  9.4917   12.51799   70.90297   38.5207  148.8664    7.32000   -0.01556
  9.5000   12.38188   71.06034   38.5102  148.9460    7.26700   -0.01244
  9.5083   12.24587   71.21780   38.4994  149.0262    7.28400    0.00144
  9.5167   12.10998   71.37535   38.4884  149.1071    7.28700    0.01951
  9.5250   11.97420   71.53299   38.4770  149.1886    7.25200    0.02981
  9.5333   11.83853   71.69072   38.4654  149.2707    7.18400    0.03231
  9.5417   11.70297   71.84854   38.4535  149.3535    7.10300    0.03257
  9.5500   11.56751   72.00645   38.4412  149.4370    7.03400    0.03203
  9.5583   11.43216   72.16444   38.4287  149.5211    6.94800    0.03719
  9.5667   11.29691   72.32251   38.4158  149.6059    6.90400    0.04496
  9.5750   11.16177   72.48067   38.4026  149.6914    6.84600    0.05539
  9.5833   11.02672   72.63891   38.3891  149.7775    6.76800    0.05990
  9.5917   10.89178   72.79723   38.3752  149.8644    6.65000    0.06037
  9.6000   10.75694   72.95564   38.3611  149.9519    6.51800    0.05712
  9.6083   10.62220   73.11412   38.3465  150.0401    6.36100    0.05293
  9.6167   10.48755   73.27268   38.3317  150.1290    6.19100    0.05425
  9.6250   10.35300   73.43132   38.3165  150.2186    6.07400    0.05831
  9.6333   10.21855   73.59004   38.3009  150.3089    5.91700    0.06510
  9.6417   10.08419   73.74883   38.2850  150.3999    5.75500    0.07411
  9.6500    9.94992   73.90770   38.2687  150.4916    5.64400    0.07866
  9.6583    9.81575   74.06664   38.2520  150.5840    5.43700    0.07523
  9.6667    9.68167   74.22566   38.2349  150.6772    5.19500    0.04744
  9.6750    9.54767   74.38475   38.2175  150.7711    4.86400    0.00541
  9.6833    9.41377   74.54390   38.1996  150.8657    4.53400   -0.03986
  9.6917    9.27995   74.70313   38.1814  150.9611    4.26600   -0.07257
  9.7000    9.14622   74.86243   38.1628  151.0572    4.05500   -0.09095
  9.7083    9.01257   75.02179   38.1437  151.1540    3.85900   -0.09603
  9.7167    8.87901   75.18122   38.1242  151.2516    3.72400   -0.09431
  9.7250    8.74553   75.34072   38.1043  151.3499    3.58900   -0.08714
  9.7333    8.61214   75.50028   38.0840  151.4490    3.46100   -0.07829
  9.7417    8.47882   75.65991   38.0633  151.5489    3.36400   -0.06721
  9.7500    8.34559   75.81959   38.0421  151.6495    3.27800   -0.05114
  9.7583    8.21243   75.97934   38.0204  151.7509    3.23700   -0.04883
  9.7667    8.07935   76.13916   37.9983  151.8530    3.06000   -0.04819
  9.7750    7.94635   76.29903   37.9757  151.9559    3.00300   -0.05580
  9.7833    7.81343   76.45896   37.9526  152.0596    2.92100   -0.05218
  9.7917    7.68057   76.61894   37.9291  152.1641    2.87800   -0.04895
  9.8000    7.54780   76.77899   37.9051  152.2693    2.84700   -0.04049
  9.8083    7.41509   76.93909   37.8806  152.3754    2.83800   -0.03116
  9.8167    7.28246   77.09924   37.8556  152.4822    2.82300   -0.02010
  9.8250    7.14989   77.25945   37.8300  152.5898    2.82100   -0.00802
  9.8333    7.01740   77.41971   37.8040  152.6982    2.83100    0.00029
  9.8417    6.88497   77.58002   37.7774  152.8074    2.78600    0.00203
  9.8500    6.75261   77.74038   37.7503  152.9174    2.73400   -0.00334
  9.8583    6.62032   77.90079   37.7227  153.0282    2.69100   -0.00601
  9.8667    6.48809   78.06125   37.6945  153.1398    2.68700    0.00230
  9.8750    6.35593   78.22176   37.6658  153.2521    2.75100    0.00620
  9.8833    6.22383   78.38231   37.6365  153.3653    2.68100    0.00921
  9.8917    6.09179   78.54291   37.6066  153.4793    2.66000    0.00264
  9.9000    5.95981   78.70356   37.5761  153.5941    2.62500   -0.00489
  9.9083    5.82789   78.86424   37.5451  153.7097    2.53900   -0.01301
  9.9167    5.69603   79.02497   37.5135  153.8261    2.52900   -0.01454
  9.9250    5.56423   79.18574   37.4812  153.9434    2.54200   -0.00688
  9.9333    5.43249   79.34655   37.4483  154.0614    2.53300   -0.00508
  9.9417    5.30080   79.50740   37.4149  154.1802    2.51100   -0.00278
  9.9500    5.16917   79.66828   37.3807  154.2999    2.58300    0.00000

