hmax        =    300
wind_bottom =      2
wind_top    =     10
critlon     =      0
tbeg, h     =   0.00
tend, h     =  24.00
c_ionex     =      0
c_vert      =      1
time, gamma, az, latp, lonp, tec, tec_filtered
 12.1917   10.01637  201.51192   26.8978  134.3275   21.62900    0.00000
 12.2000   10.22635  201.52344   26.9989  134.3652   21.39400   -0.00296
 12.2083   10.43665  201.53543   27.0987  134.4023   21.03200   -0.00760
 12.2167   10.64725  201.54793   27.1972  134.4389   20.87500   -0.01027
 12.2250   10.85817  201.56091   27.2943  134.4751   20.67700   -0.00035
 12.2333   11.06939  201.57442   27.3901  134.5107   20.45800   -0.01389
 12.2417   11.28092  201.58839   27.4847  134.5458   20.11400   -0.01691
 12.2500   11.49275  201.60289   27.5779  134.5805   20.05500   -0.02299
 12.2583   11.70489  201.61787   27.6699  134.6146   19.85600   -0.03871
 12.2667   11.91734  201.63335   27.7607  134.6483   19.46800   -0.05083
 12.2750   12.13009  201.64932   27.8502  134.6816   19.45800   -0.05970
 12.2833   12.34314  201.66580   27.9386  134.7144   19.22900   -0.05018
 12.2917   12.55650  201.68277   28.0257  134.7467   19.02400   -0.04329
 12.3000   12.77015  201.70024   28.1117  134.7785   19.01500   -0.04020
 12.3083   12.98411  201.71820   28.1965  134.8100   18.78300   -0.03006
 12.3167   13.19837  201.73665   28.2802  134.8410   18.65800   -0.02961
 12.3250   13.41292  201.75560   28.3627  134.8716   18.59800   -0.02565
 12.3333   13.62777  201.77505   28.4442  134.9017   18.41100   -0.03400
 12.3417   13.84293  201.79498   28.5246  134.9314   18.20200   -0.04279
 12.3500   14.05837  201.81543   28.6038  134.9608   18.15300   -0.05054
 12.3583   14.27411  201.83636   28.6821  134.9897   17.98700   -0.04210
 12.3667   14.49015  201.85780   28.7592  135.0182   17.92000   -0.03739
 12.3750   14.70648  201.87973   28.8354  135.0463   17.84900   -0.01558
 12.3833   14.92310  201.90215   28.9105  135.0740   17.82000    0.00918
 12.3917   15.14002  201.92506   28.9847  135.1014   17.77300    0.02702
 12.4000   15.35722  201.94849   29.0579  135.1284   17.63700    0.03232
 12.4083   15.57472  201.97240   29.1301  135.1550   17.51300    0.03736
 12.4167   15.79250  201.99680   29.2013  135.1812   17.46800    0.03140
 12.4250   16.01057  202.02171   29.2716  135.2071   17.25200    0.02771
 12.4333   16.22893  202.04710   29.3410  135.2326   17.14200    0.02408
 12.4417   16.44757  202.07301   29.4095  135.2578   17.08900    0.03343
 12.4500   16.66650  202.09940   29.4771  135.2827   16.96200    0.03239
 12.4583   16.88571  202.12630   29.5438  135.3071   16.76700    0.01989
 12.4667   17.10521  202.15369   29.6096  135.3313   16.62200   -0.00160
 12.4750   17.32499  202.18158   29.6746  135.3552   16.42300    0.00217
 12.4833   17.54504  202.20998   29.7388  135.3787   16.40900    0.01544
 12.4917   17.76538  202.23886   29.8021  135.4019   16.33400    0.01708
 12.5000   17.98600  202.26825   29.8646  135.4248   16.04700   -0.00148
 12.5083   18.20690  202.29813   29.9264  135.4474   15.89200   -0.03072
 12.5167   18.42807  202.32852   29.9873  135.4696   15.74400   -0.04018
 12.5250   18.64952  202.35941   30.0475  135.4916   15.60700   -0.05006
 12.5333   18.87124  202.39079   30.1069  135.5133   15.45500   -0.04320
 12.5417   19.09324  202.42268   30.1656  135.5347   15.43500   -0.03411
 12.5500   19.31551  202.45508   30.2235  135.5558   15.32600   -0.03249
 12.5583   19.53805  202.48798   30.2807  135.5767   15.14300   -0.02794
 12.5667   19.76086  202.52138   30.3372  135.5973   15.15300   -0.03565
 12.5750   19.98394  202.55528   30.3930  135.6176   14.96600   -0.03734
 12.5833   20.20729  202.58968   30.4481  135.6376   14.83500   -0.04709
 12.5917   20.43090  202.62459   30.5025  135.6574   14.81200   -0.04560
 12.6000   20.65479  202.66000   30.5563  135.6769   14.72500   -0.03856
 12.6083   20.87894  202.69592   30.6094  135.6962   14.64400   -0.03196
 12.6167   21.10335  202.73236   30.6619  135.7152   14.62600   -0.03092
 12.6250   21.32802  202.76930   30.7137  135.7340   14.50500   -0.01582
 12.6333   21.55296  202.80675   30.7649  135.7525   14.51400   -0.00643
 12.6417   21.77815  202.84470   30.8155  135.7708   14.45600    0.00400
 12.6500   22.00361  202.88316   30.8655  135.7889   14.33700    0.01347
 12.6583   22.22932  202.92215   30.9149  135.8067   14.33700    0.03433
 12.6667   22.45529  202.96164   30.9637  135.8243   14.34400    0.05197
 12.6750   22.68152  203.00163   31.0119  135.8417   14.19800    0.06283
 12.6833   22.90800  203.04214   31.0596  135.8589   14.14300    0.06362
 12.6917   23.13473  203.08318   31.1067  135.8759   14.07000    0.07063
 12.7000   23.36172  203.12473   31.1533  135.8927   13.95000    0.06706
 12.7083   23.58895  203.16679   31.1994  135.9092   13.81900    0.06269
 12.7167   23.81644  203.20937   31.2449  135.9256   13.72800    0.05764
 12.7250   24.04417  203.25247   31.2899  135.9417   13.59100    0.04802
 12.7333   24.27215  203.29608   31.3343  135.9577   13.42200    0.03099
 12.7417   24.50038  203.34023   31.3783  135.9734   13.27800    0.01787
 12.7500   24.72885  203.38487   31.4218  135.9890   13.15700    0.00436
 12.7583   24.95757  203.43007   31.4648  136.0044   12.97800   -0.01658
 12.7667   25.18652  203.47578   31.5073  136.0196   12.78900   -0.02862
 12.7750   25.41572  203.52200   31.5494  136.0346   12.72400   -0.03657
 12.7833   25.64515  203.56877   31.5909  136.0495   12.57700   -0.04337
 12.7917   25.87482  203.61607   31.6321  136.0641   12.40600   -0.05890
 12.8000   26.10473  203.66389   31.6727  136.0786   12.30400   -0.06697
 12.8083   26.33488  203.71223   31.7130  136.0930   12.21300   -0.07300
 12.8167   26.56525  203.76112   31.7528  136.1071   12.06700   -0.07182
 12.8250   26.79586  203.81055   31.7921  136.1212   12.02400   -0.07708
 12.8333   27.02670  203.86050   31.8311  136.1350   11.91200   -0.07201
 12.8417   27.25777  203.91100   31.8696  136.1487   11.84600   -0.07470
 12.8500   27.48907  203.96202   31.9077  136.1622   11.78000   -0.05821
 12.8583   27.72059  204.01360   31.9455  136.1756   11.79500   -0.04456
 12.8667   27.95234  204.06570   31.9828  136.1888   11.72700   -0.02624
 12.8750   28.18432  204.11836   32.0197  136.2019   11.69900   -0.02144
 12.8833   28.41651  204.17155   32.0563  136.2149   11.65400   -0.02119
 12.8917   28.64892  204.22533   32.0925  136.2277   11.57200   -0.01818
 12.9000   28.88156  204.27962   32.1283  136.2403   11.57100   -0.01586
 12.9083   29.11441  204.33447   32.1638  136.2529   11.52600   -0.00010
 12.9167   29.34748  204.38988   32.1988  136.2653   11.52200    0.01007
 12.9250   29.58076  204.44583   32.2336  136.2775   11.48900    0.02000
 12.9333   29.81425  204.50235   32.2680  136.2896   11.44400    0.02448
 12.9417   30.04796  204.55943   32.3020  136.3016   11.40600    0.02496
 12.9500   30.28187  204.61707   32.3357  136.3135   11.34900    0.03095
 12.9583   30.51599  204.67526   32.3691  136.3253   11.33100    0.03012
 12.9667   30.75032  204.73402   32.4022  136.3369   11.26000    0.03523
 12.9750   30.98486  204.79337   32.4349  136.3484   11.23500    0.02307
 12.9833   31.21960  204.85327   32.4673  136.3598   11.12600    0.01104
 12.9917   31.45453  204.91376   32.4994  136.3711   11.05300   -0.00538
 13.0000   31.68967  204.97479   32.5312  136.3822   10.99900   -0.01547
 13.0083   31.92501  205.03642   32.5627  136.3933   10.91700   -0.02247
 13.0167   32.16054  205.09865   32.5939  136.4043   10.85500   -0.02249
 13.0250   32.39627  205.16144   32.6248  136.4151   10.83500   -0.01460
 13.0333   32.63219  205.22482   32.6554  136.4258   10.79300    0.00302
 13.0417   32.86830  205.28879   32.6857  136.4364   10.77700    0.00837
 13.0500   33.10461  205.35333   32.7158  136.4470   10.69400    0.01489
 13.0583   33.34109  205.41849   32.7455  136.4574   10.65600    0.00987
 13.0667   33.57777  205.48424   32.7750  136.4677   10.58500    0.00667
 13.0750   33.81463  205.55058   32.8042  136.4780   10.51400   -0.00257
 13.0833   34.05167  205.61754   32.8332  136.4881   10.45100   -0.00863
 13.0917   34.28889  205.68510   32.8619  136.4981   10.40200   -0.00947
 13.1000   34.52629  205.75327   32.8904  136.5081   10.36100   -0.00864
 13.1083   34.76387  205.82204   32.9185  136.5179   10.30900   -0.01253
 13.1167   35.00162  205.89143   32.9465  136.5277   10.23700   -0.01434
 13.1250   35.23955  205.96144   32.9742  136.5374   10.20600   -0.01497
 13.1333   35.47764  206.03207   33.0017  136.5470   10.16400   -0.01752
 13.1417   35.71591  206.10333   33.0289  136.5565   10.08500   -0.02179
 13.1500   35.95434  206.17522   33.0559  136.5659   10.05000   -0.02483
 13.1583   36.19294  206.24773   33.0826  136.5753   10.01700   -0.01853
 13.1667   36.43170  206.32089   33.1091  136.5845    9.98800   -0.01679
 13.1750   36.67062  206.39468   33.1354  136.5937    9.93400   -0.01379
 13.1833   36.90970  206.46912   33.1615  136.6028    9.90600   -0.01351
 13.1917   37.14894  206.54420   33.1874  136.6119    9.86200   -0.00364
 13.2000   37.38834  206.61995   33.2130  136.6208    9.85200    0.01164
 13.2083   37.62789  206.69633   33.2384  136.6297    9.84700    0.01902
 13.2167   37.86758  206.77341   33.2637  136.6385    9.76500    0.02259
 13.2250   38.10743  206.85112   33.2887  136.6472    9.73700    0.02486
 13.2333   38.34742  206.92950   33.3135  136.6559    9.72400    0.03456
 13.2417   38.58756  207.00858   33.3381  136.6645    9.67300    0.03577
 13.2500   38.82785  207.08830   33.3625  136.6731    9.60300    0.03026
 13.2583   39.06827  207.16873   33.3868  136.6815    9.55700    0.02139
 13.2667   39.30883  207.24985   33.4108  136.6900    9.48800    0.01671
 13.2750   39.54952  207.33165   33.4346  136.6983    9.43100    0.01086
 13.2833   39.79035  207.41415   33.4583  136.7066    9.37300    0.01106
 13.2917   40.03132  207.49734   33.4817  136.7148    9.32200    0.01392
 13.3000   40.27241  207.58125   33.5050  136.7230    9.27200    0.00988
 13.3083   40.51363  207.66588   33.5281  136.7311    9.18000    0.00633
 13.3167   40.75497  207.75124   33.5511  136.7391    9.12700    0.01258
 13.3250   40.99644  207.83730   33.5738  136.7471    9.11100    0.01873
 13.3333   41.23802  207.92409   33.5964  136.7551    9.01100    0.02544
 13.3417   41.47973  208.01163   33.6188  136.7629    8.95500    0.01759
 13.3500   41.72155  208.09988   33.6411  136.7708    8.87100    0.01771
 13.3583   41.96348  208.18890   33.6631  136.7785    8.79700    0.01621
 13.3667   42.20552  208.27869   33.6850  136.7862    8.72600    0.02693
 13.3750   42.44767  208.36922   33.7068  136.7939    8.68500    0.03966
 13.3833   42.68993  208.46053   33.7284  136.8015    8.61200    0.04875
 13.3917   42.93229  208.55260   33.7498  136.8091    8.52100    0.04612
 13.4000   43.17475  208.64545   33.7711  136.8166    8.42800    0.04066
 13.4083   43.41731  208.73907   33.7923  136.8241    8.33900    0.03766
 13.4167   43.65997  208.83351   33.8132  136.8315    8.25400    0.03183
 13.4250   43.90272  208.92874   33.8341  136.8389    8.14400    0.01488
 13.4333   44.14556  209.02478   33.8548  136.8463    8.00800   -0.00337
 13.4417   44.38849  209.12164   33.8753  136.8536    7.91600   -0.02127
 13.4500   44.63150  209.21931   33.8957  136.8608    7.80800   -0.02905
 13.4583   44.87460  209.31783   33.9160  136.8680    7.71400   -0.03192
 13.4667   45.11778  209.41718   33.9361  136.8752    7.64100   -0.02594
 13.4750   45.36103  209.51736   33.9561  136.8824    7.56600   -0.01846
 13.4833   45.60436  209.61842   33.9759  136.8895    7.47100   -0.01074
 13.4917   45.84776  209.72034   33.9956  136.8965    7.38900   -0.00620
 13.5000   46.09123  209.82314   34.0152  136.9035    7.29100    0.00323
 13.5083   46.33477  209.92680   34.0346  136.9105    7.20900    0.01428
 13.5167   46.57837  210.03136   34.0540  136.9174    7.13400    0.03068
 13.5250   46.82204  210.13683   34.0732  136.9244    7.06200    0.05601
 13.5333   47.06576  210.24319   34.0922  136.9312    7.02400    0.07312
 13.5417   47.30954  210.35049   34.1112  136.9381    6.92600    0.07389
 13.5500   47.55336  210.45871   34.1300  136.9449    6.80000    0.04005
 13.5583   47.79724  210.56787   34.1487  136.9517    6.63600   -0.01462
 13.5667   48.04117  210.67798   34.1673  136.9584    6.46800   -0.07218
 13.5750   48.28514  210.78906   34.1857  136.9651    6.34200   -0.11970
 13.5833   48.52914  210.90109   34.2041  136.9718    6.23000   -0.14694
 13.5917   48.77319  211.01413   34.2223  136.9785    6.15200   -0.15825
 13.6000   49.01727  211.12816   34.2404  136.9851    6.10000   -0.15313
 13.6083   49.26138  211.24319   34.2584  136.9917    6.06500   -0.13489
 13.6167   49.50552  211.35924   34.2763  136.9983    6.05100   -0.11328
 13.6250   49.74969  211.47632   34.2941  137.0048    6.03000   -0.09290
 13.6333   49.99388  211.59444   34.3117  137.0114    6.00900   -0.07470
 13.6417   50.23808  211.71362   34.3293  137.0178    6.00900   -0.06748
 13.6500   50.48230  211.83388   34.3468  137.0243    5.96600   -0.06217
 13.6583   50.72653  211.95522   34.3641  137.0308    5.95300   -0.06153
 13.6667   50.97078  212.07765   34.3814  137.0372    5.94200   -0.05077
 13.6750   51.21502  212.20119   34.3985  137.0436    5.93600   -0.02223
 13.6833   51.45927  212.32587   34.4156  137.0500    5.98100    0.02291
 13.6917   51.70352  212.45168   34.4325  137.0563    6.01900    0.09094
 13.7000   51.94776  212.57864   34.4494  137.0627    6.08100    0.15176
 13.7083   52.19200  212.70679   34.4661  137.0690    6.08400    0.20037
 13.7167   52.43622  212.83612   34.4828  137.0753    6.06400    0.21818
 13.7250   52.68042  212.96666   34.4993  137.0815    6.00400    0.21352
 13.7333   52.92461  213.09842   34.5158  137.0878    5.91800    0.18025
 13.7417   53.16878  213.23141   34.5322  137.0940    5.78600    0.13356
 13.7500   53.41291  213.36568   34.5485  137.1002    5.66900    0.07130
 13.7583   53.65702  213.50121   34.5646  137.1064    5.51800    0.01221
 13.7667   53.90110  213.63803   34.5807  137.1126    5.38700   -0.04626
 13.7750   54.14513  213.77617   34.5967  137.1188    5.26000   -0.07860
 13.7833   54.38913  213.91563   34.6127  137.1249    5.18600   -0.09090
 13.7917   54.63307  214.05647   34.6285  137.1311    5.11200   -0.07347
 13.8000   54.87697  214.19867   34.6442  137.1372    5.07900   -0.05394
 13.8083   55.12082  214.34227   34.6599  137.1433    5.00800   -0.03896
 13.8167   55.36460  214.48729   34.6755  137.1494    4.92000   -0.03716
 13.8250   55.60833  214.63374   34.6910  137.1555    4.84900   -0.03149
 13.8333   55.85199  214.78166   34.7064  137.1615    4.80400   -0.02713
 13.8417   56.09557  214.93108   34.7217  137.1676    4.72400   -0.02138
 13.8500   56.33909  215.08199   34.7370  137.1736    4.67100   -0.02821
 13.8583   56.58252  215.23444   34.7522  137.1797    4.59300   -0.03439
 13.8667   56.82587  215.38846   34.7672  137.1857    4.52400   -0.04378
 13.8750   57.06913  215.54407   34.7823  137.1917    4.46400   -0.03885
 13.8833   57.31230  215.70128   34.7972  137.1977    4.43700   -0.02282
 13.8917   57.55537  215.86015   34.8121  137.2037    4.40800   -0.00304
 13.9000   57.79834  216.02069   34.8268  137.2097    4.36400    0.01488
 13.9083   58.04120  216.18294   34.8415  137.2156    4.33500    0.01606
 13.9167   58.28395  216.34689   34.8562  137.2216    4.25000    0.01937
 13.9250   58.52659  216.51263   34.8707  137.2276    4.21500    0.01087
 13.9333   58.76910  216.68018   34.8852  137.2335    4.14600    0.00744
 13.9417   59.01149  216.84953   34.8997  137.2395    4.08200   -0.00478
 13.9500   59.25374  217.02077   34.9140  137.2454    4.01900   -0.01055
 13.9583   59.49586  217.19388   34.9283  137.2513    3.97600   -0.01251
 13.9667   59.73783  217.36894   34.9425  137.2572    3.92700   -0.00789
 13.9750   59.97966  217.54597   34.9566  137.2632    3.88800   -0.00592
 13.9833   60.22133  217.72501   34.9707  137.2691    3.83700   -0.00933
 13.9917   60.46284  217.90610   34.9847  137.2750    3.77000   -0.01566
 14.0000   60.70419  218.08926   34.9986  137.2809    3.72300   -0.02064
 14.0083   60.94536  218.27458   35.0125  137.2868    3.67700   -0.02244
 14.0167   61.18636  218.46207   35.0263  137.2927    3.62300   -0.02772
 14.0250   61.42718  218.65176   35.0400  137.2986    3.56500   -0.02784
 14.0333   61.66781  218.84373   35.0537  137.3045    3.53900   -0.02371
 14.0417   61.90824  219.03801   35.0673  137.3103    3.50200   -0.01128
 14.0500   62.14847  219.23465   35.0808  137.3162    3.47700    0.00273
 14.0583   62.38848  219.43370   35.0943  137.3221    3.46000    0.01098
 14.0667   62.62829  219.63521   35.1077  137.3280    3.40700    0.01010
 14.0750   62.86787  219.83923   35.1211  137.3339    3.35500    0.00213
 14.0833   63.10722  220.04585   35.1344  137.3398    3.31700   -0.00774
 14.0917   63.34633  220.25508   35.1476  137.3457    3.25900   -0.01898
 14.1000   63.58520  220.46700   35.1608  137.3515    3.20100   -0.02870
 14.1083   63.82382  220.68166   35.1739  137.3574    3.16900   -0.03010
 14.1167   64.06218  220.89914   35.1870  137.3633    3.14000   -0.01258
 14.1250   64.30027  221.11949   35.2000  137.3692    3.14500    0.00498
 14.1333   64.53808  221.34279   35.2129  137.3751    3.11100    0.01856
 14.1417   64.77561  221.56911   35.2258  137.3810    3.06700    0.02739
 14.1500   65.01285  221.79849   35.2386  137.3868    3.05600    0.02788
 14.1583   65.24978  222.03105   35.2514  137.3927    2.99600    0.02160
 14.1667   65.48641  222.26685   35.2641  137.3986    2.93000    0.00317
 14.1750   65.72271  222.50594   35.2767  137.4045    2.87900   -0.00463
 14.1833   65.95868  222.74844   35.2893  137.4104    2.85400   -0.00427
 14.1917   66.19432  222.99442   35.3019  137.4163    2.81800   -0.00489
 14.2000   66.42960  223.24397   35.3144  137.4222    2.76700   -0.00885
 14.2083   66.66452  223.49718   35.3268  137.4281    2.73000   -0.00835
 14.2167   66.89908  223.75415   35.3392  137.4340    2.70700   -0.00416
 14.2250   67.13325  224.01497   35.3515  137.4399    2.66700    0.00068
 14.2333   67.36703  224.27974   35.3638  137.4458    2.63500   -0.00915
 14.2417   67.60040  224.54858   35.3760  137.4518    2.56800   -0.02562
 14.2500   67.83336  224.82158   35.3882  137.4577    2.51100   -0.04207
 14.2583   68.06588  225.09886   35.4003  137.4636    2.48400   -0.03917
 14.2667   68.29797  225.38054   35.4124  137.4696    2.48300   -0.02905
 14.2750   68.52959  225.66673   35.4244  137.4755    2.45300   -0.02643
 14.2833   68.76075  225.95760   35.4364  137.4815    2.40600   -0.02779
 14.2917   68.99143  226.25320   35.4483  137.4874    2.39600   -0.03058
 14.3000   69.22161  226.55376   35.4602  137.4934    2.36300   -0.01590
 14.3083   69.45127  226.85934   35.4720  137.4994    2.37200   -0.00617
 14.3167   69.68040  227.17012   35.4838  137.5053    2.34600    0.00050
 14.3250   69.90899  227.48627   35.4955  137.5113    2.30700   -0.00375
 14.3333   70.13702  227.80792   35.5072  137.5173    2.28600   -0.00503
 14.3417   70.36446  228.13524   35.5188  137.5233    2.27400    0.00479
 14.3500   70.59131  228.46841   35.5303  137.5293    2.26900    0.01657
 14.3583   70.81754  228.80762   35.5419  137.5353    2.25200    0.02284
 14.3667   71.04313  229.15302   35.5534  137.5413    2.22100    0.02073
 14.3750   71.26807  229.50482   35.5648  137.5473    2.18800    0.01476
 14.3833   71.49233  229.86322   35.5762  137.5533    2.15700    0.00966
 14.3917   71.71588  230.22844   35.5875  137.5594    2.12400    0.01560
 14.4000   71.93872  230.60068   35.5988  137.5654    2.12200    0.02277
 14.4083   72.16081  230.98016   35.6100  137.5714    2.09000    0.03201
 14.4167   72.38212  231.36714   35.6212  137.5775    2.06000    0.02818
 14.4250   72.60264  231.76186   35.6324  137.5835    2.01500    0.02744
 14.4333   72.82233  232.16455   35.6435  137.5896    1.99100    0.02459
 14.4417   73.04117  232.57549   35.6545  137.5957    1.95400    0.01864
 14.4500   73.25913  232.99496   35.6655  137.6018    1.89900    0.00977
 14.4583   73.47618  233.42326   35.6765  137.6078    1.86600    0.00019
 14.4667   73.69228  233.86067   35.6874  137.6139    1.82900   -0.00901
 14.4750   73.90740  234.30751   35.6983  137.6200    1.77800   -0.02722
 14.4833   74.12151  234.76411   35.7091  137.6261    1.71800   -0.04582
 14.4917   74.33457  235.23080   35.7199  137.6322    1.67800   -0.05056
 14.5000   74.54655  235.70798   35.7307  137.6383    1.66800   -0.04282
 14.5083   74.75740  236.19594   35.7414  137.6444    1.64800   -0.02636
 14.5167   74.96707  236.69513   35.7520  137.6506    1.63600   -0.01514
 14.5250   75.17554  237.20593   35.7626  137.6567    1.60900   -0.00988
 14.5333   75.38275  237.72878   35.7732  137.6628    1.56800    0.00446
 14.5417   75.58865  238.26408   35.7837  137.6689    1.58200    0.02215
 14.5500   75.79319  238.81232   35.7942  137.6750    1.56400    0.03924
 14.5583   75.99633  239.37395   35.8047  137.6812    1.52100    0.03770
 14.5667   76.19800  239.94948   35.8151  137.6873    1.47900    0.03473
 14.5750   76.39815  240.53941   35.8254  137.6934    1.45900    0.03855
 14.5833   76.59671  241.14432   35.8357  137.6996    1.43800    0.04400
 14.5917   76.79363  241.76472   35.8460  137.7057    1.39900    0.03784
 14.6000   76.98884  242.40121   35.8562  137.7118    1.34100    0.01749
 14.6083   77.18227  243.05441   35.8664  137.7179    1.27400   -0.00279
 14.6167   77.37384  243.72493   35.8766  137.7240    1.23500   -0.01673
 14.6250   77.56347  244.41342   35.8867  137.7301    1.19200   -0.02052
 14.6333   77.75110  245.12057   35.8968  137.7362    1.15200   -0.02103
 14.6417   77.93662  245.84708   35.9068  137.7423    1.11600   -0.01624
 14.6500   78.11996  246.59364   35.9168  137.7484    1.08700   -0.00640
 14.6583   78.30103  247.36105   35.9268  137.7545    1.06200   -0.00337
 14.6667   78.47971  248.15007   35.9367  137.7606    1.00800    0.00606
 14.6750   78.65592  248.96149   35.9466  137.7666    1.00200    0.00744
 14.6833   78.82955  249.79613   35.9565  137.7727    0.95600    0.01391
 14.6917   79.00048  250.65483   35.9663  137.7787    0.92300    0.00071
 14.7000   79.16860  251.53847   35.9761  137.7847    0.86100   -0.00794
 14.7083   79.33380  252.44791   35.9859  137.7907    0.83200   -0.03559
 14.7167   79.49593  253.38403   35.9957  137.7966    0.74200   -0.05273
 14.7250   79.65488  254.34779   36.0054  137.8026    0.71600   -0.06079
 14.7333   79.81051  255.34007   36.0151  137.8085    0.71800   -0.04230
 14.7417   79.96267  256.36179   36.0248  137.8144    0.71400   -0.02090
 14.7500   80.11122  257.41388   36.0345  137.8203    0.70100   -0.01222
 14.7583   80.25601  258.49725   36.0441  137.8262    0.66900   -0.00869
 14.7667   80.39688  259.61279   36.0538  137.8320    0.65400   -0.01555
 14.7750   80.53368  260.76135   36.0634  137.8378    0.61400   -0.02554
 14.7833   80.66624  261.94379   36.0731  137.8436    0.57800   -0.04177
 14.7917   80.79439  263.16092   36.0827  137.8493    0.54900   -0.04071
 14.8000   80.91796  264.41345   36.0924  137.8550    0.56900   -0.04053
 14.8083   81.03678  265.70206   36.1020  137.8607    0.53600   -0.02418
 14.8167   81.15067  267.02734   36.1117  137.8664    0.55700   -0.01815
 14.8250   81.25947  268.38977   36.1214  137.8721    0.54100   -0.00010
 14.8333   81.36299  269.78973   36.1311  137.8777    0.54100    0.01045
 14.8417   81.46106  271.22745   36.1408  137.8833    0.54000    0.02645
 14.8500   81.55351  272.70303   36.1506  137.8889    0.54300    0.02877
 14.8583   81.64018  274.21634   36.1604  137.8946    0.50400    0.03357
 14.8667   81.72089  275.76718   36.1703  137.9002    0.51000    0.03547
 14.8750   81.79550  277.35501   36.1802  137.9058    0.50400    0.03909
 14.8833   81.86385  278.97913   36.1901  137.9114    0.46700    0.02302
 14.8917   81.92580  280.63864   36.2001  137.9171    0.41400    0.00057
 14.9000   81.98124  282.33228   36.2102  137.9227    0.38700   -0.01059
 14.9083   82.03004  284.05862   36.2203  137.9285    0.38700   -0.00713
 14.9167   82.07210  285.81592   36.2305  137.9342    0.37900    0.00372
 14.9250   82.10734  287.60217   36.2407  137.9401    0.37500    0.00711
 14.9333   82.13568  289.41513   36.2510  137.9460    0.34700   -0.00785
 14.9417   82.15707  291.25220   36.2614  137.9520    0.27800   -0.02406
 14.9500   82.17148  293.11063   36.2718  137.9581    0.26600   -0.03905
 14.9583   82.17889  294.98740   36.2823  137.9643    0.24100   -0.02917
 14.9667   82.17930  296.87933   36.2928  137.9706    0.24800   -0.01863
 14.9750   82.17274  298.78299   36.3034  137.9770    0.24100    0.00745
 14.9833   82.15923  300.69489   36.3140  137.9836    0.26700    0.03086
 14.9917   82.13886  302.61139   36.3246  137.9902    0.26700    0.04719
 15.0000   82.11168  304.52884   36.3352  137.9971    0.23600    0.03272
 15.0083   82.07779  306.44357   36.3459  138.0041    0.16600    0.00449
 15.0167   82.03729  308.35196   36.3565  138.0112    0.12600   -0.01588
 15.0250   81.99032  310.25040   36.3672  138.0186    0.12600   -0.01883
 15.0333   81.93701  312.13547   36.3778  138.0260    0.11400   -0.01370
 15.0417   81.87750  314.00388   36.3884  138.0336    0.10300   -0.01398
 15.0500   81.81196  315.85257   36.3990  138.0414    0.08700   -0.01554
 15.0583   81.74054  317.67862   36.4095  138.0493    0.07300   -0.02327
 15.0667   81.66342  319.47943   36.4200  138.0573    0.04300   -0.03918
 15.0750   81.58079  321.25262   36.4304  138.0655    0.00300   -0.04954
 15.0833   81.49282  322.99606   36.4408  138.0739    0.00800   -0.04377
 15.0917   81.39969  324.70792   36.4511  138.0823    0.03400   -0.02679
 15.1000   81.30160  326.38663   36.4613  138.0909    0.03900   -0.02833
 15.1083   81.19874  328.03091   36.4715  138.0995    0.00000   -0.03591
 15.1167   81.09129  329.63971   36.4815  138.1083    0.01400   -0.04501
 15.1250   80.97943  331.21222   36.4916  138.1172    0.01600   -0.04326
 15.1333   80.86335  332.74786   36.5015  138.1261    0.01100   -0.03954
 15.1417   80.74323  334.24634   36.5113  138.1352    0.03400   -0.03263
 15.1500   80.61924  335.70743   36.5211  138.1443    0.05000   -0.02671
 15.1583   80.49156  337.13120   36.5307  138.1535    0.04800   -0.02309
 15.1667   80.36035  338.51782   36.5403  138.1627    0.06800   -0.00880
 15.1750   80.22578  339.86761   36.5498  138.1720    0.11900    0.02264
 15.1833   80.08800  341.18100   36.5593  138.1814    0.16800    0.03650
 15.1917   79.94716  342.45856   36.5686  138.1908    0.13600    0.03072
 15.2000   79.80341  343.70093   36.5779  138.2002    0.12700    0.01643
 15.2083   79.65690  344.90884   36.5871  138.2097    0.15000    0.01331
 15.2167   79.50774  346.08301   36.5963  138.2192    0.15200    0.01180
 15.2250   79.35608  347.22430   36.6053  138.2288    0.14900    0.01287
 15.2333   79.20204  348.33359   36.6143  138.2383    0.18000    0.00775
 15.2417   79.04574  349.41171   36.6233  138.2480    0.16300    0.01201
 15.2500   78.88728  350.45959   36.6321  138.2576    0.18800    0.00938
 15.2583   78.72679  351.47818   36.6410  138.2673    0.19400    0.01172
 15.2667   78.56436  352.46835   36.6497  138.2770    0.18200    0.00196
 15.2750   78.40009  353.43106   36.6584  138.2867    0.16200   -0.00603
 15.2833   78.23407  354.36719   36.6671  138.2964    0.17000   -0.00301
 15.2917   78.06641  355.27765   36.6757  138.3062    0.19300    0.00908
 15.3000   77.89717  356.16330   36.6842  138.3160    0.20300    0.01892
 15.3083   77.72644  357.02505   36.6927  138.3258    0.20700    0.02750
 15.3167   77.55431  357.86377   36.7012  138.3356    0.22700    0.03253
 15.3250   77.38084  358.68024   36.7096  138.3455    0.22600    0.02835
 15.3333   77.20610  359.47525   36.7179  138.3554    0.20000    0.00240
 15.3417   77.03016    0.24965   36.7262  138.3653    0.15400   -0.02735
 15.3500   76.85309    1.00415   36.7345  138.3752    0.14100   -0.04812
 15.3583   76.67495    1.73951   36.7427  138.3851    0.14400   -0.04896
 15.3667   76.49579    2.45642   36.7509  138.3951    0.16200   -0.03472
 15.3750   76.31566    3.15558   36.7591  138.4051    0.19900   -0.01565
 15.3833   76.13463    3.83765   36.7672  138.4151    0.22000   -0.00750
 15.3917   75.95274    4.50327   36.7753  138.4252    0.20800   -0.01321
 15.4000   75.77003    5.15305   36.7833  138.4352    0.20700   -0.02171
 15.4083   75.58656    5.78757   36.7914  138.4453    0.22600   -0.02515
 15.4167   75.40236    6.40742   36.7993  138.4554    0.23700   -0.03641
 15.4250   75.21748    7.01312   36.8073  138.4656    0.22200   -0.05484
 15.4333   75.03196    7.60522   36.8152  138.4758    0.22900   -0.06767
 15.4417   74.84583    8.18420   36.8231  138.4859    0.26600   -0.06568
 15.4500   74.65912    8.75055   36.8309  138.4962    0.30100   -0.05699
 15.4583   74.47189    9.30474   36.8387  138.5064    0.32900   -0.04693
 15.4667   74.28414    9.84722   36.8465  138.5167    0.37000   -0.03112
 15.4750   74.09592   10.37839   36.8543  138.5270    0.42500   -0.00855
 15.4833   73.90726   10.89869   36.8620  138.5374    0.47800    0.00814
 15.4917   73.71818   11.40849   36.8697  138.5478    0.50400    0.02013
 15.5000   73.52871   11.90818   36.8773  138.5582    0.54500    0.02880
 15.5083   73.33888   12.39811   36.8850  138.5686    0.58800    0.03743
 15.5167   73.14871   12.87864   36.8926  138.5791    0.61400    0.03908
 15.5250   72.95822   13.35009   36.9002  138.5896    0.63200    0.03407
 15.5333   72.76743   13.81278   36.9077  138.6002    0.65000    0.03354
 15.5417   72.57638   14.26702   36.9152  138.6107    0.68500    0.03930
 15.5500   72.38507   14.71310   36.9227  138.6214    0.71700    0.04657
 15.5583   72.19353   15.15130   36.9302  138.6320    0.73300    0.05114
 15.5667   72.00178   15.58190   36.9376  138.6427    0.75100    0.04915
 15.5750   71.80983   16.00514   36.9451  138.6534    0.75600    0.04284
 15.5833   71.61771   16.42129   36.9524  138.6642    0.75400    0.03219
 15.5917   71.42542   16.83057   36.9598  138.6750    0.75500    0.02245
 15.6000   71.23298   17.23322   36.9671  138.6859    0.76100    0.01124
 15.6083   71.04042   17.62946   36.9744  138.6967    0.75300    0.00180
 15.6167   70.84774   18.01950   36.9817  138.7077    0.76100   -0.01105
 15.6250   70.65496   18.40354   36.9890  138.7186    0.75600   -0.02307
 15.6333   70.46208   18.78178   36.9962  138.7296    0.74900   -0.03719
 15.6417   70.26914   19.15440   37.0034  138.7406    0.74700   -0.04258
 15.6500   70.07612   19.52158   37.0106  138.7517    0.76800   -0.04106
 15.6583   69.88306   19.88351   37.0177  138.7629    0.78500   -0.03793
 15.6667   69.68996   20.24034   37.0249  138.7740    0.79400   -0.02774
 15.6750   69.49683   20.59224   37.0320  138.7852    0.84400   -0.02445
 15.6833   69.30367   20.93935   37.0390  138.7965    0.84700   -0.01526
 15.6917   69.11051   21.28184   37.0461  138.8078    0.88400   -0.01636
 15.7000   68.91735   21.61983   37.0531  138.8191    0.91200   -0.02457
 15.7083   68.72420   21.95348   37.0601  138.8305    0.90300   -0.04657
 15.7167   68.53107   22.28291   37.0670  138.8419    0.90500   -0.06613
 15.7250   68.33797   22.60825   37.0740  138.8534    0.94800   -0.07355
 15.7333   68.14490   22.92962   37.0809  138.8649    0.98200   -0.06451
 15.7417   67.95188   23.24714   37.0878  138.8765    1.03800   -0.05749
 15.7500   67.75891   23.56093   37.0946  138.8881    1.07600   -0.04207
 15.7583   67.56599   23.87110   37.1015  138.8998    1.13700   -0.02150
 15.7667   67.37315   24.17775   37.1083  138.9115    1.21100    0.01103
 15.7750   67.18038   24.48099   37.1151  138.9232    1.28700    0.03929
 15.7833   66.98768   24.78090   37.1218  138.9350    1.33500    0.05888
 15.7917   66.79507   25.07760   37.1285  138.9469    1.38200    0.06420
 15.8000   66.60256   25.37118   37.1352  138.9588    1.41200    0.06045
 15.8083   66.41014   25.66171   37.1419  138.9707    1.42800    0.04838
 15.8167   66.21783   25.94929   37.1486  138.9827    1.44100    0.04380
 15.8250   66.02562   26.23400   37.1552  138.9948    1.48600    0.04240
 15.8333   65.83353   26.51593   37.1618  139.0069    1.50300    0.04757
 15.8417   65.64156   26.79514   37.1683  139.0190    1.52700    0.05334
 15.8500   65.44972   27.07171   37.1749  139.0312    1.56200    0.06387
 15.8583   65.25800   27.34572   37.1814  139.0434    1.58100    0.07627
 15.8667   65.06642   27.61724   37.1879  139.0557    1.59800    0.07737
 15.8750   64.87497   27.88633   37.1943  139.0681    1.58400    0.07043
 15.8833   64.68367   28.15307   37.2008  139.0805    1.56700    0.05386
 15.8917   64.49251   28.41750   37.2072  139.0929    1.54500    0.04206
 15.9000   64.30151   28.67970   37.2135  139.1054    1.54100    0.03042
 15.9083   64.11066   28.93972   37.2199  139.1180    1.51800    0.02234
 15.9167   63.91996   29.19763   37.2262  139.1306    1.50200    0.01188
 15.9250   63.72943   29.45347   37.2325  139.1433    1.48600    0.00437
 15.9333   63.53906   29.70731   37.2388  139.1560    1.47100   -0.00481
 15.9417   63.34886   29.95919   37.2450  139.1688    1.44800   -0.01446
 15.9500   63.15883   30.20916   37.2512  139.1816    1.42800   -0.02406
 15.9583   62.96898   30.45728   37.2574  139.1945    1.41300   -0.03016
 15.9667   62.77930   30.70359   37.2635  139.2074    1.40300   -0.03806
 15.9750   62.58980   30.94814   37.2697  139.2204    1.38100   -0.04737
 15.9833   62.40049   31.19097   37.2758  139.2334    1.36500   -0.05333
 15.9917   62.21136   31.43213   37.2818  139.2466    1.37100   -0.04874
 16.0000   62.02242   31.67165   37.2879  139.2597    1.39000   -0.03611
 16.0083   61.83367   31.90959   37.2939  139.2729    1.40900   -0.02347
 16.0167   61.64511   32.14597   37.2999  139.2862    1.42300   -0.02123
 16.0250   61.45674   32.38084   37.3058  139.2995    1.41600   -0.02289
 16.0333   61.26858   32.61424   37.3117  139.3129    1.43000   -0.02957
 16.0417   61.08061   32.84620   37.3176  139.3264    1.43600   -0.03515
 16.0500   60.89284   33.07676   37.3235  139.3399    1.44100   -0.04218
 16.0583   60.70528   33.30595   37.3293  139.3534    1.45800   -0.04622
 16.0667   60.51792   33.53380   37.3351  139.3671    1.48100   -0.04681
 16.0750   60.33077   33.76035   37.3409  139.3807    1.50600   -0.04140
 16.0833   60.14382   33.98563   37.3466  139.3945    1.55400   -0.03792
 16.0917   59.95709   34.20966   37.3524  139.4083    1.58400   -0.03507
 16.1000   59.77056   34.43249   37.3580  139.4221    1.62000   -0.04090
 16.1083   59.58425   34.65413   37.3637  139.4361    1.65000   -0.04411
 16.1167   59.39816   34.87462   37.3693  139.4500    1.69700   -0.04884
 16.1250   59.21228   35.09398   37.3749  139.4641    1.73400   -0.05707
 16.1333   59.02662   35.31225   37.3805  139.4782    1.75400   -0.07164
 16.1417   58.84117   35.52943   37.3860  139.4923    1.78100   -0.07350
 16.1500   58.65595   35.74557   37.3915  139.5066    1.86000   -0.05134
 16.1583   58.47095   35.96069   37.3970  139.5208    1.96400   -0.00228
 16.1667   58.28617   36.17480   37.4024  139.5352    2.08200    0.04660
 16.1750   58.10161   36.38794   37.4078  139.5496    2.16100    0.08027
 16.1833   57.91727   36.60012   37.4132  139.5641    2.21200    0.09236
 16.1917   57.73316   36.81136   37.4185  139.5786    2.25600    0.09258
 16.2000   57.54928   37.02170   37.4238  139.5932    2.29400    0.07323
 16.2083   57.36562   37.23115   37.4291  139.6079    2.27600    0.05409
 16.2167   57.18220   37.43972   37.4344  139.6227    2.32100    0.02046
 16.2250   56.99900   37.64745   37.4396  139.6374    2.30700    0.00845
 16.2333   56.81602   37.85434   37.4448  139.6523    2.36000   -0.00992
 16.2417   56.63328   38.06042   37.4499  139.6672    2.37100   -0.00887
 16.2500   56.45077   38.26571   37.4550  139.6822    2.41100   -0.00550
 16.2583   56.26849   38.47022   37.4601  139.6973    2.45900    0.00280
 16.2667   56.08644   38.67397   37.4651  139.7124    2.48100    0.01271
 16.2750   55.90463   38.87698   37.4702  139.7276    2.52900    0.01494
 16.2833   55.72304   39.07926   37.4751  139.7429    2.56000    0.01649
 16.2917   55.54169   39.28084   37.4801  139.7582    2.59500    0.00102
 16.3000   55.36057   39.48172   37.4850  139.7736    2.59500   -0.02524
 16.3083   55.17969   39.68193   37.4899  139.7891    2.60000   -0.06700
 16.3167   54.99904   39.88147   37.4947  139.8046    2.58700   -0.10057
 16.3250   54.81863   40.08036   37.4995  139.8202    2.62600   -0.13112
 16.3333   54.63845   40.27862   37.5043  139.8359    2.65000   -0.14334
 16.3417   54.45850   40.47626   37.5091  139.8516    2.71200   -0.13444
 16.3500   54.27880   40.67329   37.5138  139.8674    2.84100   -0.09878
 16.3583   54.09932   40.86973   37.5184  139.8833    2.97600   -0.05923
 16.3667   53.92009   41.06558   37.5231  139.8992    3.06800   -0.03492
 16.3750   53.74109   41.26087   37.5277  139.9153    3.14700   -0.02580
 16.3833   53.56232   41.45561   37.5322  139.9313    3.23100   -0.02306
 16.3917   53.38379   41.64980   37.5368  139.9475    3.30100   -0.01965
 16.4000   53.20550   41.84346   37.5413  139.9637    3.39100   -0.01124
 16.4083   53.02744   42.03660   37.5457  139.9801    3.49900   -0.00141
 16.4167   52.84962   42.22922   37.5501  139.9964    3.57900    0.03626
 16.4250   52.67204   42.42136   37.5545  140.0129    3.76700    0.07848
 16.4333   52.49469   42.61300   37.5589  140.0294    3.88700    0.12434
 16.4417   52.31758   42.80417   37.5632  140.0460    3.97200    0.12116
 16.4500   52.14071   42.99487   37.5674  140.0627    3.97100    0.10429
 16.4583   51.96407   43.18511   37.5717  140.0794    4.02700    0.07003
 16.4667   51.78767   43.37491   37.5759  140.0963    4.03300    0.06414
 16.4750   51.61150   43.56427   37.5800  140.1131    4.12500    0.05590
 16.4833   51.43557   43.75320   37.5841  140.1301    4.16500    0.05008
 16.4917   51.25988   43.94171   37.5882  140.1472    4.17200    0.02165
 16.5000   51.08442   44.12981   37.5923  140.1643    4.16700    0.01832
 16.5083   50.90920   44.31751   37.5963  140.1815    4.27900    0.02997
 16.5167   50.73421   44.50481   37.6002  140.1988    4.32600    0.05565
 16.5250   50.55945   44.69174   37.6042  140.2161    4.36100    0.04512
 16.5333   50.38493   44.87828   37.6081  140.2336    4.33300    0.01763
 16.5417   50.21065   45.06446   37.6119  140.2511    4.31100   -0.00404
 16.5500   50.03660   45.25027   37.6157  140.2687    4.36700    0.00134
 16.5583   49.86278   45.43573   37.6195  140.2863    4.44100    0.00823
 16.5667   49.68919   45.62085   37.6232  140.3041    4.42800   -0.00464
 16.5750   49.51584   45.80563   37.6269  140.3219    4.41200   -0.04028
 16.5833   49.34272   45.99007   37.6305  140.3398    4.40500   -0.04622
 16.5917   49.16983   46.17419   37.6341  140.3578    4.50700   -0.03364
 16.6000   48.99718   46.35799   37.6377  140.3759    4.55800   -0.02298
 16.6083   48.82475   46.54148   37.6412  140.3940    4.53800   -0.03441
 16.6167   48.65256   46.72467   37.6447  140.4123    4.55700   -0.04763
 16.6250   48.48059   46.90756   37.6481  140.4306    4.60800   -0.03858
 16.6333   48.30886   47.09015   37.6515  140.4490    4.68400   -0.01706
 16.6417   48.13736   47.27246   37.6549  140.4675    4.75600    0.00408
 16.6500   47.96608   47.45449   37.6582  140.4860    4.80800    0.01511
 16.6583   47.79503   47.63625   37.6615  140.5047    4.84600    0.02142
 16.6667   47.62421   47.81773   37.6647  140.5234    4.90400    0.00922
 16.6750   47.45362   47.99896   37.6679  140.5422    4.88600   -0.00095
 16.6833   47.28326   48.17992   37.6710  140.5611    4.92900   -0.00754
 16.6917   47.11312   48.36063   37.6741  140.5801    4.99600   -0.00511
 16.7000   46.94320   48.54110   37.6772  140.5992    5.00700    0.01761
 16.7083   46.77352   48.72132   37.6802  140.6183    5.12400    0.04280
 16.7167   46.60405   48.90131   37.6831  140.6376    5.18700    0.06289
 16.7250   46.43481   49.08106   37.6860  140.6569    5.16400    0.06350
 16.7333   46.26580   49.26059   37.6889  140.6764    5.19000    0.05833
 16.7417   46.09700   49.43989   37.6917  140.6959    5.23100    0.07215
 16.7500   45.92843   49.61897   37.6945  140.7155    5.29000    0.07492
 16.7583   45.76008   49.79785   37.6973  140.7352    5.28400    0.06276
 16.7667   45.59195   49.97651   37.6999  140.7550    5.27000    0.02293
 16.7750   45.42404   50.15496   37.7026  140.7748    5.21700   -0.01541
 16.7833   45.25635   50.33322   37.7052  140.7948    5.21400   -0.06421
 16.7917   45.08888   50.51128   37.7077  140.8148    5.14600   -0.09806
 16.8000   44.92163   50.68915   37.7102  140.8350    5.14600   -0.12677
 16.8083   44.75459   50.86682   37.7127  140.8552    5.15200   -0.09409
 16.8167   44.58777   51.04432   37.7151  140.8756    5.32900   -0.04067
 16.8250   44.42117   51.22163   37.7174  140.8960    5.40900    0.02408
 16.8333   44.25478   51.39876   37.7197  140.9165    5.46000    0.05621
 16.8417   44.08861   51.57572   37.7220  140.9371    5.50700    0.06569
 16.8500   43.92265   51.75251   37.7242  140.9579    5.49700    0.07147
 16.8583   43.75690   51.92913   37.7263  140.9787    5.53900    0.05458
 16.8667   43.59136   52.10559   37.7285  140.9996    5.49500    0.05329
 16.8750   43.42604   52.28189   37.7305  141.0206    5.56000    0.02105
 16.8833   43.26093   52.45803   37.7325  141.0417    5.48200   -0.00658
 16.8917   43.09602   52.63402   37.7345  141.0629    5.46500   -0.04061
 16.9000   42.93133   52.80985   37.7364  141.0841    5.49900   -0.03880
 16.9083   42.76684   52.98554   37.7382  141.1055    5.56000   -0.01803
 16.9167   42.60256   53.16109   37.7400  141.1270    5.61300   -0.00917
 16.9250   42.43849   53.33649   37.7418  141.1486    5.58900   -0.01047
 16.9333   42.27462   53.51175   37.7435  141.1703    5.60300   -0.02426
 16.9417   42.11096   53.68688   37.7451  141.1921    5.59700   -0.01654
 16.9500   41.94750   53.86187   37.7467  141.2140    5.66500   -0.00384
 16.9583   41.78425   54.03673   37.7482  141.2360    5.70100    0.00671
 16.9667   41.62120   54.21147   37.7497  141.2581    5.69600    0.01868
 16.9750   41.45834   54.38607   37.7512  141.2803    5.77900    0.01567
 16.9833   41.29569   54.56056   37.7525  141.3027    5.76100    0.02621
 16.9917   41.13324   54.73492   37.7539  141.3251    5.81700    0.01419
 17.0000   40.97099   54.90917   37.7551  141.3476    5.80200   -0.00207
 17.0083   40.80894   55.08330   37.7563  141.3702    5.76800   -0.02839
 17.0167   40.64708   55.25731   37.7575  141.3930    5.78200   -0.04651
 17.0250   40.48542   55.43121   37.7586  141.4158    5.80700   -0.04897
 17.0333   40.32396   55.60501   37.7596  141.4388    5.84200   -0.03851
 17.0417   40.16268   55.77869   37.7606  141.4618    5.91300   -0.02752
 17.0500   40.00161   55.95227   37.7615  141.4850    5.94200   -0.01692
 17.0583   39.84072   56.12575   37.7624  141.5083    5.97300   -0.00645
 17.0667   39.68003   56.29913   37.7632  141.5317    6.04200    0.00628
 17.0750   39.51953   56.47240   37.7639  141.5552    6.07500    0.01992
 17.0833   39.35921   56.64558   37.7646  141.5788    6.11200    0.01976
 17.0917   39.19909   56.81866   37.7653  141.6026    6.12500    0.01655
 17.1000   39.03915   56.99165   37.7658  141.6264    6.15200    0.01642
 17.1083   38.87940   57.16455   37.7664  141.6504    6.20800    0.01854
 17.1167   38.71984   57.33735   37.7668  141.6745    6.23300    0.02492
 17.1250   38.56046   57.51007   37.7672  141.6987    6.27900    0.01769
 17.1333   38.40127   57.68270   37.7675  141.7230    6.27300    0.00256
 17.1417   38.24226   57.85524   37.7678  141.7474    6.26100   -0.01787
 17.1500   38.08343   58.02770   37.7680  141.7720    6.28100   -0.02617
 17.1583   37.92478   58.20008   37.7681  141.7966    6.32800   -0.02356
 17.1667   37.76632   58.37238   37.7682  141.8214    6.36400   -0.02002
 17.1750   37.60803   58.54460   37.7682  141.8463    6.39000   -0.01741
 17.1833   37.44992   58.71673   37.7682  141.8714    6.43400   -0.01326
 17.1917   37.29199   58.88880   37.7681  141.8965    6.47500   -0.00527
 17.2000   37.13423   59.06078   37.7679  141.9218    6.51600    0.00277
 17.2083   36.97665   59.23269   37.7676  141.9473    6.55500    0.00916
 17.2167   36.81925   59.40453   37.7673  141.9728    6.58500    0.01377
 17.2250   36.66202   59.57630   37.7669  141.9984    6.61500    0.01907
 17.2333   36.50496   59.74800   37.7665  142.0242    6.65700    0.02607
 17.2417   36.34807   59.91962   37.7660  142.0502    6.69400    0.03488
 17.2500   36.19135   60.09118   37.7654  142.0762    6.73000    0.04025
 17.2583   36.03480   60.26267   37.7647  142.1024    6.75700    0.03540
 17.2667   35.87842   60.43410   37.7640  142.1287    6.74800    0.03021
 17.2750   35.72221   60.60546   37.7632  142.1551    6.78500    0.01786
 17.2833   35.56616   60.77676   37.7624  142.1817    6.78000   -0.00072
 17.2917   35.41028   60.94799   37.7614  142.2084    6.74600   -0.02575
 17.3000   35.25457   61.11916   37.7605  142.2353    6.75800   -0.04629
 17.3083   35.09901   61.29027   37.7594  142.2622    6.77600   -0.05878
 17.3167   34.94362   61.46132   37.7582  142.2894    6.77900   -0.06642
 17.3250   34.78839   61.63231   37.7570  142.3166    6.81100   -0.05860
 17.3333   34.63332   61.80324   37.7557  142.3440    6.90200   -0.04623
 17.3417   34.47841   61.97412   37.7544  142.3716    6.92600   -0.03116
 17.3500   34.32366   62.14493   37.7529  142.3992    6.97300   -0.01512
 17.3583   34.16907   62.31570   37.7514  142.4270    7.07000    0.00910
 17.3667   34.01463   62.48640   37.7498  142.4550    7.14200    0.03409
 17.3750   33.86035   62.65705   37.7482  142.4831    7.20400    0.03763
 17.3833   33.70622   62.82765   37.7464  142.5114    7.21000    0.02696
 17.3917   33.55224   62.99819   37.7446  142.5398    7.22400    0.00773
 17.4000   33.39842   63.16868   37.7427  142.5683    7.25500   -0.00707
 17.4083   33.24475   63.33912   37.7407  142.5970    7.29500   -0.02525
 17.4167   33.09122   63.50951   37.7387  142.6259    7.30100   -0.04345
 17.4250   32.93785   63.67984   37.7365  142.6549    7.33600   -0.06365
 17.4333   32.78462   63.85013   37.7343  142.6840    7.36700   -0.06500
 17.4417   32.63155   64.02037   37.7320  142.7133    7.46600   -0.05925
 17.4500   32.47861   64.19055   37.7297  142.7428    7.53300   -0.04484
 17.4583   32.32582   64.36069   37.7272  142.7724    7.60400   -0.03269
 17.4667   32.17318   64.53078   37.7246  142.8022    7.69100   -0.01468
 17.4750   32.02068   64.70082   37.7220  142.8321    7.79000    0.01018
 17.4833   31.86832   64.87081   37.7193  142.8622    7.89600    0.03771
 17.4917   31.71610   65.04076   37.7165  142.8925    7.99300    0.05270
 17.5000   31.56402   65.21066   37.7136  142.9229    8.02600    0.05864
 17.5083   31.41208   65.38051   37.7107  142.9535    8.08800    0.05431
 17.5167   31.26027   65.55032   37.7076  142.9843    8.13800    0.04964
 17.5250   31.10861   65.72008   37.7045  143.0152    8.17000    0.04720
 17.5333   30.95708   65.88980   37.7012  143.0463    8.24300    0.03853
 17.5417   30.80568   66.05947   37.6979  143.0775    8.25800    0.02939
 17.5500   30.65442   66.22910   37.6945  143.1089    8.28700    0.00611
 17.5583   30.50328   66.39868   37.6910  143.1406    8.28100   -0.02300
 17.5667   30.35228   66.56821   37.6874  143.1723    8.25800   -0.04475
 17.5750   30.20141   66.73771   37.6837  143.2043    8.31900   -0.04962
 17.5833   30.05067   66.90716   37.6799  143.2364    8.40400   -0.04396
 17.5917   29.90006   67.07656   37.6760  143.2687    8.44400   -0.04038
 17.6000   29.74957   67.24592   37.6721  143.3012    8.50100   -0.03628
 17.6083   29.59922   67.41524   37.6680  143.3339    8.59200   -0.03128
 17.6167   29.44898   67.58452   37.6638  143.3667    8.63600   -0.02138
 17.6250   29.29887   67.75375   37.6596  143.3998    8.72100   -0.02060
 17.6333   29.14888   67.92294   37.6552  143.4330    8.76800   -0.02339
 17.6417   28.99902   68.09208   37.6507  143.4664    8.80600   -0.02586
 17.6500   28.84927   68.26119   37.6462  143.5000    8.90900   -0.01444
 17.6583   28.69965   68.43025   37.6415  143.5338    9.04400    0.00468
 17.6667   28.55014   68.59927   37.6367  143.5678    9.13100    0.01462
 17.6750   28.40075   68.76824   37.6319  143.6020    9.18600    0.01003
 17.6833   28.25148   68.93717   37.6269  143.6364    9.24600   -0.00716
 17.6917   28.10233   69.10606   37.6218  143.6710    9.26800   -0.02390
 17.7000   27.95328   69.27491   37.6166  143.7058    9.33100   -0.02863
 17.7083   27.80436   69.44371   37.6113  143.7408    9.46100   -0.02131
 17.7167   27.65554   69.61247   37.6059  143.7759    9.55900   -0.01228
 17.7250   27.50684   69.78119   37.6004  143.8113    9.64200   -0.01319
 17.7333   27.35825   69.94986   37.5948  143.8470    9.72200   -0.01708
 17.7417   27.20976   70.11849   37.5890  143.8828    9.80100   -0.02314
 17.7500   27.06139   70.28708   37.5832  143.9188    9.86500   -0.01892
 17.7583   26.91312   70.45563   37.5772  143.9550    9.99800   -0.01230
 17.7667   26.76496   70.62413   37.5711  143.9915   10.08600   -0.00127
 17.7750   26.61690   70.79259   37.5650  144.0282   10.17300    0.00671
 17.7833   26.46895   70.96100   37.5586  144.0651   10.28600    0.02455
 17.7917   26.32110   71.12937   37.5522  144.1022   10.42600    0.04789
 17.8000   26.17336   71.29770   37.5457  144.1395   10.53500    0.06194
 17.8083   26.02572   71.46598   37.5390  144.1771   10.58300    0.06732
 17.8167   25.87817   71.63422   37.5322  144.2149   10.66200    0.06925
 17.8250   25.73073   71.80241   37.5253  144.2530   10.73700    0.06840
 17.8333   25.58338   71.97056   37.5182  144.2912   10.75700    0.05900
 17.8417   25.43613   72.13867   37.5111  144.3297   10.77100    0.04798
 17.8500   25.28898   72.30672   37.5038  144.3685   10.82600    0.03934
 17.8583   25.14192   72.47474   37.4964  144.4074   10.84600    0.03730
 17.8667   24.99496   72.64270   37.4888  144.4467   10.88600    0.03356
 17.8750   24.84809   72.81062   37.4811  144.4861   10.91400    0.03214
 17.8833   24.70131   72.97850   37.4733  144.5258   10.93100    0.02775
 17.8917   24.55463   73.14633   37.4654  144.5658   10.94100    0.01180
 17.9000   24.40803   73.31411   37.4573  144.6060   10.89000    0.00058
 17.9083   24.26153   73.48184   37.4491  144.6465   10.93000   -0.00971
 17.9167   24.11511   73.64953   37.4407  144.6872   10.94300   -0.00516
 17.9250   23.96878   73.81716   37.4322  144.7282   10.98500   -0.00844
 17.9333   23.82254   73.98475   37.4235  144.7695   10.97700   -0.01251
 17.9417   23.67638   74.15229   37.4148  144.8110   10.98300   -0.01840
 17.9500   23.53031   74.31979   37.4058  144.8528   11.00800   -0.02095
 17.9583   23.38431   74.48723   37.3968  144.8948   11.02000   -0.01962
 17.9667   23.23841   74.65462   37.3875  144.9371   11.05100   -0.01839
 17.9750   23.09258   74.82196   37.3782  144.9798   11.07600   -0.01136
 17.9833   22.94684   74.98926   37.3686  145.0226   11.12700   -0.00029
 17.9917   22.80117   75.15650   37.3589  145.0658   11.18300    0.01495
 18.0000   22.65558   75.32369   37.3491  145.1092   11.23500    0.01932
 18.0083   22.51007   75.49082   37.3391  145.1530   11.21400    0.01866
 18.0167   22.36464   75.65791   37.3290  145.1970   11.23500    0.01160
 18.0250   22.21928   75.82494   37.3187  145.2413   11.24400    0.01589
 18.0333   22.07400   75.99192   37.3082  145.2859   11.29200    0.02493
 18.0417   21.92879   76.15885   37.2975  145.3309   11.33900    0.02939
 18.0500   21.78366   76.32572   37.2867  145.3761   11.30900    0.02944
 18.0583   21.63859   76.49254   37.2758  145.4216   11.31600    0.02641
 18.0667   21.49360   76.65930   37.2646  145.4674   11.32300    0.03001
 18.0750   21.34868   76.82600   37.2533  145.5136   11.31400    0.04025
 18.0833   21.20383   76.99266   37.2418  145.5600   11.34000    0.04781
 18.0917   21.05904   77.15925   37.2302  145.6068   11.31000    0.06027
 18.1000   20.91432   77.32579   37.2183  145.6539   11.31600    0.06818
 18.1083   20.76967   77.49227   37.2063  145.7013   11.29600    0.07838
 18.1167   20.62509   77.65869   37.1941  145.7491   11.26100    0.08110
 18.1250   20.48057   77.82505   37.1817  145.7972   11.19700    0.07841
 18.1333   20.33611   77.99135   37.1691  145.8456   11.12500    0.06232
 18.1417   20.19172   78.15760   37.1564  145.8943   10.99000    0.04502
 18.1500   20.04739   78.32378   37.1434  145.9434   10.90700    0.02629
 18.1583   19.90311   78.48990   37.1302  145.9929   10.81200    0.01312
 18.1667   19.75890   78.65596   37.1169  146.0427   10.70100    0.00213
 18.1750   19.61475   78.82196   37.1033  146.0928   10.62000   -0.00914
 18.1833   19.47066   78.98789   37.0896  146.1433   10.51000   -0.02094
 18.1917   19.32662   79.15377   37.0756  146.1942   10.38500   -0.02726
 18.2000   19.18264   79.31958   37.0615  146.2454   10.33700   -0.02738
 18.2083   19.03872   79.48532   37.0471  146.2970   10.27300   -0.01716
 18.2167   18.89485   79.65100   37.0325  146.3490   10.22700   -0.01564
 18.2250   18.75104   79.81661   37.0177  146.4014   10.13200   -0.01998
 18.2333   18.60727   79.98216   37.0027  146.4541   10.04200   -0.02506
 18.2417   18.46357   80.14764   36.9874  146.5072   10.00500   -0.03484
 18.2500   18.31991   80.31305   36.9720  146.5607    9.88700   -0.04422
 18.2583   18.17630   80.47840   36.9563  146.6146    9.80600   -0.05362
 18.2667   18.03274   80.64367   36.9403  146.6689    9.77600   -0.05075
 18.2750   17.88923   80.80888   36.9242  146.7236    9.75500   -0.03842
 18.2833   17.74577   80.97401   36.9078  146.7787    9.75000   -0.02520
 18.2917   17.60236   81.13908   36.8911  146.8342    9.73500   -0.00960
 18.3000   17.45899   81.30407   36.8743  146.8901    9.73800    0.00639
 18.3083   17.31567   81.46899   36.8572  146.9464    9.74800    0.01553
 18.3167   17.17239   81.63384   36.8398  147.0032    9.69600    0.01619
 18.3250   17.02916   81.79861   36.8222  147.0603    9.65000    0.00634
 18.3333   16.88597   81.96331   36.8043  147.1180    9.58900   -0.00378
 18.3417   16.74282   82.12793   36.7861  147.1760    9.53800   -0.01054
 18.3500   16.59971   82.29248   36.7677  147.2345    9.51800   -0.01811
 18.3583   16.45665   82.45695   36.7491  147.2934    9.45400   -0.01963
 18.3667   16.31362   82.62135   36.7301  147.3528    9.45000   -0.01482
 18.3750   16.17063   82.78567   36.7109  147.4126    9.47500   -0.00256
 18.3833   16.02768   82.94991   36.6914  147.4729    9.46300    0.00920
 18.3917   15.88477   83.11406   36.6717  147.5337    9.45100    0.02342
 18.4000   15.74190   83.27814   36.6516  147.5949    9.49300    0.01906
 18.4083   15.59906   83.44214   36.6313  147.6566    9.33800    0.00953
 18.4167   15.45626   83.60606   36.6106  147.7187    9.28200   -0.00226
 18.4250   15.31349   83.76989   36.5897  147.7814    9.29600    0.00404
 18.4333   15.17075   83.93364   36.5684  147.8445    9.27000    0.01794
 18.4417   15.02805   84.09731   36.5469  147.9082    9.26800    0.02323
 18.4500   14.88538   84.26089   36.5250  147.9723    9.21000    0.02790
 18.4583   14.74274   84.42439   36.5028  148.0369    9.17000    0.03486
 18.4667   14.60013   84.58780   36.4803  148.1020    9.17300    0.04437
 18.4750   14.45755   84.75112   36.4575  148.1677    9.12500    0.04932
 18.4833   14.31500   84.91436   36.4344  148.2338    9.03900    0.04126
 18.4917   14.17248   85.07751   36.4109  148.3005    8.93400    0.02003
 18.5000   14.02998   85.24056   36.3871  148.3677    8.77600    0.00315
 18.5083   13.88752   85.40353   36.3629  148.4354    8.72200   -0.00260
 18.5167   13.74507   85.56641   36.3384  148.5037    8.70000   -0.00430
 18.5250   13.60266   85.72919   36.3135  148.5725    8.57600   -0.00974
 18.5333   13.46027   85.89189   36.2883  148.6419    8.49700   -0.01804
 18.5417   13.31790   86.05449   36.2627  148.7118    8.46000   -0.02156
 18.5500   13.17556   86.21699   36.2368  148.7823    8.37800   -0.02418
 18.5583   13.03324   86.37940   36.2104  148.8533    8.31400   -0.03314
 18.5667   12.89094   86.54171   36.1837  148.9249    8.23200   -0.04754
 18.5750   12.74866   86.70393   36.1566  148.9971    8.11800   -0.05975
 18.5833   12.60641   86.86605   36.1291  149.0698    8.08900   -0.06623
 18.5917   12.46417   87.02807   36.1012  149.1431    8.06700   -0.05055
 18.6000   12.32195   87.19000   36.0730  149.2171    8.14000   -0.03497
 18.6083   12.17976   87.35182   36.0443  149.2916    8.10100   -0.01271
 18.6167   12.03758   87.51354   36.0152  149.3667    8.13000   -0.00033
 18.6250   11.89541   87.67516   35.9856  149.4424    8.11300    0.02425
 18.6333   11.75327   87.83668   35.9557  149.5187    8.16700    0.04236
 18.6417   11.61114   87.99809   35.9253  149.5957    8.13200    0.06173
 18.6500   11.46902   88.15940   35.8944  149.6732    8.12700    0.07728
 18.6583   11.32692   88.32061   35.8632  149.7514    8.15500    0.08637
 18.6667   11.18484   88.48171   35.8314  149.8302    8.06900    0.08357
 18.6750   11.04276   88.64270   35.7993  149.9097    7.95500    0.05676
 18.6833   10.90070   88.80358   35.7666  149.9897    7.76300    0.03764
 18.6917   10.75866   88.96436   35.7335  150.0704    7.73300    0.01280
 18.7000   10.61662   89.12502   35.6999  150.1518    7.55600   -0.01114
 18.7083   10.47460   89.28558   35.6658  150.2339    7.36300   -0.03167
 18.7167   10.33258   89.44602   35.6312  150.3165    7.34600   -0.03272
 18.7250   10.19058   89.60636   35.5961  150.3999    7.33300   -0.02544
 18.7333   10.04858   89.76658   35.5606  150.4839    7.20300   -0.01699
 18.7417    9.90660   89.92668   35.5244  150.5686    7.18600   -0.02409
 18.7500    9.76462   90.08667   35.4878  150.6540    7.02300   -0.02083
 18.7583    9.62265   90.24655   35.4507  150.7400    6.97700   -0.01026
 18.7667    9.48068   90.40631   35.4130  150.8268    7.03200   -0.00297
 18.7750    9.33873   90.56595   35.3747  150.9142    6.85100    0.00299
 18.7833    9.19678   90.72547   35.3360  151.0023    6.81100    0.00075
 18.7917    9.05483   90.88487   35.2966  151.0912    6.80700    0.01196
 18.8000    8.91289   91.04416   35.2567  151.1807    6.75000    0.01514
 18.8083    8.77095   91.20332   35.2162  151.2710    6.63200    0.01546
 18.8167    8.62902   91.36236   35.1751  151.3619    6.59000    0.00577
 18.8250    8.48709   91.52128   35.1335  151.4536    6.44200   -0.00619
 18.8333    8.34516   91.68007   35.0912  151.5460    6.31700   -0.01416
 18.8417    8.20323   91.83874   35.0483  151.6391    6.32500   -0.00850
 18.8500    8.06131   91.99728   35.0048  151.7330    6.30800    0.00436
 18.8583    7.91939   92.15570   34.9607  151.8275    6.25200    0.00980
 18.8667    7.77746   92.31399   34.9159  151.9229    6.19800   -0.00843
 18.8750    7.63554   92.47215   34.8705  152.0189    5.97400   -0.02758
 18.8833    7.49362   92.63018   34.8245  152.1157    5.91500   -0.05282
 18.8917    7.35169   92.78808   34.7777  152.2133    5.80600   -0.05347
 18.9000    7.20977   92.94585   34.7303  152.3116    5.81800   -0.04307
 18.9083    7.06784   93.10348   34.6823  152.4106    5.87600   -0.02554
 18.9167    6.92591   93.26099   34.6335  152.5104    5.84900   -0.01748
 18.9250    6.78398   93.41836   34.5841  152.6109    5.77900   -0.01879
 18.9333    6.64204   93.57559   34.5339  152.7122    5.74900   -0.01243
 18.9417    6.50010   93.73269   34.4830  152.8143    5.79500   -0.00011
 18.9500    6.35815   93.88965   34.4314  152.9172    5.78600    0.01287
 18.9583    6.21620   94.04648   34.3791  153.0207    5.77300    0.00788
 18.9667    6.07425   94.20316   34.3260  153.1251    5.67000    0.00471
 18.9750    5.93229   94.35971   34.2722  153.2302    5.70700    0.00567
 18.9833    5.79032   94.51611   34.2176  153.3361    5.71800    0.00735
 18.9917    5.64835   94.67238   34.1622  153.4427    5.63000    0.00064
 19.0000    5.50637   94.82850   34.1060  153.5502    5.56300   -0.00449
 19.0083    5.36438   94.98447   34.0491  153.6584    5.58700    0.00002
 19.0167    5.22239   95.14030   33.9913  153.7673    5.57300    0.00299
 19.0250    5.08038   95.29599   33.9328  153.8770    5.51000    0.00000

