hmax        =    300
wind_bottom =      2
wind_top    =     10
critlon     =      0
tbeg, h     =   0.00
tend, h     =  24.00
c_ionex     =      0
c_vert      =      1
time, gamma, az, latp, lonp, tec, tec_filtered
  0.0000   65.50573  272.35229   36.1728  136.9156    2.53800    0.00000
  0.0083   65.63929  272.85364   36.1827  136.9248    2.46600    0.00061
  0.0167   65.77150  273.35938   36.1927  136.9341    2.39600    0.00448
  0.0250   65.90233  273.86960   36.2026  136.9433    2.31800    0.00228
  0.0333   66.03178  274.38431   36.2124  136.9526    2.22400   -0.00085
  0.0417   66.15981  274.90356   36.2223  136.9618    2.15300   -0.00934
  0.0500   66.28643  275.42734   36.2321  136.9711    2.08300   -0.02263
  0.0583   66.41160  275.95569   36.2418  136.9804    1.99100   -0.04126
  0.0667   66.53531  276.48865   36.2515  136.9897    1.91300   -0.05043
  0.0750   66.65754  277.02625   36.2612  136.9989    1.87500   -0.04276
  0.0833   66.77828  277.56845   36.2709  137.0083    1.83800   -0.02576
  0.0917   66.89750  278.11536   36.2805  137.0176    1.77500   -0.01426
  0.1000   67.01519  278.66693   36.2901  137.0269    1.71800   -0.00104
  0.1083   67.13133  279.22321   36.2997  137.0362    1.68900    0.01028
  0.1167   67.24590  279.78418   36.3092  137.0455    1.62400    0.01919
  0.1250   67.35889  280.34991   36.3188  137.0549    1.56300    0.01973
  0.1333   67.47026  280.92038   36.3282  137.0643    1.51000    0.01711
  0.1417   67.58002  281.49557   36.3377  137.0736    1.44000    0.02090
  0.1500   67.68813  282.07556   36.3471  137.0830    1.40500    0.00873
  0.1583   67.79459  282.66031   36.3565  137.0924    1.30300   -0.00126
  0.1667   67.89937  283.24979   36.3658  137.1018    1.23600   -0.01947
  0.1750   68.00245  283.84406   36.3752  137.1113    1.17000   -0.01748
  0.1833   68.10382  284.44312   36.3845  137.1207    1.13000   -0.01139
  0.1917   68.20346  285.04691   36.3938  137.1302    1.07400   -0.00741
  0.2000   68.30135  285.65546   36.4030  137.1397    1.00000   -0.00556
  0.2083   68.39748  286.26874   36.4122  137.1492    0.95300    0.00864
  0.2167   68.49182  286.88678   36.4214  137.1587    0.93900    0.02099
  0.2250   68.58436  287.50952   36.4306  137.1682    0.86200    0.02508
  0.2333   68.67509  288.13696   36.4398  137.1778    0.79000    0.00684
  0.2417   68.76398  288.76907   36.4489  137.1874    0.70900   -0.01228
  0.2500   68.85102  289.40582   36.4580  137.1970    0.63600   -0.02997
  0.2583   68.93620  290.04721   36.4670  137.2066    0.57700   -0.04189
  0.2667   69.01950  290.69318   36.4761  137.2162    0.51900   -0.04967
  0.2750   69.10089  291.34372   36.4851  137.2259    0.46200   -0.05404
  0.2833   69.18038  291.99875   36.4941  137.2356    0.41900   -0.05274
  0.2917   69.25793  292.65829   36.5031  137.2453    0.38600   -0.05082
  0.3000   69.33354  293.32224   36.5120  137.2551    0.33500   -0.05059
  0.3083   69.40720  293.99054   36.5209  137.2648    0.28900   -0.04949
  0.3167   69.47888  294.66318   36.5298  137.2747    0.26300   -0.03586
  0.3250   69.54858  295.34009   36.5387  137.2845    0.26000   -0.02550
  0.3333   69.61628  296.02121   36.5475  137.2943    0.21300   -0.02166
  0.3417   69.68197  296.70648   36.5563  137.3042    0.17500   -0.02774
  0.3500   69.74564  297.39581   36.5651  137.3142    0.15100   -0.02639
  0.3583   69.80727  298.08914   36.5739  137.3241    0.13900   -0.01915
  0.3667   69.86686  298.78638   36.5826  137.3341    0.13000   -0.01846
  0.3750   69.92439  299.48749   36.5914  137.3441    0.09200   -0.03036
  0.3833   69.97985  300.19232   36.6001  137.3542    0.04700   -0.04196
  0.3917   70.03324  300.90085   36.6087  137.3643    0.04700   -0.05441
  0.4000   70.08454  301.61295   36.6174  137.3744    0.01600   -0.05982
  0.4083   70.13375  302.32852   36.6260  137.3846    0.00100   -0.06814
  0.4167   70.18085  303.04745   36.6346  137.3948    0.00000   -0.06095
  0.4250   70.22585  303.76968   36.6432  137.4051    0.02700   -0.04646
  0.4333   70.26872  304.49506   36.6517  137.4154    0.04300   -0.03496
  0.4417   70.30948  305.22351   36.6602  137.4257    0.03700   -0.03711
  0.4500   70.34811  305.95490   36.6687  137.4361    0.02400   -0.03850
  0.4583   70.38460  306.68912   36.6771  137.4465    0.04900   -0.03786
  0.4667   70.41896  307.42603   36.6856  137.4569    0.05900   -0.02722
  0.4750   70.45118  308.16550   36.6940  137.4675    0.08500   -0.01566
  0.4833   70.48126  308.90744   36.7023  137.4780    0.11900   -0.00301
  0.4917   70.50919  309.65167   36.7107  137.4886    0.13900    0.00743
  0.5000   70.53497  310.39810   36.7190  137.4992    0.16500    0.00459
  0.5083   70.55861  311.14658   36.7273  137.5099    0.15900   -0.00649
  0.5167   70.58010  311.89694   36.7355  137.5207    0.15100   -0.01557
  0.5250   70.59945  312.64908   36.7437  137.5314    0.18200   -0.01071
  0.5333   70.61665  313.40286   36.7519  137.5423    0.22500   -0.00002
  0.5417   70.63171  314.15811   36.7601  137.5531    0.24100   -0.00180
  0.5500   70.64463  314.91467   36.7682  137.5641    0.23900   -0.00987
  0.5583   70.65542  315.67242   36.7763  137.5751    0.26400   -0.00559
  0.5667   70.66408  316.43121   36.7843  137.5861    0.32000    0.00140
  0.5750   70.67061  317.19086   36.7923  137.5972    0.32500   -0.00283
  0.5833   70.67502  317.95123   36.8003  137.6083    0.31400   -0.02237
  0.5917   70.67732  318.71219   36.8083  137.6195    0.32500   -0.04183
  0.6000   70.67752  319.47357   36.8162  137.6307    0.33700   -0.03845
  0.6083   70.67561  320.23520   36.8240  137.6420    0.40400   -0.02868
  0.6167   70.67162  320.99695   36.8318  137.6534    0.43600   -0.00751
  0.6250   70.66555  321.75867   36.8396  137.6647    0.48200   -0.00170
  0.6333   70.65741  322.52017   36.8474  137.6762    0.50100    0.00020
  0.6417   70.64721  323.28134   36.8551  137.6877    0.52400   -0.01075
  0.6500   70.63497  324.04199   36.8627  137.6992    0.53200   -0.01538
  0.6583   70.62069  324.80200   36.8703  137.7108    0.57100   -0.00965
  0.6667   70.60439  325.56122   36.8779  137.7225    0.62900    0.00611
  0.6750   70.58607  326.31946   36.8855  137.7342    0.67200    0.01625
  0.6833   70.56577  327.07663   36.8929  137.7459    0.69800    0.01119
  0.6917   70.54348  327.83255   36.9004  137.7577    0.71000   -0.00359
  0.7000   70.51922  328.58707   36.9078  137.7696    0.72300   -0.01279
  0.7083   70.49301  329.34009   36.9151  137.7815    0.76600   -0.01043
  0.7167   70.46487  330.09143   36.9224  137.7935    0.81300    0.00042
  0.7250   70.43481  330.84097   36.9297  137.8055    0.85200   -0.00236
  0.7333   70.40284  331.58859   36.9369  137.8175    0.85200   -0.00246
  0.7417   70.36899  332.33417   36.9440  137.8296    0.90600   -0.01005
  0.7500   70.33327  333.07751   36.9511  137.8418    0.91900   -0.00533
  0.7583   70.29571  333.81857   36.9582  137.8540    0.95400    0.00892
  0.7667   70.25631  334.55722   36.9652  137.8662    1.03600    0.02197
  0.7750   70.21509  335.29330   36.9722  137.8785    1.04500    0.03647
  0.7833   70.17209  336.02670   36.9791  137.8909    1.08600    0.03027
  0.7917   70.12731  336.75735   36.9859  137.9033    1.10300    0.02547
  0.8000   70.08077  337.48511   36.9927  137.9157    1.11700    0.01393
  0.8083   70.03251  338.20990   36.9995  137.9282    1.13800   -0.00158
  0.8167   69.98252  338.93161   37.0062  137.9407    1.14500   -0.01119
  0.8250   69.93084  339.65012   37.0128  137.9533    1.17900   -0.02097
  0.8333   69.87749  340.36539   37.0194  137.9659    1.20200   -0.02432
  0.8417   69.82249  341.07730   37.0259  137.9786    1.23000   -0.02940
  0.8500   69.76585  341.78580   37.0324  137.9913    1.25600   -0.03299
  0.8583   69.70760  342.49075   37.0388  138.0041    1.27900   -0.03420
  0.8667   69.64777  343.19214   37.0452  138.0168    1.31000   -0.02565
  0.8750   69.58636  343.88983   37.0515  138.0297    1.37000   -0.00528
  0.8833   69.52341  344.58383   37.0578  138.0425    1.43400    0.00762
  0.8917   69.45894  345.27402   37.0640  138.0555    1.44600    0.01445
  0.9000   69.39296  345.96036   37.0701  138.0684    1.48800    0.01955
  0.9083   69.32549  346.64279   37.0762  138.0814    1.54900    0.02393
  0.9167   69.25657  347.32126   37.0823  138.0944    1.56000    0.01765
  0.9250   69.18621  347.99573   37.0883  138.1075    1.57000   -0.00323
  0.9333   69.11443  348.66614   37.0942  138.1206    1.58500   -0.02134
  0.9417   69.04125  349.33246   37.1001  138.1337    1.60600   -0.01532
  0.9500   68.96670  349.99463   37.1059  138.1469    1.69300   -0.00442
  0.9583   68.89080  350.65265   37.1116  138.1601    1.72100    0.00941
  0.9667   68.81357  351.30649   37.1173  138.1734    1.74800    0.00036
  0.9750   68.73502  351.95609   37.1230  138.1867    1.76000    0.00405
  0.9833   68.65519  352.60144   37.1286  138.2000    1.83000    0.00118
  0.9917   68.57409  353.24255   37.1341  138.2133    1.83600    0.00863
  1.0000   68.49174  353.87936   37.1396  138.2267    1.88300    0.00458
  1.0083   68.40816  354.51184   37.1450  138.2401    1.91800    0.00283
  1.0167   68.32338  355.14005   37.1504  138.2536    1.93600   -0.00596
  1.0250   68.23742  355.76392   37.1557  138.2671    1.96300   -0.01903
  1.0333   68.15029  356.38348   37.1609  138.2806    1.98300   -0.02361
  1.0417   68.06202  356.99869   37.1661  138.2941    2.02700   -0.02447
  1.0500   67.97262  357.60959   37.1713  138.3077    2.06200   -0.01132
  1.0583   67.88211  358.21616   37.1764  138.3213    2.12600   -0.00581
  1.0667   67.79053  358.81839   37.1814  138.3349    2.14100    0.01168
  1.0750   67.69788  359.41629   37.1864  138.3486    2.21400    0.01856
  1.0833   67.60418    0.00990   37.1913  138.3623    2.24200    0.02783
  1.0917   67.50945    0.59920   37.1962  138.3760    2.26600    0.02704
  1.1000   67.41372    1.18421   37.2010  138.3898    2.30800    0.02735
  1.1083   67.31700    1.76495   37.2058  138.4035    2.34200    0.03078
  1.1167   67.21931    2.34143   37.2105  138.4173    2.37900    0.01976
  1.1250   67.12066    2.91367   37.2151  138.4312    2.37500    0.00279
  1.1333   67.02109    3.48168   37.2197  138.4450    2.39000   -0.02094
  1.1417   66.92059    4.04549   37.2243  138.4589    2.40300   -0.02816
  1.1500   66.81920    4.60512   37.2288  138.4729    2.45200   -0.03154
  1.1583   66.71692    5.16060   37.2332  138.4868    2.47700   -0.02708
  1.1667   66.61378    5.71194   37.2376  138.5008    2.51500   -0.01820
  1.1750   66.50979    6.25918   37.2419  138.5148    2.57800   -0.00930
  1.1833   66.40497    6.80234   37.2462  138.5288    2.60400   -0.00321
  1.1917   66.29934    7.34145   37.2504  138.5428    2.63600   -0.00343
  1.2000   66.19291    7.87653   37.2546  138.5569    2.68100   -0.00542
  1.2083   66.08569    8.40763   37.2587  138.5710    2.70800   -0.00961
  1.2167   65.97771    8.93477   37.2628  138.5852    2.73900   -0.01393
  1.2250   65.86898    9.45798   37.2668  138.5993    2.79000   -0.01996
  1.2333   65.75951    9.97729   37.2708  138.6135    2.81400   -0.02602
  1.2417   65.64932   10.49274   37.2747  138.6277    2.84800   -0.02993
  1.2500   65.53842   11.00437   37.2786  138.6420    2.90800   -0.03680
  1.2583   65.42683   11.51219   37.2824  138.6562    2.92500   -0.02929
  1.2667   65.31456   12.01626   37.2861  138.6705    3.00700   -0.02143
  1.2750   65.20163   12.51661   37.2898  138.6848    3.06800   -0.00328
  1.2833   65.08805   13.01326   37.2935  138.6991    3.12000    0.00493
  1.2917   64.97383   13.50627   37.2971  138.7135    3.17200    0.00666
  1.3000   64.85899   13.99566   37.3006  138.7279    3.21500    0.00101
  1.3083   64.74354   14.48147   37.3041  138.7423    3.24600    0.00016
  1.3167   64.62749   14.96374   37.3076  138.7568    3.31800   -0.00088
  1.3250   64.51085   15.44250   37.3110  138.7712    3.36600    0.00422
  1.3333   64.39364   15.91779   37.3143  138.7857    3.42300   -0.00120
  1.3417   64.27588   16.38966   37.3176  138.8002    3.46400   -0.01571
  1.3500   64.15756   16.85813   37.3208  138.8148    3.48400   -0.02776
  1.3583   64.03871   17.32325   37.3240  138.8293    3.55000   -0.03242
  1.3667   63.91934   17.78505   37.3272  138.8439    3.61500   -0.03398
  1.3750   63.79945   18.24356   37.3303  138.8586    3.64800   -0.03444
  1.3833   63.67905   18.69884   37.3333  138.8732    3.72000   -0.03069
  1.3917   63.55817   19.15091   37.3363  138.8879    3.80200   -0.01782
  1.4000   63.43680   19.59982   37.3392  138.9026    3.86400   -0.00110
  1.4083   63.31497   20.04559   37.3421  138.9173    3.94800    0.00143
  1.4167   63.19267   20.48827   37.3450  138.9320    3.98200    0.00901
  1.4250   63.06993   20.92789   37.3477  138.9468    4.06100    0.01072
  1.4333   62.94674   21.36450   37.3505  138.9616    4.12600    0.01625
  1.4417   62.82313   21.79812   37.3532  138.9764    4.17100    0.03168
  1.4500   62.69909   22.22879   37.3558  138.9913    4.27900    0.04077
  1.4583   62.57464   22.65656   37.3584  139.0061    4.31800    0.04936
  1.4667   62.44979   23.08145   37.3609  139.0211    4.35500    0.04010
  1.4750   62.32455   23.50350   37.3634  139.0360    4.40100    0.03601
  1.4833   62.19892   23.92276   37.3658  139.0509    4.45300    0.03957
  1.4917   62.07291   24.33924   37.3682  139.0659    4.51400    0.04070
  1.5000   61.94654   24.75299   37.3706  139.0809    4.55000    0.03577
  1.5083   61.81981   25.16404   37.3729  139.0960    4.58000    0.02225
  1.5167   61.69273   25.57244   37.3751  139.1110    4.60900    0.00352
  1.5250   61.56530   25.97820   37.3773  139.1261    4.62300   -0.01423
  1.5333   61.43754   26.38136   37.3794  139.1412    4.65100   -0.03802
  1.5417   61.30945   26.78197   37.3815  139.1564    4.65700   -0.03360
  1.5500   61.18104   27.18005   37.3835  139.1716    4.76500   -0.03179
  1.5583   61.05232   27.57563   37.3855  139.1868    4.78700   -0.01322
  1.5667   60.92329   27.96874   37.3875  139.2020    4.85400   -0.01100
  1.5750   60.79396   28.35943   37.3894  139.2172    4.90900   -0.00233
  1.5833   60.66434   28.74772   37.3912  139.2325    4.95300   -0.00842
  1.5917   60.53443   29.13363   37.3930  139.2478    4.97300   -0.02069
  1.6000   60.40425   29.51722   37.3947  139.2632    5.01500   -0.03275
  1.6083   60.27379   29.89849   37.3964  139.2785    5.07300   -0.04118
  1.6167   60.14307   30.27749   37.3980  139.2939    5.11700   -0.04762
  1.6250   60.01209   30.65425   37.3996  139.3093    5.17900   -0.05235
  1.6333   59.88085   31.02878   37.4012  139.3248    5.24800   -0.04604
  1.6417   59.74937   31.40114   37.4026  139.3403    5.33400   -0.04349
  1.6500   59.61764   31.77133   37.4041  139.3558    5.38000   -0.05653
  1.6583   59.48568   32.13939   37.4055  139.3713    5.39900   -0.06018
  1.6667   59.35348   32.50536   37.4068  139.3869    5.51900   -0.04761
  1.6750   59.22106   32.86925   37.4081  139.4025    5.62800   -0.01442
  1.6833   59.08842   33.23109   37.4093  139.4181    5.72600    0.00709
  1.6917   58.95557   33.59092   37.4105  139.4337    5.81300    0.02941
  1.7000   58.82250   33.94876   37.4116  139.4494    5.92800    0.03483
  1.7083   58.68923   34.30463   37.4127  139.4651    5.96800    0.03287
  1.7167   58.55576   34.65856   37.4137  139.4808    6.03000    0.00815
  1.7250   58.42209   35.01058   37.4147  139.4966    6.06500    0.00485
  1.7333   58.28823   35.36071   37.4156  139.5124    6.17600    0.00012
  1.7417   58.15419   35.70898   37.4165  139.5282    6.23200    0.01290
  1.7500   58.01996   36.05541   37.4173  139.5441    6.32400    0.02745
  1.7583   57.88555   36.40002   37.4181  139.5600    6.43300    0.04380
  1.7667   57.75097   36.74285   37.4188  139.5759    6.48400    0.04862
  1.7750   57.61622   37.08391   37.4195  139.5918    6.52600    0.04492
  1.7833   57.48131   37.42323   37.4201  139.6078    6.59900    0.04786
  1.7917   57.34623   37.76082   37.4207  139.6238    6.66800    0.05404
  1.8000   57.21099   38.09672   37.4212  139.6398    6.71900    0.04641
  1.8083   57.07561   38.43095   37.4217  139.6559    6.74400    0.03593
  1.8167   56.94007   38.76352   37.4221  139.6720    6.79900    0.02098
  1.8250   56.80438   39.09447   37.4224  139.6881    6.83300   -0.00015
  1.8333   56.66855   39.42380   37.4228  139.7043    6.83400   -0.01468
  1.8417   56.53258   39.75155   37.4230  139.7205    6.91000   -0.02957
  1.8500   56.39647   40.07772   37.4232  139.7367    6.93800   -0.02219
  1.8583   56.26023   40.40235   37.4234  139.7529    7.01400   -0.02442
  1.8667   56.12386   40.72546   37.4235  139.7692    7.05400   -0.01807
  1.8750   55.98736   41.04705   37.4235  139.7855    7.11000   -0.01879
  1.8833   55.85073   41.36716   37.4235  139.8019    7.15700   -0.02276
  1.8917   55.71399   41.68580   37.4235  139.8183    7.18800   -0.01529
  1.9000   55.57712   42.00299   37.4233  139.8347    7.28900    0.00128
  1.9083   55.44015   42.31876   37.4232  139.8511    7.37600    0.01594
  1.9167   55.30305   42.63310   37.4230  139.8676    7.40600    0.01487
  1.9250   55.16585   42.94606   37.4227  139.8841    7.45400    0.00435
  1.9333   55.02854   43.25764   37.4224  139.9006    7.51000   -0.00838
  1.9417   54.89112   43.56786   37.4220  139.9172    7.53300   -0.01950
  1.9500   54.75360   43.87673   37.4216  139.9338    7.59300   -0.03863
  1.9583   54.61598   44.18429   37.4211  139.9504    7.62700   -0.03795
  1.9667   54.47826   44.49053   37.4205  139.9671    7.72700   -0.03247
  1.9750   54.34044   44.79549   37.4199  139.9838    7.80600   -0.01430
  1.9833   54.20253   45.09917   37.4193  140.0006    7.88300   -0.01254
  1.9917   54.06453   45.40159   37.4186  140.0173    7.92500   -0.01960
  2.0000   53.92644   45.70277   37.4178  140.0341    7.97500   -0.03147
  2.0083   53.78826   46.00273   37.4170  140.0510    8.04200   -0.03360
  2.0167   53.65000   46.30147   37.4161  140.0678    8.12500   -0.02072
  2.0250   53.51165   46.59901   37.4152  140.0847    8.23900    0.00158
  2.0333   53.37322   46.89537   37.4143  140.1017    8.34600    0.00855
  2.0417   53.23470   47.19057   37.4132  140.1187    8.37900   -0.00802
  2.0500   53.09611   47.48461   37.4121  140.1357    8.40600   -0.03500
  2.0583   52.95745   47.77751   37.4110  140.1527    8.46900   -0.02840
  2.0667   52.81871   48.06928   37.4098  140.1698    8.62100   -0.01345
  2.0750   52.67989   48.35995   37.4085  140.1869    8.67900    0.00920
  2.0833   52.54100   48.64952   37.4072  140.2041    8.77700    0.01307
  2.0917   52.40205   48.93800   37.4059  140.2212    8.86500    0.03241
  2.1000   52.26302   49.22541   37.4045  140.2385    8.98400    0.03442
  2.1083   52.12393   49.51176   37.4030  140.2557    9.02100    0.03182
  2.1167   51.98477   49.79707   37.4014  140.2730    9.09000    0.01572
  2.1250   51.84554   50.08134   37.3998  140.2903    9.15900   -0.01966
  2.1333   51.70625   50.36459   37.3982  140.3077    9.12600   -0.03650
  2.1417   51.56690   50.64683   37.3965  140.3251    9.27300   -0.04794
  2.1500   51.42749   50.92807   37.3947  140.3425    9.36200   -0.03476
  2.1583   51.28802   51.20833   37.3929  140.3600    9.41800   -0.03072
  2.1667   51.14849   51.48762   37.3910  140.3775    9.52600   -0.02183
  2.1750   51.00890   51.76594   37.3891  140.3951    9.63500   -0.00206
  2.1833   50.86925   52.04331   37.3871  140.4127    9.73600    0.00312
  2.1917   50.72955   52.31973   37.3851  140.4303    9.79300    0.00446
  2.2000   50.58980   52.59523   37.3830  140.4479    9.89100   -0.00947
  2.2083   50.44999   52.86981   37.3808  140.4656    9.93800    0.00014
  2.2167   50.31012   53.14348   37.3786  140.4834   10.09500   -0.00769
  2.2250   50.17021   53.41625   37.3763  140.5011   10.13500   -0.02361
  2.2333   50.03025   53.68813   37.3739  140.5189   10.15700   -0.04077
  2.2417   49.89023   53.95913   37.3715  140.5368   10.30900   -0.04124
  2.2500   49.75017   54.22927   37.3691  140.5547   10.41300   -0.01566
  2.2583   49.61005   54.49854   37.3666  140.5726   10.53900   -0.00922
  2.2667   49.46989   54.76697   37.3640  140.5906   10.62100   -0.01090
  2.2750   49.32968   55.03455   37.3613  140.6086   10.70300   -0.02713
  2.2833   49.18943   55.30130   37.3586  140.6266   10.78200   -0.02641
  2.2917   49.04913   55.56723   37.3559  140.6447   10.93900   -0.02226
  2.3000   48.90878   55.83235   37.3530  140.6628   11.03600   -0.02407
  2.3083   48.76839   56.09666   37.3502  140.6810   11.09500   -0.03345
  2.3167   48.62796   56.36018   37.3472  140.6992   11.23000   -0.05169
  2.3250   48.48748   56.62291   37.3442  140.7175   11.30200   -0.04633
  2.3333   48.34696   56.88486   37.3411  140.7358   11.45700   -0.03818
  2.3417   48.20639   57.14604   37.3380  140.7541   11.60100   -0.01360
  2.3500   48.06578   57.40645   37.3348  140.7725   11.73900    0.00591
  2.3583   47.92514   57.66611   37.3316  140.7909   11.88100    0.01606
  2.3667   47.78445   57.92503   37.3283  140.8093   11.99500    0.01015
  2.3750   47.64372   58.18320   37.3249  140.8278   12.07500   -0.00661
  2.3833   47.50295   58.44064   37.3214  140.8464   12.18000   -0.01073
  2.3917   47.36213   58.69736   37.3179  140.8649   12.35300   -0.00829
  2.4000   47.22128   58.95336   37.3144  140.8836   12.46700   -0.01434
  2.4083   47.08039   59.20864   37.3108  140.9022   12.54900   -0.02760
  2.4167   46.93946   59.46323   37.3071  140.9210   12.69900   -0.04101
  2.4250   46.79849   59.71712   37.3033  140.9397   12.81700   -0.03846
  2.4333   46.65749   59.97032   37.2995  140.9585   12.96000   -0.04731
  2.4417   46.51644   60.22284   37.2956  140.9774   13.06200   -0.04603
  2.4500   46.37536   60.47468   37.2917  140.9962   13.22300   -0.03689
  2.4583   46.23423   60.72585   37.2876  141.0152   13.39900   -0.01351
  2.4667   46.09307   60.97636   37.2836  141.0342   13.55900   -0.00210
  2.4750   45.95188   61.22622   37.2794  141.0532   13.67000    0.01394
  2.4833   45.81064   61.47542   37.2752  141.0723   13.86300    0.03036
  2.4917   45.66937   61.72398   37.2709  141.0914   14.02700    0.04433
  2.5000   45.52806   61.97190   37.2666  141.1105   14.13200    0.04161
  2.5083   45.38671   62.21918   37.2622  141.1297   14.26100    0.03304
  2.5167   45.24532   62.46584   37.2577  141.1490   14.39900    0.04336
  2.5250   45.10390   62.71188   37.2532  141.1683   14.57900    0.03384
  2.5333   44.96244   62.95731   37.2486  141.1877   14.62800    0.01172
  2.5417   44.82094   63.20212   37.2439  141.2071   14.71700   -0.01353
  2.5500   44.67941   63.44633   37.2391  141.2265   14.89000   -0.02849
  2.5583   44.53784   63.68995   37.2343  141.2460   14.98600   -0.03152
  2.5667   44.39623   63.93296   37.2295  141.2655   15.12900   -0.03375
  2.5750   44.25459   64.17539   37.2245  141.2852   15.30400   -0.03715
  2.5833   44.11290   64.41724   37.2195  141.3048   15.39600   -0.05178
  2.5917   43.97119   64.65850   37.2144  141.3245   15.49600   -0.07479
  2.6000   43.82943   64.89920   37.2092  141.3442   15.64000   -0.07936
  2.6083   43.68764   65.13932   37.2040  141.3640   15.81000   -0.06850
  2.6167   43.54580   65.37888   37.1987  141.3839   15.98100   -0.03002
  2.6250   43.40394   65.61788   37.1934  141.4038   16.25300   -0.01025
  2.6333   43.26203   65.85633   37.1879  141.4237   16.36000    0.01136
  2.6417   43.12009   66.09423   37.1824  141.4438   16.54800    0.00152
  2.6500   42.97811   66.33158   37.1768  141.4638   16.69700   -0.00134
  2.6583   42.83609   66.56839   37.1712  141.4839   16.83800   -0.00981
  2.6667   42.69403   66.80466   37.1655  141.5041   17.01000   -0.02430
  2.6750   42.55194   67.04040   37.1597  141.5243   17.14200   -0.03188
  2.6833   42.40980   67.27561   37.1538  141.5446   17.32500   -0.03755
  2.6917   42.26763   67.51029   37.1479  141.5649   17.51200   -0.02907
  2.7000   42.12542   67.74446   37.1419  141.5853   17.70600   -0.01537
  2.7083   41.98317   67.97811   37.1358  141.6057   17.90700   -0.01352
  2.7167   41.84088   68.21124   37.1296  141.6262   18.04100   -0.00190
  2.7250   41.69856   68.44387   37.1234  141.6468   18.27300   -0.00412
  2.7333   41.55619   68.67599   37.1171  141.6674   18.41500    0.00394
  2.7417   41.41378   68.90761   37.1107  141.6881   18.59500    0.00565
  2.7500   41.27134   69.13873   37.1042  141.7088   18.80300    0.01975
  2.7583   41.12885   69.36936   37.0977  141.7296   18.99900    0.02647
  2.7667   40.98632   69.59950   37.0911  141.7504   19.14400    0.02850
  2.7750   40.84376   69.82915   37.0844  141.7713   19.32700    0.03283
  2.7833   40.70115   70.05831   37.0776  141.7923   19.53000    0.03036
  2.7917   40.55850   70.28700   37.0707  141.8133   19.64100    0.02771
  2.8000   40.41581   70.51521   37.0638  141.8344   19.82300    0.01418
  2.8083   40.27308   70.74294   37.0568  141.8556   19.97400    0.01727
  2.8167   40.13031   70.97020   37.0497  141.8768   20.15600    0.02279
  2.8250   39.98749   71.19700   37.0426  141.8981   20.34400    0.01425
  2.8333   39.84464   71.42332   37.0353  141.9194   20.43100   -0.00154
  2.8417   39.70174   71.64919   37.0280  141.9408   20.57800   -0.01915
  2.8500   39.55879   71.87460   37.0206  141.9623   20.75400   -0.01454
  2.8583   39.41581   72.09955   37.0131  141.9838   20.93700   -0.01234
  2.8667   39.27278   72.32405   37.0056  142.0054   21.07500   -0.00496
  2.8750   39.12971   72.54810   36.9979  142.0271   21.28000   -0.00867
  2.8833   38.98659   72.77170   36.9902  142.0488   21.42000   -0.01516
  2.8917   38.84343   72.99485   36.9824  142.0706   21.55400   -0.02605
  2.9000   38.70023   73.21757   36.9745  142.0925   21.74400   -0.03330
  2.9083   38.55698   73.43984   36.9665  142.1145   21.90700   -0.03233
  2.9167   38.41368   73.66167   36.9585  142.1365   22.08500   -0.04504
  2.9250   38.27034   73.88308   36.9503  142.1586   22.22400   -0.05971
  2.9333   38.12696   74.10404   36.9421  142.1807   22.39100   -0.05871
  2.9417   37.98352   74.32458   36.9338  142.2029   22.64600   -0.04783
  2.9500   37.84005   74.54469   36.9254  142.2252   22.83300   -0.03439
  2.9583   37.69652   74.76438   36.9169  142.2476   23.00800   -0.02319
  2.9667   37.55295   74.98364   36.9083  142.2700   23.25200   -0.01198
  2.9750   37.40933   75.20248   36.8996  142.2926   23.44100    0.00697
  2.9833   37.26566   75.42090   36.8909  142.3152   23.65900    0.01118
  2.9917   37.12195   75.63891   36.8821  142.3378   23.84400    0.02077
  3.0000   36.97819   75.85650   36.8731  142.3606   24.06900    0.03528
  3.0083   36.83438   76.07368   36.8641  142.3834   24.32000    0.03897
  3.0167   36.69052   76.29045   36.8550  142.4063   24.46500    0.02858
  3.0250   36.54661   76.50681   36.8458  142.4293   24.62300   -0.00342
  3.0333   36.40265   76.72277   36.8365  142.4524   24.77100   -0.03179
  3.0417   36.25864   76.93832   36.8271  142.4755   24.92800   -0.04892
  3.0500   36.11458   77.15346   36.8176  142.4987   25.13400   -0.04562
  3.0583   35.97047   77.36821   36.8080  142.5220   25.37000   -0.02851
  3.0667   35.82631   77.58256   36.7984  142.5454   25.57800    0.00981
  3.0750   35.68210   77.79651   36.7886  142.5689   25.87500    0.03510
  3.0833   35.53784   78.01007   36.7787  142.5925   26.03700    0.06465
  3.0917   35.39353   78.22323   36.7688  142.6161   26.25300    0.06701
  3.1000   35.24916   78.43600   36.7587  142.6399   26.40900    0.08032
  3.1083   35.10474   78.64838   36.7486  142.6637   26.61400    0.08569
  3.1167   34.96027   78.86037   36.7383  142.6876   26.79000    0.08994
  3.1250   34.81575   79.07197   36.7280  142.7116   26.93600    0.08064
  3.1333   34.67117   79.28319   36.7175  142.7357   27.07200    0.05682
  3.1417   34.52654   79.49403   36.7070  142.7599   27.16800    0.03976
  3.1500   34.38185   79.70448   36.6963  142.7842   27.33800    0.02090
  3.1583   34.23712   79.91455   36.6856  142.8086   27.45300    0.01092
  3.1667   34.09232   80.12424   36.6747  142.8330   27.58100    0.00107
  3.1750   33.94747   80.33355   36.6637  142.8576   27.73600   -0.01223
  3.1833   33.80257   80.54249   36.6527  142.8822   27.82500   -0.01654
  3.1917   33.65761   80.75105   36.6415  142.9070   27.99000   -0.02698
  3.2000   33.51260   80.95924   36.6302  142.9319   28.10900   -0.02196
  3.2083   33.36753   81.16705   36.6188  142.9568   28.26700   -0.02037
  3.2167   33.22240   81.37449   36.6073  142.9819   28.41100   -0.00438
  3.2250   33.07722   81.58156   36.5957  143.0070   28.60300    0.01618
  3.2333   32.93198   81.78826   36.5840  143.0323   28.78400    0.02530
  3.2417   32.78668   81.99459   36.5722  143.0577   28.87200    0.01796
  3.2500   32.64133   82.20056   36.5603  143.0832   28.98500    0.00728
  3.2583   32.49591   82.40616   36.5482  143.1087   29.15200    0.01163
  3.2667   32.35044   82.61139   36.5361  143.1344   29.31800    0.01341
  3.2750   32.20491   82.81626   36.5238  143.1602   29.41500    0.00680
  3.2833   32.05933   83.02077   36.5114  143.1861   29.53900   -0.00047
  3.2917   31.91368   83.22492   36.4989  143.2122   29.69900   -0.00377
  3.3000   31.76797   83.42870   36.4863  143.2383   29.81400   -0.00714
  3.3083   31.62221   83.63213   36.4735  143.2646   29.93500   -0.01054
  3.3167   31.47638   83.83520   36.4607  143.2909   30.09500    0.00127
  3.3250   31.33050   84.03791   36.4477  143.3174   30.29500    0.00625
  3.3333   31.18456   84.24026   36.4346  143.3440   30.39100    0.00212
  3.3417   31.03855   84.44226   36.4214  143.3707   30.50900   -0.01379
  3.3500   30.89249   84.64390   36.4080  143.3976   30.64600   -0.02681
  3.3583   30.74636   84.84518   36.3946  143.4245   30.75800   -0.03573
  3.3667   30.60017   85.04612   36.3810  143.4516   30.90400   -0.04914
  3.3750   30.45392   85.24670   36.3672  143.4789   31.02800   -0.05174
  3.3833   30.30761   85.44692   36.3534  143.5062   31.20300   -0.04058
  3.3917   30.16124   85.64680   36.3394  143.5337   31.42600   -0.01839
  3.4000   30.01480   85.84633   36.3253  143.5613   31.61200    0.00153
  3.4083   29.86831   86.04550   36.3111  143.5890   31.77600    0.00070
  3.4167   29.72175   86.24433   36.2967  143.6169   31.89300   -0.00975
  3.4250   29.57513   86.44281   36.2822  143.6449   32.03300   -0.01560
  3.4333   29.42844   86.64094   36.2675  143.6730   32.23100   -0.01076
  3.4417   29.28169   86.83873   36.2528  143.7013   32.41100    0.00681
  3.4500   29.13488   87.03617   36.2378  143.7297   32.62300    0.01011
  3.4583   28.98801   87.23326   36.2228  143.7583   32.74900    0.00468
  3.4667   28.84107   87.43000   36.2076  143.7870   32.88700   -0.00598
  3.4750   28.69407   87.62641   36.1922  143.8158   33.07400   -0.00965
  3.4833   28.54700   87.82246   36.1768  143.8448   33.23800   -0.00418
  3.4917   28.39987   88.01818   36.1611  143.8740   33.42600   -0.00268
  3.5000   28.25267   88.21355   36.1454  143.9033   33.59600   -0.00044
  3.5083   28.10541   88.40858   36.1294  143.9327   33.77100   -0.01054
  3.5167   27.95809   88.60327   36.1134  143.9623   33.89600   -0.02488
  3.5250   27.81070   88.79761   36.0971  143.9921   34.04500   -0.03461
  3.5333   27.66325   88.99161   36.0808  144.0220   34.24700   -0.03225
  3.5417   27.51573   89.18528   36.0642  144.0520   34.44700   -0.02389
  3.5500   27.36814   89.37860   36.0476  144.0823   34.63900   -0.01867
  3.5583   27.22049   89.57158   36.0307  144.1127   34.83200   -0.01766
  3.5667   27.07277   89.76423   36.0137  144.1432   35.01400   -0.01903
  3.5750   26.92499   89.95653   35.9966  144.1740   35.19700   -0.02304
  3.5833   26.77714   90.14850   35.9792  144.2049   35.38200   -0.02603
  3.5917   26.62923   90.34012   35.9618  144.2359   35.57700   -0.02858
  3.6000   26.48125   90.53141   35.9441  144.2672   35.77300   -0.02474
  3.6083   26.33320   90.72237   35.9263  144.2986   36.00400   -0.01569
  3.6167   26.18509   90.91298   35.9083  144.3302   36.23500   -0.00869
  3.6250   26.03691   91.10326   35.8901  144.3620   36.42100   -0.00813
  3.6333   25.88866   91.29320   35.8718  144.3940   36.61700   -0.01137
  3.6417   25.74035   91.48280   35.8533  144.4261   36.83100   -0.01100
  3.6500   25.59197   91.67207   35.8346  144.4584   37.04700   -0.00664
  3.6583   25.44353   91.86100   35.8157  144.4910   37.27600   -0.00212
  3.6667   25.29501   92.04960   35.7967  144.5237   37.50200    0.00092
  3.6750   25.14643   92.23786   35.7775  144.5566   37.71700   -0.00481
  3.6833   24.99778   92.42578   35.7580  144.5897   37.90000   -0.01768
  3.6917   24.84907   92.61337   35.7384  144.6230   38.08500   -0.03108
  3.7000   24.70029   92.80063   35.7186  144.6565   38.29800   -0.03569
  3.7083   24.55144   92.98755   35.6987  144.6902   38.53800   -0.03377
  3.7167   24.40252   93.17413   35.6785  144.7241   38.77000   -0.02496
  3.7250   24.25354   93.36038   35.6581  144.7583   39.03500   -0.01761
  3.7333   24.10449   93.54630   35.6375  144.7926   39.27400   -0.00780
  3.7417   23.95537   93.73188   35.6168  144.8271   39.52700   -0.00670
  3.7500   23.80619   93.91713   35.5958  144.8619   39.74200   -0.00837
  3.7583   23.65694   94.10205   35.5746  144.8969   39.96800   -0.01641
  3.7667   23.50762   94.28663   35.5532  144.9321   40.18800   -0.02107
  3.7750   23.35823   94.47088   35.5316  144.9676   40.43301   -0.01985
  3.7833   23.20877   94.65479   35.5098  145.0033   40.70300   -0.01564
  3.7917   23.05925   94.83837   35.4877  145.0392   40.94600   -0.00701
  3.8000   22.90966   95.02162   35.4655  145.0753   41.21900   -0.00045
  3.8083   22.76000   95.20453   35.4430  145.1117   41.47300    0.00601
  3.8167   22.61028   95.38711   35.4203  145.1483   41.71101    0.00772
  3.8250   22.46049   95.56936   35.3974  145.1851   41.94901    0.01273
  3.8333   22.31063   95.75127   35.3742  145.2222   42.22000    0.01828
  3.8417   22.16070   95.93285   35.3508  145.2596   42.45800    0.02663
  3.8500   22.01071   96.11410   35.3272  145.2972   42.71101    0.02968
  3.8583   21.86065   96.29501   35.3033  145.3351   42.94400    0.03271
  3.8667   21.71052   96.47559   35.2792  145.3732   43.17600    0.03198
  3.8750   21.56032   96.65584   35.2549  145.4116   43.39600    0.03131
  3.8833   21.41006   96.83575   35.2303  145.4502   43.61800    0.02769
  3.8917   21.25973   97.01533   35.2054  145.4891   43.82301    0.02667
  3.9000   21.10933   97.19458   35.1803  145.5283   44.05500    0.02107
  3.9083   20.95887   97.37349   35.1549  145.5678   44.24800    0.01529
  3.9167   20.80834   97.55207   35.1293  145.6075   44.44500    0.00722
  3.9250   20.65774   97.73031   35.1034  145.6476   44.65501    0.00224
  3.9333   20.50708   97.90823   35.0772  145.6879   44.85800   -0.00031
  3.9417   20.35635   98.08580   35.0508  145.7285   45.06600   -0.00606
  3.9500   20.20555   98.26305   35.0241  145.7694   45.24800   -0.01489
  3.9583   20.05469   98.43996   34.9971  145.8106   45.42700   -0.01538
  3.9667   19.90376   98.61654   34.9698  145.8521   45.69300   -0.01024
  3.9750   19.75277   98.79278   34.9422  145.8939   45.91800    0.00693
  3.9833   19.60170   98.96869   34.9144  145.9360   46.18200    0.00419
  3.9917   19.45058   99.14426   34.8862  145.9785   46.31500    0.00145
  4.0000   19.29939   99.31950   34.8577  146.0212   46.54401   -0.01095
  4.0083   19.14813   99.49441   34.8290  146.0643   46.74900   -0.01544
  4.0167   18.99680   99.66898   34.7999  146.1077   46.94300   -0.02516
  4.0250   18.84541   99.84321   34.7705  146.1514   47.14201   -0.03126
  4.0333   18.69396  100.01711   34.7408  146.1954   47.37901   -0.02735
  4.0417   18.54244  100.19068   34.7108  146.2398   47.65400   -0.02099
  4.0500   18.39086  100.36390   34.6805  146.2846   47.87600   -0.01920
  4.0583   18.23921  100.53680   34.6498  146.3297   48.08300   -0.01903
  4.0667   18.08749  100.70936   34.6188  146.3751   48.33900   -0.01711
  4.0750   17.93572  100.88158   34.5875  146.4209   48.57700   -0.00841
  4.0833   17.78387  101.05346   34.5558  146.4670   48.83601   -0.00332
  4.0917   17.63197  101.22501   34.5237  146.5135   49.07600    0.00271
  4.1000   17.48000  101.39623   34.4913  146.5604   49.32700    0.00483
  4.1083   17.32796  101.56710   34.4586  146.6076   49.56500    0.01315
  4.1167   17.17587  101.73764   34.4254  146.6552   49.85201    0.01612
  4.1250   17.02371  101.90784   34.3920  146.7032   50.05801    0.01680
  4.1333   16.87148  102.07771   34.3581  146.7516   50.27400    0.00452
  4.1417   16.71920  102.24724   34.3239  146.8004   50.46400    0.00180
  4.1500   16.56685  102.41643   34.2892  146.8496   50.74500   -0.00136
  4.1583   16.41444  102.58528   34.2542  146.8991   50.96101    0.00351
  4.1667   16.26196  102.75379   34.2188  146.9491   51.21201    0.00704
  4.1750   16.10943  102.92196   34.1830  146.9995   51.48500    0.00928
  4.1833   15.95683  103.08980   34.1467  147.0503   51.69400    0.00136
  4.1917   15.80417  103.25730   34.1101  147.1015   51.87200   -0.01549
  4.2000   15.65145  103.42445   34.0730  147.1532   52.07600   -0.02670
  4.2083   15.49867  103.59127   34.0355  147.2053   52.32900   -0.03276
  4.2167   15.34583  103.75775   33.9976  147.2578   52.55000   -0.02761
  4.2250   15.19293  103.92389   33.9592  147.3107   52.85300   -0.02528
  4.2333   15.03997  104.08968   33.9204  147.3641   53.09500   -0.02330
  4.2417   14.88694  104.25514   33.8812  147.4179   53.32401   -0.02190
  4.2500   14.73386  104.42025   33.8414  147.4722   53.62500   -0.01777
  4.2583   14.58072  104.58503   33.8012  147.5270   53.89101   -0.01318
  4.2667   14.42752  104.74946   33.7606  147.5822   54.12700   -0.01515
  4.2750   14.27426  104.91355   33.7194  147.6379   54.38900   -0.01861
  4.2833   14.12094  105.07730   33.6778  147.6941   54.66000   -0.02167
  4.2917   13.96756  105.24070   33.6357  147.7507   54.91600   -0.01701
  4.3000   13.81413  105.40377   33.5931  147.8078   55.24900   -0.00933
  4.3083   13.66064  105.56648   33.5499  147.8654   55.54601   -0.00115
  4.3167   13.50709  105.72886   33.5063  147.9236   55.80500   -0.00498
  4.3250   13.35348  105.89089   33.4621  147.9822   56.04100   -0.00956
  4.3333   13.19981  106.05258   33.4174  148.0413   56.33601   -0.01557
  4.3417   13.04609  106.21392   33.3722  148.1010   56.59600   -0.01019
  4.3500   12.89232  106.37492   33.3264  148.1611   56.93900   -0.00489
  4.3583   12.73848  106.53558   33.2800  148.2218   57.24800    0.00489
  4.3667   12.58459  106.69588   33.2331  148.2830   57.55400    0.00179
  4.3750   12.43065  106.85585   33.1856  148.3447   57.80000   -0.00930
  4.3833   12.27665  107.01546   33.1376  148.4070   58.05200   -0.02948
  4.3917   12.12259  107.17473   33.0889  148.4698   58.29100   -0.04723
  4.4000   11.96848  107.33365   33.0397  148.5332   58.56600   -0.05597
  4.4083   11.81432  107.49223   32.9898  148.5971   58.90701   -0.04489
  4.4167   11.66010  107.65046   32.9394  148.6616   59.33300   -0.03326
  4.4250   11.50583  107.80834   32.8883  148.7267   59.63800   -0.02852
  4.4333   11.35151  107.96587   32.8366  148.7923   59.94200   -0.03759
  4.4417   11.19713  108.12305   32.7842  148.8585   60.26900   -0.04548
  4.4500   11.04270  108.27988   32.7312  148.9253   60.59800   -0.04614
  4.4583   10.88822  108.43637   32.6775  148.9926   60.98400   -0.04627
  4.4667   10.73369  108.59250   32.6232  149.0606   61.33801   -0.04899
  4.4750   10.57911  108.74828   32.5681  149.1291   61.67700   -0.05704
  4.4833   10.42447  108.90371   32.5124  149.1983   62.05000   -0.05621
  4.4917   10.26979  109.05880   32.4560  149.2680   62.51000   -0.04748
  4.5000   10.11505  109.21353   32.3989  149.3384   62.93501   -0.03564
  4.5083    9.96026  109.36790   32.3410  149.4094   63.34500   -0.02866
  4.5167    9.80543  109.52193   32.2825  149.4810   63.77600   -0.02739
  4.5250    9.65054  109.67560   32.2232  149.5532   64.17001   -0.02785
  4.5333    9.49561  109.82892   32.1631  149.6261   64.59000   -0.03203
  4.5417    9.34063  109.98189   32.1023  149.6996   65.00800   -0.02498
  4.5500    9.18560  110.13450   32.0407  149.7737   65.52200   -0.01458
  4.5583    9.03052  110.28676   31.9784  149.8485   65.99600   -0.00761
  4.5667    8.87539  110.43866   31.9152  149.9239   66.41200   -0.00802
  4.5750    8.72022  110.59021   31.8512  150.0000   66.87901   -0.02197
  4.5833    8.56500  110.74141   31.7865  150.0767   67.24001   -0.03263
  4.5917    8.40973  110.89224   31.7209  150.1541   67.69801   -0.04434
  4.6000    8.25442  111.04272   31.6545  150.2321   68.18000   -0.04455
  4.6083    8.09906  111.19284   31.5872  150.3108   68.68100   -0.05019
  4.6167    7.94366  111.34261   31.5191  150.3902   69.12400   -0.05774
  4.6250    7.78822  111.49202   31.4501  150.4703   69.62000   -0.05869
  4.6333    7.63272  111.64107   31.3802  150.5510   70.20600   -0.05410
  4.6417    7.47719  111.78976   31.3094  150.6324   70.72800   -0.05947
  4.6500    7.32161  111.93809   31.2378  150.7145   71.16200   -0.07873
  4.6583    7.16599  112.08606   31.1652  150.7973   71.65501   -0.09262
  4.6667    7.01032  112.23368   31.0917  150.8808   72.26801   -0.08958
  4.6750    6.85462  112.38093   31.0173  150.9649   72.90701   -0.07468
  4.6833    6.69887  112.52782   30.9419  151.0498   73.55600   -0.06277
  4.6917    6.54308  112.67435   30.8656  151.1353   74.18100   -0.06248
  4.7000    6.38725  112.82052   30.7883  151.2215   74.74600   -0.06946
  4.7083    6.23138  112.96632   30.7100  151.3085   75.36800   -0.06811
  4.7167    6.07546  113.11176   30.6307  151.3961   76.10900   -0.06437
  4.7250    5.91951  113.25684   30.5505  151.4845   76.73300   -0.05628
  4.7333    5.76352  113.40156   30.4692  151.5735   77.43200   -0.04597
  4.7417    5.60749  113.54591   30.3869  151.6632   78.14800   -0.02851
  4.7500    5.45142  113.68989   30.3035  151.7537   78.89700   -0.01770
  4.7583    5.29531  113.83351   30.2191  151.8448   79.56500   -0.00765
  4.7667    5.13916  113.97677   30.1337  151.9367   80.34000   -0.01153
  4.7750    4.98298  114.11966   30.0472  152.0292   81.00000   -0.00471
  4.7833    4.82676  114.26218   29.9596  152.1225   81.80901   -0.00199
  4.7917    4.67050  114.40434   29.8709  152.2164   82.56200    0.00279
  4.8000    4.51421  114.54612   29.7811  152.3111   83.28900    0.00000

 21.7750   13.97087  216.43811   29.4950  132.8506    0.05800    0.00000
 21.7833   14.17886  216.51837   29.5677  132.8904    0.00000   -0.00734
 21.7917   14.38700  216.59923   29.6395  132.9297    0.00900   -0.01233
 21.8000   14.59531  216.68069   29.7102  132.9685    0.12600    0.00629
 21.8083   14.80378  216.76279   29.7800  133.0069    0.19800    0.01589
 21.8167   15.01240  216.84547   29.8489  133.0447    0.12900    0.00612
 21.8250   15.22117  216.92879   29.9169  133.0821    0.11100   -0.01199
 21.8333   15.43010  217.01273   29.9840  133.1191    0.14500   -0.02631
 21.8417   15.63918  217.09726   30.0502  133.1556    0.18000   -0.03751
 21.8500   15.84841  217.18242   30.1155  133.1917    0.21400   -0.05537
 21.8583   16.05778  217.26819   30.1800  133.2273    0.21100   -0.05981
 21.8667   16.26731  217.35458   30.2436  133.2625    0.30500   -0.06784
 21.8750   16.47698  217.44160   30.3064  133.2972    0.32500   -0.06095
 21.8833   16.68679  217.52927   30.3684  133.3316    0.44300   -0.03288
 21.8917   16.89675  217.61752   30.4296  133.3655    0.69700    0.00047
 21.9000   17.10685  217.70644   30.4900  133.3990    0.75800    0.00939
 21.9083   17.31708  217.79596   30.5496  133.4321    0.70700   -0.00035
 21.9167   17.52746  217.88612   30.6084  133.4648    0.83500    0.00457
 21.9250   17.73797  217.97691   30.6665  133.4971    1.01300    0.02218
 21.9333   17.94862  218.06833   30.7239  133.5291    1.05000    0.02576
 21.9417   18.15940  218.16040   30.7805  133.5607    1.07900    0.01336
 21.9500   18.37031  218.25310   30.8365  133.5918    1.14500    0.01380
 21.9583   18.58136  218.34644   30.8917  133.6227    1.28700    0.01717
 21.9667   18.79253  218.44041   30.9462  133.6531    1.33900    0.01435
 21.9750   19.00383  218.53505   31.0001  133.6832    1.34700    0.02000
 21.9833   19.21525  218.63033   31.0533  133.7130    1.52400    0.01453
 21.9917   19.42680  218.72624   31.1058  133.7423    1.49500    0.01877
 22.0000   19.63847  218.82281   31.1577  133.7714    1.58300   -0.00726
 22.0083   19.85026  218.92004   31.2090  133.8001    1.56500   -0.02121
 22.0167   20.06217  219.01791   31.2596  133.8285    1.62100   -0.03015
 22.0250   20.27420  219.11646   31.3096  133.8566    1.75400   -0.01367
 22.0333   20.48634  219.21564   31.3591  133.8843    1.92000   -0.00950
 22.0417   20.69859  219.31549   31.4079  133.9118    1.89700   -0.02783
 22.0500   20.91096  219.41602   31.4561  133.9389    1.87600   -0.06915
 22.0583   21.12344  219.51720   31.5038  133.9657    1.88900   -0.07633
 22.0667   21.33602  219.61903   31.5509  133.9922    2.09700   -0.05691
 22.0750   21.54872  219.72157   31.5975  134.0184    2.25300   -0.01757
 22.0833   21.76151  219.82475   31.6435  134.0443    2.39300   -0.00067
 22.0917   21.97441  219.92863   31.6890  134.0700    2.45000    0.02936
 22.1000   22.18741  220.03317   31.7339  134.0953    2.68600    0.04784
 22.1083   22.40051  220.13840   31.7783  134.1204    2.74800    0.06320
 22.1167   22.61371  220.24431   31.8223  134.1452    2.77900    0.05819
 22.1250   22.82700  220.35091   31.8657  134.1697    2.88100    0.04894
 22.1333   23.04038  220.45819   31.9086  134.1940    2.91800    0.05588
 22.1417   23.25386  220.56618   31.9510  134.2180    3.06300    0.04751
 22.1500   23.46743  220.67484   31.9930  134.2417    3.07300    0.04159
 22.1583   23.68108  220.78419   32.0345  134.2652    3.12100    0.00430
 22.1667   23.89482  220.89427   32.0755  134.2885    3.05800   -0.02228
 22.1750   24.10864  221.00504   32.1161  134.3115    3.13000   -0.03395
 22.1833   24.32255  221.11652   32.1562  134.3342    3.26100   -0.02509
 22.1917   24.53653  221.22868   32.1959  134.3567    3.32100   -0.02430
 22.2000   24.75059  221.34158   32.2352  134.3790    3.34100   -0.03542
 22.2083   24.96473  221.45518   32.2740  134.4011    3.40900   -0.04109
 22.2167   25.17894  221.56950   32.3124  134.4229    3.51100   -0.03216
 22.2250   25.39322  221.68456   32.3504  134.4445    3.62000   -0.02271
 22.2333   25.60757  221.80032   32.3880  134.4659    3.69500   -0.02315
 22.2417   25.82199  221.91682   32.4252  134.4871    3.74300   -0.02673
 22.2500   26.03647  222.03406   32.4620  134.5080    3.85300   -0.03202
 22.2583   26.25101  222.15201   32.4985  134.5288    3.93600   -0.02903
 22.2667   26.46562  222.27071   32.5345  134.5493    4.04600   -0.03090
 22.2750   26.68028  222.39015   32.5702  134.5697    4.13400   -0.02004
 22.2833   26.89500  222.51033   32.6055  134.5898    4.29900   -0.01686
 22.2917   27.10977  222.63126   32.6404  134.6098    4.38000   -0.01933
 22.3000   27.32459  222.75294   32.6750  134.6295    4.44700   -0.02948
 22.3083   27.53946  222.87538   32.7092  134.6491    4.57700   -0.03750
 22.3167   27.75438  222.99858   32.7431  134.6684    4.67700   -0.03558
 22.3250   27.96935  223.12254   32.7767  134.6876    4.81200   -0.03017
 22.3333   28.18435  223.24727   32.8099  134.7066    4.97100   -0.02642
 22.3417   28.39940  223.37276   32.8427  134.7255    5.07400   -0.02797
 22.3500   28.61448  223.49902   32.8753  134.7442    5.19600   -0.03544
 22.3583   28.82960  223.62608   32.9075  134.7626    5.34500   -0.03430
 22.3667   29.04475  223.75392   32.9395  134.7810    5.51900   -0.04482
 22.3750   29.25993  223.88252   32.9711  134.7991    5.60200   -0.05442
 22.3833   29.47514  224.01195   33.0024  134.8171    5.78400   -0.07315
 22.3917   29.69037  224.14215   33.0334  134.8349    5.92700   -0.08515
 22.4000   29.90563  224.27316   33.0641  134.8526    6.05700   -0.10451
 22.4083   30.12090  224.40495   33.0945  134.8701    6.20000   -0.11140
 22.4167   30.33619  224.53758   33.1247  134.8875    6.40700   -0.09209
 22.4250   30.55150  224.67101   33.1545  134.9047    6.67300   -0.05364
 22.4333   30.76682  224.80527   33.1841  134.9218    6.90900    0.00538
 22.4417   30.98215  224.94032   33.2134  134.9387    7.21500    0.06702
 22.4500   31.19749  225.07623   33.2424  134.9554    7.47600    0.13771
 22.4583   31.41283  225.21297   33.2712  134.9721    7.74300    0.17019
 22.4667   31.62817  225.35052   33.2997  134.9886    7.83200    0.18109
 22.4750   31.84351  225.48894   33.3280  135.0049    7.96100    0.17294
 22.4833   32.05885  225.62817   33.3559  135.0211    8.10300    0.16445
 22.4917   32.27418  225.76830   33.3837  135.0372    8.16300    0.16273
 22.5000   32.48950  225.90926   33.4112  135.0531    8.29900    0.15087
 22.5083   32.70481  226.05109   33.4384  135.0690    8.35400    0.14479
 22.5167   32.92010  226.19377   33.4654  135.0847    8.40200    0.12934
 22.5250   33.13538  226.33733   33.4922  135.1003    8.44400    0.12532
 22.5333   33.35063  226.48178   33.5188  135.1157    8.51000    0.12738
 22.5417   33.56586  226.62711   33.5451  135.1310    8.54100    0.11671
 22.5500   33.78107  226.77332   33.5712  135.1463    8.48500    0.09221
 22.5583   33.99624  226.92043   33.5970  135.1613    8.45600    0.06013
 22.5667   34.21139  227.06845   33.6227  135.1763    8.43200    0.04293
 22.5750   34.42649  227.21738   33.6481  135.1912    8.43500    0.02452
 22.5833   34.64156  227.36720   33.6733  135.2059    8.39200    0.00349
 22.5917   34.85659  227.51794   33.6983  135.2206    8.35000   -0.01833
 22.6000   35.07157  227.66963   33.7231  135.2351    8.34400   -0.03875
 22.6083   35.28651  227.82224   33.7477  135.2496    8.30500   -0.05417
 22.6167   35.50139  227.97578   33.7721  135.2639    8.28300   -0.06314
 22.6250   35.71622  228.13026   33.7963  135.2781    8.29800   -0.06657
 22.6333   35.93099  228.28571   33.8203  135.2923    8.27200   -0.06029
 22.6417   36.14570  228.44211   33.8441  135.3063    8.28600   -0.04436
 22.6500   36.36035  228.59947   33.8677  135.3202    8.34100   -0.00017
 22.6583   36.57493  228.75780   33.8911  135.3341    8.44200    0.03803
 22.6667   36.78944  228.91711   33.9143  135.3478    8.42200    0.07538
 22.6750   37.00388  229.07741   33.9374  135.3615    8.46600    0.10433
 22.6833   37.21824  229.23869   33.9603  135.3750    8.51800    0.13398
 22.6917   37.43252  229.40099   33.9830  135.3885    8.48800    0.14207
 22.7000   37.64672  229.56427   34.0055  135.4019    8.40800    0.12092
 22.7083   37.86083  229.72858   34.0278  135.4152    8.29900    0.10013
 22.7167   38.07485  229.89391   34.0500  135.4284    8.24300    0.09157
 22.7250   38.28877  230.06026   34.0720  135.4415    8.20000    0.10092
 22.7333   38.50260  230.22765   34.0938  135.4546    8.15300    0.11657
 22.7417   38.71632  230.39609   34.1155  135.4675    8.09700    0.12980
 22.7500   38.92994  230.56557   34.1370  135.4804    8.01100    0.13501
 22.7583   39.14345  230.73611   34.1583  135.4932    7.89600    0.13248
 22.7667   39.35685  230.90775   34.1795  135.5060    7.78000    0.08856
 22.7750   39.57014  231.08044   34.2006  135.5186    7.49200    0.03893
 22.7833   39.78330  231.25423   34.2214  135.5312    7.34300   -0.01482
 22.7917   39.99634  231.42909   34.2422  135.5437    7.20700   -0.02138
 22.8000   40.20926  231.60509   34.2627  135.5561    7.12700   -0.01917
 22.8083   40.42204  231.78217   34.2832  135.5685    7.01600   -0.02572
 22.8167   40.63469  231.96037   34.3035  135.5808    6.84200   -0.05591
 22.8250   40.84720  232.13972   34.3236  135.5930    6.66300   -0.09041
 22.8333   41.05957  232.32021   34.3436  135.6052    6.53900   -0.11103
 22.8417   41.27179  232.50183   34.3634  135.6173    6.43800   -0.10401
 22.8500   41.48386  232.68462   34.3831  135.6293    6.38800   -0.09490
 22.8583   41.69578  232.86858   34.4027  135.6413    6.28800   -0.09606
 22.8667   41.90754  233.05371   34.4222  135.6532    6.15500   -0.09668
 22.8750   42.11913  233.24004   34.4415  135.6650    6.11600   -0.08519
 22.8833   42.33056  233.42755   34.4606  135.6768    6.06700   -0.05252
 22.8917   42.54182  233.61627   34.4797  135.6885    6.01600   -0.00213
 22.9000   42.75290  233.80621   34.4986  135.7002    6.04100    0.04499
 22.9083   42.96380  233.99739   34.5174  135.7118    5.96900    0.11044
 22.9167   43.17452  234.18980   34.5360  135.7233    5.98600    0.15133
 22.9250   43.38505  234.38347   34.5546  135.7348    5.90100    0.17352
 22.9333   43.59539  234.57840   34.5730  135.7462    5.73900    0.17770
 22.9417   43.80553  234.77460   34.5912  135.7576    5.66600    0.16336
 22.9500   44.01547  234.97208   34.6094  135.7690    5.49300    0.15886
 22.9583   44.22520  235.17085   34.6275  135.7803    5.36500    0.13270
 22.9667   44.43473  235.37096   34.6454  135.7915    5.19800    0.08794
 22.9750   44.64404  235.57236   34.6632  135.8027    4.94100    0.03064
 22.9833   44.85313  235.77509   34.6809  135.8138    4.75200   -0.02768
 22.9917   45.06199  235.97919   34.6985  135.8249    4.57700   -0.05819
 23.0000   45.27063  236.18462   34.7160  135.8359    4.43100   -0.08448
 23.0083   45.47903  236.39142   34.7333  135.8469    4.26900   -0.12710
 23.0167   45.68719  236.59961   34.7506  135.8578    4.04800   -0.16791
 23.0250   45.89511  236.80919   34.7677  135.8687    3.93500   -0.19190
 23.0333   46.10278  237.02019   34.7847  135.8796    3.86400   -0.19717
 23.0417   46.31020  237.23260   34.8017  135.8904    3.73100   -0.20107
 23.0500   46.51736  237.44646   34.8185  135.9012    3.63700   -0.20589
 23.0583   46.72425  237.66174   34.8352  135.9119    3.58200   -0.19671
 23.0667   46.93088  237.87849   34.8518  135.9226    3.53200   -0.16835
 23.0750   47.13723  238.09674   34.8683  135.9333    3.54100   -0.11111
 23.0833   47.34330  238.31647   34.8848  135.9439    3.61600   -0.02951
 23.0917   47.54909  238.53770   34.9011  135.9545    3.67000    0.05349
 23.1000   47.75459  238.76045   34.9173  135.9650    3.68900    0.10334
 23.1083   47.95980  238.98476   34.9334  135.9755    3.63600    0.11212
 23.1167   48.16470  239.21059   34.9494  135.9859    3.53400    0.09906
 23.1250   48.36930  239.43800   34.9654  135.9964    3.47600    0.09110
 23.1333   48.57358  239.66699   34.9812  136.0068    3.45600    0.10110
 23.1417   48.77755  239.89758   34.9969  136.0171    3.44100    0.10483
 23.1500   48.98120  240.12978   35.0126  136.0275    3.37400    0.08156
 23.1583   49.18451  240.36362   35.0281  136.0377    3.26400    0.02607
 23.1667   49.38750  240.59911   35.0436  136.0480    3.13600   -0.05794
 23.1750   49.59014  240.83626   35.0590  136.0582    2.96600   -0.15041
 23.1833   49.79243  241.07509   35.0743  136.0684    2.83500   -0.21457
 23.1917   49.99437  241.31561   35.0895  136.0786    2.83200   -0.24870
 23.2000   50.19596  241.55788   35.1046  136.0887    2.80400   -0.25927
 23.2083   50.39718  241.80186   35.1196  136.0988    2.78300   -0.24578
 23.2167   50.59803  242.04761   35.1346  136.1089    2.87900   -0.21850
 23.2250   50.79850  242.29510   35.1494  136.1190    2.89700   -0.16853
 23.2333   50.99859  242.54442   35.1642  136.1290    2.95400   -0.10234
 23.2417   51.19828  242.79553   35.1789  136.1390    3.10700   -0.03513
 23.2500   51.39759  243.04848   35.1935  136.1490    3.13200    0.05591
 23.2583   51.59648  243.30327   35.2081  136.1589    3.28600    0.13824
 23.2667   51.79497  243.55994   35.2225  136.1689    3.41800    0.23517
 23.2750   51.99304  243.81850   35.2369  136.1787    3.50200    0.27778
 23.2833   52.19069  244.07895   35.2512  136.1886    3.45400    0.26814
 23.2917   52.38791  244.34135   35.2654  136.1985    3.38700    0.21497
 23.3000   52.58469  244.60568   35.2795  136.2083    3.30000    0.15711
 23.3083   52.78103  244.87201   35.2936  136.2181    3.22200    0.09984
 23.3167   52.97691  245.14034   35.3076  136.2279    3.13900    0.05671
 23.3250   53.17234  245.41066   35.3215  136.2377    3.07800    0.01969
 23.3333   53.36730  245.68304   35.3354  136.2474    2.99000    0.00405
 23.3417   53.56179  245.95747   35.3491  136.2571    2.95800   -0.00861
 23.3500   53.75579  246.23399   35.3628  136.2668    2.89100   -0.00366
 23.3583   53.94931  246.51263   35.3765  136.2765    2.85000    0.00444
 23.3667   54.14233  246.79340   35.3900  136.2862    2.81200    0.01483
 23.3750   54.33485  247.07631   35.4035  136.2958    2.73900    0.02486
 23.3833   54.52686  247.36140   35.4169  136.3055    2.68400    0.03181
 23.3917   54.71834  247.64873   35.4303  136.3151    2.61900    0.01769
 23.4000   54.90930  247.93825   35.4435  136.3246    2.45800   -0.02949
 23.4083   55.09972  248.23006   35.4567  136.3342    2.29000   -0.02479
 23.4167   55.28960  248.52412   35.4699  136.3438    2.42600    0.02803
 23.4250   55.47892  248.82050   35.4830  136.3533    2.44400    0.09844
 23.4333   55.66768  249.11922   35.4960  136.3629    2.33300    0.11380
 23.4417   55.85587  249.42030   35.5089  136.3724    2.26400    0.08969
 23.4500   56.04349  249.72375   35.5218  136.3819    2.14400    0.02497
 23.4583   56.23051  250.02963   35.5346  136.3914    1.89300   -0.06589
 23.4667   56.41694  250.33797   35.5473  136.4008    1.73300   -0.14206
 23.4750   56.60276  250.64876   35.5600  136.4103    1.66500   -0.11630
 23.4833   56.78797  250.96205   35.5727  136.4198    1.77500   -0.04750
 23.4917   56.97256  251.27786   35.5852  136.4292    1.77600   -0.00533
 23.5000   57.15651  251.59625   35.5977  136.4386    1.61800   -0.03051
 23.5083   57.33981  251.91721   35.6102  136.4480    1.49300   -0.05785
 23.5167   57.52247  252.24080   35.6226  136.4574    1.48400   -0.03077
 23.5250   57.70446  252.56703   35.6349  136.4668    1.51900   -0.00232
 23.5333   57.88578  252.89594   35.6471  136.4762    1.41100   -0.00008
 23.5417   58.06642  253.22755   35.6593  136.4855    1.33100   -0.02345
 23.5500   58.24636  253.56190   35.6715  136.4949    1.30400   -0.06968
 23.5583   58.42560  253.89903   35.6836  136.5042    1.14000   -0.09930
 23.5667   58.60413  254.23897   35.6956  136.5136    1.12400   -0.09986
 23.5750   58.78193  254.58174   35.7076  136.5229    1.19600   -0.06465
 23.5833   58.95900  254.92738   35.7195  136.5322    1.15900   -0.04323
 23.5917   59.13532  255.27592   35.7314  136.5415    1.11500   -0.05884
 23.6000   59.31088  255.62740   35.7432  136.5508    1.08100   -0.06268
 23.6083   59.48568  255.98186   35.7549  136.5601    1.09800   -0.06535
 23.6167   59.65970  256.33929   35.7666  136.5694    1.06600   -0.06133
 23.6250   59.83293  256.69977   35.7783  136.5787    1.06500   -0.06855
 23.6333   60.00535  257.06335   35.7899  136.5880    1.05600   -0.06940
 23.6417   60.17696  257.42999   35.8014  136.5972    1.06100   -0.07046
 23.6500   60.34774  257.79980   35.8129  136.6065    1.07300   -0.07082
 23.6583   60.51769  258.17279   35.8243  136.6158    1.07500   -0.04825
 23.6667   60.68678  258.54901   35.8357  136.6250    1.15800   -0.01842
 23.6750   60.85501  258.92844   35.8470  136.6342    1.19300    0.02154
 23.6833   61.02237  259.31119   35.8583  136.6435    1.23100    0.03534
 23.6917   61.18884  259.69724   35.8696  136.6527    1.22600    0.04053
 23.7000   61.35440  260.08667   35.8807  136.6619    1.23200    0.03990
 23.7083   61.51906  260.47949   35.8919  136.6712    1.25300    0.03653
 23.7167   61.68278  260.87573   35.9030  136.6804    1.24300    0.04428
 23.7250   61.84557  261.27545   35.9140  136.6896    1.28600    0.05377
 23.7333   62.00740  261.67868   35.9250  136.6988    1.30800    0.05426
 23.7417   62.16826  262.08545   35.9360  136.7080    1.26400    0.03863
 23.7500   62.32814  262.49582   35.9469  136.7172    1.25000    0.01160
 23.7583   62.48703  262.90982   35.9577  136.7264    1.23000   -0.00260
 23.7667   62.64490  263.32745   35.9685  136.7356    1.22100   -0.01543
 23.7750   62.80176  263.74881   35.9793  136.7449    1.20500   -0.00281
 23.7833   62.95757  264.17389   35.9900  136.7540    1.26500    0.01144
 23.7917   63.11233  264.60275   36.0007  136.7633    1.25900    0.01055
 23.8000   63.26602  265.03540   36.0113  136.7724    1.19200   -0.01098
 23.8083   63.41863  265.47192   36.0219  136.7817    1.18200   -0.02281
 23.8167   63.57014  265.91235   36.0324  136.7908    1.20700   -0.00656
 23.8250   63.72054  266.35669   36.0429  136.8000    1.23300    0.01046
 23.8333   63.86980  266.80499   36.0534  136.8092    1.22600    0.01522
 23.8417   64.01793  267.25729   36.0638  136.8184    1.20900    0.00301
 23.8500   64.16489  267.71362   36.0742  136.8276    1.17400   -0.00672
 23.8583   64.31067  268.17404   36.0845  136.8368    1.17000   -0.00351
 23.8667   64.45527  268.63858   36.0948  136.8461    1.18700    0.01124
 23.8750   64.59865  269.10727   36.1051  136.8552    1.18100    0.03500
 23.8833   64.74081  269.58014   36.1153  136.8645    1.19700    0.06215
 23.8917   64.88173  270.05722   36.1255  136.8737    1.21600    0.08984
 23.9000   65.02139  270.53857   36.1356  136.8829    1.19900    0.11029
 23.9083   65.15977  271.02420   36.1457  136.8921    1.17200    0.11312
 23.9167   65.29686  271.51416   36.1558  136.9013    1.11300    0.11149
 23.9250   65.43264  272.00848   36.1658  136.9105    1.06200    0.08879
 23.9333   65.56709  272.50720   36.1758  136.9198    1.02700    0.07449
 23.9417   65.70021  273.01031   36.1858  136.9290    0.98300    0.06920
 23.9500   65.83195  273.51791   36.1957  136.9382    0.92900    0.05918
 23.9583   65.96232  274.02997   36.2056  136.9475    0.83300    0.04047
 23.9667   66.09130  274.54654   36.2155  136.9567    0.73000    0.01897
 23.9750   66.21886  275.06766   36.2253  136.9660    0.63700    0.00683
 23.9833   66.34498  275.59332   36.2351  136.9753    0.51200    0.00287
 23.9917   66.46966  276.12360   36.2448  136.9845    0.39100    0.00000
