hmax        =    300
wind_bottom =      2
wind_top    =     10
critlon     =      0
tbeg, h     =   0.00
tend, h     =  24.00
c_ionex     =      0
c_vert      =      1
time, gamma, az, latp, lonp, tec, tec_filtered
  0.1667   23.13996  251.68292   34.2620  132.1165   13.29100    0.00000
  0.1750   23.30637  251.86052   34.2908  132.1490   13.24000   -0.00277
  0.1833   23.47265  252.03864   34.3194  132.1813   13.32000    0.01447
  0.1917   23.63879  252.21725   34.3476  132.2133   13.32100    0.04437
  0.2000   23.80480  252.39639   34.3756  132.2451   13.18000    0.04901
  0.2083   23.97068  252.57603   34.4033  132.2766   13.02800    0.04031
  0.2167   24.13643  252.75621   34.4308  132.3079   12.92700    0.02875
  0.2250   24.30203  252.93687   34.4580  132.3390   12.77800    0.01414
  0.2333   24.46750  253.11807   34.4849  132.3698   12.59800    0.01126
  0.2417   24.63283  253.29979   34.5116  132.4004   12.53800    0.00639
  0.2500   24.79803  253.48201   34.5380  132.4308   12.36300    0.01478
  0.2583   24.96308  253.66476   34.5641  132.4610   12.32100    0.01559
  0.2667   25.12799  253.84802   34.5900  132.4909   12.19800    0.02905
  0.2750   25.29275  254.03180   34.6157  132.5206   12.08000    0.02849
  0.2833   25.45738  254.21609   34.6412  132.5501   11.93500    0.02456
  0.2917   25.62186  254.40092   34.6664  132.5794   11.78300    0.00706
  0.3000   25.78619  254.58626   34.6913  132.6085   11.57800   -0.00418
  0.3083   25.95038  254.77213   34.7161  132.6374   11.46600   -0.01279
  0.3167   26.11442  254.95853   34.7406  132.6661   11.32900   -0.00768
  0.3250   26.27831  255.14543   34.7649  132.6946   11.20300    0.00304
  0.3333   26.44205  255.33287   34.7889  132.7229   11.12200    0.01440
  0.3417   26.60563  255.52083   34.8128  132.7510   10.98000    0.03166
  0.3500   26.76907  255.70932   34.8364  132.7789   10.88200    0.03276
  0.3583   26.93235  255.89833   34.8598  132.8066   10.70100    0.02627
  0.3667   27.09548  256.08789   34.8830  132.8342   10.51700    0.00698
  0.3750   27.25846  256.27795   34.9060  132.8615   10.35200   -0.00705
  0.3833   27.42127  256.46857   34.9288  132.8887   10.21100   -0.01443
  0.3917   27.58393  256.65970   34.9514  132.9157   10.07000   -0.01761
  0.4000   27.74644  256.85138   34.9738  132.9425    9.93600   -0.02651
  0.4083   27.90878  257.04358   34.9960  132.9692    9.77000   -0.03506
  0.4167   28.07096  257.23630   35.0180  132.9957    9.63800   -0.04687
  0.4250   28.23298  257.42957   35.0399  133.0220    9.49000   -0.05154
  0.4333   28.39484  257.62338   35.0615  133.0482    9.36600   -0.04921
  0.4417   28.55653  257.81772   35.0829  133.0741    9.27900   -0.03898
  0.4500   28.71807  258.01260   35.1042  133.1000    9.18200   -0.03367
  0.4583   28.87943  258.20804   35.1253  133.1257    9.04200   -0.04075
  0.4667   29.04063  258.40399   35.1462  133.1512    8.90000   -0.03955
  0.4750   29.20166  258.60049   35.1669  133.1765    8.86100   -0.02513
  0.4833   29.36252  258.79755   35.1874  133.2018    8.80100   -0.00706
  0.4917   29.52322  258.99515   35.2078  133.2268    8.68200   -0.00047
  0.5000   29.68374  259.19327   35.2280  133.2517    8.58400    0.00371
  0.5083   29.84409  259.39197   35.2480  133.2765    8.51600    0.00268
  0.5167   30.00427  259.59119   35.2679  133.3011    8.37800   -0.00271
  0.5250   30.16428  259.79095   35.2876  133.3257    8.26400   -0.00789
  0.5333   30.32411  259.99130   35.3071  133.3500    8.20300   -0.00095
  0.5417   30.48377  260.19217   35.3265  133.3742    8.13500    0.01151
  0.5500   30.64325  260.39359   35.3457  133.3983    8.05700    0.01303
  0.5583   30.80255  260.59558   35.3648  133.4222    7.94300   -0.00625
  0.5667   30.96168  260.79810   35.3837  133.4461    7.76600   -0.02415
  0.5750   31.12063  261.00122   35.4024  133.4698    7.69400   -0.03882
  0.5833   31.27939  261.20486   35.4210  133.4933    7.59600   -0.03126
  0.5917   31.43798  261.40906   35.4394  133.5167    7.53400   -0.02185
  0.6000   31.59638  261.61383   35.4577  133.5401    7.47300   -0.00930
  0.6083   31.75460  261.81915   35.4759  133.5632    7.39500   -0.00060
  0.6167   31.91264  262.02505   35.4939  133.5863    7.31700    0.00256
  0.6250   32.07049  262.23151   35.5117  133.6093    7.22800    0.01035
  0.6333   32.22816  262.43854   35.5295  133.6321    7.17000    0.01520
  0.6417   32.38564  262.64612   35.5470  133.6548    7.07900    0.01585
  0.6500   32.54294  262.85428   35.5645  133.6774    6.97400    0.00432
  0.6583   32.70004  263.06299   35.5818  133.6999    6.86500   -0.00838
  0.6667   32.85696  263.27228   35.5989  133.7223    6.77600   -0.01554
  0.6750   33.01368  263.48215   35.6159  133.7445    6.70300   -0.01721
  0.6833   33.17022  263.69260   35.6328  133.7667    6.62200   -0.01627
  0.6917   33.32656  263.90359   35.6496  133.7888    6.54500   -0.01561
  0.7000   33.48271  264.11520   35.6662  133.8107    6.47200   -0.02441
  0.7083   33.63867  264.32736   35.6827  133.8326    6.34800   -0.02281
  0.7167   33.79443  264.54013   35.6991  133.8543    6.32700   -0.03123
  0.7250   33.95000  264.75345   35.7153  133.8759    6.20700   -0.01867
  0.7333   34.10537  264.96735   35.7315  133.8975    6.18700   -0.01541
  0.7417   34.26054  265.18185   35.7474  133.9189    6.12300   -0.00414
  0.7500   34.41551  265.39694   35.7633  133.9403    6.04600   -0.00482
  0.7583   34.57029  265.61264   35.7791  133.9615    5.97100   -0.00716
  0.7667   34.72487  265.82889   35.7947  133.9827    5.90200   -0.00388
  0.7750   34.87924  266.04575   35.8102  134.0038    5.85500    0.00365
  0.7833   35.03342  266.26321   35.8256  134.0248    5.80200    0.01637
  0.7917   35.18739  266.48123   35.8409  134.0457    5.75900    0.01909
  0.8000   35.34116  266.69989   35.8560  134.0665    5.66300    0.01088
  0.8083   35.49472  266.91913   35.8711  134.0872    5.56000    0.00182
  0.8167   35.64808  267.13895   35.8860  134.1078    5.51000   -0.00318
  0.8250   35.80124  267.35941   35.9008  134.1284    5.43500   -0.00245
  0.8333   35.95419  267.58044   35.9155  134.1488    5.35700    0.00211
  0.8417   36.10693  267.80212   35.9301  134.1692    5.32500    0.00816
  0.8500   36.25946  268.02438   35.9446  134.1895    5.25500    0.01001
  0.8583   36.41179  268.24725   35.9590  134.2097    5.15600    0.00122
  0.8667   36.56390  268.47073   35.9732  134.2298    5.07500   -0.00308
  0.8750   36.71580  268.69482   35.9874  134.2499    5.02400   -0.00506
  0.8833   36.86750  268.91953   36.0014  134.2699    4.93700   -0.00836
  0.8917   37.01898  269.14487   36.0154  134.2898    4.85300   -0.00280
  0.9000   37.17024  269.37082   36.0292  134.3096    4.84700   -0.00354
  0.9083   37.32130  269.59741   36.0430  134.3294    4.73300   -0.00773
  0.9167   37.47214  269.82462   36.0566  134.3491    4.63400   -0.01981
  0.9250   37.62276  270.05243   36.0702  134.3687    4.59100   -0.02210
  0.9333   37.77317  270.28088   36.0836  134.3882    4.52100   -0.01121
  0.9417   37.92336  270.50998   36.0969  134.4077    4.48200   -0.00826
  0.9500   38.07333  270.73969   36.1102  134.4271    4.40700   -0.00349
  0.9583   38.22308  270.97006   36.1233  134.4465    4.34800   -0.00132
  0.9667   38.37262  271.20105   36.1364  134.4657    4.30000    0.00136
  0.9750   38.52193  271.43268   36.1493  134.4849    4.23000    0.00188
  0.9833   38.67103  271.66498   36.1622  134.5041    4.16300    0.00167
  0.9917   38.81990  271.89789   36.1749  134.5231    4.11400   -0.00299
  1.0000   38.96855  272.13147   36.1876  134.5422    4.03000   -0.01034
  1.0083   39.11698  272.36569   36.2002  134.5611    3.96000   -0.02026
  1.0167   39.26518  272.60056   36.2126  134.5800    3.90600   -0.02012
  1.0250   39.41316  272.83609   36.2250  134.5988    3.86600   -0.02367
  1.0333   39.56091  273.07227   36.2373  134.6176    3.78200   -0.02428
  1.0417   39.70844  273.30911   36.2495  134.6363    3.74200   -0.02710
  1.0500   39.85574  273.54663   36.2616  134.6550    3.69600   -0.02349
  1.0583   40.00282  273.78482   36.2737  134.6735    3.64000   -0.02478
  1.0667   40.14966  274.02365   36.2856  134.6921    3.58100   -0.01376
  1.0750   40.29628  274.26318   36.2975  134.7106    3.59100    0.00072
  1.0833   40.44266  274.50336   36.3092  134.7290    3.55400    0.01254
  1.0917   40.58882  274.74423   36.3209  134.7474    3.48900    0.00460
  1.1000   40.73474  274.98578   36.3325  134.7657    3.41800    0.00442
  1.1083   40.88043  275.22800   36.3440  134.7840    3.41700   -0.00066
  1.1167   41.02589  275.47092   36.3554  134.8022    3.33200    0.00495
  1.1250   41.17111  275.71451   36.3668  134.8203    3.30800   -0.00727
  1.1333   41.31610  275.95880   36.3780  134.8385    3.23200   -0.00784
  1.1417   41.46086  276.20380   36.3892  134.8565    3.19700   -0.01176
  1.1500   41.60538  276.44949   36.4003  134.8745    3.15900   -0.00928
  1.1583   41.74966  276.69586   36.4113  134.8925    3.10900    0.00163
  1.1667   41.89371  276.94296   36.4222  134.9104    3.10700    0.00925
  1.1750   42.03752  277.19073   36.4330  134.9283    3.05300    0.01259
  1.1833   42.18108  277.43927   36.4438  134.9461    2.98500    0.00881
  1.1917   42.32441  277.68848   36.4545  134.9639    2.95200    0.00565
  1.2000   42.46750  277.93842   36.4651  134.9816    2.90200    0.00711
  1.2083   42.61035  278.18906   36.4756  134.9993    2.85400    0.00324
  1.2167   42.75296  278.44043   36.4861  135.0170    2.80200   -0.00113
  1.2250   42.89532  278.69254   36.4965  135.0346    2.74900   -0.00105
  1.2333   43.03744  278.94537   36.5067  135.0521    2.72000   -0.00314
  1.2417   43.17932  279.19894   36.5170  135.0696    2.65900   -0.00087
  1.2500   43.32095  279.45325   36.5271  135.0871    2.62300   -0.00727
  1.2583   43.46233  279.70831   36.5372  135.1046    2.55500   -0.00962
  1.2667   43.60347  279.96411   36.5472  135.1220    2.50800   -0.00725
  1.2750   43.74437  280.22064   36.5571  135.1393    2.49100    0.00213
  1.2833   43.88501  280.47794   36.5669  135.1566    2.45300    0.00723
  1.2917   44.02541  280.73599   36.5767  135.1739    2.38900    0.00352
  1.3000   44.16556  280.99478   36.5864  135.1911    2.33800    0.00128
  1.3083   44.30545  281.25436   36.5960  135.2083    2.30900    0.00424
  1.3167   44.44510  281.51471   36.6056  135.2255    2.26700    0.00921
  1.3250   44.58449  281.77582   36.6150  135.2426    2.22400    0.00356
  1.3333   44.72364  282.03769   36.6244  135.2597    2.15000   -0.00776
  1.3417   44.86252  282.30035   36.6338  135.2768    2.08700   -0.01646
  1.3500   45.00116  282.56381   36.6430  135.2938    2.05600   -0.01593
  1.3583   45.13954  282.82806   36.6522  135.3108    2.01800   -0.01005
  1.3667   45.27767  283.09308   36.6614  135.3278    1.97300   -0.00074
  1.3750   45.41553  283.35889   36.6704  135.3447    1.95200    0.00991
  1.3833   45.55315  283.62552   36.6794  135.3616    1.92000    0.01433
  1.3917   45.69050  283.89297   36.6883  135.3784    1.85000    0.01286
  1.4000   45.82759  284.16119   36.6971  135.3953    1.80500    0.01046
  1.4083   45.96443  284.43024   36.7059  135.4120    1.76700    0.01484
  1.4167   46.10101  284.70013   36.7146  135.4288    1.72400    0.01788
  1.4250   46.23732  284.97083   36.7233  135.4455    1.67600    0.01092
  1.4333   46.37337  285.24234   36.7318  135.4622    1.60200    0.00136
  1.4417   46.50916  285.51471   36.7403  135.4789    1.55200   -0.01335
  1.4500   46.64469  285.78790   36.7488  135.4956    1.48500   -0.01490
  1.4583   46.77995  286.06195   36.7572  135.5122    1.46300   -0.01594
  1.4667   46.91494  286.33682   36.7655  135.5287    1.41300   -0.01338
  1.4750   47.04967  286.61255   36.7737  135.5453    1.36000   -0.01978
  1.4833   47.18413  286.88916   36.7819  135.5618    1.30500   -0.02843
  1.4917   47.31833  287.16660   36.7900  135.5783    1.25000   -0.03026
  1.5000   47.45225  287.44492   36.7980  135.5948    1.22600   -0.02170
  1.5083   47.58591  287.72412   36.8060  135.6113    1.21300   -0.00837
  1.5167   47.71929  288.00421   36.8139  135.6277    1.18000   -0.00118
  1.5250   47.85241  288.28516   36.8218  135.6441    1.13800   -0.00225
  1.5333   47.98525  288.56699   36.8295  135.6604    1.09900   -0.01040
  1.5417   48.11782  288.84973   36.8373  135.6768    1.04300   -0.01700
  1.5500   48.25011  289.13339   36.8449  135.6931    1.01000   -0.01741
  1.5583   48.38213  289.41791   36.8525  135.7094    0.99900   -0.01447
  1.5667   48.51387  289.70337   36.8601  135.7257    0.96100   -0.01462
  1.5750   48.64533  289.98975   36.8675  135.7419    0.92300   -0.02140
  1.5833   48.77652  290.27704   36.8749  135.7581    0.89200   -0.02742
  1.5917   48.90742  290.56528   36.8823  135.7743    0.86100   -0.02188
  1.6000   49.03805  290.85443   36.8896  135.7905    0.86900   -0.02104
  1.6083   49.16839  291.14453   36.8968  135.8067    0.82200   -0.01620
  1.6167   49.29845  291.43555   36.9039  135.8228    0.81000   -0.02211
  1.6250   49.42823  291.72754   36.9110  135.8389    0.78400   -0.02126
  1.6333   49.55773  292.02051   36.9181  135.8550    0.77000   -0.02500
  1.6417   49.68694  292.31442   36.9250  135.8711    0.74700   -0.02108
  1.6500   49.81586  292.60931   36.9320  135.8871    0.75400   -0.01744
  1.6583   49.94449  292.90518   36.9388  135.9032    0.74300   -0.01208
  1.6667   50.07284  293.20203   36.9456  135.9192    0.73100   -0.01539
  1.6750   50.20089  293.49988   36.9523  135.9352    0.71000   -0.01987
  1.6833   50.32866  293.79871   36.9590  135.9511    0.69600   -0.02421
  1.6917   50.45613  294.09854   36.9656  135.9671    0.68600   -0.01593
  1.7000   50.58330  294.39941   36.9722  135.9830    0.71200   -0.00745
  1.7083   50.71019  294.70126   36.9787  135.9989    0.70100    0.00626
  1.7167   50.83678  295.00415   36.9851  136.0148    0.71100    0.01006
  1.7250   50.96307  295.30807   36.9915  136.0307    0.70100    0.01486
  1.7333   51.08906  295.61304   36.9978  136.0465    0.69200    0.01717
  1.7417   51.21475  295.91904   37.0041  136.0624    0.69000    0.02438
  1.7500   51.34014  296.22610   37.0103  136.0782    0.69500    0.02654
  1.7583   51.46523  296.53424   37.0164  136.0940    0.66500    0.02513
  1.7667   51.59001  296.84341   37.0225  136.1098    0.64700    0.01884
  1.7750   51.71449  297.15369   37.0285  136.1256    0.63000    0.02039
  1.7833   51.83867  297.46503   37.0345  136.1413    0.62400    0.02228
  1.7917   51.96253  297.77747   37.0404  136.1571    0.60300    0.02767
  1.8000   52.08609  298.09100   37.0463  136.1728    0.59400    0.02726
  1.8083   52.20933  298.40564   37.0521  136.1885    0.56200    0.02394
  1.8167   52.33227  298.72137   37.0578  136.2042    0.52600    0.02120
  1.8250   52.45489  299.03824   37.0635  136.2199    0.51500    0.01855
  1.8333   52.57719  299.35626   37.0691  136.2355    0.47900    0.01293
  1.8417   52.69918  299.67538   37.0747  136.2512    0.42900    0.00212
  1.8500   52.82085  299.99567   37.0802  136.2668    0.39700   -0.00330
  1.8583   52.94220  300.31711   37.0857  136.2824    0.38100   -0.00201
  1.8667   53.06323  300.63971   37.0911  136.2980    0.35400    0.00103
  1.8750   53.18394  300.96347   37.0964  136.3136    0.32700   -0.00217
  1.8833   53.30432  301.28842   37.1017  136.3292    0.28600   -0.00392
  1.8917   53.42437  301.61456   37.1070  136.3448    0.26400   -0.00903
  1.9000   53.54410  301.94189   37.1121  136.3603    0.22700   -0.01192
  1.9083   53.66350  302.27042   37.1172  136.3759    0.19700   -0.01477
  1.9167   53.78256  302.60016   37.1223  136.3914    0.17800   -0.01687
  1.9250   53.90130  302.93115   37.1273  136.4069    0.14700   -0.01621
  1.9333   54.01969  303.26334   37.1323  136.4224    0.13300   -0.01923
  1.9417   54.13775  303.59680   37.1372  136.4379    0.10600   -0.02300
  1.9500   54.25548  303.93149   37.1420  136.4534    0.07600   -0.02884
  1.9583   54.37286  304.26743   37.1468  136.4688    0.05700   -0.03413
  1.9667   54.48990  304.60464   37.1516  136.4843    0.03700   -0.03099
  1.9750   54.60659  304.94315   37.1562  136.4997    0.04200   -0.02711
  1.9833   54.72294  305.28293   37.1609  136.5152    0.03200   -0.02567
  1.9917   54.83893  305.62399   37.1654  136.5306    0.00800   -0.02778
  2.0000   54.95458  305.96637   37.1699  136.5460    0.00700   -0.02306
  2.0083   55.06987  306.31009   37.1744  136.5614    0.02700   -0.01795
  2.0167   55.18481  306.65509   37.1788  136.5768    0.01100   -0.01628
  2.0250   55.29940  307.00146   37.1832  136.5922    0.00300   -0.02204
  2.0333   55.41362  307.34915   37.1875  136.6076    0.00300   -0.02316
  2.0417   55.52748  307.69821   37.1917  136.6229    0.01000   -0.02672
  2.0500   55.64097  308.04865   37.1959  136.6383    0.00000   -0.02497
  2.0583   55.75411  308.40042   37.2000  136.6536    0.02400   -0.02981
  2.0667   55.86687  308.75360   37.2041  136.6689    0.01200   -0.02472
  2.0750   55.97926  309.10818   37.2082  136.6842    0.04300   -0.02626
  2.0833   56.09127  309.46417   37.2121  136.6996    0.04800   -0.01832
  2.0917   56.20291  309.82156   37.2160  136.7149    0.07400   -0.02030
  2.1000   56.31418  310.18039   37.2199  136.7302    0.07300   -0.01686
  2.1083   56.42506  310.54065   37.2237  136.7455    0.10200   -0.01755
  2.1167   56.53555  310.90234   37.2275  136.7607    0.11900   -0.01611
  2.1250   56.64567  311.26550   37.2312  136.7760    0.13100   -0.01459
  2.1333   56.75539  311.63013   37.2348  136.7913    0.16500   -0.01454
  2.1417   56.86472  311.99625   37.2384  136.8065    0.17800   -0.00920
  2.1500   56.97365  312.36383   37.2420  136.8218    0.21000   -0.01149
  2.1583   57.08219  312.73294   37.2455  136.8370    0.21700   -0.00730
  2.1667   57.19033  313.10355   37.2489  136.8522    0.25600   -0.00740
  2.1750   57.29806  313.47565   37.2523  136.8674    0.27400   -0.00158
  2.1833   57.40539  313.84933   37.2556  136.8827    0.30400    0.00296
  2.1917   57.51231  314.22452   37.2589  136.8979    0.33900    0.01289
  2.2000   57.61882  314.60129   37.2621  136.9131    0.37700    0.01814
  2.2083   57.72491  314.97961   37.2653  136.9283    0.39100    0.01106
  2.2167   57.83058  315.35950   37.2684  136.9435    0.38300   -0.00086
  2.2250   57.93583  315.74100   37.2715  136.9586    0.40500   -0.00939
  2.2333   58.04066  316.12408   37.2745  136.9738    0.43100   -0.00513
  2.2417   58.14506  316.50879   37.2774  136.9890    0.46900   -0.00192
  2.2500   58.24902  316.89508   37.2803  137.0041    0.48700   -0.00171
  2.2583   58.35256  317.28305   37.2832  137.0193    0.50400   -0.00461
  2.2667   58.45565  317.67264   37.2860  137.0344    0.53300   -0.00699
  2.2750   58.55830  318.06387   37.2887  137.0496    0.55500   -0.01040
  2.2833   58.66051  318.45679   37.2914  137.0647    0.57000   -0.01515
  2.2917   58.76226  318.85138   37.2941  137.0798    0.59600   -0.01765
  2.3000   58.86357  319.24765   37.2966  137.0950    0.63000   -0.01989
  2.3083   58.96442  319.64560   37.2992  137.1101    0.65100   -0.02408
  2.3167   59.06480  320.04529   37.3017  137.1252    0.67600   -0.03141
  2.3250   59.16473  320.44669   37.3041  137.1403    0.70200   -0.03393
  2.3333   59.26418  320.84982   37.3064  137.1554    0.74200   -0.02830
  2.3417   59.36317  321.25470   37.3088  137.1705    0.79700   -0.02271
  2.3500   59.46167  321.66132   37.3110  137.1856    0.82600   -0.01542
  2.3583   59.55970  322.06973   37.3132  137.2007    0.87500   -0.01380
  2.3667   59.65725  322.47989   37.3154  137.2157    0.91400   -0.01133
  2.3750   59.75430  322.89185   37.3175  137.2308    0.95000   -0.00967
  2.3833   59.85086  323.30560   37.3195  137.2459    1.00000   -0.00269
  2.3917   59.94693  323.72113   37.3215  137.2610    1.06200   -0.00017
  2.4000   60.04250  324.13852   37.3235  137.2760    1.08900   -0.00307
  2.4083   60.13756  324.55771   37.3253  137.2911    1.12800   -0.01324
  2.4167   60.23211  324.97876   37.3272  137.3061    1.17200   -0.02010
  2.4250   60.32614  325.40164   37.3290  137.3212    1.21400   -0.02713
  2.4333   60.41966  325.82639   37.3307  137.3362    1.25600   -0.03343
  2.4417   60.51265  326.25302   37.3323  137.3512    1.30500   -0.03901
  2.4500   60.60511  326.68149   37.3340  137.3663    1.35400   -0.04376
  2.4583   60.69705  327.11188   37.3355  137.3813    1.40400   -0.04301
  2.4667   60.78844  327.54416   37.3370  137.3963    1.47700   -0.03533
  2.4750   60.87929  327.97836   37.3385  137.4113    1.55300   -0.02392
  2.4833   60.96959  328.41446   37.3399  137.4264    1.61900   -0.01186
  2.4917   61.05934  328.85248   37.3412  137.4414    1.69700   -0.00993
  2.5000   61.14853  329.29245   37.3425  137.4564    1.74300   -0.00855
  2.5083   61.23716  329.73438   37.3437  137.4714    1.81100   -0.01256
  2.5167   61.32522  330.17822   37.3449  137.4864    1.87700   -0.01213
  2.5250   61.41271  330.62405   37.3460  137.5014    1.94500   -0.00737
  2.5333   61.49961  331.07184   37.3471  137.5163    2.03400   -0.00315
  2.5417   61.58594  331.52161   37.3481  137.5313    2.10200   -0.00228
  2.5500   61.67167  331.97336   37.3491  137.5463    2.16000   -0.00399
  2.5583   61.75681  332.42709   37.3500  137.5613    2.23800   -0.01139
  2.5667   61.84135  332.88284   37.3508  137.5762    2.28400   -0.01485
  2.5750   61.92528  333.34058   37.3516  137.5912    2.35200   -0.01567
  2.5833   62.00860  333.80035   37.3524  137.6062    2.43700   -0.00165
  2.5917   62.09130  334.26212   37.3531  137.6211    2.53000    0.01927
  2.6000   62.17337  334.72592   37.3537  137.6361    2.61800    0.03978
  2.6083   62.25482  335.19174   37.3542  137.6510    2.69800    0.04999
  2.6167   62.33563  335.65958   37.3548  137.6660    2.75200    0.05386
  2.6250   62.41580  336.12949   37.3552  137.6809    2.81400    0.04711
  2.6333   62.49533  336.60144   37.3556  137.6958    2.85300    0.04439
  2.6417   62.57420  337.07544   37.3560  137.7108    2.91300    0.04238
  2.6500   62.65241  337.55148   37.3563  137.7257    2.97100    0.04160
  2.6583   62.72995  338.02957   37.3565  137.7406    3.00800    0.03706
  2.6667   62.80682  338.50974   37.3567  137.7555    3.05100    0.02996
  2.6750   62.88301  338.99194   37.3568  137.7704    3.09300    0.02996
  2.6833   62.95852  339.47620   37.3568  137.7853    3.14300    0.03434
  2.6917   63.03333  339.96255   37.3568  137.8002    3.19000    0.03985
  2.7000   63.10745  340.45096   37.3568  137.8151    3.22800    0.03968
  2.7083   63.18086  340.94144   37.3567  137.8300    3.25400    0.02570
  2.7167   63.25356  341.43396   37.3565  137.8448    3.25200    0.01196
  2.7250   63.32554  341.92856   37.3563  137.8597    3.28800    0.00347
  2.7333   63.39680  342.42523   37.3560  137.8746    3.33000    0.00714
  2.7417   63.46733  342.92395   37.3556  137.8894    3.36700    0.00751
  2.7500   63.53712  343.42474   37.3552  137.9043    3.39100   -0.00311
  2.7583   63.60616  343.92758   37.3548  137.9191    3.39300   -0.01396
  2.7667   63.67445  344.43246   37.3543  137.9340    3.42700   -0.01936
  2.7750   63.74198  344.93939   37.3537  137.9488    3.46600   -0.01740
  2.7833   63.80875  345.44839   37.3531  137.9636    3.49200   -0.01526
  2.7917   63.87474  345.95941   37.3524  137.9784    3.52400   -0.01020
  2.8000   63.93995  346.47247   37.3516  137.9933    3.57200    0.00213
  2.8083   64.00438  346.98755   37.3508  138.0080    3.62100    0.01501
  2.8167   64.06801  347.50467   37.3499  138.0228    3.65300    0.02589
  2.8250   64.13084  348.02380   37.3490  138.0376    3.69000    0.01853
  2.8333   64.19286  348.54492   37.3480  138.0524    3.67500    0.02310
  2.8417   64.25406  349.06802   37.3470  138.0672    3.74500    0.02454
  2.8500   64.31444  349.59311   37.3459  138.0819    3.77000    0.04132
  2.8583   64.37399  350.12018   37.3447  138.0967    3.80300    0.03911
  2.8667   64.43270  350.64923   37.3435  138.1114    3.80700    0.03307
  2.8750   64.49057  351.18018   37.3422  138.1261    3.82000    0.02360
  2.8833   64.54759  351.71310   37.3408  138.1409    3.84300    0.01486
  2.8917   64.60374  352.24792   37.3394  138.1556    3.85000    0.00306
  2.9000   64.65903  352.78467   37.3380  138.1703    3.85200   -0.00868
  2.9083   64.71344  353.32333   37.3364  138.1850    3.87400   -0.01959
  2.9167   64.76697  353.86383   37.3348  138.1996    3.88700   -0.03376
  2.9250   64.81961  354.40619   37.3332  138.2143    3.88100   -0.04987
  2.9333   64.87135  354.95038   37.3315  138.2289    3.90000   -0.06336
  2.9417   64.92219  355.49640   37.3297  138.2436    3.92100   -0.05443
  2.9500   64.97212  356.04422   37.3279  138.2582    3.99000   -0.04009
  2.9583   65.02112  356.59381   37.3260  138.2728    4.03000   -0.02373
  2.9667   65.06921  357.14517   37.3240  138.2874    4.06100   -0.01697
  2.9750   65.11635  357.69827   37.3220  138.3020    4.10100   -0.01634
  2.9833   65.16256  358.25308   37.3200  138.3165    4.12400   -0.01041
  2.9917   65.20781  358.80957   37.3178  138.3311    4.17700    0.00116
  3.0000   65.25211  359.36771   37.3156  138.3456    4.24400    0.01031
  3.0083   65.29545  359.92749   37.3134  138.3602    4.26700    0.00914
  3.0167   65.33781    0.48890   37.3111  138.3747    4.29300   -0.00146
  3.0250   65.37920    1.05188   37.3087  138.3892    4.33300   -0.00444
  3.0333   65.41960    1.61641   37.3062  138.4037    4.37900   -0.00890
  3.0417   65.45900    2.18246   37.3037  138.4181    4.39800   -0.01717
  3.0500   65.49741    2.75001   37.3012  138.4326    4.42400   -0.02613
  3.0583   65.53481    3.31902   37.2985  138.4470    4.46900   -0.02631
  3.0667   65.57120    3.88946   37.2959  138.4614    4.51800   -0.00164
  3.0750   65.60656    4.46129   37.2931  138.4758    4.62300    0.01828
  3.0833   65.64090    5.03449   37.2903  138.4901    4.64900    0.03128
  3.0917   65.67420    5.60901   37.2874  138.5045    4.67300    0.03027
  3.1000   65.70646    6.18483   37.2845  138.5188    4.73000    0.01904
  3.1083   65.73767    6.76190   37.2815  138.5331    4.72100    0.01443
  3.1167   65.76782    7.34019   37.2785  138.5474    4.76200    0.01748
  3.1250   65.79692    7.91966   37.2754  138.5617    4.84000    0.02920
  3.1333   65.82494    8.50027   37.2722  138.5759    4.85600    0.03709
  3.1417   65.85188    9.08198   37.2690  138.5901    4.88100    0.03357
  3.1500   65.87775    9.66475   37.2657  138.6044    4.91500    0.03342
  3.1583   65.90253   10.24854   37.2623  138.6185    4.93300    0.04202
  3.1667   65.92621   10.83332   37.2589  138.6327    4.97900    0.04393
  3.1750   65.94879   11.41902   37.2554  138.6468    4.98800    0.04202
  3.1833   65.97026   12.00562   37.2519  138.6609    4.99100    0.02956
  3.1917   65.99062   12.59307   37.2483  138.6750    5.00300    0.01880
  3.2000   66.00986   13.18133   37.2447  138.6891    5.01700    0.00839
  3.2083   66.02798   13.77034   37.2409  138.7031    5.02000   -0.00306
  3.2167   66.04496   14.36006   37.2372  138.7171    5.02700   -0.02503
  3.2250   66.06081   14.95046   37.2334  138.7311    5.00700   -0.03602
  3.2333   66.07552   15.54147   37.2295  138.7450    5.04900   -0.04556
  3.2417   66.08908   16.13305   37.2255  138.7590    5.06400   -0.03831
  3.2500   66.10148   16.72516   37.2215  138.7729    5.10100   -0.04279
  3.2583   66.11273   17.31775   37.2175  138.7867    5.10800   -0.04281
  3.2667   66.12282   17.91077   37.2133  138.8006    5.14200   -0.04448
  3.2750   66.13174   18.50416   37.2092  138.8144    5.18000   -0.04547
  3.2833   66.13949   19.09788   37.2049  138.8282    5.19600   -0.04371
  3.2917   66.14606   19.69189   37.2006  138.8419    5.24600   -0.03809
  3.3000   66.15145   20.28612   37.1963  138.8557    5.30400   -0.03204
  3.3083   66.15566   20.88053   37.1919  138.8694    5.33200   -0.02694
  3.3167   66.15868   21.47507   37.1874  138.8830    5.38600   -0.02217
  3.3250   66.16050   22.06969   37.1829  138.8967    5.44600   -0.01897
  3.3333   66.16112   22.66434   37.1784  138.9103    5.46600   -0.01279
  3.3417   66.16055   23.25896   37.1737  138.9239    5.52900   -0.00646
  3.3500   66.15877   23.85350   37.1691  138.9374    5.59100    0.00303
  3.3583   66.15578   24.44792   37.1643  138.9509    5.62400    0.01353
  3.3667   66.15157   25.04216   37.1595  138.9644    5.69200    0.02497
  3.3750   66.14616   25.63618   37.1547  138.9778    5.75700    0.04444
  3.3833   66.13953   26.22991   37.1498  138.9913    5.81500    0.05579
  3.3917   66.13167   26.82331   37.1449  139.0047    5.85600    0.04673
  3.4000   66.12260   27.41632   37.1399  139.0180    5.85200    0.02084
  3.4083   66.11229   28.00891   37.1348  139.0313    5.85400   -0.00239
  3.4167   66.10076   28.60101   37.1297  139.0446    5.90200   -0.00603
  3.4250   66.08801   29.19257   37.1245  139.0579    5.95900   -0.00071
  3.4333   66.07401   29.78355   37.1193  139.0711    5.98500    0.00341
  3.4417   66.05879   30.37389   37.1141  139.0843    6.02200    0.00364
  3.4500   66.04233   30.96355   37.1088  139.0974    6.06200    0.00496
  3.4583   66.02463   31.55248   37.1034  139.1106    6.08800    0.01442
  3.4667   66.00570   32.14062   37.0980  139.1237    6.14600    0.01463
  3.4750   65.98553   32.72793   37.0925  139.1367    6.15300    0.02278
  3.4833   65.96411   33.31436   37.0870  139.1497    6.20600    0.02450
  3.4917   65.94146   33.89987   37.0815  139.1627    6.24900    0.02178
  3.5000   65.91756   34.48440   37.0759  139.1757    6.24400    0.00588
  3.5083   65.89243   35.06791   37.0702  139.1886    6.25300   -0.01559
  3.5167   65.86605   35.65035   37.0645  139.2015    6.27200   -0.01802
  3.5250   65.83843   36.23168   37.0588  139.2144    6.32500   -0.01479
  3.5333   65.80956   36.81185   37.0530  139.2272    6.35100   -0.01524
  3.5417   65.77946   37.39082   37.0471  139.2400    6.35900   -0.00876
  3.5500   65.74811   37.96854   37.0413  139.2527    6.43400    0.00053
  3.5583   65.71553   38.54498   37.0353  139.2655    6.46800    0.02207
  3.5667   65.68170   39.12009   37.0293  139.2782    6.51000    0.02697
  3.5750   65.64664   39.69382   37.0233  139.2908    6.52700    0.03127
  3.5833   65.61034   40.26614   37.0173  139.3034    6.55500    0.01427
  3.5917   65.57280   40.83701   37.0111  139.3160    6.53000    0.00401
  3.6000   65.53402   41.40639   37.0050  139.3286    6.57100    0.00346
  3.6083   65.49402   41.97423   36.9988  139.3411    6.63000    0.01759
  3.6167   65.45278   42.54051   36.9925  139.3536    6.65200    0.02833
  3.6250   65.41031   43.10519   36.9862  139.3661    6.68400    0.02465
  3.6333   65.36661   43.66822   36.9799  139.3786    6.69800    0.00159
  3.6417   65.32169   44.22957   36.9735  139.3909    6.65700   -0.01121
  3.6500   65.27554   44.78922   36.9671  139.4033    6.71600   -0.02868
  3.6583   65.22818   45.34712   36.9607  139.4157    6.71200   -0.02052
  3.6667   65.17959   45.90325   36.9542  139.4280    6.75200   -0.02462
  3.6750   65.12980   46.45756   36.9476  139.4403    6.77700   -0.02804
  3.6833   65.07878   47.01004   36.9410  139.4525    6.78000   -0.02889
  3.6917   65.02656   47.56065   36.9344  139.4648    6.83200   -0.01556
  3.7000   64.97314   48.10936   36.9278  139.4769    6.90300    0.00473
  3.7083   64.91851   48.65614   36.9211  139.4891    6.92900    0.01599
  3.7167   64.86268   49.20097   36.9143  139.5012    6.95600   -0.00377
  3.7250   64.80566   49.74382   36.9075  139.5134    6.93100   -0.02042
  3.7333   64.74744   50.28466   36.9007  139.5254    6.97000   -0.03978
  3.7417   64.68804   50.82348   36.8938  139.5375    6.98900   -0.02638
  3.7500   64.62745   51.36023   36.8869  139.5495    7.06800   -0.01450
  3.7583   64.56569   51.89492   36.8800  139.5615    7.10400   -0.00035
  3.7667   64.50275   52.42750   36.8730  139.5735    7.13300    0.00270
  3.7750   64.43863   52.95796   36.8660  139.5854    7.18000    0.00663
  3.7833   64.37335   53.48629   36.8589  139.5974    7.22000    0.02211
  3.7917   64.30691   54.01245   36.8518  139.6092    7.28800    0.02347
  3.8000   64.23931   54.53644   36.8447  139.6211    7.29500    0.01275
  3.8083   64.17056   55.05823   36.8375  139.6329    7.30600   -0.01665
  3.8167   64.10066   55.57780   36.8303  139.6448    7.32000   -0.04922
  3.8250   64.02962   56.09516   36.8230  139.6566    7.32100   -0.06011
  3.8333   63.95744   56.61026   36.8157  139.6683    7.40500   -0.06830
  3.8417   63.88413   57.12311   36.8084  139.6801    7.43500   -0.06393
  3.8500   63.80969   57.63369   36.8010  139.6918    7.48600   -0.06682
  3.8583   63.73413   58.14199   36.7936  139.7035    7.55200   -0.06486
  3.8667   63.65745   58.64799   36.7862  139.7152    7.60200   -0.03817
  3.8750   63.57966   59.15169   36.7787  139.7269    7.73300   -0.01621
  3.8833   63.50076   59.65307   36.7712  139.7385    7.78600   -0.00979
  3.8917   63.42077   60.15212   36.7636  139.7501    7.78900   -0.02550
  3.9000   63.33967   60.64884   36.7560  139.7617    7.85200   -0.02772
  3.9083   63.25750   61.14321   36.7484  139.7733    7.95200    0.00211
  3.9167   63.17423   61.63524   36.7407  139.7849    8.05800    0.04347
  3.9250   63.08989   62.12491   36.7330  139.7964    8.15800    0.06217
  3.9333   63.00448   62.61222   36.7252  139.8079    8.17800    0.07162
  3.9417   62.91801   63.09716   36.7174  139.8194    8.24900    0.06114
  3.9500   62.83047   63.57973   36.7096  139.8309    8.27700    0.06678
  3.9583   62.74188   64.05992   36.7017  139.8424    8.34200    0.07682
  3.9667   62.65225   64.53773   36.6938  139.8538    8.41900    0.07856
  3.9750   62.56157   65.01316   36.6859  139.8653    8.41200    0.06161
  3.9833   62.46986   65.48620   36.6779  139.8767    8.41100    0.03499
  3.9917   62.37712   65.95686   36.6699  139.8881    8.45200    0.02657
  4.0000   62.28336   66.42514   36.6618  139.8995    8.49900    0.01639
  4.0083   62.18858   66.89102   36.6538  139.9108    8.48500    0.00537
  4.0167   62.09280   67.35453   36.6456  139.9222    8.51800   -0.00653
  4.0250   61.99601   67.81564   36.6375  139.9335    8.55800   -0.01170
  4.0333   61.89822   68.27437   36.6292  139.9449    8.56700   -0.02007
  4.0417   61.79944   68.73072   36.6210  139.9562    8.58700   -0.03360
  4.0500   61.69968   69.18468   36.6127  139.9675    8.60500   -0.04482
  4.0583   61.59894   69.63627   36.6044  139.9788    8.61800   -0.04320
  4.0667   61.49723   70.08549   36.5960  139.9901    8.68500   -0.03156
  4.0750   61.39456   70.53233   36.5876  140.0013    8.74600   -0.01200
  4.0833   61.29093   70.97680   36.5792  140.0126    8.78900   -0.00504
  4.0917   61.18634   71.41892   36.5707  140.0238    8.81400   -0.00192
  4.1000   61.08081   71.85867   36.5622  140.0350    8.86100    0.00350
  4.1083   60.97435   72.29608   36.5536  140.0463    8.91700    0.00566
  4.1167   60.86695   72.73113   36.5450  140.0575    8.93600   -0.00708
  4.1250   60.75862   73.16385   36.5364  140.0687    8.94300   -0.02767
  4.1333   60.64938   73.59423   36.5277  140.0799    8.98200   -0.02840
  4.1417   60.53922   74.02229   36.5189  140.0911    9.07800   -0.01072
  4.1500   60.42816   74.44802   36.5102  140.1022    9.15100   -0.01111
  4.1583   60.31619   74.87144   36.5014  140.1134    9.13000   -0.03067
  4.1667   60.20334   75.29256   36.4925  140.1246    9.16000   -0.06063
  4.1750   60.08960   75.71138   36.4836  140.1357    9.19700   -0.05743
  4.1833   59.97498   76.12790   36.4747  140.1469    9.28800   -0.04893
  4.1917   59.85948   76.54215   36.4657  140.1580    9.33700   -0.01404
  4.2000   59.74312   76.95412   36.4567  140.1692    9.46500    0.00758
  4.2083   59.62590   77.36384   36.4477  140.1803    9.51900    0.02965
  4.2167   59.50782   77.77129   36.4386  140.1914    9.57300    0.02914
  4.2250   59.38890   78.17651   36.4294  140.2025    9.62800    0.02988
  4.2333   59.26913   78.57948   36.4202  140.2137    9.68600    0.02546
  4.2417   59.14853   78.98024   36.4110  140.2248    9.73000    0.00719
  4.2500   59.02710   79.37877   36.4017  140.2359    9.74900   -0.02108
  4.2583   58.90485   79.77510   36.3924  140.2470    9.78400   -0.03828
  4.2667   58.78179   80.16924   36.3831  140.2581    9.87400   -0.05965
  4.2750   58.65791   80.56119   36.3737  140.2692    9.88500   -0.05102
  4.2833   58.53324   80.95097   36.3642  140.2803   10.02100   -0.07286
  4.2917   58.40776   81.33859   36.3547  140.2914   10.00200   -0.06667
  4.3000   58.28150   81.72405   36.3452  140.3025   10.10800   -0.06735
  4.3083   58.15445   82.10737   36.3356  140.3136   10.22400   -0.04284
  4.3167   58.02662   82.48857   36.3260  140.3246   10.29600   -0.01604
  4.3250   57.89802   82.86764   36.3163  140.3357   10.41300   -0.00254
  4.3333   57.76866   83.24461   36.3066  140.3468   10.49000    0.02124
  4.3417   57.63854   83.61948   36.2968  140.3579   10.60600    0.04168
  4.3500   57.50766   83.99227   36.2870  140.3690   10.71500    0.03694
  4.3583   57.37604   84.36298   36.2772  140.3801   10.71000    0.01530
  4.3667   57.24367   84.73164   36.2673  140.3912   10.76800    0.00213
  4.3750   57.11057   85.09824   36.2573  140.4023   10.91400   -0.00072
  4.3833   56.97674   85.46281   36.2473  140.4133   10.94500   -0.00310
  4.3917   56.84219   85.82536   36.2372  140.4244   11.00200   -0.00981
  4.4000   56.70692   86.18589   36.2271  140.4355   11.12500   -0.00266
  4.4083   56.57094   86.54442   36.2170  140.4466   11.20000    0.00282
  4.4167   56.43426   86.90096   36.2068  140.4577   11.25300   -0.00276
  4.4250   56.29687   87.25552   36.1966  140.4689   11.33500    0.00305
  4.4333   56.15879   87.60812   36.1863  140.4799   11.44600    0.01215
  4.4417   56.02003   87.95876   36.1759  140.4911   11.51300    0.02110
  4.4500   55.88058   88.30746   36.1655  140.5022   11.60500    0.01547
  4.4583   55.74045   88.65424   36.1551  140.5133   11.66800   -0.00916
  4.4667   55.59966   88.99910   36.1446  140.5244   11.66600   -0.03455
  4.4750   55.45820   89.34205   36.1340  140.5356   11.75200   -0.03996
  4.4833   55.31608   89.68311   36.1234  140.5467   11.88200   -0.01963
  4.4917   55.17331   90.02229   36.1128  140.5579   11.96700   -0.00569
  4.5000   55.02989   90.35960   36.1021  140.5690   12.02400   -0.00589
  4.5083   54.88582   90.69506   36.0913  140.5802   12.10400    0.00579
  4.5167   54.74112   91.02867   36.0805  140.5914   12.23000    0.04581
  4.5250   54.59579   91.36045   36.0696  140.6026   12.38500    0.06242
  4.5333   54.44983   91.69040   36.0587  140.6137   12.37300    0.06340
  4.5417   54.30325   92.01855   36.0477  140.6250   12.43900    0.05463
  4.5500   54.15606   92.34491   36.0367  140.6362   12.56200    0.03137
  4.5583   54.00826   92.66948   36.0256  140.6474   12.50700    0.01458
  4.5667   53.85985   92.99227   36.0145  140.6586   12.60100   -0.01022
  4.5750   53.71084   93.31331   36.0033  140.6698   12.69200   -0.00929
  4.5833   53.56124   93.63260   35.9920  140.6811   12.72700   -0.00910
  4.5917   53.41105   93.95015   35.9807  140.6923   12.81600   -0.01718
  4.6000   53.26028   94.26597   35.9693  140.7036   12.87500   -0.04231
  4.6083   53.10892   94.58009   35.9579  140.7149   12.84300   -0.05783
  4.6167   52.95700   94.89249   35.9464  140.7262   12.96500   -0.05602
  4.6250   52.80451   95.20321   35.9349  140.7375   13.08900   -0.02492
  4.6333   52.65145   95.51225   35.9233  140.7488   13.17100   -0.00309
  4.6417   52.49783   95.81962   35.9116  140.7601   13.27100    0.00210
  4.6500   52.34367   96.12534   35.8999  140.7715   13.33800   -0.00376
  4.6583   52.18895   96.42941   35.8881  140.7829   13.38100   -0.01810
  4.6667   52.03369   96.73185   35.8763  140.7942   13.44900   -0.02066
  4.6750   51.87789   97.03266   35.8644  140.8056   13.56600   -0.01297
  4.6833   51.72156   97.33186   35.8524  140.8170   13.65500   -0.01740
  4.6917   51.56470   97.62947   35.8404  140.8285   13.68300   -0.02061
  4.7000   51.40732   97.92548   35.8283  140.8399   13.80600   -0.00930
  4.7083   51.24942   98.21991   35.8161  140.8513   13.95300    0.01620
  4.7167   51.09100   98.51278   35.8039  140.8628   14.03900    0.00950
  4.7250   50.93208   98.80409   35.7916  140.8743   14.04600   -0.01820
  4.7333   50.77265   99.09386   35.7793  140.8858   14.11600   -0.03321
  4.7417   50.61272   99.38208   35.7669  140.8974   14.24900   -0.01456
  4.7500   50.45229   99.66879   35.7544  140.9089   14.38400    0.00416
  4.7583   50.29137   99.95398   35.7419  140.9205   14.45100   -0.00862
  4.7667   50.12997  100.23766   35.7292  140.9321   14.46000   -0.03061
  4.7750   49.96809  100.51985   35.7166  140.9437   14.56200   -0.02536
  4.7833   49.80572  100.80056   35.7038  140.9553   14.73700    0.01416
  4.7917   49.64289  101.07980   35.6910  140.9670   14.87800    0.04744
  4.8000   49.47959  101.35757   35.6781  140.9787   14.95100    0.05388
  4.8083   49.31582  101.63389   35.6651  140.9904   15.02400    0.03780
  4.8167   49.15160  101.90876   35.6521  141.0021   15.08100    0.02048
  4.8250   48.98691  102.18220   35.6390  141.0138   15.15300   -0.00638
  4.8333   48.82178  102.45422   35.6258  141.0256   15.18500   -0.02787
  4.8417   48.65621  102.72483   35.6126  141.0374   15.26000   -0.02408
  4.8500   48.49019  102.99403   35.5993  141.0493   15.42800   -0.00708
  4.8583   48.32373  103.26184   35.5859  141.0611   15.51500    0.00794
  4.8667   48.15684  103.52826   35.5724  141.0730   15.58400    0.00377
  4.8750   47.98952  103.79330   35.5589  141.0849   15.67400   -0.00005
  4.8833   47.82177  104.05698   35.5452  141.0968   15.75800   -0.01279
  4.8917   47.65361  104.31930   35.5316  141.1088   15.78900   -0.00414
  4.9000   47.48503  104.58028   35.5178  141.1208   15.96000   -0.00131
  4.9083   47.31603  104.83992   35.5039  141.1328   16.02100    0.00742
  4.9167   47.14663  105.09822   35.4900  141.1448   16.08000   -0.01272
  4.9250   46.97682  105.35521   35.4760  141.1569   16.14500   -0.01674
  4.9333   46.80661  105.61088   35.4619  141.1690   16.27000   -0.00386
  4.9417   46.63601  105.86525   35.4477  141.1812   16.39300    0.01862
  4.9500   46.46501  106.11832   35.4335  141.1934   16.49500    0.02898
  4.9583   46.29362  106.37011   35.4192  141.2056   16.57800    0.01793
  4.9667   46.12185  106.62063   35.4048  141.2178   16.62100   -0.01319
  4.9750   45.94970  106.86987   35.3903  141.2301   16.64900   -0.03348
  4.9833   45.77718  107.11785   35.3757  141.2424   16.77500   -0.04079
  4.9917   45.60428  107.36458   35.3610  141.2548   16.87100   -0.02863
  5.0000   45.43101  107.61007   35.3462  141.2672   16.97600   -0.02824
  5.0083   45.25737  107.85432   35.3314  141.2796   17.06100   -0.03231
  5.0167   45.08338  108.09734   35.3165  141.2920   17.14600   -0.03218
  5.0250   44.90903  108.33915   35.3014  141.3046   17.27300   -0.01808
  5.0333   44.73432  108.57974   35.2863  141.3171   17.41900   -0.00894
  5.0417   44.55926  108.81912   35.2711  141.3297   17.48900   -0.00564
  5.0500   44.38386  109.05732   35.2558  141.3423   17.60200   -0.01576
  5.0583   44.20812  109.29432   35.2405  141.3550   17.70800   -0.03069
  5.0667   44.03203  109.53014   35.2250  141.3677   17.77500   -0.05412
  5.0750   43.85561  109.76479   35.2094  141.3804   17.86700   -0.06909
  5.0833   43.67886  109.99827   35.1937  141.3932   18.01400   -0.06591
  5.0917   43.50179  110.23060   35.1780  141.4061   18.15800   -0.05729
  5.1000   43.32438  110.46177   35.1621  141.4189   18.27500   -0.04453
  5.1083   43.14666  110.69180   35.1462  141.4319   18.44200   -0.03779
  5.1167   42.96862  110.92070   35.1301  141.4449   18.56100   -0.02884
  5.1250   42.79027  111.14846   35.1140  141.4579   18.68700   -0.01351
  5.1333   42.61160  111.37510   35.0977  141.4710   18.88100    0.02067
  5.1417   42.43263  111.60063   35.0813  141.4841   19.08200    0.05407
  5.1500   42.25336  111.82504   35.0649  141.4973   19.21000    0.06820
  5.1583   42.07378  112.04836   35.0483  141.5105   19.33200    0.05025
  5.1667   41.89391  112.27058   35.0316  141.5238   19.40700    0.02940
  5.1750   41.71375  112.49172   35.0148  141.5371   19.52900    0.01420
  5.1833   41.53330  112.71177   34.9979  141.5505   19.67700    0.00098
  5.1917   41.35256  112.93074   34.9809  141.5640   19.76300   -0.01875
  5.2000   41.17154  113.14865   34.9638  141.5775   19.86400   -0.04127
  5.2083   40.99023  113.36550   34.9466  141.5910   20.00600   -0.06377
  5.2167   40.80866  113.58129   34.9293  141.6046   20.09200   -0.07478
  5.2250   40.62681  113.79603   34.9118  141.6183   20.23500   -0.06942
  5.2333   40.44469  114.00973   34.8942  141.6321   20.44100   -0.05002
  5.2417   40.26230  114.22239   34.8766  141.6459   20.59000   -0.03038
  5.2500   40.07966  114.43402   34.8588  141.6597   20.74700   -0.02762
  5.2583   39.89675  114.64463   34.8408  141.6736   20.89400   -0.02132
  5.2667   39.71358  114.85422   34.8228  141.6876   21.07200   -0.00269
  5.2750   39.53016  115.06279   34.8046  141.7017   21.29000    0.01305
  5.2833   39.34650  115.27036   34.7864  141.7158   21.43000    0.00825
  5.2917   39.16258  115.47693   34.7679  141.7300   21.52100   -0.01249
  5.3000   38.97842  115.68250   34.7494  141.7442   21.67200   -0.03109
  5.3083   38.79402  115.88708   34.7307  141.7586   21.82000   -0.02835
  5.3167   38.60939  116.09068   34.7119  141.7730   22.00100   -0.00528
  5.3250   38.42451  116.29330   34.6930  141.7874   22.23400    0.02752
  5.3333   38.23941  116.49495   34.6740  141.8020   22.41700    0.06245
  5.3417   38.05408  116.69563   34.6548  141.8166   22.60000    0.07142
  5.3500   37.86852  116.89534   34.6354  141.8313   22.70900    0.07406
  5.3583   37.68274  117.09410   34.6160  141.8461   22.85300    0.07186
  5.3667   37.49674  117.29191   34.5964  141.8609   23.00400    0.07279
  5.3750   37.31053  117.48878   34.5766  141.8758   23.12000    0.06139
  5.3833   37.12410  117.68470   34.5567  141.8908   23.20500    0.04653
  5.3917   36.93746  117.87969   34.5367  141.9059   23.33800    0.02865
  5.4000   36.75062  118.07374   34.5165  141.9211   23.43300    0.01710
  5.4083   36.56356  118.26687   34.4962  141.9364   23.53400   -0.00024
  5.4167   36.37631  118.45908   34.4757  141.9517   23.62600   -0.00088
  5.4250   36.18886  118.65038   34.4551  141.9671   23.78500   -0.00192
  5.4333   36.00122  118.84076   34.4343  141.9827   23.87900   -0.00129
  5.4417   35.81338  119.03024   34.4134  141.9983   23.97500   -0.00881
  5.4500   35.62535  119.21881   34.3923  142.0140   24.09300   -0.00878
  5.4583   35.43713  119.40649   34.3710  142.0298   24.22100   -0.00628
  5.4667   35.24873  119.59328   34.3496  142.0457   24.33300   -0.00524
  5.4750   35.06015  119.77917   34.3280  142.0616   24.45000   -0.01366
  5.4833   34.87139  119.96419   34.3063  142.0777   24.53700   -0.01701
  5.4917   34.68245  120.14833   34.2844  142.0939   24.67200   -0.02117
  5.5000   34.49334  120.33159   34.2623  142.1102   24.78800   -0.01794
  5.5083   34.30406  120.51398   34.2400  142.1266   24.91400   -0.01944
  5.5167   34.11461  120.69551   34.2176  142.1431   25.03500   -0.02322
  5.5250   33.92499  120.87618   34.1950  142.1597   25.14700   -0.02396
  5.5333   33.73522  121.05599   34.1722  142.1764   25.29300   -0.01384
  5.5417   33.54528  121.23495   34.1492  142.1932   25.46700   -0.00013
  5.5500   33.35519  121.41306   34.1261  142.2101   25.59300    0.00444
  5.5583   33.16494  121.59033   34.1028  142.2272   25.69100   -0.00928
  5.5667   32.97454  121.76675   34.0792  142.2443   25.77500   -0.01609
  5.5750   32.78399  121.94234   34.0555  142.2616   25.93700   -0.00979
  5.5833   32.59330  122.11710   34.0316  142.2790   26.10500    0.01620
  5.5917   32.40246  122.29103   34.0075  142.2965   26.29000    0.03589
  5.6000   32.21148  122.46414   33.9832  142.3141   26.42400    0.03905
  5.6083   32.02037  122.63642   33.9587  142.3319   26.51100    0.02705
  5.6167   31.82911  122.80789   33.9340  142.3497   26.62100    0.00487
  5.6250   31.63772  122.97855   33.9091  142.3678   26.70300   -0.01341
  5.6333   31.44621  123.14840   33.8839  142.3859   26.81000   -0.02489
  5.6417   31.25456  123.31744   33.8586  142.4042   26.95900   -0.03083
  5.6500   31.06279  123.48568   33.8330  142.4226   27.07900   -0.03064
  5.6583   30.87089  123.65312   33.8073  142.4411   27.22800   -0.03502
  5.6667   30.67887  123.81977   33.7812  142.4598   27.36100   -0.03665
  5.6750   30.48674  123.98563   33.7550  142.4786   27.49700   -0.04134
  5.6833   30.29449  124.15070   33.7286  142.4976   27.63300   -0.04387
  5.6917   30.10212  124.31498   33.7019  142.5167   27.78500   -0.04486
  5.7000   29.90964  124.47849   33.6749  142.5359   27.94200   -0.04437
  5.7083   29.71706  124.64122   33.6478  142.5553   28.09500   -0.04066
  5.7167   29.52437  124.80317   33.6204  142.5749   28.27000   -0.03659
  5.7250   29.33157  124.96436   33.5927  142.5946   28.43400   -0.02540
  5.7333   29.13867  125.12477   33.5648  142.6144   28.63500   -0.01160
  5.7417   28.94568  125.28443   33.5367  142.6345   28.83400    0.00070
  5.7500   28.75258  125.44332   33.5083  142.6547   28.98200    0.00977
  5.7583   28.55940  125.60145   33.4796  142.6750   29.18400    0.01640
  5.7667   28.36612  125.75883   33.4507  142.6955   29.38700    0.02500
  5.7750   28.17275  125.91546   33.4215  142.7162   29.55900    0.01143
  5.7833   27.97929  126.07134   33.3920  142.7371   29.63600   -0.00729
  5.7917   27.78575  126.22648   33.3622  142.7581   29.79500   -0.01541
  5.8000   27.59212  126.38087   33.3322  142.7793   29.98900   -0.00242
  5.8083   27.39841  126.53452   33.3019  142.8007   30.18900    0.00000

