hmax        =    300
wind_bottom =      2
wind_top    =     10
critlon     =      0
tbeg, h     =   0.00
tend, h     =  24.00
c_ionex     =      0
c_vert      =      1
time, gamma, az, latp, lonp, tec, tec_filtered
  0.0000   53.07811   87.75312   36.1852  140.7300    2.20800    0.00000
  0.0083   53.07856   87.33874   36.1990  140.7297    2.13600    0.00046
  0.0167   53.07677   86.92452   36.2128  140.7294    2.09200   -0.00431
  0.0250   53.07273   86.51051   36.2267  140.7292    2.01500   -0.02161
  0.0333   53.06646   86.09677   36.2405  140.7290    1.95800   -0.03097
  0.0417   53.05796   85.68335   36.2543  140.7289    1.95300   -0.00764
  0.0500   53.04722   85.27031   36.2681  140.7289    1.96500    0.03166
  0.0583   53.03426   84.85770   36.2819  140.7289    1.92100    0.06178
  0.0667   53.01907   84.44559   36.2957  140.7290    1.86200    0.07318
  0.0750   53.00166   84.03402   36.3096  140.7292    1.81500    0.06728
  0.0833   52.98204   83.62306   36.3234  140.7294    1.73100    0.04781
  0.0917   52.96021   83.21276   36.3372  140.7297    1.63500    0.00587
  0.1000   52.93617   82.80317   36.3510  140.7301    1.51100   -0.03561
  0.1083   52.90993   82.39435   36.3649  140.7305    1.43200   -0.06824
  0.1167   52.88150   81.98635   36.3787  140.7310    1.37000   -0.08347
  0.1250   52.85088   81.57924   36.3925  140.7315    1.31000   -0.08592
  0.1333   52.81809   81.17305   36.4064  140.7321    1.27500   -0.07966
  0.1417   52.78313   80.76785   36.4202  140.7328    1.24200   -0.05787
  0.1500   52.74601   80.36368   36.4341  140.7336    1.23900   -0.03171
  0.1583   52.70673   79.96060   36.4480  140.7344    1.22300   -0.00298
  0.1667   52.66532   79.55867   36.4618  140.7353    1.20400    0.01133
  0.1750   52.62176   79.15792   36.4757  140.7363    1.15500    0.01021
  0.1833   52.57609   78.75842   36.4896  140.7373    1.09400    0.00099
  0.1917   52.52830   78.36021   36.5035  140.7384    1.05700   -0.00772
  0.2000   52.47841   77.96333   36.5174  140.7395    1.02000   -0.00973
  0.2083   52.42643   77.56784   36.5314  140.7407    0.98900   -0.00907
  0.2167   52.37237   77.17379   36.5453  140.7420    0.96300   -0.00716
  0.2250   52.31624   76.78122   36.5592  140.7434    0.92800   -0.00479
  0.2333   52.25806   76.39018   36.5732  140.7448    0.89300   -0.00317
  0.2417   52.19784   76.00070   36.5872  140.7463    0.85800    0.00293
  0.2500   52.13558   75.61284   36.6012  140.7478    0.83400    0.01320
  0.2583   52.07131   75.22664   36.6152  140.7495    0.81200    0.02541
  0.2667   52.00503   74.84214   36.6292  140.7512    0.78400    0.03805
  0.2750   51.93677   74.45937   36.6432  140.7529    0.76200    0.04316
  0.2833   51.86653   74.07839   36.6573  140.7548    0.71200    0.03874
  0.2917   51.79433   73.69923   36.6714  140.7567    0.64900    0.02247
  0.3000   51.72019   73.32192   36.6854  140.7587    0.58400    0.00591
  0.3083   51.64411   72.94651   36.6996  140.7607    0.53300   -0.00756
  0.3167   51.56612   72.57303   36.7137  140.7628    0.47900   -0.01364
  0.3250   51.48623   72.20152   36.7278  140.7650    0.43900   -0.01515
  0.3333   51.40446   71.83200   36.7420  140.7673    0.40200   -0.01689
  0.3417   51.32081   71.46452   36.7562  140.7696    0.34600   -0.02099
  0.3500   51.23531   71.09910   36.7704  140.7720    0.29800   -0.02495
  0.3583   51.14798   70.73578   36.7846  140.7745    0.26400   -0.01954
  0.3667   51.05883   70.37459   36.7988  140.7770    0.24900   -0.01047
  0.3750   50.96787   70.01554   36.8131  140.7796    0.22400   -0.00889
  0.3833   50.87512   69.65869   36.8274  140.7823    0.17500   -0.02444
  0.3917   50.78061   69.30404   36.8417  140.7851    0.10800   -0.04585
  0.4000   50.68434   68.95162   36.8561  140.7879    0.07200   -0.06980
  0.4083   50.58634   68.60146   36.8704  140.7909    0.02400   -0.08345
  0.4167   50.48662   68.25359   36.8848  140.7939    0.00600   -0.08838
  0.4250   50.38520   67.90803   36.8992  140.7969    0.01300   -0.08645
  0.4333   50.28209   67.56479   36.9137  140.8001    0.00000   -0.07716
  0.4417   50.17732   67.22389   36.9282  140.8033    0.01900   -0.06285
  0.4500   50.07090   66.88537   36.9427  140.8066    0.05300   -0.04296
  0.4583   49.96285   66.54923   36.9572  140.8100    0.07000   -0.02918
  0.4667   49.85319   66.21550   36.9717  140.8134    0.07600   -0.02242
  0.4750   49.74193   65.88419   36.9863  140.8170    0.09500   -0.01387
  0.4833   49.62910   65.55531   37.0009  140.8206    0.12900   -0.00567
  0.4917   49.51470   65.22888   37.0156  140.8243    0.14300   -0.00114
  0.5000   49.39877   64.90492   37.0303  140.8281    0.15500   -0.00537
  0.5083   49.28131   64.58343   37.0450  140.8319    0.16100   -0.00935
  0.5167   49.16235   64.26444   37.0597  140.8359    0.17900   -0.00900
  0.5250   49.04190   63.94794   37.0745  140.8399    0.20700    0.00237
  0.5333   48.91999   63.63396   37.0893  140.8440    0.25200    0.01806
  0.5417   48.79662   63.32249   37.1041  140.8482    0.28100    0.02869
  0.5500   48.67182   63.01355   37.1190  140.8525    0.28600    0.02998
  0.5583   48.54560   62.70715   37.1339  140.8568    0.29200    0.02765
  0.5667   48.41799   62.40329   37.1489  140.8613    0.30500    0.02727
  0.5750   48.28900   62.10198   37.1639  140.8658    0.31700    0.02999
  0.5833   48.15864   61.80322   37.1789  140.8705    0.33700    0.02914
  0.5917   48.02695   61.50702   37.1940  140.8752    0.33900    0.02037
  0.6000   47.89392   61.21338   37.2091  140.8800    0.32000    0.00473
  0.6083   47.75959   60.92231   37.2242  140.8849    0.31200   -0.01419
  0.6167   47.62397   60.63380   37.2394  140.8898    0.29900   -0.02614
  0.6250   47.48708   60.34786   37.2546  140.8949    0.30700   -0.03886
  0.6333   47.34893   60.06449   37.2699  140.9001    0.29700   -0.04327
  0.6417   47.20955   59.78368   37.2852  140.9053    0.32000   -0.03999
  0.6500   47.06894   59.50545   37.3006  140.9107    0.36300   -0.02749
  0.6583   46.92714   59.22978   37.3159  140.9162    0.39500   -0.01972
  0.6667   46.78414   58.95668   37.3314  140.9217    0.40600   -0.02735
  0.6750   46.63998   58.68614   37.3469  140.9273    0.39700   -0.03841
  0.6833   46.49466   58.41816   37.3624  140.9331    0.42700   -0.04698
  0.6917   46.34821   58.15274   37.3780  140.9389    0.46000   -0.04703
  0.7000   46.20065   57.88986   37.3936  140.9448    0.49800   -0.04935
  0.7083   46.05198   57.62954   37.4093  140.9509    0.52900   -0.05338
  0.7167   45.90222   57.37176   37.4250  140.9570    0.56600   -0.05736
  0.7250   45.75140   57.11652   37.4408  140.9633    0.61200   -0.05757
  0.7333   45.59952   56.86381   37.4566  140.9696    0.66600   -0.05128
  0.7417   45.44661   56.61362   37.4725  140.9761    0.73500   -0.03783
  0.7500   45.29268   56.36595   37.4884  140.9826    0.81600   -0.02122
  0.7583   45.13775   56.12079   37.5044  140.9893    0.89200   -0.01145
  0.7667   44.98183   55.87813   37.5204  140.9960    0.94300   -0.00357
  0.7750   44.82493   55.63797   37.5365  141.0029    1.02600   -0.00510
  0.7833   44.66708   55.40029   37.5527  141.0099    1.07100   -0.00555
  0.7917   44.50829   55.16509   37.5689  141.0170    1.13400   -0.01260
  0.8000   44.34857   54.93236   37.5851  141.0242    1.19800   -0.01325
  0.8083   44.18794   54.70209   37.6015  141.0316    1.27600   -0.01371
  0.8167   44.02641   54.47426   37.6178  141.0390    1.34300   -0.01643
  0.8250   43.86400   54.24887   37.6343  141.0466    1.39700   -0.01709
  0.8333   43.70073   54.02592   37.6508  141.0542    1.48000   -0.01506
  0.8417   43.53661   53.80537   37.6673  141.0620    1.55500   -0.00717
  0.8500   43.37164   53.58724   37.6840  141.0699    1.63200    0.00148
  0.8583   43.20586   53.37149   37.7006  141.0780    1.71800    0.01190
  0.8667   43.03927   53.15814   37.7174  141.0861    1.80200    0.02487
  0.8750   42.87188   52.94715   37.7342  141.0944    1.89100    0.03369
  0.8833   42.70371   52.73852   37.7511  141.1028    1.96200    0.03114
  0.8917   42.53478   52.53224   37.7681  141.1114    2.00000    0.01820
  0.9000   42.36509   52.32829   37.7851  141.1200    2.04800   -0.00007
  0.9083   42.19466   52.12667   37.8022  141.1288    2.10000   -0.01235
  0.9167   42.02350   51.92736   37.8193  141.1377    2.16700   -0.02227
  0.9250   41.85164   51.73034   37.8366  141.1468    2.22800   -0.02655
  0.9333   41.67907   51.53561   37.8539  141.1560    2.30500   -0.03126
  0.9417   41.50582   51.34315   37.8712  141.1653    2.37200   -0.03450
  0.9500   41.33189   51.15295   37.8887  141.1747    2.44000   -0.03818
  0.9583   41.15730   50.96499   37.9062  141.1843    2.51800   -0.03711
  0.9667   40.98205   50.77926   37.9238  141.1941    2.60900   -0.03155
  0.9750   40.80618   50.59575   37.9415  141.2040    2.70500   -0.02703
  0.9833   40.62968   50.41445   37.9593  141.2140    2.79000   -0.02420
  0.9917   40.45256   50.23533   37.9771  141.2242    2.88800   -0.02551
  1.0000   40.27484   50.05840   37.9951  141.2345    2.97900   -0.03348
  1.0083   40.09654   49.88362   38.0131  141.2449    3.04700   -0.03931
  1.0167   39.91766   49.71099   38.0312  141.2555    3.16300   -0.05012
  1.0250   39.73821   49.54050   38.0494  141.2663    3.24200   -0.05085
  1.0333   39.55821   49.37213   38.0676  141.2772    3.36200   -0.05379
  1.0417   39.37766   49.20587   38.0860  141.2883    3.47500   -0.04639
  1.0500   39.19658   49.04169   38.1044  141.2995    3.60200   -0.03615
  1.0583   39.01498   48.87960   38.1230  141.3109    3.73600   -0.01886
  1.0667   38.83287   48.71957   38.1416  141.3224    3.88300   -0.00084
  1.0750   38.65026   48.56160   38.1603  141.3342    4.01700    0.01497
  1.0833   38.46716   48.40566   38.1791  141.3460    4.14700    0.02129
  1.0917   38.28358   48.25174   38.1981  141.3581    4.25600    0.03176
  1.1000   38.09954   48.09983   38.2171  141.3703    4.41400    0.03278
  1.1083   37.91503   47.94991   38.2362  141.3827    4.50600    0.02932
  1.1167   37.73008   47.80198   38.2554  141.3952    4.59900    0.01074
  1.1250   37.54468   47.65601   38.2747  141.4080    4.69100   -0.00591
  1.1333   37.35886   47.51199   38.2941  141.4209    4.79200   -0.01634
  1.1417   37.17262   47.36991   38.3136  141.4340    4.91300   -0.02049
  1.1500   36.98597   47.22976   38.3332  141.4473    5.03100   -0.01636
  1.1583   36.79892   47.09151   38.3530  141.4607    5.16900   -0.02014
  1.1667   36.61148   46.95517   38.3728  141.4743    5.25400   -0.01837
  1.1750   36.42366   46.82070   38.3927  141.4882    5.40200   -0.02169
  1.1833   36.23546   46.68810   38.4128  141.5022    5.52000   -0.01610
  1.1917   36.04690   46.55736   38.4330  141.5164    5.65200   -0.01650
  1.2000   35.85799   46.42846   38.4533  141.5309    5.77800   -0.01958
  1.2083   35.66872   46.30139   38.4737  141.5455    5.89300   -0.02516
  1.2167   35.47912   46.17613   38.4942  141.5603    6.02300   -0.03574
  1.2250   35.28920   46.05267   38.5148  141.5753    6.13400   -0.04044
  1.2333   35.09895   45.93100   38.5356  141.5905    6.28400   -0.03923
  1.2417   34.90838   45.81111   38.5565  141.6060    6.44800   -0.03444
  1.2500   34.71751   45.69297   38.5775  141.6216    6.58600   -0.02798
  1.2583   34.52635   45.57658   38.5986  141.6375    6.75300   -0.02630
  1.2667   34.33489   45.46193   38.6199  141.6536    6.90600   -0.02607
  1.2750   34.14316   45.34900   38.6413  141.6699    7.04500   -0.02718
  1.2833   33.95115   45.23777   38.6628  141.6864    7.21500   -0.02706
  1.2917   33.75888   45.12824   38.6845  141.7032    7.38100   -0.02628
  1.3000   33.56634   45.02040   38.7063  141.7202    7.53200   -0.02949
  1.3083   33.37356   44.91422   38.7282  141.7374    7.69100   -0.03208
  1.3167   33.18053   44.80970   38.7503  141.7549    7.86800   -0.02828
  1.3250   32.98726   44.70682   38.7725  141.7726    8.05700   -0.02291
  1.3333   32.79377   44.60558   38.7949  141.7905    8.22800   -0.00958
  1.3417   32.60005   44.50595   38.8174  141.8087    8.44800   -0.00247
  1.3500   32.40612   44.40794   38.8401  141.8272    8.60700    0.00563
  1.3583   32.21197   44.31151   38.8629  141.8459    8.78500    0.00366
  1.3667   32.01763   44.21667   38.8859  141.8649    8.95500    0.00713
  1.3750   31.82308   44.12341   38.9090  141.8841    9.14300    0.00762
  1.3833   31.62835   44.03170   38.9322  141.9036    9.30800    0.01072
  1.3917   31.43344   43.94153   38.9557  141.9233    9.49800    0.01294
  1.4000   31.23835   43.85290   38.9793  141.9433    9.68700    0.01119
  1.4083   31.04308   43.76580   39.0030  141.9636    9.83500    0.00833
  1.4167   30.84766   43.68021   39.0269  141.9842   10.01900   -0.00331
  1.4250   30.65207   43.59612   39.0510  142.0051   10.16200   -0.01229
  1.4333   30.45633   43.51351   39.0753  142.0262   10.32600   -0.02375
  1.4417   30.26045   43.43239   39.0997  142.0477   10.50000   -0.03291
  1.4500   30.06442   43.35273   39.1243  142.0695   10.66000   -0.03652
  1.4583   29.86826   43.27452   39.1491  142.0915   10.85500   -0.02718
  1.4667   29.67197   43.19776   39.1741  142.1138   11.09900   -0.01966
  1.4750   29.47555   43.12244   39.1992  142.1365   11.25100   -0.01214
  1.4833   29.27902   43.04853   39.2246  142.1595   11.44600   -0.01529
  1.4917   29.08237   42.97604   39.2501  142.1828   11.63400   -0.00942
  1.5000   28.88561   42.90495   39.2758  142.2064   11.83400   -0.00164
  1.5083   28.68875   42.83525   39.3017  142.2304   12.04300    0.01060
  1.5167   28.49179   42.76693   39.3278  142.2547   12.25800    0.01955
  1.5250   28.29474   42.69998   39.3541  142.2793   12.44200    0.02142
  1.5333   28.09761   42.63439   39.3806  142.3043   12.61300    0.01804
  1.5417   27.90039   42.57015   39.4073  142.3296   12.79800    0.02057
  1.5500   27.70309   42.50725   39.4342  142.3553   13.01100    0.01823
  1.5583   27.50571   42.44568   39.4613  142.3813   13.15000    0.02027
  1.5667   27.30827   42.38543   39.4887  142.4077   13.35400    0.01349
  1.5750   27.11077   42.32648   39.5162  142.4345   13.51400    0.01364
  1.5833   26.91320   42.26884   39.5440  142.4617   13.68700    0.01364
  1.5917   26.71558   42.21249   39.5720  142.4892   13.88400    0.01154
  1.6000   26.51791   42.15742   39.6002  142.5172   14.02600    0.01059
  1.6083   26.32020   42.10362   39.6287  142.5455   14.20000    0.00967
  1.6167   26.12244   42.05108   39.6573  142.5742   14.39600    0.01105
  1.6250   25.92464   41.99980   39.6862  142.6034   14.55200    0.00790
  1.6333   25.72681   41.94976   39.7154  142.6329   14.70000    0.00156
  1.6417   25.52895   41.90095   39.7448  142.6629   14.88000   -0.00597
  1.6500   25.33107   41.85337   39.7744  142.6933   15.02900   -0.01354
  1.6583   25.13316   41.80701   39.8043  142.7242   15.18500   -0.02271
  1.6667   24.93524   41.76185   39.8345  142.7555   15.36000   -0.02789
  1.6750   24.73730   41.71790   39.8649  142.7872   15.54000   -0.03550
  1.6833   24.53936   41.67513   39.8955  142.8194   15.68900   -0.03732
  1.6917   24.34140   41.63355   39.9265  142.8521   15.90800   -0.04047
  1.7000   24.14345   41.59314   39.9576  142.8852   16.09200   -0.04126
  1.7083   23.94549   41.55390   39.9891  142.9188   16.26700   -0.04218
  1.7167   23.74754   41.51582   40.0208  142.9529   16.50100   -0.05013
  1.7250   23.54960   41.47888   40.0528  142.9875   16.65500   -0.04342
  1.7333   23.35167   41.44309   40.0851  143.0226   16.93500   -0.04467
  1.7417   23.15376   41.40843   40.1177  143.0582   17.13200   -0.04118
  1.7500   22.95586   41.37489   40.1506  143.0944   17.33000   -0.04159
  1.7583   22.75798   41.34247   40.1838  143.1311   17.59800   -0.03944
  1.7667   22.56014   41.31116   40.2172  143.1683   17.82300   -0.03032
  1.7750   22.36231   41.28095   40.2510  143.2060   18.07500   -0.02147
  1.7833   22.16452   41.25184   40.2851  143.2443   18.34600   -0.00441
  1.7917   21.96677   41.22381   40.3195  143.2832   18.62600    0.00256
  1.8000   21.76905   41.19687   40.3542  143.3227   18.81400    0.01122
  1.8083   21.57138   41.17099   40.3892  143.3627   19.09900    0.01480
  1.8167   21.37374   41.14618   40.4245  143.4034   19.34300    0.02495
  1.8250   21.17616   41.12243   40.4602  143.4446   19.56800    0.03488
  1.8333   20.97862   41.09972   40.4962  143.4865   19.84400    0.04384
  1.8417   20.78113   41.07806   40.5325  143.5290   20.07200    0.05417
  1.8500   20.58370   41.05744   40.5692  143.5721   20.29800    0.05101
  1.8583   20.38633   41.03785   40.6063  143.6159   20.47300    0.04662
  1.8667   20.18902   41.01928   40.6437  143.6604   20.68300    0.04200
  1.8750   19.99177   41.00172   40.6814  143.7055   20.89200    0.04162
  1.8833   19.79459   40.98517   40.7195  143.7513   21.08500    0.04158
  1.8917   19.59748   40.96963   40.7580  143.7978   21.28500    0.02912
  1.9000   19.40043   40.95508   40.7968  143.8450   21.40400    0.01924
  1.9083   19.20346   40.94152   40.8360  143.8929   21.60200    0.00386
  1.9167   19.00657   40.92895   40.8756  143.9416   21.75400   -0.00218
  1.9250   18.80976   40.91735   40.9156  143.9910   21.92900   -0.00706
  1.9333   18.61302   40.90672   40.9560  144.0412   22.13100   -0.00690
  1.9417   18.41637   40.89705   40.9968  144.0921   22.32100   -0.01413
  1.9500   18.21980   40.88835   41.0379  144.1439   22.44400   -0.01855
  1.9583   18.02333   40.88059   41.0795  144.1964   22.67000   -0.02566
  1.9667   17.82694   40.87378   41.1215  144.2497   22.84000   -0.01763
  1.9750   17.63064   40.86792   41.1639  144.3039   23.07300   -0.02395
  1.9833   17.43444   40.86298   41.2068  144.3589   23.19700   -0.02402
  1.9917   17.23833   40.85898   41.2500  144.4148   23.41300   -0.02468
  2.0000   17.04233   40.85589   41.2937  144.4716   23.64700   -0.01436
  2.0083   16.84642   40.85373   41.3378  144.5292   23.85700   -0.00204
  2.0167   16.65062   40.85247   41.3824  144.5878   24.09600    0.00073
  2.0250   16.45492   40.85212   41.4274  144.6473   24.26500    0.01093
  2.0333   16.25933   40.85267   41.4729  144.7077   24.53700    0.00946
  2.0417   16.06385   40.85412   41.5189  144.7691   24.70000    0.00981
  2.0500   15.86847   40.85645   41.5653  144.8314   24.89500   -0.00334
  2.0583   15.67321   40.85967   41.6122  144.8948   25.07500   -0.01792
  2.0667   15.47807   40.86377   41.6595  144.9591   25.23500   -0.02960
  2.0750   15.28304   40.86874   41.7073  145.0245   25.46500   -0.03593
  2.0833   15.08813   40.87458   41.7557  145.0909   25.70100   -0.03903
  2.0917   14.89333   40.88128   41.8045  145.1584   25.90400   -0.04478
  2.1000   14.69866   40.88885   41.8538  145.2270   26.12800   -0.05666
  2.1083   14.50412   40.89726   41.9036  145.2967   26.33500   -0.05647
  2.1167   14.30969   40.90652   41.9539  145.3675   26.64900   -0.05758
  2.1250   14.11540   40.91663   42.0048  145.4394   26.88300   -0.05203
  2.1333   13.92123   40.92758   42.0562  145.5125   27.16300   -0.06573
  2.1417   13.72719   40.93936   42.1080  145.5868   27.34500   -0.06476
  2.1500   13.53329   40.95196   42.1605  145.6623   27.72200   -0.06263
  2.1583   13.33951   40.96540   42.2134  145.7390   28.03400   -0.04609
  2.1667   13.14587   40.97965   42.2669  145.8170   28.35600   -0.03728
  2.1750   12.95237   40.99472   42.3209  145.8963   28.68900   -0.02799
  2.1833   12.75900   41.01060   42.3755  145.9768   29.02200   -0.01890
  2.1917   12.56578   41.02728   42.4307  146.0587   29.35700   -0.01243
  2.2000   12.37269   41.04477   42.4864  146.1419   29.67900   -0.00482
  2.2083   12.17975   41.06305   42.5426  146.2264   30.03400   -0.00662
  2.2167   11.98694   41.08213   42.5995  146.3124   30.30300    0.00036
  2.2250   11.79429   41.10200   42.6569  146.3997   30.71200    0.00277
  2.2333   11.60178   41.12265   42.7148  146.4885   31.03300    0.01173
  2.2417   11.40941   41.14408   42.7734  146.5788   31.36200    0.01395
  2.2500   11.21720   41.16629   42.8326  146.6706   31.71700    0.01219
  2.2583   11.02513   41.18927   42.8923  146.7638   32.00700    0.00166
  2.2667   10.83322   41.21302   42.9526  146.8586   32.26000   -0.00408
  2.2750   10.64145   41.23753   43.0136  146.9550   32.65200   -0.00423
  2.2833   10.44984   41.26281   43.0751  147.0530   32.98900    0.00458
  2.2917   10.25839   41.28884   43.1372  147.1526   33.31800    0.00105
  2.3000   10.06709   41.31562   43.1999  147.2538   33.60000   -0.00513
  2.3083    9.87595   41.34315   43.2633  147.3568   33.90600   -0.00690
  2.3167    9.68497   41.37142   43.3272  147.4614   34.26800    0.00570
  2.3250    9.49414   41.40044   43.3918  147.5677   34.66400    0.01456
  2.3333    9.30348   41.43019   43.4569  147.6759   34.93000    0.02030
  2.3417    9.11298   41.46068   43.5227  147.7858   35.24800    0.02143
  2.3500    8.92264   41.49190   43.5891  147.8975   35.59800    0.02834
  2.3583    8.73247   41.52384   43.6561  148.0111   35.89800    0.03681
  2.3667    8.54245   41.55651   43.7237  148.1265   36.21600    0.04120
  2.3750    8.35261   41.58990   43.7920  148.2439   36.50000    0.04598
  2.3833    8.16293   41.62400   43.8608  148.3632   36.79000    0.05168
  2.3917    7.97342   41.65881   43.9303  148.4845   37.11000    0.04803
  2.4000    7.78408   41.69434   44.0003  148.6078   37.29900    0.05253
  2.4083    7.59491   41.73057   44.0710  148.7331   37.65000    0.03810
  2.4167    7.40591   41.76750   44.1423  148.8605   37.76800    0.04145
  2.4250    7.21708   41.80513   44.2142  148.9900   38.10300    0.02408
  2.4333    7.02842   41.84345   44.2867  149.1216   38.23700    0.01530
  2.4417    6.83994   41.88247   44.3598  149.2554   38.46900   -0.01083
  2.4500    6.65163   41.92218   44.4335  149.3914   38.60400   -0.01360
  2.4583    6.46349   41.96258   44.5078  149.5296   38.92000   -0.00208
  2.4667    6.27553   42.00365   44.5827  149.6700   39.25700    0.01001
  2.4750    6.08775   42.04541   44.6582  149.8128   39.38300    0.02093
  2.4833    5.90015   42.08785   44.7342  149.9578   39.71200    0.00246
  2.4917    5.71272   42.13096   44.8108  150.1052   39.78600    0.00401
  2.5000    5.52547   42.17474   44.8879  150.2551   39.99900    0.00000

 13.9917   15.54356  319.54736   41.6813  131.8376    1.64600    0.00000
 14.0000   15.68094  319.39713   41.6338  131.8635    1.51000   -0.00227
 14.0083   15.81768  319.24582   41.5868  131.8889    1.42300   -0.01000
 14.0167   15.95379  319.09351   41.5403  131.9138    1.33900   -0.00573
 14.0250   16.08924  318.94016   41.4943  131.9382    1.31700   -0.00202
 14.0333   16.22405  318.78574   41.4488  131.9622    1.21600    0.00208
 14.0417   16.35819  318.63028   41.4037  131.9857    1.14900   -0.00504
 14.0500   16.49167  318.47382   41.3591  132.0087    1.07000   -0.01800
 14.0583   16.62448  318.31628   41.3149  132.0312    0.97300   -0.04038
 14.0667   16.75661  318.15771   41.2712  132.0534    0.89300   -0.05207
 14.0750   16.88806  317.99811   41.2280  132.0750    0.90100   -0.05880
 14.0833   17.01882  317.83746   41.1851  132.0963    0.78400   -0.05724
 14.0917   17.14888  317.67578   41.1427  132.1171    0.78500   -0.05967
 14.1000   17.27824  317.51306   41.1008  132.1375    0.77700   -0.04423
 14.1083   17.40688  317.34930   41.0592  132.1574    0.79200   -0.02483
 14.1167   17.53482  317.18448   41.0180  132.1770    0.82700    0.00536
 14.1250   17.66203  317.01865   40.9773  132.1962    0.90000    0.02902
 14.1333   17.78852  316.85178   40.9369  132.2149    0.87800    0.02767
 14.1417   17.91427  316.68384   40.8969  132.2333    0.73800    0.01727
 14.1500   18.03927  316.51489   40.8573  132.2513    0.75600    0.01151
 14.1583   18.16354  316.34491   40.8181  132.2689    0.77200    0.02275
 14.1667   18.28705  316.17392   40.7793  132.2861    0.75100    0.02562
 14.1750   18.40980  316.00186   40.7408  132.3030    0.70500    0.01251
 14.1833   18.53178  315.82880   40.7027  132.3195    0.60100    0.01097
 14.1917   18.65299  315.65469   40.6649  132.3357    0.65700    0.00774
 14.2000   18.77342  315.47955   40.6274  132.3515    0.58400    0.02005
 14.2083   18.89307  315.30341   40.5904  132.3669    0.57800    0.02010
 14.2167   19.01192  315.12622   40.5536  132.3820    0.53700    0.02726
 14.2250   19.12998  314.94803   40.5172  132.3968    0.51900    0.03089
 14.2333   19.24723  314.76880   40.4811  132.4112    0.48800    0.01268
 14.2417   19.36367  314.58856   40.4453  132.4253    0.29900    0.00304
 14.2500   19.47929  314.40732   40.4099  132.4390    0.33600   -0.01709
 14.2583   19.59409  314.22504   40.3747  132.4525    0.24000   -0.01668
 14.2667   19.70806  314.04178   40.3399  132.4656    0.20400   -0.03948
 14.2750   19.82119  313.85748   40.3053  132.4784    0.09100   -0.04151
 14.2833   19.93348  313.67218   40.2711  132.4910    0.14700   -0.04772
 14.2917   20.04492  313.48590   40.2371  132.5032    0.08900   -0.03660
 14.3000   20.15550  313.29861   40.2034  132.5151    0.10400   -0.04977
 14.3083   20.26523  313.11032   40.1700  132.5267    0.00000   -0.04778
 14.3167   20.37408  312.92105   40.1369  132.5380    0.05300   -0.05547
 14.3250   20.48205  312.73077   40.1041  132.5490    0.02000   -0.04070
 14.3333   20.58915  312.53952   40.0715  132.5597    0.08200   -0.03530
 14.3417   20.69536  312.34729   40.0392  132.5702    0.08900   -0.02454
 14.3500   20.80067  312.15405   40.0071  132.5804    0.10000   -0.02003
 14.3583   20.90508  311.95987   39.9753  132.5903    0.13400   -0.00957
 14.3667   21.00859  311.76468   39.9438  132.5999    0.18800   -0.00470
 14.3750   21.11118  311.56857   39.9125  132.6092    0.17100   -0.00688
 14.3833   21.21285  311.37146   39.8814  132.6183    0.16200   -0.00415
 14.3917   21.31360  311.17340   39.8506  132.6271    0.25400    0.00260
 14.4000   21.41342  310.97440   39.8200  132.6357    0.26000    0.01022
 14.4083   21.51229  310.77441   39.7897  132.6440    0.26300    0.01470
 14.4167   21.61023  310.57352   39.7596  132.6521    0.33400    0.01634
 14.4250   21.70721  310.37167   39.7297  132.6598    0.32500    0.01256
 14.4333   21.80323  310.16888   39.7000  132.6674    0.28500    0.01416
 14.4417   21.89830  309.96515   39.6705  132.6747    0.38600    0.01844
 14.4500   21.99239  309.76050   39.6413  132.6817    0.39000    0.02603
 14.4583   22.08551  309.55493   39.6122  132.6886    0.36800    0.01502
 14.4667   22.17765  309.34845   39.5834  132.6951    0.34400   -0.00395
 14.4750   22.26880  309.14105   39.5548  132.7015    0.29200   -0.00150
 14.4833   22.35896  308.93277   39.5263  132.7076    0.40800    0.00677
 14.4917   22.44812  308.72357   39.4981  132.7135    0.42200    0.01923
 14.5000   22.53627  308.51346   39.4701  132.7191    0.39800    0.00400
 14.5083   22.62342  308.30249   39.4422  132.7245    0.34100   -0.00918
 14.5167   22.70954  308.09064   39.4146  132.7297    0.37800   -0.01342
 14.5250   22.79465  307.87790   39.3871  132.7347    0.41600   -0.01966
 14.5333   22.87873  307.66431   39.3598  132.7394    0.35000   -0.03823
 14.5417   22.96177  307.44986   39.3327  132.7440    0.31300   -0.05374
 14.5500   23.04378  307.23453   39.3057  132.7483    0.38200   -0.05118
 14.5583   23.12474  307.01837   39.2790  132.7524    0.44200   -0.04571
 14.5667   23.20465  306.80136   39.2523  132.7563    0.42900   -0.04189
 14.5750   23.28350  306.58353   39.2259  132.7599    0.49100   -0.03463
 14.5833   23.36130  306.36487   39.1996  132.7634    0.57700   -0.01830
 14.5917   23.43802  306.14539   39.1735  132.7666    0.63200   -0.01265
 14.6000   23.51368  305.92508   39.1476  132.7697    0.63800   -0.01060
 14.6083   23.58826  305.70398   39.1218  132.7725    0.70800   -0.00580
 14.6167   23.66175  305.48209   39.0961  132.7752    0.78600   -0.00019
 14.6250   23.73416  305.25940   39.0706  132.7776    0.80900   -0.00286
 14.6333   23.80548  305.03592   39.0452  132.7799    0.83800   -0.00299
 14.6417   23.87570  304.81168   39.0200  132.7819    0.93600   -0.00504
 14.6500   23.94481  304.58670   38.9950  132.7838    0.95400   -0.00021
 14.6583   24.01282  304.36093   38.9700  132.7854    1.03100   -0.00195
 14.6667   24.07972  304.13443   38.9452  132.7868    1.09000   -0.00142
 14.6750   24.14549  303.90717   38.9206  132.7881    1.11600   -0.00342
 14.6833   24.21015  303.67920   38.8961  132.7892    1.17300   -0.00773
 14.6917   24.27368  303.45050   38.8717  132.7901    1.21300   -0.00374
 14.7000   24.33608  303.22107   38.8474  132.7908    1.28100    0.00064
 14.7083   24.39735  302.99097   38.8233  132.7913    1.33500    0.00657
 14.7167   24.45747  302.76016   38.7992  132.7916    1.38500    0.02468
 14.7250   24.51645  302.52866   38.7753  132.7918    1.52800    0.03861
 14.7333   24.57429  302.29648   38.7515  132.7917    1.55100    0.04472
 14.7417   24.63097  302.06366   38.7279  132.7915    1.54600    0.04027
 14.7500   24.68649  301.83017   38.7043  132.7911    1.61900    0.03204
 14.7583   24.74085  301.59601   38.6809  132.7905    1.61300    0.02102
 14.7667   24.79405  301.36124   38.6575  132.7897    1.58200    0.00307
 14.7750   24.84608  301.12582   38.6343  132.7888    1.60800   -0.00067
 14.7833   24.89694  300.88980   38.6112  132.7876    1.68400    0.00820
 14.7917   24.94662  300.65317   38.5882  132.7863    1.72400    0.02406
 14.8000   24.99513  300.41592   38.5652  132.7849    1.78100    0.02018
 14.8083   25.04245  300.17810   38.5424  132.7832    1.72700    0.01854
 14.8167   25.08858  299.93973   38.5197  132.7814    1.77500    0.01507
 14.8250   25.13352  299.70078   38.4971  132.7794    1.82000    0.01300
 14.8333   25.17728  299.46124   38.4745  132.7772    1.77100   -0.00191
 14.8417   25.21983  299.22119   38.4521  132.7748    1.73800   -0.00635
 14.8500   25.26119  298.98059   38.4297  132.7723    1.84100    0.00192
 14.8583   25.30134  298.73944   38.4074  132.7696    1.86500    0.00657
 14.8667   25.34030  298.49783   38.3852  132.7668    1.80800   -0.00549
 14.8750   25.37804  298.25568   38.3631  132.7637    1.80900   -0.00723
 14.8833   25.41457  298.01306   38.3411  132.7605    1.89300    0.00508
 14.8917   25.44989  297.76993   38.3192  132.7572    1.92000    0.02274
 14.9000   25.48400  297.52637   38.2973  132.7536    1.94900    0.02164
 14.9083   25.51689  297.28232   38.2755  132.7499    1.92000    0.01197
 14.9167   25.54856  297.03784   38.2538  132.7460    1.89800   -0.00380
 14.9250   25.57900  296.79291   38.2321  132.7420    1.89700   -0.02144
 14.9333   25.60823  296.54758   38.2105  132.7378    1.85800   -0.02389
 14.9417   25.63623  296.30182   38.1890  132.7334    1.92400   -0.01504
 14.9500   25.66300  296.05566   38.1676  132.7289    1.98800    0.00194
 14.9583   25.68854  295.80911   38.1462  132.7242    2.00400    0.00413
 14.9667   25.71285  295.56219   38.1249  132.7193    1.98100   -0.00575
 14.9750   25.73593  295.31488   38.1036  132.7143    1.97000   -0.01032
 14.9833   25.75778  295.06723   38.0824  132.7091    2.01000   -0.00377
 14.9917   25.77839  294.81924   38.0612  132.7038    2.05700    0.00180
 15.0000   25.79776  294.57092   38.0402  132.6983    2.04600   -0.00077
 15.0083   25.81590  294.32227   38.0191  132.6926    2.04800   -0.00101
 15.0167   25.83280  294.07330   37.9981  132.6867    2.11700   -0.00525
 15.0250   25.84846  293.82407   37.9772  132.6807    2.08500    0.00170
 15.0333   25.86289  293.57452   37.9563  132.6745    2.15100   -0.00936
 15.0417   25.87607  293.32471   37.9355  132.6682    2.11200   -0.01451
 15.0500   25.88801  293.07462   37.9147  132.6617    2.12200   -0.02691
 15.0583   25.89872  292.82431   37.8939  132.6551    2.15300   -0.02110
 15.0667   25.90818  292.57373   37.8732  132.6482    2.22500   -0.01929
 15.0750   25.91640  292.32294   37.8525  132.6413    2.21100   -0.00991
 15.0833   25.92338  292.07193   37.8319  132.6341    2.28800   -0.00734
 15.0917   25.92912  291.82074   37.8113  132.6268    2.32100   -0.00846
 15.1000   25.93362  291.56934   37.7907  132.6193    2.28400   -0.01208
 15.1083   25.93687  291.31775   37.7702  132.6117    2.34600   -0.00788
 15.1167   25.93889  291.06601   37.7497  132.6039    2.42400    0.01054
 15.1250   25.93967  290.81409   37.7292  132.5959    2.48000    0.01555
 15.1333   25.93921  290.56204   37.7088  132.5878    2.47000    0.01332
 15.1417   25.93751  290.30984   37.6884  132.5795    2.51000    0.00883
 15.1500   25.93458  290.05756   37.6680  132.5711    2.54600    0.01148
 15.1583   25.93041  289.80515   37.6476  132.5625    2.57700    0.00513
 15.1667   25.92500  289.55261   37.6273  132.5537    2.56600   -0.00651
 15.1750   25.91837  289.30002   37.6069  132.5448    2.58000   -0.01957
 15.1833   25.91049  289.04733   37.5866  132.5357    2.60800   -0.02318
 15.1917   25.90139  288.79459   37.5664  132.5264    2.65500   -0.01104
 15.2000   25.89106  288.54181   37.5461  132.5170    2.75900   -0.00048
 15.2083   25.87951  288.28897   37.5258  132.5074    2.77000   -0.00293
 15.2167   25.86672  288.03610   37.5056  132.4976    2.74000   -0.02209
 15.2250   25.85272  287.78320   37.4853  132.4877    2.74400   -0.02755
 15.2333   25.83749  287.53033   37.4651  132.4776    2.84200   -0.01695
 15.2417   25.82104  287.27744   37.4449  132.4673    2.90900    0.00866
 15.2500   25.80338  287.02454   37.4246  132.4569    3.01100    0.01782
 15.2583   25.78450  286.77170   37.4044  132.4464    3.01600    0.01483
 15.2667   25.76441  286.51889   37.3842  132.4356    3.01700    0.00316
 15.2750   25.74311  286.26611   37.3640  132.4247    3.07000   -0.00947
 15.2833   25.72061  286.01340   37.3438  132.4136    3.06600   -0.01279
 15.2917   25.69690  285.76074   37.3236  132.4023    3.12600   -0.02792
 15.3000   25.67198  285.50818   37.3033  132.3909    3.11800   -0.02084
 15.3083   25.64588  285.25571   37.2831  132.3793    3.26000   -0.02035
 15.3167   25.61857  285.00333   37.2629  132.3675    3.28500   -0.00578
 15.3250   25.59008  284.75107   37.2426  132.3556    3.36000   -0.01392
 15.3333   25.56039  284.49890   37.2223  132.3435    3.36100   -0.01623
 15.3417   25.52953  284.24689   37.2021  132.3312    3.41800   -0.01945
 15.3500   25.49748  283.99500   37.1818  132.3188    3.48800   -0.02582
 15.3583   25.46425  283.74329   37.1615  132.3061    3.47800   -0.01287
 15.3667   25.42985  283.49170   37.1411  132.2933    3.66000    0.00065
 15.3750   25.39428  283.24030   37.1208  132.2803    3.73800    0.01607
 15.3833   25.35755  282.98911   37.1004  132.2672    3.75100    0.01022
 15.3917   25.31965  282.73807   37.0800  132.2539    3.80400    0.00823
 15.4000   25.28060  282.48721   37.0596  132.2404    3.90600    0.00129
 15.4083   25.24039  282.23660   37.0392  132.2267    3.88500   -0.00810
 15.4167   25.19904  281.98618   37.0187  132.2129    3.93200   -0.02091
 15.4250   25.15653  281.73599   36.9982  132.1988    4.02300   -0.02060
 15.4333   25.11289  281.48605   36.9776  132.1846    4.08800   -0.01274
 15.4417   25.06812  281.23633   36.9571  132.1702    4.18500   -0.01434
 15.4500   25.02221  280.98688   36.9365  132.1557    4.21800   -0.00306
 15.4583   24.97518  280.73770   36.9158  132.1409    4.35500   -0.01232
 15.4667   24.92703  280.48877   36.8951  132.1259    4.32600   -0.01540
 15.4750   24.87776  280.24011   36.8744  132.1108    4.39700   -0.02331
 15.4833   24.82738  279.99176   36.8536  132.0955    4.51200   -0.01412
 15.4917   24.77590  279.74368   36.8328  132.0800    4.59200    0.00186
 15.5000   24.72331  279.49591   36.8120  132.0644    4.70900    0.01186
 15.5083   24.66963  279.24847   36.7910  132.0485    4.79100    0.00926
 15.5167   24.61486  279.00131   36.7701  132.0324    4.80100    0.00749
 15.5250   24.55901  278.75449   36.7491  132.0162    4.92200   -0.00359
 15.5333   24.50208  278.50803   36.7280  131.9998    4.94500   -0.00245
 15.5417   24.44408  278.26187   36.7069  131.9832    5.01600   -0.01036
 15.5500   24.38500  278.01608   36.6857  131.9663    5.08600    0.00378
 15.5583   24.32487  277.77063   36.6644  131.9493    5.24700    0.01011
 15.5667   24.26368  277.52554   36.6431  131.9321    5.26900    0.01279
 15.5750   24.20144  277.28085   36.6217  131.9147    5.30800    0.00897
 15.5833   24.13816  277.03650   36.6003  131.8971    5.41800    0.03016
 15.5917   24.07384  276.79254   36.5788  131.8793    5.58500    0.03909
 15.6000   24.00849  276.54898   36.5572  131.8613    5.54200    0.03532
 15.6083   23.94212  276.30579   36.5355  131.8431    5.56300    0.01149
 15.6167   23.87472  276.06302   36.5138  131.8247    5.60700    0.02080
 15.6250   23.80631  275.82065   36.4920  131.8061    5.75800    0.03677
 15.6333   23.73690  275.57867   36.4701  131.7873    5.81900    0.03288
 15.6417   23.66649  275.33713   36.4481  131.7683    5.73200    0.02597
 15.6500   23.59508  275.09601   36.4261  131.7491    5.85600    0.01988
 15.6583   23.52269  274.85532   36.4040  131.7297    5.91500    0.02021
 15.6667   23.44931  274.61505   36.3817  131.7100    5.86000    0.01237
 15.6750   23.37497  274.37524   36.3594  131.6902    5.92700   -0.00532
 15.6833   23.29965  274.13586   36.3370  131.6701    5.91400    0.00396
 15.6917   23.22338  273.89694   36.3145  131.6499    6.02200   -0.00815
 15.7000   23.14615  273.65845   36.2919  131.6294    5.95900   -0.00337
 15.7083   23.06798  273.42044   36.2692  131.6087    6.05500    0.00106
 15.7167   22.98886  273.18289   36.2464  131.5878    6.15900   -0.00008
 15.7250   22.90882  272.94580   36.2235  131.5666    6.05600   -0.00317
 15.7333   22.82785  272.70920   36.2005  131.5452    6.14500   -0.01727
 15.7417   22.74596  272.47305   36.1773  131.5237    6.18300   -0.00448
 15.7500   22.66315  272.23740   36.1541  131.5019    6.25400   -0.01720
 15.7583   22.57945  272.00220   36.1307  131.4798    6.18200   -0.02749
 15.7667   22.49485  271.76752   36.1073  131.4576    6.23200   -0.02813
 15.7750   22.40935  271.53333   36.0837  131.4351    6.34500   -0.00216
 15.7833   22.32298  271.29962   36.0600  131.4124    6.46200    0.01489
 15.7917   22.23573  271.06641   36.0361  131.3894    6.45200    0.00055
 15.8000   22.14761  270.83368   36.0122  131.3662    6.37500    0.01197
 15.8083   22.05863  270.60150   35.9881  131.3428    6.66000    0.01369
 15.8167   21.96879  270.36978   35.9639  131.3191    6.61800    0.02700
 15.8250   21.87811  270.13861   35.9395  131.2953    6.58000    0.02134
 15.8333   21.78659  269.90793   35.9150  131.2711    6.74200    0.00745
 15.8417   21.69424  269.67776   35.8904  131.2467    6.55900    0.00000

 21.4750    6.45009  154.75368   25.2090  143.9544    4.68600    0.00000
 21.4833    6.62045  154.62833   25.3221  143.9336    4.49000    0.00060
 21.4917    6.79123  154.50301   25.4341  143.9127    4.57200   -0.00630
 21.5000    6.96243  154.37770   25.5450  143.8917    4.35900    0.00573
 21.5083    7.13406  154.25243   25.6547  143.8706    4.32100    0.00669
 21.5167    7.30610  154.12715   25.7634  143.8494    4.24400    0.01710
 21.5250    7.47855  154.00191   25.8709  143.8282    4.12600    0.00611
 21.5333    7.65142  153.87666   25.9774  143.8068    3.92200   -0.00945
 21.5417    7.82470  153.75143   26.0828  143.7854    3.82300   -0.02263
 21.5500    7.99839  153.62619   26.1870  143.7640    3.74800   -0.03518
 21.5583    8.17249  153.50095   26.2902  143.7425    3.58100   -0.03178
 21.5667    8.34698  153.37570   26.3923  143.7210    3.60900   -0.03176
 21.5750    8.52189  153.25044   26.4933  143.6994    3.50900   -0.02574
 21.5833    8.69719  153.12515   26.5933  143.6778    3.39800   -0.02400
 21.5917    8.87288  152.99986   26.6922  143.6562    3.38300   -0.02607
 21.6000    9.04898  152.87454   26.7901  143.6346    3.25700   -0.01861
 21.6083    9.22546  152.74918   26.8869  143.6129    3.23500   -0.01513
 21.6167    9.40234  152.62379   26.9826  143.5913    3.19600   -0.00375
 21.6250    9.57960  152.49837   27.0773  143.5696    3.14500    0.01562
 21.6333    9.75725  152.37288   27.1710  143.5480    3.19600    0.02094
 21.6417    9.93528  152.24734   27.2637  143.5264    3.03400    0.02351
 21.6500   10.11369  152.12178   27.3554  143.5047    2.95400    0.01317
 21.6583   10.29248  151.99614   27.4460  143.4831    2.89000    0.01121
 21.6667   10.47165  151.87044   27.5357  143.4615    2.79700    0.01667
 21.6750   10.65118  151.74467   27.6244  143.4400    2.79000    0.01910
 21.6833   10.83109  151.61884   27.7121  143.4185    2.70900    0.02301
 21.6917   11.01137  151.49290   27.7988  143.3970    2.63400    0.00629
 21.7000   11.19201  151.36690   27.8846  143.3755    2.45300   -0.00931
 21.7083   11.37301  151.24081   27.9694  143.3541    2.38100   -0.01882
 21.7167   11.55437  151.11462   28.0533  143.3328    2.35300   -0.03034
 21.7250   11.73609  150.98836   28.1362  143.3115    2.15800   -0.03884
 21.7333   11.91817  150.86195   28.2182  143.2902    2.12000   -0.05156
 21.7417   12.10059  150.73547   28.2993  143.2690    2.07100   -0.04084
 21.7500   12.28337  150.60886   28.3794  143.2479    2.08500   -0.02954
 21.7583   12.46649  150.48213   28.4587  143.2268    2.05400   -0.01811
 21.7667   12.64995  150.35529   28.5371  143.2058    2.01000   -0.01287
 21.7750   12.83376  150.22830   28.6146  143.1849    1.97500   -0.01358
 21.7833   13.01790  150.10120   28.6912  143.1640    1.90600   -0.01704
 21.7917   13.20238  149.97392   28.7670  143.1432    1.85400   -0.01693
 21.8000   13.38719  149.84653   28.8419  143.1225    1.85700   -0.00962
 21.8083   13.57233  149.71896   28.9159  143.1019    1.85900   -0.00331
 21.8167   13.75780  149.59126   28.9892  143.0814    1.81000    0.00451
 21.8250   13.94359  149.46339   29.0616  143.0609    1.84000   -0.00019
 21.8333   14.12970  149.33534   29.1331  143.0405    1.75100   -0.00368
 21.8417   14.31613  149.20712   29.2039  143.0202    1.71900   -0.00996
 21.8500   14.50287  149.07874   29.2739  143.0000    1.73700   -0.02030
 21.8583   14.68993  148.95013   29.3431  142.9799    1.62900   -0.02415
 21.8667   14.87729  148.82137   29.4114  142.9599    1.66700   -0.03809
 21.8750   15.06496  148.69240   29.4791  142.9400    1.61900   -0.04570
 21.8833   15.25293  148.56322   29.5459  142.9202    1.57400   -0.05181
 21.8917   15.44120  148.43382   29.6121  142.9004    1.62600   -0.05227
 21.9000   15.62976  148.30423   29.6774  142.8808    1.63100   -0.04058
 21.9083   15.81862  148.17439   29.7421  142.8613    1.68400   -0.03627
 21.9167   16.00776  148.04436   29.8060  142.8418    1.69300   -0.02502
 21.9250   16.19719  147.91406   29.8691  142.8225    1.75700   -0.01461
 21.9333   16.38691  147.78352   29.9316  142.8033    1.81100    0.00474
 21.9417   16.57690  147.65276   29.9934  142.7841    1.89200    0.00726
 21.9500   16.76717  147.52171   30.0545  142.7651    1.83800    0.01377
 21.9583   16.95771  147.39043   30.1149  142.7462    1.93500   -0.00006
 21.9667   17.14852  147.25887   30.1746  142.7274    1.88000    0.00445
 21.9750   17.33959  147.12703   30.2337  142.7087    1.96900    0.00121
 21.9833   17.53093  146.99492   30.2921  142.6901    2.01400    0.00876
 21.9917   17.72252  146.86250   30.3499  142.6716    2.03900   -0.00127
 22.0000   17.91437  146.72981   30.4070  142.6532    2.00700   -0.00927
 22.0083   18.10647  146.59682   30.4635  142.6350    2.06700   -0.02558
 22.0167   18.29882  146.46352   30.5194  142.6168    2.02900   -0.02331
 22.0250   18.49141  146.32990   30.5747  142.5988    2.12300   -0.01777
 22.0333   18.68424  146.19595   30.6293  142.5808    2.20700   -0.00049
 22.0417   18.87731  146.06169   30.6834  142.5630    2.24900   -0.00071
 22.0500   19.07060  145.92709   30.7369  142.5453    2.22400   -0.00005
 22.0583   19.26413  145.79214   30.7897  142.5276    2.31100    0.00515
 22.0667   19.45788  145.65685   30.8421  142.5101    2.38600    0.01843
 22.0750   19.65185  145.52118   30.8938  142.4928    2.41600    0.02037
 22.0833   19.84603  145.38516   30.9450  142.4755    2.43100    0.01114
 22.0917   20.04043  145.24876   30.9956  142.4583    2.43400    0.00250
 22.1000   20.23504  145.11198   31.0457  142.4412    2.47400    0.00047
 22.1083   20.42984  144.97482   31.0953  142.4243    2.53100   -0.00386
 22.1167   20.62485  144.83727   31.1443  142.4075    2.51700   -0.00855
 22.1250   20.82006  144.69930   31.1928  142.3907    2.55200   -0.01476
 22.1333   21.01545  144.56093   31.2408  142.3741    2.60300   -0.01570
 22.1417   21.21103  144.42213   31.2883  142.3576    2.62700   -0.01043
 22.1500   21.40680  144.28291   31.3352  142.3412    2.70200   -0.00167
 22.1583   21.60274  144.14326   31.3817  142.3249    2.77100    0.00179
 22.1667   21.79885  144.00316   31.4277  142.3087    2.76300   -0.00316
 22.1750   21.99514  143.86259   31.4732  142.2927    2.79300   -0.01485
 22.1833   22.19158  143.72159   31.5183  142.2767    2.82600   -0.01890
 22.1917   22.38819  143.58011   31.5629  142.2609    2.87000   -0.01409
 22.2000   22.58495  143.43816   31.6070  142.2451    2.95900   -0.00901
 22.2083   22.78186  143.29572   31.6507  142.2295    2.99800   -0.00729
 22.2167   22.97892  143.15279   31.6939  142.2139    3.02600   -0.01209
 22.2250   23.17612  143.00934   31.7366  142.1985    3.07800   -0.01991
 22.2333   23.37345  142.86539   31.7790  142.1832    3.10300   -0.01643
 22.2417   23.57092  142.72092   31.8209  142.1680    3.20600   -0.00493
 22.2500   23.76850  142.57591   31.8624  142.1529    3.31300   -0.00096
 22.2583   23.96621  142.43037   31.9034  142.1379    3.29700   -0.00702
 22.2667   24.16404  142.28429   31.9441  142.1230    3.34700   -0.01696
 22.2750   24.36197  142.13765   31.9843  142.1082    3.43600   -0.02047
 22.2833   24.56001  141.99045   32.0242  142.0936    3.46300   -0.02228
 22.2917   24.75815  141.84267   32.0637  142.0790    3.52500   -0.02322
 22.3000   24.95638  141.69431   32.1027  142.0645    3.62400   -0.01693
 22.3083   25.15471  141.54533   32.1414  142.0502    3.70200   -0.01093
 22.3167   25.35311  141.39578   32.1797  142.0359    3.77000   -0.00557
 22.3250   25.55159  141.24561   32.2176  142.0217    3.86400   -0.00486
 22.3333   25.75015  141.09480   32.2552  142.0076    3.91100   -0.00155
 22.3417   25.94877  140.94337   32.2924  141.9937    3.99200   -0.00033
 22.3500   26.14745  140.79131   32.3292  141.9798    4.07400    0.00446
 22.3583   26.34619  140.63860   32.3657  141.9661    4.13900    0.00575
 22.3667   26.54497  140.48521   32.4019  141.9524    4.19300    0.01585
 22.3750   26.74380  140.33115   32.4377  141.9388    4.31800    0.03138
 22.3833   26.94266  140.17641   32.4731  141.9254    4.40300    0.04846
 22.3917   27.14156  140.02098   32.5083  141.9120    4.45100    0.05209
 22.4000   27.34048  139.86485   32.5430  141.8988    4.48300    0.05972
 22.4083   27.53942  139.70799   32.5775  141.8856    4.57600    0.06559
 22.4167   27.73837  139.55043   32.6117  141.8725    4.60200    0.07368
 22.4250   27.93732  139.39212   32.6455  141.8595    4.63300    0.06978
 22.4333   28.13628  139.23306   32.6790  141.8466    4.64600    0.06351
 22.4417   28.33522  139.07326   32.7123  141.8338    4.64600    0.05696
 22.4500   28.53416  138.91267   32.7452  141.8212    4.66400    0.04459
 22.4583   28.73307  138.75133   32.7778  141.8085    4.63000    0.03291
 22.4667   28.93195  138.58919   32.8101  141.7961    4.61900    0.01997
 22.4750   29.13080  138.42624   32.8422  141.7836    4.61400    0.01104
 22.4833   29.32961  138.26248   32.8739  141.7713    4.59500    0.00813
 22.4917   29.52837  138.09790   32.9054  141.7591    4.60500    0.00401
 22.5000   29.72708  137.93250   32.9366  141.7469    4.58600    0.00176
 22.5083   29.92572  137.76624   32.9675  141.7349    4.56600    0.00218
 22.5167   30.12429  137.59911   32.9982  141.7229    4.58500    0.00298
 22.5250   30.32278  137.43112   33.0286  141.7111    4.56400   -0.00086
 22.5333   30.52119  137.26225   33.0587  141.6993    4.52000   -0.00250
 22.5417   30.71951  137.09248   33.0885  141.6876    4.55600   -0.01064
 22.5500   30.91773  136.92181   33.1181  141.6760    4.50500   -0.00427
 22.5583   31.11584  136.75023   33.1475  141.6645    4.54300   -0.01467
 22.5667   31.31383  136.57771   33.1766  141.6530    4.50000   -0.01532
 22.5750   31.51170  136.40425   33.2055  141.6417    4.51200   -0.03198
 22.5833   31.70944  136.22984   33.2341  141.6304    4.47900   -0.04419
 22.5917   31.90704  136.05444   33.2625  141.6193    4.46900   -0.05800
 22.6000   32.10450  135.87810   33.2906  141.6082    4.47900   -0.05846
 22.6083   32.30179  135.70074   33.3185  141.5972    4.52200   -0.05194
 22.6167   32.49892  135.52238   33.3462  141.5863    4.55200   -0.05260
 22.6250   32.69588  135.34300   33.3737  141.5754    4.52900   -0.05103
 22.6333   32.89266  135.16260   33.4009  141.5647    4.58200   -0.03421
 22.6417   33.08925  134.98114   33.4279  141.5540    4.68000    0.00095
 22.6500   33.28564  134.79865   33.4547  141.5434    4.74300    0.03374
 22.6583   33.48182  134.61507   33.4813  141.5329    4.77700    0.05719
 22.6667   33.67779  134.43040   33.5077  141.5225    4.82800    0.06947
 22.6750   33.87353  134.24464   33.5339  141.5122    4.83200    0.08801
 22.6833   34.06903  134.05777   33.5598  141.5019    4.89400    0.09164
 22.6917   34.26429  133.86978   33.5856  141.4917    4.86700    0.09647
 22.7000   34.45930  133.68065   33.6112  141.4816    4.87200    0.07686
 22.7083   34.65404  133.49037   33.6365  141.4716    4.81100    0.04727
 22.7167   34.84851  133.29893   33.6617  141.4617    4.72900    0.01732
 22.7250   35.04270  133.10629   33.6867  141.4518    4.72000    0.00125
 22.7333   35.23660  132.91249   33.7115  141.4420    4.70700   -0.00010
 22.7417   35.43019  132.71747   33.7361  141.4323    4.67800   -0.00609
 22.7500   35.62348  132.52122   33.7605  141.4227    4.63400   -0.00884
 22.7583   35.81644  132.32375   33.7848  141.4131    4.62900   -0.00067
 22.7667   36.00906  132.12503   33.8088  141.4036    4.64100    0.01597
 22.7750   36.20135  131.92503   33.8327  141.3942    4.62800    0.03078
 22.7833   36.39328  131.72379   33.8565  141.3849    4.60400    0.03448
 22.7917   36.58485  131.52122   33.8800  141.3757    4.56200    0.02818
 22.8000   36.77604  131.31737   33.9034  141.3665    4.50200    0.01390
 22.8083   36.96684  131.11218   33.9266  141.3574    4.44100    0.00298
 22.8167   37.15725  130.90567   33.9496  141.3483    4.41100    0.00580
 22.8250   37.34725  130.69781   33.9725  141.3394    4.40600    0.01929
 22.8333   37.53683  130.48859   33.9952  141.3305    4.38400    0.02857
 22.8417   37.72598  130.27798   34.0178  141.3217    4.32200    0.03212
 22.8500   37.91469  130.06599   34.0402  141.3130    4.27900    0.03414
 22.8583   38.10294  129.85258   34.0625  141.3043    4.23800    0.04696
 22.8667   38.29073  129.63776   34.0846  141.2957    4.21200    0.05584
 22.8750   38.47804  129.42149   34.1065  141.2872    4.13800    0.06436
 22.8833   38.66487  129.20380   34.1283  141.2787    4.08600    0.06759
 22.8917   38.85119  128.98460   34.1500  141.2703    4.03000    0.06366
 22.9000   39.03699  128.76395   34.1715  141.2620    3.91800    0.04920
 22.9083   39.22227  128.54179   34.1929  141.2538    3.80900    0.02908
 22.9167   39.40702  128.31813   34.2141  141.2456    3.71800    0.02387
 22.9250   39.59121  128.09294   34.2352  141.2375    3.66400    0.02485
 22.9333   39.77483  127.86621   34.2562  141.2295    3.57600    0.01844
 22.9417   39.95788  127.63793   34.2770  141.2215    3.44600    0.00161
 22.9500   40.14034  127.40808   34.2977  141.2136    3.34100   -0.00889
 22.9583   40.32219  127.17664   34.3183  141.2058    3.27800   -0.01406
 22.9667   40.50343  126.94361   34.3388  141.1980    3.17000   -0.01592
 22.9750   40.68404  126.70896   34.3591  141.1904    3.08000   -0.02427
 22.9833   40.86401  126.47269   34.3793  141.1827    2.99100   -0.02555
 22.9917   41.04332  126.23478   34.3993  141.1752    2.92000   -0.03006
 23.0000   41.22195  125.99521   34.4193  141.1677    2.82300   -0.03469
 23.0083   41.39990  125.75397   34.4391  141.1603    2.73900   -0.04364
 23.0167   41.57716  125.51105   34.4588  141.1529    2.65300   -0.04083
 23.0250   41.75369  125.26642   34.4784  141.1457    2.61300   -0.03810
 23.0333   41.92950  125.02009   34.4979  141.1384    2.53700   -0.03299
 23.0417   42.10457  124.77203   34.5172  141.1313    2.46900   -0.02651
 23.0500   42.27888  124.52223   34.5365  141.1242    2.44000   -0.02240
 23.0583   42.45242  124.27068   34.5556  141.1172    2.35800   -0.01495
 23.0667   42.62518  124.01736   34.5746  141.1102    2.30900   -0.01324
 23.0750   42.79713  123.76225   34.5935  141.1033    2.25900   -0.00562
 23.0833   42.96826  123.50536   34.6124  141.0965    2.20700   -0.00326
 23.0917   43.13856  123.24666   34.6311  141.0897    2.14200    0.00109
 23.1000   43.30802  122.98614   34.6497  141.0831    2.10800    0.00167
 23.1083   43.47661  122.72378   34.6682  141.0764    2.04400    0.00532
 23.1167   43.64432  122.45959   34.6866  141.0699    1.99400    0.00238
 23.1250   43.81114  122.19353   34.7049  141.0634    1.93300   -0.00165
 23.1333   43.97704  121.92561   34.7231  141.0569    1.86300   -0.00821
 23.1417   44.14202  121.65581   34.7412  141.0506    1.80200   -0.01297
 23.1500   44.30606  121.38411   34.7592  141.0442    1.74700   -0.01171
 23.1583   44.46914  121.11051   34.7772  141.0380    1.70400   -0.00434
 23.1667   44.63124  120.83500   34.7950  141.0318    1.66900    0.00555
 23.1750   44.79235  120.55756   34.8127  141.0257    1.62600    0.01152
 23.1833   44.95245  120.27818   34.8304  141.0196    1.56800    0.01075
 23.1917   45.11152  119.99686   34.8479  141.0137    1.50800    0.00546
 23.2000   45.26956  119.71359   34.8654  141.0077    1.45100   -0.00782
 23.2083   45.42653  119.42835   34.8828  141.0018    1.36600   -0.01979
 23.2167   45.58243  119.14113   34.9001  140.9961    1.31600   -0.03174
 23.2250   45.73723  118.85194   34.9174  140.9903    1.26200   -0.03219
 23.2333   45.89093  118.56075   34.9345  140.9846    1.22600   -0.03126
 23.2417   46.04349  118.26757   34.9516  140.9790    1.18400   -0.03101
 23.2500   46.19491  117.97238   34.9685  140.9735    1.13000   -0.03074
 23.2583   46.34517  117.67517   34.9854  140.9680    1.09700   -0.02742
 23.2667   46.49425  117.37595   35.0023  140.9626    1.07000   -0.01318
 23.2750   46.64212  117.07470   35.0190  140.9572    1.06400   -0.00253
 23.2833   46.78878  116.77142   35.0357  140.9519    1.02200    0.00098
 23.2917   46.93421  116.46611   35.0523  140.9467    0.97400   -0.00851
 23.3000   47.07839  116.15875   35.0688  140.9415    0.92300   -0.01886
 23.3083   47.22129  115.84935   35.0853  140.9364    0.88400   -0.02378
 23.3167   47.36291  115.53791   35.1017  140.9313    0.86200   -0.02203
 23.3250   47.50322  115.22441   35.1180  140.9263    0.84200   -0.01748
 23.3333   47.64220  114.90886   35.1343  140.9214    0.81800   -0.01728
 23.3417   47.77985  114.59125   35.1504  140.9165    0.78100   -0.01588
 23.3500   47.91613  114.27159   35.1666  140.9117    0.76700   -0.01329
 23.3583   48.05103  113.94987   35.1826  140.9070    0.74800   -0.00886
 23.3667   48.18454  113.62610   35.1986  140.9023    0.72100   -0.00747
 23.3750   48.31663  113.30027   35.2145  140.8977    0.69900   -0.00806
 23.3833   48.44729  112.97239   35.2304  140.8931    0.67700   -0.00581
 23.3917   48.57649  112.64246   35.2462  140.8886    0.66600   -0.00162
 23.4000   48.70423  112.31048   35.2620  140.8842    0.65600   -0.00189
 23.4083   48.83047  111.97646   35.2776  140.8798    0.62100   -0.01102
 23.4167   48.95521  111.64040   35.2933  140.8755    0.57800   -0.02109
 23.4250   49.07843  111.30231   35.3088  140.8713    0.56600   -0.02290
 23.4333   49.20009  110.96219   35.3244  140.8671    0.56300   -0.01526
 23.4417   49.32020  110.62005   35.3398  140.8630    0.55700   -0.00813
 23.4500   49.43873  110.27590   35.3552  140.8589    0.54400   -0.00870
 23.4583   49.55566  109.92974   35.3706  140.8549    0.51200   -0.00718
 23.4667   49.67097  109.58159   35.3859  140.8510    0.51300   -0.00013
 23.4750   49.78465  109.23146   35.4012  140.8471    0.51800    0.01500
 23.4833   49.89667  108.87936   35.4164  140.8433    0.51300    0.02380
 23.4917   50.00703  108.52530   35.4315  140.8396    0.48800    0.02510
 23.5000   50.11569  108.16930   35.4466  140.8359    0.46500    0.02076
 23.5083   50.22266  107.81136   35.4617  140.8322    0.44100    0.01992
 23.5167   50.32789  107.45151   35.4767  140.8287    0.43100    0.02354
 23.5250   50.43139  107.08976   35.4917  140.8252    0.42500    0.02217
 23.5333   50.53313  106.72612   35.5066  140.8217    0.38400    0.01079
 23.5417   50.63310  106.36062   35.5215  140.8183    0.34000   -0.00733
 23.5500   50.73127  105.99328   35.5364  140.8150    0.31200   -0.02555
 23.5583   50.82764  105.62411   35.5512  140.8118    0.27100   -0.03746
 23.5667   50.92218  105.25314   35.5659  140.8086    0.25000   -0.04621
 23.5750   51.01488  104.88039   35.5806  140.8055    0.23600   -0.04789
 23.5833   51.10572  104.50587   35.5953  140.8024    0.22600   -0.04574
 23.5917   51.19468  104.12963   35.6100  140.7994    0.22500   -0.04323
 23.6000   51.28176  103.75167   35.6246  140.7964    0.21600   -0.03247
 23.6083   51.36693  103.37204   35.6392  140.7936    0.24100   -0.02172
 23.6167   51.45018  102.99075   35.6537  140.7908    0.24500   -0.01335
 23.6250   51.53149  102.60783   35.6682  140.7880    0.23500   -0.01805
 23.6333   51.61086  102.22331   35.6827  140.7853    0.21900   -0.02319
 23.6417   51.68825  101.83723   35.6971  140.7827    0.22900   -0.02183
 23.6500   51.76367  101.44962   35.7115  140.7801    0.24900   -0.01746
 23.6583   51.83709  101.06050   35.7259  140.7776    0.24900   -0.01204
 23.6667   51.90851  100.66992   35.7403  140.7752    0.26400   -0.01240
 23.6750   51.97790  100.27790   35.7546  140.7728    0.26200   -0.00525
 23.6833   52.04526   99.88449   35.7689  140.7705    0.28800    0.00322
 23.6917   52.11057   99.48971   35.7831  140.7683    0.30400    0.01850
 23.7000   52.17382   99.09361   35.7974  140.7661    0.32300    0.02810
 23.7083   52.23500   98.69623   35.8116  140.7639    0.32300    0.03758
 23.7167   52.29410   98.29760   35.8258  140.7619    0.33600    0.04410
 23.7250   52.35110   97.89776   35.8400  140.7599    0.34200    0.05030
 23.7333   52.40600   97.49677   35.8541  140.7580    0.33900    0.04627
 23.7417   52.45877   97.09466   35.8682  140.7561    0.31200    0.04048
 23.7500   52.50942   96.69146   35.8823  140.7543    0.30800    0.02924
 23.7583   52.55794   96.28724   35.8964  140.7525    0.28300    0.01811
 23.7667   52.60431   95.88203   35.9105  140.7509    0.25400    0.00763
 23.7750   52.64852   95.47588   35.9245  140.7492    0.24900   -0.00559
 23.7833   52.69056   95.06884   35.9385  140.7477    0.20900   -0.01669
 23.7917   52.73044   94.66095   35.9525  140.7462    0.18400   -0.02277
 23.8000   52.76813   94.25226   35.9665  140.7448    0.19500   -0.01911
 23.8083   52.80364   93.84282   35.9805  140.7434    0.18900   -0.01283
 23.8167   52.83695   93.43269   35.9944  140.7421    0.17200   -0.01208
 23.8250   52.86807   93.02190   36.0084  140.7409    0.16300   -0.00935
 23.8333   52.89697   92.61052   36.0223  140.7397    0.16500   -0.00241
 23.8417   52.92366   92.19860   36.0362  140.7386    0.16400   -0.00016
 23.8500   52.94814   91.78618   36.0502  140.7375    0.13800   -0.00020
 23.8583   52.97039   91.37332   36.0641  140.7366    0.13200   -0.00224
 23.8667   52.99042   90.96008   36.0779  140.7357    0.12600    0.00098
 23.8750   53.00822   90.54650   36.0918  140.7348    0.12200    0.00379
 23.8833   53.02379   90.13265   36.1057  140.7340    0.11700    0.00643
 23.8917   53.03712   89.71857   36.1195  140.7333    0.11100    0.00829
 23.9000   53.04822   89.30432   36.1334  140.7326    0.10400    0.00957
 23.9083   53.05707   88.88996   36.1472  140.7320    0.09700    0.00408
 23.9167   53.06369   88.47554   36.1611  140.7315    0.06600   -0.00359
 23.9250   53.06807   88.06113   36.1749  140.7310    0.05000   -0.01031
 23.9333   53.07020   87.64676   36.1887  140.7306    0.04600   -0.01165
 23.9417   53.07010   87.23251   36.2026  140.7303    0.03600   -0.00888
 23.9500   53.06776   86.81843   36.2164  140.7300    0.03200   -0.00209
 23.9583   53.06318   86.40456   36.2302  140.7298    0.03900    0.00334
 23.9667   53.05636   85.99098   36.2440  140.7297    0.02800    0.00421
 23.9750   53.04731   85.57774   36.2578  140.7296    0.01800    0.00049
 23.9833   53.03603   85.16489   36.2717  140.7296    0.00900   -0.00009
 23.9917   53.02253   84.75249   36.2855  140.7296    0.00000    0.00000
