hmax        =    300
wind_bottom =      2
wind_top    =     10
critlon     =      0
tbeg, h     =   0.00
tend, h     =  24.00
c_ionex     =      0
c_vert      =      1
time, gamma, az, latp, lonp, tec, tec_filtered
 18.2000    6.51087  178.57729   24.2464  138.6835    1.43200    0.00000
 18.2083    6.69311  178.49644   24.3657  138.6987    1.49400    0.00025
 18.2167    6.87581  178.41585   24.4838  138.7136    1.57100    0.00343
 18.2250    7.05897  178.33549   24.6007  138.7281    1.62600    0.00855
 18.2333    7.24259  178.25539   24.7164  138.7423    1.65500    0.00968
 18.2417    7.42666  178.17549   24.8308  138.7562    1.67600    0.00816
 18.2500    7.61119  178.09584   24.9441  138.7697    1.69900    0.01069
 18.2583    7.79618  178.01640   25.0562  138.7829    1.70300    0.01749
 18.2667    7.98162  177.93719   25.1671  138.7958    1.73400    0.03127
 18.2750    8.16751  177.85822   25.2768  138.8083    1.82200    0.04176
 18.2833    8.35386  177.77946   25.3853  138.8206    1.79300    0.03862
 18.2917    8.54065  177.70091   25.4926  138.8326    1.73200    0.01684
 18.3000    8.72790  177.62259   25.5988  138.8443    1.63700    0.00633
 18.3083    8.91559  177.54446   25.7039  138.8556    1.69800   -0.00565
 18.3167    9.10373  177.46655   25.8077  138.8667    1.61300   -0.00459
 18.3250    9.29232  177.38885   25.9105  138.8776    1.62800   -0.00342
 18.3333    9.48136  177.31136   26.0121  138.8881    1.68300    0.00433
 18.3417    9.67084  177.23404   26.1126  138.8984    1.65000    0.00804
 18.3500    9.86076  177.15694   26.2119  138.9084    1.62300    0.00475
 18.3583   10.05113  177.08003   26.3102  138.9182    1.60900    0.00451
 18.3667   10.24194  177.00331   26.4073  138.9277    1.60200    0.00383
 18.3750   10.43319  176.92677   26.5034  138.9370    1.57400   -0.00070
 18.3833   10.62488  176.85042   26.5983  138.9460    1.53700   -0.00349
 18.3917   10.81701  176.77426   26.6922  138.9548    1.54600   -0.00663
 18.4000   11.00958  176.69827   26.7851  138.9634    1.51700   -0.00939
 18.4083   11.20258  176.62247   26.8768  138.9718    1.47900   -0.01445
 18.4167   11.39603  176.54681   26.9676  138.9799    1.46600   -0.01459
 18.4250   11.58990  176.47136   27.0573  138.9878    1.47200   -0.00963
 18.4333   11.78421  176.39606   27.1459  138.9955    1.47500    0.00375
 18.4417   11.97895  176.32092   27.2336  139.0030    1.53500    0.01500
 18.4500   12.17413  176.24594   27.3202  139.0102    1.52200    0.02211
 18.4583   12.36973  176.17113   27.4058  139.0173    1.49300    0.01638
 18.4667   12.56576  176.09645   27.4905  139.0242    1.44800    0.01049
 18.4750   12.76223  176.02194   27.5742  139.0309    1.43800    0.00312
 18.4833   12.95912  175.94757   27.6569  139.0374    1.39700   -0.00001
 18.4917   13.15643  175.87334   27.7386  139.0438    1.38600   -0.00834
 18.5000   13.35417  175.79926   27.8194  139.0499    1.33500   -0.00989
 18.5083   13.55234  175.72531   27.8993  139.0559    1.34800   -0.00946
 18.5167   13.75093  175.65150   27.9783  139.0617    1.35300   -0.01052
 18.5250   13.94994  175.57780   28.0563  139.0674    1.28800   -0.00321
 18.5333   14.14937  175.50426   28.1334  139.0728    1.36700   -0.00094
 18.5417   14.34922  175.43082   28.2097  139.0782    1.33000    0.00636
 18.5500   14.54948  175.35751   28.2850  139.0833    1.30400    0.00325
 18.5583   14.75017  175.28432   28.3595  139.0884    1.30500   -0.00349
 18.5667   14.95127  175.21123   28.4331  139.0932    1.24500   -0.00759
 18.5750   15.15279  175.13824   28.5059  139.0979    1.24600   -0.01469
 18.5833   15.35472  175.06538   28.5778  139.1025    1.22800   -0.01298
 18.5917   15.55706  174.99261   28.6489  139.1070    1.23800   -0.00630
 18.6000   15.75981  174.91994   28.7192  139.1113    1.27700    0.00056
 18.6083   15.96298  174.84737   28.7886  139.1155    1.25900    0.00345
 18.6167   16.16655  174.77487   28.8573  139.1195    1.23200   -0.00521
 18.6250   16.37053  174.70247   28.9251  139.1234    1.17900   -0.00015
 18.6333   16.57492  174.63016   28.9922  139.1272    1.26000    0.00422
 18.6417   16.77971  174.55791   29.0585  139.1309    1.23300    0.01446
 18.6500   16.98491  174.48573   29.1241  139.1345    1.22900    0.01355
 18.6583   17.19050  174.41364   29.1889  139.1379    1.23200    0.01329
 18.6667   17.39650  174.34161   29.2530  139.1413    1.21300    0.01082
 18.6750   17.60290  174.26965   29.3163  139.1445    1.19800    0.00386
 18.6833   17.80970  174.19774   29.3789  139.1476    1.16900   -0.00907
 18.6917   18.01690  174.12589   29.4408  139.1506    1.11200   -0.02414
 18.7000   18.22449  174.05408   29.5020  139.1535    1.08300   -0.03317
 18.7083   18.43247  173.98232   29.5625  139.1563    1.10200   -0.02675
 18.7167   18.64085  173.91060   29.6223  139.1591    1.15300   -0.02206
 18.7250   18.84962  173.83891   29.6815  139.1617    1.11100   -0.01589
 18.7333   19.05879  173.76727   29.7400  139.1642    1.13900   -0.01769
 18.7417   19.26834  173.69565   29.7978  139.1667    1.13600   -0.00455
 18.7500   19.47828  173.62405   29.8549  139.1690    1.20000    0.00059
 18.7583   19.68860  173.55247   29.9115  139.1713    1.17600    0.01731
 18.7667   19.89931  173.48093   29.9674  139.1735    1.25300    0.01644
 18.7750   20.11040  173.40936   30.0227  139.1756    1.19900    0.01161
 18.7833   20.32188  173.33781   30.0774  139.1776    1.15000    0.00415
 18.7917   20.53373  173.26627   30.1314  139.1796    1.21200    0.00241
 18.8000   20.74597  173.19472   30.1849  139.1814    1.19400    0.00636
 18.8083   20.95858  173.12315   30.2378  139.1832    1.18000    0.00833
 18.8167   21.17157  173.05159   30.2901  139.1850    1.22400    0.01220
 18.8250   21.38493  172.98000   30.3418  139.1866    1.21800    0.02024
 18.8333   21.59866  172.90839   30.3930  139.1882    1.22700    0.01454
 18.8417   21.81277  172.83675   30.4436  139.1897    1.18000    0.01030
 18.8500   22.02724  172.76506   30.4937  139.1912    1.17800   -0.00025
 18.8583   22.24209  172.69334   30.5432  139.1926    1.14600   -0.00168
 18.8667   22.45730  172.62158   30.5922  139.1939    1.15800   -0.00182
 18.8750   22.67287  172.54977   30.6407  139.1952    1.16400   -0.00459
 18.8833   22.88881  172.47791   30.6887  139.1964    1.11500   -0.01031
 18.8917   23.10510  172.40598   30.7361  139.1976    1.10800   -0.01182
 18.9000   23.32176  172.33398   30.7830  139.1987    1.14000   -0.00778
 18.9083   23.53878  172.26193   30.8295  139.1997    1.12600   -0.00155
 18.9167   23.75615  172.18979   30.8755  139.2007    1.13100    0.00139
 18.9250   23.97387  172.11757   30.9209  139.2017    1.14400    0.00213
 18.9333   24.19195  172.04526   30.9659  139.2025    1.11500   -0.00049
 18.9417   24.41038  171.97285   31.0105  139.2034    1.09900   -0.00509
 18.9500   24.62916  171.90036   31.0545  139.2042    1.09700   -0.00324
 18.9583   24.84829  171.82774   31.0982  139.2050    1.10400    0.00354
 18.9667   25.06776  171.75504   31.1413  139.2057    1.11700    0.00657
 18.9750   25.28757  171.68219   31.1841  139.2063    1.09500    0.01448
 18.9833   25.50772  171.60922   31.2264  139.2069    1.13200    0.02124
 18.9917   25.72822  171.53613   31.2682  139.2075    1.13900    0.02233
 19.0000   25.94905  171.46291   31.3097  139.2081    1.08400    0.01376
 19.0083   26.17022  171.38954   31.3507  139.2086    1.06700    0.00104
 19.0167   26.39172  171.31602   31.3913  139.2090    1.05100   -0.01099
 19.0250   26.61355  171.24236   31.4315  139.2095    1.00200   -0.02281
 19.0333   26.83571  171.16850   31.4713  139.2099    0.99000   -0.02844
 19.0417   27.05820  171.09450   31.5107  139.2102    1.01100   -0.02668
 19.0500   27.28101  171.02032   31.5498  139.2106    1.00500   -0.02581
 19.0583   27.50415  170.94595   31.5884  139.2108    0.99000   -0.01939
 19.0667   27.72760  170.87140   31.6267  139.2111    1.04500   -0.01284
 19.0750   27.95138  170.79665   31.6646  139.2113    1.04400   -0.00460
 19.0833   28.17547  170.72169   31.7021  139.2115    1.04300   -0.00709
 19.0917   28.39988  170.64653   31.7392  139.2117    1.04700   -0.01302
 19.1000   28.62460  170.57114   31.7760  139.2119    1.03500   -0.01658
 19.1083   28.84962  170.49553   31.8125  139.2120    1.05400   -0.02170
 19.1167   29.07496  170.41969   31.8486  139.2121    1.05100   -0.02269
 19.1250   29.30060  170.34360   31.8844  139.2121    1.06300   -0.02108
 19.1333   29.52654  170.26726   31.9198  139.2122    1.09300   -0.01152
 19.1417   29.75278  170.19067   31.9549  139.2122    1.13200    0.00394
 19.1500   29.97932  170.11382   31.9897  139.2122    1.17200    0.01475
 19.1583   30.20616  170.03668   32.0241  139.2122    1.17600    0.03083
 19.1667   30.43329  169.95927   32.0582  139.2121    1.24100    0.03796
 19.1750   30.66070  169.88158   32.0920  139.2120    1.23300    0.04183
 19.1833   30.88841  169.80357   32.1255  139.2119    1.22000    0.02744
 19.1917   31.11640  169.72527   32.1587  139.2118    1.19000    0.01952
 19.2000   31.34467  169.64664   32.1916  139.2117    1.21600    0.00446
 19.2083   31.57322  169.56770   32.2242  139.2116    1.16400   -0.00219
 19.2167   31.80205  169.48842   32.2565  139.2114    1.17400   -0.00992
 19.2250   32.03116  169.40880   32.2885  139.2112    1.19100   -0.00557
 19.2333   32.26053  169.32883   32.3203  139.2110    1.19700   -0.00259
 19.2417   32.49017  169.24849   32.3517  139.2108    1.19900   -0.00293
 19.2500   32.72008  169.16779   32.3829  139.2106    1.19600   -0.00405
 19.2583   32.95025  169.08672   32.4138  139.2103    1.19700    0.00006
 19.2667   33.18068  169.00523   32.4444  139.2101    1.22600   -0.00309
 19.2750   33.41137  168.92336   32.4748  139.2098    1.19200   -0.00925
 19.2833   33.64231  168.84108   32.5049  139.2095    1.17900   -0.01967
 19.2917   33.87350  168.75838   32.5347  139.2092    1.18600   -0.01971
 19.3000   34.10494  168.67525   32.5643  139.2089    1.20100   -0.01530
 19.3083   34.33662  168.59167   32.5936  139.2086    1.21000   -0.00272
 19.3167   34.56854  168.50764   32.6227  139.2083    1.25300    0.00793
 19.3250   34.80071  168.42316   32.6516  139.2080    1.25300    0.01704
 19.3333   35.03310  168.33820   32.6801  139.2076    1.25000    0.03007
 19.3417   35.26573  168.25275   32.7085  139.2073    1.31000    0.04270
 19.3500   35.49859  168.16681   32.7366  139.2069    1.30600    0.04350
 19.3583   35.73167  168.08035   32.7645  139.2065    1.24800    0.02799
 19.3667   35.96497  167.99339   32.7922  139.2061    1.23200    0.01440
 19.3750   36.19849  167.90588   32.8196  139.2058    1.24000    0.01036
 19.3833   36.43222  167.81786   32.8469  139.2054    1.22700    0.00313
 19.3917   36.66616  167.72925   32.8739  139.2050    1.19500   -0.01052
 19.4000   36.90031  167.64008   32.9006  139.2046    1.16900   -0.02365
 19.4083   37.13466  167.55032   32.9272  139.2042    1.15500   -0.02676
 19.4167   37.36921  167.45999   32.9536  139.2038    1.16600   -0.02318
 19.4250   37.60396  167.36903   32.9797  139.2033    1.16700   -0.01060
 19.4333   37.83890  167.27747   33.0057  139.2029    1.18900   -0.00291
 19.4417   38.07403  167.18526   33.0314  139.2025    1.17600    0.00290
 19.4500   38.30933  167.09241   33.0569  139.2021    1.17000    0.00734
 19.4583   38.54482  166.99889   33.0823  139.2016    1.18800    0.01369
 19.4667   38.78049  166.90469   33.1074  139.2012    1.18400    0.01437
 19.4750   39.01632  166.80981   33.1324  139.2008    1.15500    0.01244
 19.4833   39.25232  166.71422   33.1572  139.2003    1.16400    0.00814
 19.4917   39.48849  166.61790   33.1817  139.1999    1.15100    0.00733
 19.5000   39.72481  166.52086   33.2061  139.1995    1.13600    0.00148
 19.5083   39.96128  166.42307   33.2303  139.1990    1.12000    0.00105
 19.5167   40.19791  166.32449   33.2544  139.1986    1.12700   -0.00358
 19.5250   40.43468  166.22514   33.2782  139.1982    1.09200   -0.00247
 19.5333   40.67159  166.12498   33.3019  139.1977    1.10100    0.00077
 19.5417   40.90863  166.02403   33.3254  139.1973    1.11600    0.01054
 19.5500   41.14581  165.92223   33.3488  139.1968    1.10700    0.01248
 19.5583   41.38311  165.81956   33.3719  139.1964    1.08100    0.00910
 19.5667   41.62053  165.71605   33.3949  139.1960    1.07300    0.00088
 19.5750   41.85807  165.61165   33.4178  139.1955    1.04600   -0.00593
 19.5833   42.09571  165.50633   33.4404  139.1951    1.02700   -0.01126
 19.5917   42.33347  165.40010   33.4630  139.1947    1.02900   -0.01185
 19.6000   42.57132  165.29292   33.4853  139.1943    1.02600   -0.00939
 19.6083   42.80927  165.18478   33.5075  139.1938    1.02600   -0.01367
 19.6167   43.04730  165.07567   33.5296  139.1934    1.00400   -0.02007
 19.6250   43.28543  164.96555   33.5515  139.1930    0.99300   -0.02576
 19.6333   43.52363  164.85442   33.5732  139.1926    0.99400   -0.02965
 19.6417   43.76190  164.74222   33.5948  139.1922    0.97900   -0.02347
 19.6500   44.00024  164.62898   33.6163  139.1918    1.01000   -0.02267
 19.6583   44.23864  164.51465   33.6376  139.1914    0.98900   -0.01524
 19.6667   44.47709  164.39922   33.6587  139.1910    1.00100   -0.00172
 19.6750   44.71560  164.28265   33.6798  139.1906    1.05700    0.01782
 19.6833   44.95414  164.16493   33.7006  139.1902    1.06100    0.03565
 19.6917   45.19272  164.04605   33.7214  139.1899    1.06600    0.03794
 19.7000   45.43134  163.92596   33.7420  139.1895    1.06000    0.03246
 19.7083   45.66998  163.80466   33.7625  139.1892    1.03600    0.02411
 19.7167   45.90863  163.68210   33.7828  139.1888    1.03300    0.01321
 19.7250   46.14729  163.55827   33.8031  139.1884    1.02000   -0.00112
 19.7333   46.38596  163.43317   33.8231  139.1881    0.98200   -0.01633
 19.7417   46.62463  163.30673   33.8431  139.1878    0.97500   -0.02653
 19.7500   46.86328  163.17894   33.8629  139.1875    0.98100   -0.02758
 19.7583   47.10192  163.04977   33.8827  139.1871    0.97700   -0.02482
 19.7667   47.34053  162.91920   33.9023  139.1868    0.98400   -0.02316
 19.7750   47.57911  162.78722   33.9217  139.1865    0.98500   -0.01522
 19.7833   47.81765  162.65376   33.9411  139.1862    1.01000   -0.00909
 19.7917   48.05614  162.51883   33.9603  139.1860    1.01700   -0.00515
 19.8000   48.29458  162.38239   33.9794  139.1857    1.01600   -0.00936
 19.8083   48.53295  162.24438   33.9984  139.1854    1.01700   -0.02267
 19.8167   48.77125  162.10481   34.0173  139.1852    0.99500   -0.03314
 19.8250   49.00948  161.96362   34.0361  139.1849    1.01300   -0.04406
 19.8333   49.24761  161.82080   34.0547  139.1847    1.01700   -0.04255
 19.8417   49.48565  161.67630   34.0733  139.1845    1.04600   -0.04045
 19.8500   49.72358  161.53011   34.0917  139.1842    1.06700   -0.03036
 19.8583   49.96140  161.38216   34.1101  139.1840    1.10300   -0.01267
 19.8667   50.19909  161.23244   34.1283  139.1839    1.16000    0.00036
 19.8750   50.43665  161.08092   34.1464  139.1837    1.16100    0.01789
 19.8833   50.67407  160.92755   34.1645  139.1835    1.21100    0.02433
 19.8917   50.91134  160.77229   34.1824  139.1833    1.22200    0.03860
 19.9000   51.14845  160.61514   34.2002  139.1832    1.25000    0.04265
 19.9083   51.38539  160.45601   34.2179  139.1830    1.25700    0.04938
 19.9167   51.62214  160.29491   34.2356  139.1829    1.27500    0.04997
 19.9250   51.85870  160.13174   34.2531  139.1828    1.27400    0.05518
 19.9333   52.09507  159.96652   34.2705  139.1827    1.29100    0.05954
 19.9417   52.33121  159.79918   34.2878  139.1826    1.29500    0.06106
 19.9500   52.56714  159.62968   34.3051  139.1825    1.27100    0.06067
 19.9583   52.80283  159.45799   34.3222  139.1824    1.27000    0.05135
 19.9667   53.03827  159.28406   34.3393  139.1824    1.23000    0.04451
 19.9750   53.27346  159.10782   34.3563  139.1824    1.20500    0.03550
 19.9833   53.50837  158.92926   34.3732  139.1823    1.18400    0.03744
 19.9917   53.74300  158.74832   34.3899  139.1823    1.17400    0.04068
 20.0000   53.97734  158.56496   34.4066  139.1823    1.14200    0.04169
 20.0083   54.21137  158.37910   34.4233  139.1823    1.10200    0.03589
 20.0167   54.44509  158.19075   34.4398  139.1824    1.05600    0.03093
 20.0250   54.67847  157.99982   34.4562  139.1824    1.02000    0.02914
 20.0333   54.91150  157.80624   34.4726  139.1825    0.98800    0.03006
 20.0417   55.14417  157.61002   34.4889  139.1826    0.95100    0.02270
 20.0500   55.37647  157.41106   34.5051  139.1826    0.88700    0.01183
 20.0583   55.60838  157.20930   34.5212  139.1827    0.84500   -0.00145
 20.0667   55.83989  157.00471   34.5373  139.1828    0.80500   -0.02323
 20.0750   56.07098  156.79723   34.5532  139.1830    0.71800   -0.05165
 20.0833   56.30164  156.58681   34.5691  139.1831    0.66300   -0.08326
 20.0917   56.53185  156.37337   34.5849  139.1833    0.62300   -0.09898
 20.1000   56.76159  156.15685   34.6006  139.1835    0.60200   -0.10384
 20.1083   56.99085  155.93721   34.6163  139.1837    0.59400   -0.10133
 20.1167   57.21962  155.71439   34.6319  139.1839    0.58700   -0.10103
 20.1250   57.44788  155.48830   34.6474  139.1841    0.56900   -0.10120
 20.1333   57.67560  155.25890   34.6628  139.1843    0.57300   -0.09620
 20.1417   57.90277  155.02611   34.6782  139.1846    0.60400   -0.08004
 20.1500   58.12938  154.78987   34.6935  139.1849    0.64600   -0.05586
 20.1583   58.35540  154.55013   34.7087  139.1852    0.70300   -0.04153
 20.1667   58.58081  154.30678   34.7239  139.1855    0.72700   -0.05409
 20.1750   58.80560  154.05978   34.7389  139.1858    0.70700   -0.08118
 20.1833   59.02975  153.80907   34.7540  139.1862    0.74300   -0.12133
 20.1917   59.25324  153.55453   34.7689  139.1865    0.74600   -0.14262
 20.2000   59.47604  153.29613   34.7838  139.1869    0.80800   -0.15914
 20.2083   59.69813  153.03378   34.7986  139.1873    0.86900   -0.14455
 20.2167   59.91950  152.76740   34.8133  139.1877    0.98300   -0.12421
 20.2250   60.14012  152.49692   34.8280  139.1882    1.06500   -0.08739
 20.2333   60.35996  152.22226   34.8427  139.1886    1.18200   -0.04155
 20.2417   60.57902  151.94333   34.8572  139.1891    1.32400    0.02700
 20.2500   60.79725  151.66005   34.8717  139.1896    1.47700    0.10425
 20.2583   61.01464  151.37234   34.8861  139.1901    1.61600    0.16872
 20.2667   61.23116  151.08014   34.9005  139.1906    1.70400    0.20709
 20.2750   61.44679  150.78333   34.9148  139.1912    1.75600    0.20628
 20.2833   61.66149  150.48183   34.9291  139.1918    1.74200    0.19341
 20.2917   61.87526  150.17557   34.9433  139.1924    1.76400    0.17954
 20.3000   62.08805  149.86443   34.9574  139.1930    1.78400    0.18879
 20.3083   62.29983  149.54834   34.9715  139.1936    1.82000    0.20971
 20.3167   62.51059  149.22720   34.9855  139.1943    1.85300    0.21796
 20.3250   62.72029  148.90096   34.9995  139.1950    1.80100    0.21115
 20.3333   62.92891  148.56946   35.0134  139.1957    1.75600    0.18930
 20.3417   63.13640  148.23265   35.0272  139.1964    1.70700    0.15676
 20.3500   63.34275  147.89041   35.0410  139.1971    1.59200    0.10730
 20.3583   63.54791  147.54266   35.0547  139.1979    1.46800    0.04112
 20.3667   63.75186  147.18930   35.0684  139.1987    1.35000   -0.00779
 20.3750   63.95456  146.83022   35.0820  139.1995    1.28100   -0.04120
 20.3833   64.15598  146.46535   35.0956  139.2003    1.19900   -0.05626
 20.3917   64.35608  146.09454   35.1091  139.2012    1.13100   -0.06829
 20.4000   64.55483  145.71774   35.1226  139.2021    1.06300   -0.06448
 20.4083   64.75220  145.33484   35.1360  139.2030    1.02800   -0.06074
 20.4167   64.94813  144.94572   35.1494  139.2039    0.95700   -0.04793
 20.4250   65.14261  144.55029   35.1627  139.2049    0.91700   -0.04031
 20.4333   65.33558  144.14845   35.1760  139.2059    0.86600   -0.02866
 20.4417   65.52701  143.74010   35.1892  139.2069    0.81500   -0.02810
 20.4500   65.71686  143.32513   35.2023  139.2079    0.75200   -0.02844
 20.4583   65.90508  142.90346   35.2154  139.2090    0.70900   -0.02249
 20.4667   66.09164  142.47498   35.2285  139.2101    0.68600   -0.00404
 20.4750   66.27649  142.03957   35.2415  139.2112    0.66800    0.01284
 20.4833   66.45959  141.59715   35.2545  139.2124    0.62600    0.01815
 20.4917   66.64088  141.14764   35.2674  139.2135    0.57100    0.00154
 20.5000   66.82034  140.69093   35.2803  139.2148    0.48900   -0.01909
 20.5083   66.99791  140.22693   35.2931  139.2160    0.43900   -0.03232
 20.5167   67.17354  139.75554   35.3059  139.2172    0.41300   -0.02953
 20.5250   67.34719  139.27669   35.3186  139.2185    0.38600   -0.02816
 20.5333   67.51880  138.79025   35.3313  139.2199    0.33600   -0.03622
 20.5417   67.68833  138.29617   35.3439  139.2212    0.28600   -0.04885
 20.5500   67.85573  137.79437   35.3565  139.2226    0.25100   -0.05236
 20.5583   68.02094  137.28477   35.3691  139.2240    0.23600   -0.04553
 20.5667   68.18392  136.76727   35.3816  139.2255    0.22400   -0.03346
 20.5750   68.34460  136.24185   35.3940  139.2270    0.21100   -0.02760
 20.5833   68.50295  135.70840   35.4065  139.2285    0.18300   -0.02814
 20.5917   68.65890  135.16689   35.4188  139.2301    0.15600   -0.03417
 20.6000   68.81239  134.61722   35.4312  139.2317    0.12800   -0.03901
 20.6083   68.96338  134.05939   35.4435  139.2333    0.10600   -0.03261
 20.6167   69.11180  133.49332   35.4557  139.2350    0.12100   -0.01946
 20.6250   69.25761  132.91901   35.4679  139.2367    0.12500   -0.00152
 20.6333   69.40074  132.33638   35.4801  139.2384    0.12800    0.00998
 20.6417   69.54114  131.74545   35.4922  139.2402    0.12900    0.01297
 20.6500   69.67874  131.14619   35.5043  139.2421    0.10900    0.00592
 20.6583   69.81350  130.53859   35.5164  139.2439    0.08200   -0.01252
 20.6667   69.94534  129.92265   35.5284  139.2458    0.04700   -0.03947
 20.6750   70.07423  129.29840   35.5404  139.2478    0.00000   -0.05200
 20.6833   70.20009  128.66585   35.5523  139.2498    0.02000   -0.04177
 20.6917   70.32287  128.02502   35.5642  139.2518    0.06000   -0.01424
 20.7000   70.44251  127.37597   35.5761  139.2539    0.07200    0.00567
 20.7083   70.55895  126.71874   35.5879  139.2560    0.07100    0.01685
 20.7167   70.67213  126.05340   35.5997  139.2582    0.08600    0.01806
 20.7250   70.78201  125.38003   35.6115  139.2604    0.07000    0.01702
 20.7333   70.88851  124.69872   35.6232  139.2627    0.06700   -0.00007
 20.7417   70.99159  124.00956   35.6349  139.2650    0.03700   -0.02579
 20.7500   71.09120  123.31268   35.6466  139.2674    0.00000   -0.05085
 20.7583   71.18726  122.60820   35.6582  139.2698    0.00600   -0.06643
 20.7667   71.27975  121.89626   35.6699  139.2723    0.01200   -0.06064
 20.7750   71.36859  121.17702   35.6814  139.2748    0.04600   -0.05173
 20.7833   71.45375  120.45066   35.6930  139.2774    0.06500   -0.04022
 20.7917   71.53517  119.71734   35.7045  139.2800    0.08500   -0.02953
 20.8000   71.61280  118.97728   35.7160  139.2827    0.12200   -0.01879
 20.8083   71.68660  118.23068   35.7275  139.2854    0.14600   -0.01598
 20.8167   71.75652  117.47777   35.7390  139.2882    0.14700   -0.02491
 20.8250   71.82253  116.71879   35.7504  139.2910    0.15800   -0.04327
 20.8333   71.88458  115.95400   35.7618  139.2939    0.16600   -0.05341
 20.8417   71.94264  115.18366   35.7732  139.2968    0.20000   -0.05485
 20.8500   71.99666  114.40805   35.7846  139.2999    0.23900   -0.03755
 20.8583   72.04662  113.62748   35.7960  139.3029    0.29900   -0.00899
 20.8667   72.09249  112.84225   35.8073  139.3060    0.36200    0.01124
 20.8750   72.13423  112.05268   35.8187  139.3092    0.37200    0.01703
 20.8833   72.17183  111.25909   35.8300  139.3124    0.38900    0.02751
 20.8917   72.20526  110.46183   35.8413  139.3157    0.47200    0.05167
 20.9000   72.23449  109.66126   35.8526  139.3191    0.53000    0.08351
 20.9083   72.25953  108.85773   35.8638  139.3224    0.57800    0.07607
 20.9167   72.28034  108.05161   35.8751  139.3259    0.54600    0.03866
 20.9250   72.29692  107.24329   35.8864  139.3294    0.51800   -0.02280
 20.9333   72.30927  106.43314   35.8976  139.3330    0.49400   -0.07573
 20.9417   72.31738  105.62155   35.9088  139.3366    0.48500   -0.10052
 20.9500   72.32125  104.80892   35.9201  139.3403    0.53800   -0.09132
 20.9583   72.32089  103.99564   35.9313  139.3440    0.61400   -0.06140
 20.9667   72.31629  103.18212   35.9425  139.3478    0.66600   -0.03625
 20.9750   72.30746  102.36876   35.9538  139.3517    0.69800   -0.00564
 20.9833   72.29443  101.55595   35.9650  139.3555    0.78100    0.03176
 20.9917   72.27720  100.74411   35.9762  139.3595    0.84200    0.08089
 21.0000   72.25580   99.93362   35.9874  139.3635    0.90200    0.11308
 21.0083   72.23024   99.12489   35.9986  139.3676    0.92600    0.11946
 21.0167   72.20055   98.31831   36.0099  139.3717    0.90400    0.11449
 21.0250   72.16675   97.51425   36.0211  139.3758    0.92600    0.10625
 21.0333   72.12888   96.71311   36.0323  139.3800    0.93500    0.10249
 21.0417   72.08697   95.91526   36.0435  139.3843    0.91900    0.09537
 21.0500   72.04106   95.12105   36.0547  139.3886    0.92100    0.08168
 21.0583   71.99117   94.33086   36.0660  139.3929    0.90100    0.06720
 21.0667   71.93736   93.54501   36.0772  139.3974    0.87400    0.04008
 21.0750   71.87966   92.76386   36.0884  139.4018    0.82800    0.00632
 21.0833   71.81812   91.98772   36.0997  139.4063    0.77700   -0.02318
 21.0917   71.75279   91.21691   36.1109  139.4108    0.75000   -0.04336
 21.1000   71.68371   90.45172   36.1222  139.4154    0.72100   -0.04816
 21.1083   71.61093   89.69246   36.1334  139.4201    0.70700   -0.03948
 21.1167   71.53451   88.93938   36.1447  139.4247    0.71700   -0.01851
 21.1250   71.45450   88.19275   36.1560  139.4295    0.72200    0.00341
 21.1333   71.37095   87.45282   36.1672  139.4342    0.70800    0.02727
 21.1417   71.28392   86.71983   36.1785  139.4391    0.72300    0.05466
 21.1500   71.19346   85.99398   36.1898  139.4439    0.74000    0.07797
 21.1583   71.09964   85.27549   36.2011  139.4488    0.72100    0.05754
 21.1667   71.00250   84.56455   36.2124  139.4537    0.61400    0.01129
 21.1750   70.90212   83.86132   36.2237  139.4587    0.57000   -0.04715
 21.1833   70.79854   83.16598   36.2350  139.4637    0.53000   -0.07787
 21.1917   70.69184   82.47868   36.2463  139.4688    0.52000   -0.10259
 21.2000   70.58206   81.79954   36.2576  139.4739    0.49600   -0.12386
 21.2083   70.46928   81.12868   36.2689  139.4790    0.46700   -0.14346
 21.2167   70.35354   80.46623   36.2802  139.4842    0.46400   -0.15573
 21.2250   70.23492   79.81226   36.2915  139.4895    0.46600   -0.14188
 21.2333   70.11347   79.16687   36.3028  139.4947    0.52200   -0.08975
 21.2417   69.98925   78.53012   36.3142  139.5000    0.64200   -0.01245
 21.2500   69.86233   77.90207   36.3255  139.5054    0.73300    0.04868
 21.2583   69.73275   77.28277   36.3368  139.5108    0.75000    0.06876
 21.2667   69.60059   76.67226   36.3482  139.5162    0.75500    0.04586
 21.2750   69.46591   76.07056   36.3595  139.5217    0.72200    0.02390
 21.2833   69.32875   75.47768   36.3709  139.5272    0.75400    0.00864
 21.2917   69.18918   74.89364   36.3822  139.5327    0.79100   -0.00210
 21.3000   69.04726   74.31844   36.3936  139.5383    0.78200   -0.01497
 21.3083   68.90304   73.75205   36.4049  139.5440    0.81500   -0.03474
 21.3167   68.75658   73.19446   36.4163  139.5497    0.83300   -0.04775
 21.3250   68.60793   72.64565   36.4277  139.5554    0.84200   -0.05909
 21.3333   68.45716   72.10558   36.4390  139.5612    0.87300   -0.05639
 21.3417   68.30430   71.57420   36.4504  139.5670    0.93100   -0.03918
 21.3500   68.14942   71.05148   36.4617  139.5728    0.98800   -0.02128
 21.3583   67.99257   70.53736   36.4731  139.5788    1.02900   -0.01021
 21.3667   67.83380   70.03179   36.4845  139.5847    1.07300   -0.00574
 21.3750   67.67316   69.53468   36.4958  139.5907    1.11500   -0.00454
 21.3833   67.51070   69.04599   36.5072  139.5968    1.14900   -0.00591
 21.3917   67.34646   68.56564   36.5186  139.6028    1.18700   -0.00883
 21.4000   67.18050   68.09355   36.5300  139.6090    1.22600   -0.00688
 21.4083   67.01286   67.62964   36.5413  139.6152    1.27800   -0.00376
 21.4167   66.84359   67.17384   36.5527  139.6214    1.32200    0.00083
 21.4250   66.67273   66.72604   36.5641  139.6277    1.36700    0.00408
 21.4333   66.50034   66.28617   36.5755  139.6340    1.41300    0.01340
 21.4417   66.32644   65.85414   36.5869  139.6404    1.47400    0.02424
 21.4500   66.15108   65.42985   36.5983  139.6469    1.52100    0.02738
 21.4583   65.97430   65.01320   36.6096  139.6534    1.53900    0.02455
 21.4667   65.79616   64.60411   36.6210  139.6599    1.57800    0.01485
 21.4750   65.61667   64.20247   36.6324  139.6665    1.60100    0.01267
 21.4833   65.43589   63.80819   36.6438  139.6731    1.64300    0.00990
 21.4917   65.25384   63.42117   36.6552  139.6799    1.67800    0.01422
 21.5000   65.07058   63.04131   36.6666  139.6866    1.72200    0.01693
 21.5083   64.88612   62.66851   36.6780  139.6934    1.75700    0.01639
 21.5167   64.70052   62.30266   36.6894  139.7003    1.78200    0.00998
 21.5250   64.51380   61.94367   36.7008  139.7072    1.80700   -0.00133
 21.5333   64.32599   61.59144   36.7122  139.7142    1.82600   -0.01190
 21.5417   64.13714   61.24586   36.7236  139.7213    1.85300   -0.01796
 21.5500   63.94726   60.90684   36.7350  139.7283    1.89100   -0.01843
 21.5583   63.75640   60.57427   36.7465  139.7355    1.92800   -0.02285
 21.5667   63.56458   60.24806   36.7579  139.7427    1.94300   -0.02701
 21.5750   63.37183   59.92811   36.7693  139.7500    1.98500   -0.02741
 21.5833   63.17819   59.61432   36.7807  139.7574    2.03500   -0.01539
 21.5917   62.98368   59.30660   36.7921  139.7648    2.09000    0.00009
 21.6000   62.78832   59.00483   36.8036  139.7722    2.14300    0.01490
 21.6083   62.59215   58.70894   36.8150  139.7798    2.19200    0.01803
 21.6167   62.39519   58.41883   36.8265  139.7874    2.21000    0.00591
 21.6250   62.19747   58.13439   36.8379  139.7951    2.21300   -0.00559
 21.6333   61.99900   57.85554   36.8494  139.8028    2.26400   -0.00116
 21.6417   61.79983   57.58220   36.8608  139.8106    2.33500    0.01356
 21.6500   61.59997   57.31425   36.8723  139.8185    2.37300    0.01993
 21.6583   61.39944   57.05163   36.8837  139.8264    2.39600    0.01367
 21.6667   61.19826   56.79423   36.8952  139.8344    2.42400    0.00903
 21.6750   60.99646   56.54198   36.9067  139.8425    2.46500    0.00905
 21.6833   60.79407   56.29478   36.9182  139.8506    2.50200    0.00874
 21.6917   60.59109   56.05256   36.9297  139.8588    2.52800    0.00349
 21.7000   60.38756   55.81522   36.9412  139.8671    2.55400   -0.00377
 21.7083   60.18349   55.58269   36.9527  139.8755    2.58800   -0.00928
 21.7167   59.97890   55.35489   36.9642  139.8839    2.62300   -0.01444
 21.7250   59.77380   55.13173   36.9757  139.8924    2.65100   -0.02052
 21.7333   59.56823   54.91314   36.9872  139.9010    2.68100   -0.02517
 21.7417   59.36220   54.69904   36.9987  139.9096    2.72100   -0.02921
 21.7500   59.15571   54.48936   37.0103  139.9184    2.75200   -0.02605
 21.7583   58.94880   54.28402   37.0218  139.9272    2.80700   -0.01850
 21.7667   58.74148   54.08295   37.0334  139.9361    2.86100   -0.00610
 21.7750   58.53376   53.88607   37.0450  139.9450    2.90600    0.00417
 21.7833   58.32567   53.69333   37.0565  139.9541    2.95100    0.01114
 21.7917   58.11720   53.50464   37.0681  139.9632    2.99200    0.02136
 21.8000   57.90839   53.31993   37.0797  139.9724    3.04800    0.03225
 21.8083   57.69925   53.13916   37.0913  139.9817    3.09600    0.03983
 21.8167   57.48979   52.96223   37.1029  139.9911    3.12700    0.03924
 21.8250   57.28002   52.78911   37.1145  140.0005    3.15600    0.03534
 21.8333   57.06996   52.61971   37.1262  140.0101    3.19300    0.02834
 21.8417   56.85962   52.45397   37.1378  140.0197    3.21100    0.01230
 21.8500   56.64902   52.29185   37.1495  140.0294    3.20500   -0.00603
 21.8583   56.43817   52.13327   37.1611  140.0392    3.23000   -0.01910
 21.8667   56.22707   51.97818   37.1728  140.0491    3.26400   -0.02197
 21.8750   56.01575   51.82652   37.1845  140.0591    3.29300   -0.01948
 21.8833   55.80422   51.67824   37.1962  140.0691    3.33700   -0.01375
 21.8917   55.59247   51.53328   37.2079  140.0793    3.38300   -0.00628
 21.9000   55.38054   51.39158   37.2197  140.0895    3.41900   -0.00317
 21.9083   55.16843   51.25309   37.2314  140.0999    3.44900   -0.00760
 21.9167   54.95614   51.11777   37.2431  140.1103    3.47000   -0.01469
 21.9250   54.74369   50.98555   37.2549  140.1208    3.50000   -0.02261
 21.9333   54.53110   50.85640   37.2667  140.1314    3.53300   -0.02800
 21.9417   54.31836   50.73025   37.2785  140.1421    3.57000   -0.03106
 21.9500   54.10549   50.60707   37.2903  140.1529    3.61400   -0.02707
 21.9583   53.89251   50.48680   37.3021  140.1638    3.67500   -0.01990
 21.9667   53.67941   50.36940   37.3140  140.1748    3.72400   -0.01419
 21.9750   53.46621   50.25482   37.3258  140.1859    3.76200   -0.01165
 21.9833   53.25291   50.14302   37.3377  140.1971    3.81100   -0.01015
 21.9917   53.03954   50.03396   37.3496  140.2084    3.85800   -0.00480
 22.0000   52.82608   49.92759   37.3615  140.2198    3.91400    0.00292
 22.0083   52.61256   49.82387   37.3734  140.2313    3.97700    0.01006
 22.0167   52.39898   49.72276   37.3853  140.2430    4.02700    0.01397
 22.0250   52.18534   49.62422   37.3973  140.2547    4.07600    0.00977
 22.0333   51.97167   49.52821   37.4092  140.2665    4.11200   -0.00033
 22.0417   51.75795   49.43469   37.4212  140.2784    4.14200   -0.01391
 22.0500   51.54421   49.34362   37.4332  140.2904    4.18000   -0.02535
 22.0583   51.33045   49.25497   37.4453  140.3026    4.22700   -0.02941
 22.0667   51.11667   49.16870   37.4573  140.3148    4.28800   -0.03053
 22.0750   50.90288   49.08478   37.4694  140.3272    4.34000   -0.02685
 22.0833   50.68909   49.00316   37.4814  140.3397    4.40700   -0.02386
 22.0917   50.47531   48.92382   37.4935  140.3523    4.46700   -0.01826
 22.1000   50.26153   48.84672   37.5057  140.3649    4.53100   -0.01908
 22.1083   50.04778   48.77182   37.5178  140.3778    4.57700   -0.01882
 22.1167   49.83405   48.69911   37.5300  140.3907    4.64600   -0.01563
 22.1250   49.62035   48.62853   37.5421  140.4037    4.72600   -0.01006
 22.1333   49.40669   48.56007   37.5543  140.4169    4.78700   -0.00715
 22.1417   49.19306   48.49370   37.5666  140.4302    4.85100   -0.00870
 22.1500   48.97949   48.42937   37.5788  140.4436    4.91800   -0.01171
 22.1583   48.76597   48.36707   37.5911  140.4571    4.97700   -0.01405
 22.1667   48.55250   48.30676   37.6034  140.4708    5.04600   -0.01344
 22.1750   48.33910   48.24842   37.6157  140.4846    5.12700   -0.00983
 22.1833   48.12577   48.19202   37.6280  140.4985    5.19900   -0.00526
 22.1917   47.91251   48.13753   37.6404  140.5125    5.27500   -0.00691
 22.2000   47.69933   48.08492   37.6527  140.5267    5.33400   -0.00689
 22.2083   47.48623   48.03417   37.6651  140.5409    5.41400   -0.00799
 22.2167   47.27322   47.98526   37.6776  140.5554    5.48600   -0.00649
 22.2250   47.06030   47.93815   37.6900  140.5699    5.55800   -0.00465
 22.2333   46.84748   47.89283   37.7025  140.5846    5.64300   -0.00426
 22.2417   46.63476   47.84926   37.7150  140.5994    5.71300   -0.00379
 22.2500   46.42214   47.80744   37.7275  140.6143    5.78700   -0.00695
 22.2583   46.20963   47.76732   37.7401  140.6294    5.85900   -0.00644
 22.2667   45.99724   47.72889   37.7526  140.6447    5.94400   -0.00860
 22.2750   45.78496   47.69214   37.7653  140.6600    6.00800   -0.01055
 22.2833   45.57281   47.65702   37.7779  140.6755    6.08200   -0.01418
 22.2917   45.36078   47.62353   37.7905  140.6912    6.16100   -0.00786
 22.3000   45.14887   47.59164   37.8032  140.7070    6.26700   -0.00122
 22.3083   44.93710   47.56134   37.8159  140.7229    6.34200    0.00586
 22.3167   44.72547   47.53259   37.8287  140.7390    6.42200    0.00466
 22.3250   44.51397   47.50539   37.8414  140.7552    6.49300    0.00622
 22.3333   44.30262   47.47971   37.8543  140.7716    6.57900    0.00598
 22.3417   44.09141   47.45553   37.8671  140.7881    6.65200    0.00881
 22.3500   43.88036   47.43283   37.8799  140.8048    6.73500    0.00924
 22.3583   43.66945   47.41160   37.8928  140.8217    6.80900    0.01068
 22.3667   43.45870   47.39181   37.9057  140.8387    6.88300    0.01608
 22.3750   43.24811   47.37346   37.9187  140.8558    6.98000    0.01494
 22.3833   43.03767   47.35651   37.9317  140.8731    7.02500    0.01261
 22.3917   42.82741   47.34096   37.9447  140.8906    7.09400    0.00778
 22.4000   42.61731   47.32679   37.9577  140.9083    7.18000    0.00908
 22.4083   42.40737   47.31398   37.9708  140.9261    7.25000    0.01016
 22.4167   42.19762   47.30251   37.9839  140.9440    7.31600    0.01121
 22.4250   41.98803   47.29237   37.9970  140.9622    7.39900    0.00372
 22.4333   41.77862   47.28354   38.0102  140.9805    7.43000   -0.00713
 22.4417   41.56940   47.27600   38.0234  140.9989    7.47800   -0.01586
 22.4500   41.36035   47.26975   38.0367  141.0176    7.56800   -0.01096
 22.4583   41.15149   47.26477   38.0499  141.0364    7.65500    0.00150
 22.4667   40.94282   47.26104   38.0632  141.0554    7.73700    0.01266
 22.4750   40.73433   47.25854   38.0766  141.0746    7.82200    0.01333
 22.4833   40.52604   47.25727   38.0900  141.0939    7.86600    0.01076
 22.4917   40.31794   47.25721   38.1034  141.1135    7.93500    0.00251
 22.5000   40.11004   47.25834   38.1168  141.1332    7.99700   -0.00225
 22.5083   39.90233   47.26066   38.1303  141.1531    8.05700   -0.01335
 22.5167   39.69483   47.26414   38.1438  141.1732    8.10000   -0.01771
 22.5250   39.48752   47.26878   38.1574  141.1935    8.19400   -0.02146
 22.5333   39.28042   47.27456   38.1710  141.2140    8.25700   -0.01631
 22.5417   39.07353   47.28148   38.1846  141.2347    8.33900   -0.01585
 22.5500   38.86684   47.28951   38.1983  141.2556    8.41000   -0.00923
 22.5583   38.66036   47.29865   38.2120  141.2766    8.50000   -0.00263
 22.5667   38.45409   47.30888   38.2258  141.2979    8.58500    0.00627
 22.5750   38.24803   47.32020   38.2396  141.3194    8.66900    0.00924
 22.5833   38.04219   47.33258   38.2534  141.3411    8.73700    0.00782
 22.5917   37.83657   47.34603   38.2673  141.3629    8.80400    0.00396
 22.6000   37.63116   47.36052   38.2812  141.3851    8.87900   -0.00702
 22.6083   37.42597   47.37605   38.2951  141.4074    8.91500   -0.01059
 22.6167   37.22100   47.39261   38.3091  141.4299    9.01800   -0.01416
 22.6250   37.01625   47.41019   38.3232  141.4526    9.09700   -0.01423
 22.6333   36.81173   47.42877   38.3373  141.4756    9.15700   -0.01069
 22.6417   36.60742   47.44834   38.3514  141.4988    9.28300   -0.01255
 22.6500   36.40335   47.46890   38.3656  141.5222    9.34100   -0.01130
 22.6583   36.19950   47.49044   38.3798  141.5458    9.41900   -0.01795
 22.6667   35.99588   47.51294   38.3940  141.5697    9.51000   -0.02984
 22.6750   35.79249   47.53640   38.4083  141.5938    9.54700   -0.04107
 22.6833   35.58933   47.56080   38.4227  141.6181    9.63200   -0.04775
 22.6917   35.38641   47.58615   38.4371  141.6427    9.75200   -0.03996
 22.7000   35.18371   47.61242   38.4515  141.6675    9.86500   -0.02319
 22.7083   34.98126   47.63961   38.4660  141.6926    9.99800   -0.00899
 22.7167   34.77903   47.66770   38.4805  141.7178   10.11200   -0.00335
 22.7250   34.57704   47.69670   38.4951  141.7434   10.19000    0.00049
 22.7333   34.37529   47.72660   38.5097  141.7692   10.32300   -0.00692
 22.7417   34.17378   47.75738   38.5244  141.7952   10.39000   -0.01314
 22.7500   33.97251   47.78903   38.5391  141.8216   10.48400   -0.02160
 22.7583   33.77148   47.82155   38.5539  141.8481   10.61600   -0.02520
 22.7667   33.57068   47.85493   38.5687  141.8750   10.71500   -0.02531
 22.7750   33.37013   47.88916   38.5836  141.9021   10.83200   -0.03479
 22.7833   33.16983   47.92424   38.5985  141.9294   10.92200   -0.03599
 22.7917   32.96976   47.96015   38.6135  141.9571   11.06600   -0.03299
 22.8000   32.76995   47.99690   38.6285  141.9850   11.20900   -0.02594
 22.8083   32.57037   48.03446   38.6436  142.0132   11.32800   -0.01979
 22.8167   32.37104   48.07284   38.6587  142.0417   11.47400   -0.01177
 22.8250   32.17196   48.11202   38.6739  142.0704   11.63500   -0.00982
 22.8333   31.97313   48.15200   38.6891  142.0995   11.72900   -0.01538
 22.8417   31.77455   48.19278   38.7044  142.1288   11.84500   -0.02533
 22.8500   31.57621   48.23434   38.7198  142.1585   11.98900   -0.02643
 22.8583   31.37812   48.27668   38.7352  142.1884   12.13400   -0.02113
 22.8667   31.18028   48.31979   38.7506  142.2187   12.28900   -0.01497
 22.8750   30.98270   48.36366   38.7661  142.2492   12.44300   -0.00345
 22.8833   30.78536   48.40830   38.7817  142.2801   12.62000   -0.00083
 22.8917   30.58828   48.45368   38.7973  142.3113   12.73400   -0.00128
 22.9000   30.39144   48.49982   38.8130  142.3428   12.87700   -0.00918
 22.9083   30.19486   48.54669   38.8287  142.3746   13.02100   -0.00886
 22.9167   29.99854   48.59430   38.8445  142.4068   13.18500   -0.01328
 22.9250   29.80246   48.64263   38.8604  142.4393   13.31300   -0.01558
 22.9333   29.60665   48.69168   38.8763  142.4721   13.47800   -0.02686
 22.9417   29.41108   48.74145   38.8923  142.5052   13.60300   -0.03295
 22.9500   29.21577   48.79193   38.9083  142.5387   13.76500   -0.04112
 22.9583   29.02072   48.84311   38.9244  142.5726   13.92600   -0.04040
 22.9667   28.82592   48.89500   38.9405  142.6068   14.10700   -0.04202
 22.9750   28.63138   48.94757   38.9567  142.6413   14.26900   -0.03822
 22.9833   28.43709   49.00083   38.9730  142.6762   14.47500   -0.04139
 22.9917   28.24306   49.05477   38.9894  142.7115   14.63500   -0.04029
 23.0000   28.04929   49.10939   39.0058  142.7472   14.83500   -0.04586
 23.0083   27.85577   49.16468   39.0222  142.7832   15.01600   -0.04585
 23.0167   27.66251   49.22064   39.0387  142.8196   15.21900   -0.05104
 23.0250   27.46951   49.27725   39.0553  142.8564   15.40300   -0.05334
 23.0333   27.27677   49.33453   39.0720  142.8936   15.61400   -0.05089
 23.0417   27.08428   49.39245   39.0887  142.9312   15.85400   -0.04056
 23.0500   26.89206   49.45102   39.1055  142.9691   16.09200   -0.02576
 23.0583   26.70009   49.51023   39.1223  143.0075   16.33800   -0.01160
 23.0667   26.50838   49.57007   39.1393  143.0463   16.58500    0.00003
 23.0750   26.31693   49.63055   39.1562  143.0855   16.81700    0.00001
 23.0833   26.12574   49.69165   39.1733  143.1251   17.00400    0.00219
 23.0917   25.93481   49.75337   39.1904  143.1652   17.27200   -0.00030
 23.1000   25.74413   49.81571   39.2076  143.2057   17.48600    0.00388
 23.1083   25.55372   49.87867   39.2248  143.2466   17.72100   -0.00629
 23.1167   25.36357   49.94223   39.2422  143.2880   17.91400   -0.01235
 23.1250   25.17367   50.00640   39.2596  143.3298   18.16000   -0.01994
 23.1333   24.98404   50.07116   39.2770  143.3720   18.39300   -0.01693
 23.1417   24.79466   50.13653   39.2946  143.4148   18.65300   -0.02509
 23.1500   24.60555   50.20248   39.3122  143.4579   18.83700   -0.02690
 23.1583   24.41669   50.26902   39.3298  143.5016   19.11100   -0.03352
 23.1667   24.22810   50.33614   39.3476  143.5458   19.34900   -0.03049
 23.1750   24.03976   50.40384   39.3654  143.5904   19.59700   -0.03285
 23.1833   23.85169   50.47212   39.3833  143.6355   19.84800   -0.02925
 23.1917   23.66387   50.54097   39.4012  143.6811   20.12900   -0.02599
 23.2000   23.47632   50.61038   39.4193  143.7273   20.38700   -0.01772
 23.2083   23.28902   50.68036   39.4374  143.7739   20.67900   -0.01683
 23.2167   23.10199   50.75089   39.4555  143.8211   20.92600   -0.01182
 23.2250   22.91521   50.82198   39.4738  143.8687   21.21600   -0.01621
 23.2333   22.72870   50.89363   39.4921  143.9169   21.46100   -0.01848
 23.2417   22.54244   50.96582   39.5105  143.9657   21.73200   -0.02585
 23.2500   22.35644   51.03855   39.5290  144.0150   22.00600   -0.02449
 23.2583   22.17070   51.11183   39.5475  144.0649   22.31900   -0.02885
 23.2667   21.98523   51.18564   39.5661  144.1153   22.57000   -0.03021
 23.2750   21.80001   51.25999   39.5848  144.1663   22.87500   -0.03495
 23.2833   21.61505   51.33487   39.6036  144.2178   23.17600   -0.03571
 23.2917   21.43035   51.41027   39.6224  144.2700   23.46300   -0.04422
 23.3000   21.24590   51.48620   39.6413  144.3227   23.73000   -0.04707
 23.3083   21.06172   51.56264   39.6603  144.3761   24.08100   -0.04882
 23.3167   20.87780   51.63961   39.6794  144.4300   24.38600   -0.03880
 23.3250   20.69413   51.71708   39.6985  144.4846   24.74300   -0.03276
 23.3333   20.51072   51.79507   39.7177  144.5398   25.07900   -0.01951
 23.3417   20.32757   51.87357   39.7370  144.5956   25.44100   -0.01450
 23.3500   20.14468   51.95256   39.7564  144.6521   25.74800   -0.01370
 23.3583   19.96205   52.03206   39.7758  144.7092   26.06100   -0.00690
 23.3667   19.77967   52.11206   39.7953  144.7670   26.46700    0.00166
 23.3750   19.59755   52.19255   39.8149  144.8254   26.79000    0.01500
 23.3833   19.41569   52.27353   39.8346  144.8845   27.14100    0.01471
 23.3917   19.23408   52.35500   39.8543  144.9444   27.45700    0.01980
 23.4000   19.05273   52.43696   39.8741  145.0049   27.82300    0.01941
 23.4083   18.87164   52.51939   39.8940  145.0661   28.13700    0.02140
 23.4167   18.69081   52.60231   39.9139  145.1280   28.47400    0.01062
 23.4250   18.51023   52.68571   39.9340  145.1907   28.74900    0.00549
 23.4333   18.32990   52.76957   39.9541  145.2541   29.10400   -0.00721
 23.4417   18.14983   52.85391   39.9742  145.3182   29.39100   -0.01431
 23.4500   17.97002   52.93872   39.9945  145.3831   29.70900   -0.02432
 23.4583   17.79046   53.02399   40.0148  145.4488   30.04600   -0.03120
 23.4667   17.61116   53.10973   40.0352  145.5152   30.35800   -0.03056
 23.4750   17.43211   53.19592   40.0556  145.5824   30.73900   -0.03092
 23.4833   17.25331   53.28258   40.0761  145.6504   31.07700   -0.02605
 23.4917   17.07477   53.36968   40.0967  145.7193   31.43700   -0.02853
 23.5000   16.89648   53.45724   40.1174  145.7889   31.77200   -0.03255
 23.5083   16.71845   53.54525   40.1381  145.8594   32.11400   -0.03537
 23.5167   16.54066   53.63371   40.1589  145.9307   32.49900   -0.03664
 23.5250   16.36313   53.72261   40.1797  146.0029   32.87100   -0.04041
 23.5333   16.18586   53.81195   40.2006  146.0759   33.22000   -0.04354
 23.5417   16.00883   53.90173   40.2216  146.1498   33.63900   -0.04750
 23.5500   15.83206   53.99195   40.2426  146.2246   34.03200   -0.05107
 23.5583   15.65553   54.08260   40.2637  146.3003   34.40900   -0.05874
 23.5667   15.47926   54.17369   40.2848  146.3769   34.82000   -0.07181
 23.5750   15.30324   54.26520   40.3060  146.4544   35.19600   -0.08165
 23.5833   15.12747   54.35714   40.3273  146.5328   35.63000   -0.08891
 23.5917   14.95195   54.44951   40.3486  146.6122   36.09800   -0.08407
 23.6000   14.77668   54.54230   40.3700  146.6926   36.60200   -0.07824
 23.6083   14.60165   54.63550   40.3914  146.7740   37.07900   -0.07052
 23.6167   14.42688   54.72913   40.4128  146.8562   37.60000   -0.06971
 23.6250   14.25235   54.82317   40.4343  146.9396   38.09200   -0.07163
 23.6333   14.07808   54.91763   40.4559  147.0239   38.59000   -0.08255
 23.6417   13.90405   55.01249   40.4775  147.1092   39.07800   -0.08873
 23.6500   13.73026   55.10777   40.4991  147.1956   39.64799   -0.08695
 23.6583   13.55673   55.20345   40.5207  147.2830   40.24900   -0.07808
 23.6667   13.38344   55.29954   40.5424  147.3715   40.83200   -0.07837
 23.6750   13.21039   55.39602   40.5641  147.4611   41.36500   -0.07670
 23.6833   13.03759   55.49291   40.5859  147.5517   42.00999   -0.07029
 23.6917   12.86504   55.59020   40.6076  147.6435   42.65500   -0.05174
 23.7000   12.69273   55.68788   40.6294  147.7363   43.30300   -0.03165
 23.7083   12.52067   55.78596   40.6512  147.8303   43.98000   -0.01929
 23.7167   12.34885   55.88442   40.6731  147.9255   44.58100   -0.00544
 23.7250   12.17727   55.98328   40.6949  148.0218   45.25999    0.00251
 23.7333   12.00594   56.08253   40.7167  148.1192   45.89500    0.01390
 23.7417   11.83485   56.18216   40.7386  148.2178   46.51800    0.03140
 23.7500   11.66400   56.28217   40.7604  148.3177   47.23400    0.04620
 23.7583   11.49340   56.38257   40.7823  148.4187   47.83200    0.05698
 23.7667   11.32303   56.48334   40.8041  148.5210   48.40800    0.05743
 23.7750   11.15291   56.58449   40.8259  148.6245   49.01400    0.06767
 23.7833   10.98303   56.68602   40.8477  148.7293   49.66299    0.08694
 23.7917   10.81339   56.78792   40.8695  148.8353   50.27200    0.10591
 23.8000   10.64398   56.89020   40.8912  148.9427   50.83000    0.11484
 23.8083   10.47482   56.99284   40.9129  149.0513   51.33800    0.11174
 23.8167   10.30589   57.09585   40.9346  149.1612   51.78900    0.10961
 23.8250   10.13721   57.19923   40.9562  149.2724   52.29200    0.11030
 23.8333    9.96876   57.30297   40.9778  149.3850   52.76200    0.12671
 23.8417    9.80055   57.40708   40.9993  149.4989   53.28699    0.13778
 23.8500    9.63257   57.51154   41.0208  149.6142   53.68800    0.14498
 23.8583    9.46483   57.61637   41.0421  149.7309   54.07100    0.13535
 23.8667    9.29733   57.72155   41.0634  149.8490   54.39200    0.12435
 23.8750    9.13007   57.82708   41.0847  149.9685   54.72400    0.10586
 23.8833    8.96303   57.93297   41.1058  150.0894   54.98300    0.09120
 23.8917    8.79624   58.03922   41.1268  150.2117   55.28900    0.06266
 23.9000    8.62968   58.14581   41.1478  150.3354   55.45800    0.04253
 23.9083    8.46335   58.25274   41.1686  150.4607   55.76700    0.01552
 23.9167    8.29725   58.36003   41.1893  150.5874   55.99300    0.00440
 23.9250    8.13139   58.46766   41.2099  150.7156   56.28799   -0.00974
 23.9333    7.96576   58.57563   41.2303  150.8453   56.53300   -0.01222
 23.9417    7.80036   58.68395   41.2506  150.9765   56.80099   -0.01208
 23.9500    7.63519   58.79260   41.2708  151.1092   57.08700   -0.01688
 23.9583    7.47025   58.90159   41.2907  151.2435   57.29000   -0.02397
 23.9667    7.30555   59.01092   41.3106  151.3792   57.55700   -0.02463
 23.9750    7.14107   59.12058   41.3302  151.5166   57.92000   -0.01244
 23.9833    6.97682   59.23058   41.3496  151.6555   58.28300   -0.00120
 23.9917    6.81280   59.34090   41.3688  151.7961   58.68000    0.00000
