hmax        =    300
wind_bottom =      2
wind_top    =     10
critlon     =      0
tbeg, h     =   0.00
tend, h     =  24.00
c_ionex     =      0
c_vert      =      1
time, gamma, az, latp, lonp, tec, tec_filtered
  5.2333   16.36757  307.12646   40.2697  130.7971   41.51100    0.00000
  5.2417   16.53904  307.20865   40.2483  130.8661   41.25000    0.00572
  5.2500   16.71074  307.29037   40.2271  130.9344   40.86200   -0.00092
  5.2583   16.88270  307.37161   40.2058  131.0019   40.47300   -0.00856
  5.2667   17.05490  307.45239   40.1847  131.0686   40.22600    0.00813
  5.2750   17.22734  307.53271   40.1637  131.1345   39.95800    0.02251
  5.2833   17.40003  307.61255   40.1427  131.1997   39.55300    0.01395
  5.2917   17.57297  307.69193   40.1217  131.2641   39.16300   -0.00271
  5.3000   17.74615  307.77081   40.1009  131.3278   38.83100   -0.01514
  5.3083   17.91958  307.84921   40.0801  131.3908   38.46400   -0.01293
  5.3167   18.09326  307.92715   40.0594  131.4530   38.15800   -0.00842
  5.3250   18.26718  308.00458   40.0388  131.5146   37.84400    0.00783
  5.3333   18.44135  308.08151   40.0183  131.5755   37.55700    0.01497
  5.3417   18.61577  308.15799   39.9978  131.6356   37.18600    0.01215
  5.3500   18.79044  308.23392   39.9774  131.6951   36.80100    0.01143
  5.3583   18.96536  308.30939   39.9571  131.7539   36.52900    0.01788
  5.3667   19.14052  308.38434   39.9369  131.8121   36.20900    0.02878
  5.3750   19.31593  308.45880   39.9167  131.8696   35.86700    0.00301
  5.3833   19.49160  308.53275   39.8966  131.9265   35.35200   -0.01804
  5.3917   19.66751  308.60617   39.8766  131.9827   35.08200   -0.04404
  5.4000   19.84367  308.67908   39.8567  132.0383   34.72500   -0.04749
  5.4083   20.02008  308.75150   39.8368  132.0932   34.37900   -0.05999
  5.4167   20.19674  308.82336   39.8170  132.1476   34.05700   -0.07424
  5.4250   20.37365  308.89474   39.7973  132.2014   33.69500   -0.07129
  5.4333   20.55081  308.96555   39.7777  132.2545   33.47700   -0.07015
  5.4417   20.72822  309.03586   39.7582  132.3071   33.15200   -0.05714
  5.4500   20.90588  309.10562   39.7387  132.3591   32.86900   -0.05634
  5.4583   21.08380  309.17487   39.7193  132.4105   32.57200   -0.04017
  5.4667   21.26196  309.24356   39.7000  132.4614   32.36100   -0.00802
  5.4750   21.44037  309.31171   39.6808  132.5117   32.20100    0.01160
  5.4833   21.61904  309.37930   39.6616  132.5614   31.83700    0.03178
  5.4917   21.79795  309.44635   39.6425  132.6106   31.63200    0.03217
  5.5000   21.97712  309.51285   39.6235  132.6593   31.34400    0.03710
  5.5083   22.15654  309.57880   39.6046  132.7074   31.00800    0.03971
  5.5167   22.33621  309.64417   39.5857  132.7550   30.78200    0.02233
  5.5250   22.51613  309.70898   39.5669  132.8021   30.36400    0.02105
  5.5333   22.69630  309.77322   39.5482  132.8486   30.13000    0.00952
  5.5417   22.87673  309.83691   39.5296  132.8947   29.84100    0.02658
  5.5500   23.05741  309.89999   39.5111  132.9403   29.59600    0.03828
  5.5583   23.23833  309.96252   39.4926  132.9854   29.31000    0.03808
  5.5667   23.41951  310.02444   39.4742  133.0300   28.93600    0.02522
  5.5750   23.60094  310.08578   39.4559  133.0741   28.60200    0.00273
  5.5833   23.78263  310.14655   39.4376  133.1178   28.25600   -0.01310
  5.5917   23.96456  310.20670   39.4194  133.1609   27.92200   -0.01733
  5.6000   24.14675  310.26627   39.4013  133.2037   27.66200   -0.00970
  5.6083   24.32919  310.32523   39.3833  133.2459   27.39900   -0.00429
  5.6167   24.51187  310.38358   39.3653  133.2878   27.05500   -0.01343
  5.6250   24.69481  310.44131   39.3474  133.3291   26.71400   -0.03027
  5.6333   24.87801  310.49841   39.3296  133.3701   26.40300   -0.03604
  5.6417   25.06145  310.55493   39.3119  133.4106   26.13100   -0.04309
  5.6500   25.24514  310.61078   39.2942  133.4506   25.79200   -0.04511
  5.6583   25.42909  310.66602   39.2766  133.4903   25.52800   -0.05056
  5.6667   25.61328  310.72064   39.2590  133.5295   25.25500   -0.04963
  5.6750   25.79773  310.77460   39.2416  133.5684   24.97800   -0.04756
  5.6833   25.98243  310.82794   39.2242  133.6068   24.74200   -0.05167
  5.6917   26.16737  310.88062   39.2068  133.6448   24.45200   -0.05834
  5.7000   26.35257  310.93262   39.1896  133.6824   24.18000   -0.07091
  5.7083   26.53802  310.98398   39.1724  133.7197   23.93500   -0.07564
  5.7167   26.72372  311.03470   39.1553  133.7565   23.71900   -0.08314
  5.7250   26.90966  311.08472   39.1382  133.7930   23.45300   -0.08521
  5.7333   27.09586  311.13409   39.1212  133.8291   23.25800   -0.09189
  5.7417   27.28230  311.18277   39.1043  133.8648   23.03000   -0.07795
  5.7500   27.46900  311.23077   39.0874  133.9001   22.89600   -0.06167
  5.7583   27.65594  311.27808   39.0706  133.9351   22.72500   -0.03960
  5.7667   27.84313  311.32471   39.0539  133.9697   22.53800   -0.01866
  5.7750   28.03056  311.37061   39.0372  134.0040   22.40400    0.00422
  5.7833   28.21825  311.41583   39.0206  134.0379   22.25000    0.02801
  5.7917   28.40618  311.46033   39.0041  134.0715   22.07500    0.04230
  5.8000   28.59436  311.50415   38.9876  134.1048   21.89400    0.04437
  5.8083   28.78278  311.54721   38.9712  134.1376   21.67900    0.03896
  5.8167   28.97145  311.58954   38.9549  134.1702   21.47000    0.03386
  5.8250   29.16036  311.63116   38.9386  134.2025   21.29700    0.02922
  5.8333   29.34952  311.67203   38.9223  134.2344   21.08400    0.02205
  5.8417   29.53892  311.71216   38.9062  134.2659   20.85800    0.00642
  5.8500   29.72857  311.75156   38.8901  134.2972   20.63600   -0.00895
  5.8583   29.91846  311.79016   38.8740  134.3282   20.42200   -0.02269
  5.8667   30.10859  311.82803   38.8580  134.3588   20.20300   -0.02617
  5.8750   30.29897  311.86514   38.8421  134.3892   20.03100   -0.02728
  5.8833   30.48958  311.90143   38.8262  134.4192   19.82600   -0.01798
  5.8917   30.68044  311.93698   38.8104  134.4489   19.66100   -0.01543
  5.9000   30.87154  311.97174   38.7947  134.4784   19.45700   -0.01314
  5.9083   31.06287  312.00568   38.7790  134.5075   19.25600   -0.01695
  5.9167   31.25445  312.03882   38.7633  134.5364   19.06000   -0.01240
  5.9250   31.44626  312.07117   38.7477  134.5650   18.89400   -0.00154
  5.9333   31.63831  312.10269   38.7322  134.5932   18.70600    0.02067
  5.9417   31.83059  312.13342   38.7167  134.6213   18.53900    0.03995
  5.9500   32.02312  312.16327   38.7013  134.6490   18.33200    0.05777
  5.9583   32.21587  312.19232   38.6859  134.6765   18.12500    0.07368
  5.9667   32.40886  312.22052   38.6706  134.7037   17.94800    0.10287
  5.9750   32.60209  312.24786   38.6554  134.7306   17.80200    0.14022
  5.9833   32.79554  312.27435   38.6401  134.7572   17.63200    0.16053
  5.9917   32.98923  312.29996   38.6250  134.7837   17.37000    0.15052
  6.0000   33.18315  312.32471   38.6099  134.8098   17.08400    0.07480
  6.0083   33.37730  312.34857   38.5948  134.8357   16.60100   -0.04139
  6.0167   33.57167  312.37152   38.5798  134.8613   16.15700   -0.14426
  6.0250   33.76628  312.39359   38.5649  134.8867   15.95300   -0.18545
  6.0333   33.96111  312.41476   38.5500  134.9119   15.79200   -0.18442
  6.0417   34.15616  312.43500   38.5351  134.9368   15.56900   -0.19844
  6.0500   34.35144  312.45432   38.5203  134.9614   15.30300   -0.20969
  6.0583   34.54694  312.47272   38.5056  134.9859   15.15900   -0.19814
  6.0667   34.74266  312.49017   38.4908  135.0101   15.04200   -0.15047
  6.0750   34.93861  312.50668   38.4762  135.0340   14.94300   -0.08590
  6.0833   35.13477  312.52222   38.4616  135.0577   14.87400   -0.01308
  6.0917   35.33115  312.53680   38.4470  135.0812   14.80200    0.04321
  6.1000   35.52775  312.55038   38.4325  135.1045   14.64000    0.09709
  6.1083   35.72456  312.56299   38.4180  135.1276   14.57300    0.13902
  6.1167   35.92158  312.57458   38.4036  135.1504   14.44700    0.17920
  6.1250   36.11882  312.58521   38.3892  135.1730   14.27300    0.19622
  6.1333   36.31627  312.59479   38.3749  135.1954   14.10000    0.18599
  6.1417   36.51393  312.60333   38.3606  135.2176   13.85600    0.14608
  6.1500   36.71180  312.61087   38.3463  135.2396   13.55400    0.08494
  6.1583   36.90987  312.61734   38.3321  135.2613   13.29300    0.00524
  6.1667   37.10814  312.62274   38.3180  135.2829   12.97200   -0.07070
  6.1750   37.30662  312.62708   38.3038  135.3043   12.69700   -0.14496
  6.1833   37.50531  312.63037   38.2898  135.3254   12.45700   -0.19548
  6.1917   37.70419  312.63254   38.2757  135.3464   12.25100   -0.22811
  6.2000   37.90326  312.63361   38.2617  135.3671   12.06700   -0.24832
  6.2083   38.10254  312.63358   38.2478  135.3877   11.89400   -0.24468
  6.2167   38.30200  312.63239   38.2338  135.4081   11.81800   -0.22331
  6.2250   38.50166  312.63010   38.2200  135.4282   11.74100   -0.17598
  6.2333   38.70151  312.62665   38.2061  135.4482   11.71700   -0.13146
  6.2417   38.90155  312.62204   38.1923  135.4680   11.66800   -0.08657
  6.2500   39.10177  312.61624   38.1786  135.4876   11.63300   -0.04833
  6.2583   39.30218  312.60928   38.1649  135.5071   11.61700   -0.04900
  6.2667   39.50276  312.60110   38.1512  135.5263   11.43200   -0.05253
  6.2750   39.70353  312.59171   38.1375  135.5454   11.42000   -0.05804
  6.2833   39.90447  312.58109   38.1239  135.5643   11.42600   -0.04323
  6.2917   40.10559  312.56924   38.1104  135.5830   11.35600   -0.03370
  6.3000   40.30688  312.55615   38.0968  135.6016   11.33800   -0.03151
  6.3083   40.50834  312.54178   38.0833  135.6199   11.32500   -0.01218
  6.3167   40.70997  312.52612   38.0699  135.6381   11.33100   -0.00724
  6.3250   40.91176  312.50919   38.0565  135.6562   11.24800   -0.00561
  6.3333   41.11372  312.49094   38.0431  135.6740   11.21000    0.00171
  6.3417   41.31583  312.47134   38.0297  135.6917   11.22700    0.02628
  6.3500   41.51810  312.45044   38.0164  135.7093   11.20400    0.05482
  6.3583   41.72052  312.42816   38.0031  135.7267   11.16300    0.08132
  6.3667   41.92309  312.40451   37.9899  135.7439   11.14400    0.11352
  6.3750   42.12582  312.37949   37.9766  135.7609   11.10700    0.16178
  6.3833   42.32868  312.35303   37.9635  135.7778   11.09100    0.20127
  6.3917   42.53169  312.32520   37.9503  135.7946   10.99200    0.24207
  6.4000   42.73484  312.29590   37.9372  135.8112   10.92100    0.26011
  6.4083   42.93812  312.26514   37.9241  135.8276   10.78400    0.27025
  6.4167   43.14154  312.23294   37.9110  135.8439   10.63500    0.24793
  6.4250   43.34508  312.19922   37.8980  135.8600   10.41700    0.21101
  6.4333   43.54875  312.16403   37.8850  135.8760   10.20400    0.14955
  6.4417   43.75254  312.12729   37.8720  135.8919    9.94100    0.06834
  6.4500   43.95645  312.08902   37.8591  135.9076    9.62700   -0.03347
  6.4583   44.16047  312.04919   37.8462  135.9231    9.31600   -0.13140
  6.4667   44.36460  312.00775   37.8333  135.9385    9.05200   -0.19384
  6.4750   44.56884  311.96475   37.8205  135.9538    8.87000   -0.20241
  6.4833   44.77319  311.92010   37.8076  135.9689    8.76800   -0.18046
  6.4917   44.97763  311.87381   37.7948  135.9839    8.62500   -0.13170
  6.5000   45.18216  311.82587   37.7821  135.9988    8.55800   -0.09502
  6.5083   45.38679  311.77625   37.7693  136.0135    8.42500   -0.05312
  6.5167   45.59151  311.72495   37.7566  136.0281    8.33100   -0.04300
  6.5250   45.79630  311.67188   37.7439  136.0425    8.17500   -0.04571
  6.5333   46.00117  311.61707   37.7313  136.0569    8.04400   -0.08039
  6.5417   46.20612  311.56052   37.7187  136.0711    7.88700   -0.13601
  6.5500   46.41113  311.50214   37.7061  136.0851    7.71600   -0.20018
  6.5583   46.61621  311.44199   37.6935  136.0991    7.61000   -0.26189
  6.5667   46.82134  311.37997   37.6809  136.1129    7.50800   -0.29540
  6.5750   47.02653  311.31607   37.6684  136.1265    7.48300   -0.31129
  6.5833   47.23177  311.25031   37.6559  136.1401    7.47000   -0.30493
  6.5917   47.43705  311.18262   37.6434  136.1535    7.47500   -0.27416
  6.6000   47.64237  311.11301   37.6310  136.1669    7.55300   -0.20175
  6.6083   47.84772  311.04144   37.6185  136.1801    7.70200   -0.09479
  6.6167   48.05309  310.96786   37.6061  136.1931    7.82500    0.03177
  6.6250   48.25849  310.89227   37.5937  136.2061    7.95400    0.15087
  6.6333   48.46390  310.81461   37.5814  136.2189    8.04300    0.26380
  6.6417   48.66932  310.73492   37.5690  136.2316    8.10900    0.36315
  6.6500   48.87475  310.65311   37.5567  136.2443    8.15100    0.45174
  6.6583   49.08017  310.56915   37.5444  136.2568    8.16100    0.52297
  6.6667   49.28558  310.48306   37.5321  136.2691    8.12700    0.55656
  6.6750   49.49097  310.39478   37.5199  136.2814    7.99500    0.53429
  6.6833   49.69634  310.30426   37.5076  136.2935    7.76800    0.44389
  6.6917   49.90168  310.21149   37.4954  136.3056    7.45300    0.30219
  6.7000   50.10699  310.11646   37.4832  136.3176    7.11200    0.13291
  6.7083   50.31225  310.01910   37.4711  136.3294    6.77200   -0.04135
  6.7167   50.51746  309.91940   37.4589  136.3411    6.43800   -0.21055
  6.7250   50.72261  309.81732   37.4468  136.3527    6.12200   -0.36095
  6.7333   50.92770  309.71283   37.4347  136.3642    5.86500   -0.47094
  6.7417   51.13271  309.60590   37.4226  136.3756    5.70000   -0.54055
  6.7500   51.33764  309.49649   37.4105  136.3869    5.55300   -0.56038
  6.7583   51.54248  309.38455   37.3984  136.3982    5.50300   -0.53734
  6.7667   51.74722  309.27005   37.3864  136.4093    5.52200   -0.45985
  6.7750   51.95185  309.15295   37.3744  136.4203    5.60600   -0.35410
  6.7833   52.15637  309.03323   37.3624  136.4312    5.69200   -0.23300
  6.7917   52.36077  308.91086   37.3504  136.4420    5.79700   -0.10338
  6.8000   52.56503  308.78577   37.3384  136.4527    5.93800    0.03070
  6.8083   52.76914  308.65793   37.3264  136.4633    6.06000    0.16727
  6.8167   52.97311  308.52734   37.3145  136.4738    6.18700    0.28199
  6.8250   53.17691  308.39389   37.3026  136.4843    6.25400    0.36882
  6.8333   53.38054  308.25757   37.2907  136.4946    6.27700    0.41291
  6.8417   53.58399  308.11835   37.2788  136.5048    6.24700    0.40803
  6.8500   53.78725  307.97617   37.2669  136.5150    6.12900    0.36950
  6.8583   53.99030  307.83099   37.2550  136.5250    6.01300    0.29794
  6.8667   54.19314  307.68277   37.2432  136.5350    5.84200    0.20965
  6.8750   54.39575  307.53146   37.2313  136.5448    5.64000    0.10455
  6.8833   54.59813  307.37704   37.2195  136.5546    5.43900   -0.00653
  6.8917   54.80026  307.21942   37.2077  136.5643    5.22300   -0.09981
  6.9000   55.00213  307.05856   37.1959  136.5739    5.06300   -0.15987
  6.9083   55.20373  306.89444   37.1841  136.5835    4.96500   -0.18315
  6.9167   55.40504  306.72699   37.1723  136.5929    4.86900   -0.18730
  6.9250   55.60605  306.55618   37.1606  136.6023    4.77200   -0.18523
  6.9333   55.80676  306.38193   37.1488  136.6115    4.69800   -0.17376
  6.9417   56.00714  306.20419   37.1371  136.6207    4.64200   -0.15719
  6.9500   56.20718  306.02295   37.1254  136.6298    4.57800   -0.13657
  6.9583   56.40687  305.83810   37.1137  136.6389    4.54000   -0.11031
  6.9667   56.60620  305.64963   37.1020  136.6478    4.53300   -0.07953
  6.9750   56.80514  305.45746   37.0903  136.6567    4.51700   -0.04467
  6.9833   57.00369  305.26154   37.0786  136.6654    4.52200   -0.01660
  6.9917   57.20183  305.06180   37.0669  136.6741    4.51200    0.00078
  7.0000   57.39955  304.85822   37.0553  136.6828    4.47000    0.00387
  7.0083   57.59682  304.65070   37.0436  136.6913    4.43100   -0.00734
  7.0167   57.79364  304.43924   37.0320  136.6998    4.37400   -0.01327
  7.0250   57.98998  304.22369   37.0204  136.7082    4.35200   -0.00622
  7.0333   58.18583  304.00406   37.0087  136.7165    4.35800    0.01801
  7.0417   58.38116  303.78030   36.9971  136.7248    4.35800    0.04892
  7.0500   58.57598  303.55228   36.9855  136.7329    4.35000    0.07749
  7.0583   58.77024  303.31998   36.9739  136.7411    4.33300    0.09895
  7.0667   58.96394  303.08334   36.9624  136.7491    4.29000    0.10744
  7.0750   59.15706  302.84229   36.9508  136.7570    4.22100    0.10737
  7.0833   59.34958  302.59674   36.9392  136.7649    4.16100    0.09881
  7.0917   59.54147  302.34665   36.9276  136.7728    4.07900    0.09550
  7.1000   59.73272  302.09195   36.9161  136.7805    4.02200    0.09360
  7.1083   59.92331  301.83258   36.9045  136.7882    3.96200    0.09145
  7.1167   60.11321  301.56845   36.8930  136.7958    3.87300    0.07081
  7.1250   60.30240  301.29953   36.8815  136.8033    3.74500    0.03413
  7.1333   60.49086  301.02570   36.8699  136.8108    3.62500   -0.00986
  7.1417   60.67857  300.74695   36.8584  136.8183    3.51100   -0.04491
  7.1500   60.86551  300.46313   36.8469  136.8256    3.42000   -0.07646
  7.1583   61.05164  300.17426   36.8354  136.8329    3.32200   -0.10417
  7.1667   61.23695  299.88019   36.8239  136.8401    3.23300   -0.12799
  7.1750   61.42141  299.58090   36.8124  136.8473    3.16600   -0.14153
  7.1833   61.60500  299.27631   36.8009  136.8544    3.11100   -0.15143
  7.1917   61.78768  298.96634   36.7894  136.8614    3.04300   -0.15740
  7.2000   61.96944  298.65091   36.7779  136.8684    2.99900   -0.15043
  7.2083   62.15025  298.32999   36.7664  136.8753    3.00200   -0.12578
  7.2167   62.33007  298.00345   36.7550  136.8821    3.00700   -0.07883
  7.2250   62.50888  297.67123   36.7435  136.8889    3.04800   -0.03079
  7.2333   62.68665  297.33331   36.7320  136.8957    3.05900    0.01430
  7.2417   62.86336  296.98956   36.7206  136.9024    3.05600    0.04130
  7.2500   63.03896  296.63992   36.7091  136.9090    3.03800    0.05786
  7.2583   63.21344  296.28436   36.6976  136.9155    3.01400    0.07739
  7.2667   63.38675  295.92276   36.6862  136.9220    3.02000    0.10193
  7.2750   63.55887  295.55508   36.6747  136.9285    3.01700    0.13335
  7.2833   63.72976  295.18127   36.6633  136.9349    3.01200    0.14537
  7.2917   63.89939  294.80121   36.6519  136.9412    2.94600    0.13459
  7.3000   64.06773  294.41486   36.6404  136.9475    2.85600    0.10621
  7.3083   64.23475  294.02216   36.6290  136.9538    2.77900    0.07412
  7.3167   64.40039  293.62302   36.6175  136.9599    2.68700    0.05019
  7.3250   64.56464  293.21744   36.6061  136.9661    2.61100    0.02618
  7.3333   64.72746  292.80530   36.5947  136.9722    2.52400    0.01386
  7.3417   64.88880  292.38657   36.5833  136.9782    2.46300    0.00587
  7.3500   65.04863  291.96118   36.5718  136.9842    2.39300   -0.00459
  7.3583   65.20691  291.52908   36.5604  136.9901    2.28900   -0.01759
  7.3667   65.36360  291.09021   36.5490  136.9960    2.21100   -0.03035
  7.3750   65.51866  290.64456   36.5376  137.0018    2.13800   -0.03214
  7.3833   65.67205  290.19202   36.5262  137.0076    2.07200   -0.03331
  7.3917   65.82373  289.73260   36.5148  137.0133    2.00200   -0.03389
  7.4000   65.97366  289.26627   36.5034  137.0190    1.93700   -0.03493
  7.4083   66.12180  288.79294   36.4920  137.0246    1.87400   -0.03480
  7.4167   66.26810  288.31262   36.4806  137.0302    1.81200   -0.03727
  7.4250   66.41251  287.82526   36.4692  137.0358    1.74300   -0.04038
  7.4333   66.55500  287.33087   36.4578  137.0413    1.68300   -0.03853
  7.4417   66.69553  286.82938   36.4464  137.0467    1.64300   -0.03182
  7.4500   66.83403  286.32080   36.4350  137.0521    1.59600   -0.01928
  7.4583   66.97048  285.80515   36.4236  137.0575    1.56100   -0.00747
  7.4667   67.10482  285.28238   36.4122  137.0628    1.52300   -0.00384
  7.4750   67.23701  284.75253   36.4008  137.0681    1.45300   -0.00652
  7.4833   67.36700  284.21558   36.3894  137.0733    1.40100   -0.01486
  7.4917   67.49474  283.67157   36.3780  137.0785    1.34800   -0.01354
  7.5000   67.62018  283.12051   36.3667  137.0836    1.31300   -0.00711
  7.5083   67.74329  282.56241   36.3553  137.0887    1.28000   -0.00214
  7.5167   67.86400  281.99734   36.3439  137.0938    1.22400    0.00008
  7.5250   67.98227  281.42529   36.3325  137.0988    1.18100    0.00015
  7.5333   68.09805  280.84637   36.3212  137.1038    1.14200    0.00175
  7.5417   68.21130  280.26059   36.3098  137.1087    1.09100    0.00098
  7.5500   68.32196  279.66806   36.2984  137.1136    1.03900    0.00176
  7.5583   68.42999  279.06882   36.2871  137.1184    1.00500    0.00195
  7.5667   68.53534  278.46295   36.2757  137.1232    0.95500    0.00633
  7.5750   68.63795  277.85052   36.2644  137.1280    0.92100    0.00123
  7.5833   68.73779  277.23169   36.2530  137.1327    0.86000   -0.00826
  7.5917   68.83480  276.60654   36.2417  137.1374    0.79700   -0.01663
  7.6000   68.92893  275.97516   36.2303  137.1420    0.76800   -0.01831
  7.6083   69.02014  275.33771   36.2190  137.1466    0.73100   -0.01860
  7.6167   69.10838  274.69431   36.2076  137.1511    0.67600   -0.02788
  7.6250   69.19361  274.04510   36.1963  137.1556    0.62200   -0.03662
  7.6333   69.27577  273.39023   36.1850  137.1601    0.58900   -0.03489
  7.6417   69.35483  272.72989   36.1736  137.1645    0.57000   -0.02785
  7.6500   69.43074  272.06421   36.1623  137.1689    0.53500   -0.01836
  7.6583   69.50346  271.39337   36.1510  137.1732    0.51200   -0.01682
  7.6667   69.57294  270.71759   36.1397  137.1775    0.46900   -0.01555
  7.6750   69.63915  270.03705   36.1283  137.1817    0.43700   -0.01062
  7.6833   69.70204  269.35196   36.1170  137.1859    0.42900   -0.00286
  7.6917   69.76157  268.66254   36.1057  137.1900    0.39900    0.00611
  7.7000   69.81772  267.96899   36.0944  137.1941    0.37400    0.00204
  7.7083   69.87044  267.27155   36.0830  137.1982    0.33000   -0.00031
  7.7167   69.91969  266.57047   36.0717  137.2022    0.31100   -0.00593
  7.7250   69.96545  265.86594   36.0604  137.2062    0.27800   -0.00557
  7.7333   70.00768  265.15829   36.0491  137.2101    0.25400   -0.01938
  7.7417   70.04636  264.44769   36.0378  137.2140    0.19100   -0.02294
  7.7500   70.08146  263.73447   36.0265  137.2178    0.19400   -0.02935
  7.7583   70.11294  263.01889   36.0151  137.2215    0.16500   -0.02562
  7.7667   70.14079  262.30118   36.0038  137.2253    0.13800   -0.02524
  7.7750   70.16499  261.58163   35.9925  137.2289    0.13300   -0.01937
  7.7833   70.18551  260.86053   35.9812  137.2326    0.12300   -0.01301
  7.7917   70.20234  260.13818   35.9698  137.2361    0.10100   -0.01549
  7.8000   70.21546  259.41479   35.9585  137.2397    0.07200   -0.02205
  7.8083   70.22485  258.69073   35.9471  137.2431    0.05500   -0.02698
  7.8167   70.23052  257.96625   35.9358  137.2466    0.04300   -0.02740
  7.8250   70.23244  257.24164   35.9244  137.2499    0.03600   -0.02477
  7.8333   70.23061  256.51718   35.9131  137.2533    0.03400   -0.02070
  7.8417   70.22503  255.79315   35.9017  137.2565    0.03300   -0.02147
  7.8500   70.21569  255.06984   35.8903  137.2597    0.01600   -0.02832
  7.8583   70.20260  254.34753   35.8789  137.2629    0.00100   -0.03679
  7.8667   70.18575  253.62651   35.8675  137.2660    0.00000   -0.04022
  7.8750   70.16515  252.90704   35.8561  137.2691    0.00400   -0.03653
  7.8833   70.14081  252.18941   35.8447  137.2721    0.01800   -0.03528
  7.8917   70.11274  251.47386   35.8333  137.2751    0.01600   -0.03232
  7.9000   70.08094  250.76067   35.8218  137.2780    0.03000   -0.03303
  7.9083   70.04544  250.05009   35.8104  137.2808    0.03600   -0.03057
  7.9167   70.00624  249.34241   35.7989  137.2836    0.04900   -0.02482
  7.9250   69.96337  248.63780   35.7874  137.2864    0.07800   -0.01689
  7.9333   69.91684  247.93655   35.7759  137.2891    0.09500   -0.01094
  7.9417   69.86667  247.23888   35.7644  137.2917    0.10400   -0.00451
  7.9500   69.81290  246.54500   35.7528  137.2943    0.13700    0.00195
  7.9583   69.75554  245.85513   35.7412  137.2969    0.15600    0.00815
  7.9667   69.69462  245.16949   35.7296  137.2994    0.16400    0.00384
  7.9750   69.63017  244.48828   35.7180  137.3018    0.16600    0.00066
  7.9833   69.56222  243.81166   35.7064  137.3042    0.18900    0.00979
  7.9917   69.49080  243.13985   35.6947  137.3065    0.23700    0.02086
  8.0000   69.41595  242.47298   35.6830  137.3089    0.24300    0.02641
  8.0083   69.33770  241.81123   35.6713  137.3111    0.24600    0.01772
  8.0167   69.25609  241.15479   35.6596  137.3133    0.24700    0.01062
  8.0250   69.17115  240.50375   35.6478  137.3154    0.25700    0.00700
  8.0333   69.08292  239.85828   35.6360  137.3175    0.27000    0.00082
  8.0417   68.99145  239.21849   35.6242  137.3196    0.26100    0.01006
  8.0500   68.89677  238.58450   35.6124  137.3216    0.31800    0.01099
  8.0583   68.79892  237.95644   35.6005  137.3236    0.30400    0.01187
  8.0667   68.69795  237.33438   35.5886  137.3255    0.29500    0.00005
  8.0750   68.59390  236.71843   35.5766  137.3273    0.30900   -0.00763
  8.0833   68.48681  236.10867   35.5646  137.3292    0.30600   -0.00674
  8.0917   68.37673  235.50517   35.5526  137.3309    0.32200   -0.00319
  8.1000   68.26370  234.90800   35.5406  137.3327    0.34500    0.00090
  8.1083   68.14777  234.31721   35.5285  137.3344    0.34400    0.00148
  8.1167   68.02898  233.73286   35.5164  137.3360    0.34800    0.00008
  8.1250   67.90737  233.15500   35.5042  137.3376    0.36400   -0.00033
  8.1333   67.78301  232.58366   35.4921  137.3392    0.36300    0.00455
  8.1417   67.65592  232.01886   35.4798  137.3407    0.38400    0.00729
  8.1500   67.52615  231.46062   35.4676  137.3422    0.39200    0.01163
  8.1583   67.39376  230.90898   35.4552  137.3437    0.39800    0.00824
  8.1667   67.25879  230.36392   35.4429  137.3451    0.39500    0.00682
  8.1750   67.12129  229.82547   35.4305  137.3465    0.41100    0.00508
  8.1833   66.98129  229.29359   35.4181  137.3478    0.41700   -0.00034
  8.1917   66.83885  228.76833   35.4056  137.3491    0.40500   -0.00938
  8.2000   66.69402  228.24963   35.3931  137.3504    0.41200   -0.01948
  8.2083   66.54683  227.73747   35.3806  137.3516    0.41800   -0.01986
  8.2167   66.39733  227.23187   35.3680  137.3528    0.43900   -0.02777
  8.2250   66.24558  226.73276   35.3553  137.3539    0.42400   -0.03226
  8.2333   66.09160  226.24013   35.3427  137.3551    0.44400   -0.03970
  8.2417   65.93546  225.75394   35.3299  137.3561    0.45800   -0.03558
  8.2500   65.77718  225.27415   35.3172  137.3572    0.48300   -0.03307
  8.2583   65.61681  224.80072   35.3043  137.3582    0.49900   -0.01898
  8.2667   65.45441  224.33360   35.2915  137.3592    0.55200   -0.01008
  8.2750   65.29000  223.87276   35.2786  137.3602    0.56100    0.00024
  8.2833   65.12363  223.41814   35.2656  137.3611    0.58400   -0.00087
  8.2917   64.95534  222.96965   35.2526  137.3620    0.60100    0.00775
  8.3000   64.78518  222.52728   35.2395  137.3628    0.64300    0.01643
  8.3083   64.61318  222.09096   35.2264  137.3637    0.66800    0.02489
  8.3167   64.43938  221.66063   35.2133  137.3645    0.68600    0.02497
  8.3250   64.26382  221.23622   35.2001  137.3652    0.70000    0.02165
  8.3333   64.08654  220.81767   35.1868  137.3660    0.71000    0.01951
  8.3417   63.90758  220.40492   35.1735  137.3667    0.72700    0.01497
  8.3500   63.72698  219.99791   35.1602  137.3674    0.72700    0.01671
  8.3583   63.54476  219.59656   35.1468  137.3681    0.75400    0.01416
  8.3667   63.36098  219.20081   35.1333  137.3687    0.75400    0.02004
  8.3750   63.17566  218.81058   35.1198  137.3693    0.78200    0.02329
  8.3833   62.98884  218.42580   35.1062  137.3699    0.79900    0.03049
  8.3917   62.80055  218.04642   35.0926  137.3705    0.81100    0.02387
  8.4000   62.61083  217.67233   35.0789  137.3710    0.79200    0.01004
  8.4083   62.41971  217.30351   35.0652  137.3715    0.78600   -0.01149
  8.4167   62.22722  216.93985   35.0514  137.3720    0.77300   -0.02800
  8.4250   62.03340  216.58130   35.0376  137.3724    0.77200   -0.03703
  8.4333   61.83827  216.22777   35.0237  137.3729    0.79200   -0.03865
  8.4417   61.64188  215.87920   35.0097  137.3733    0.80500   -0.03560
  8.4500   61.44423  215.53551   34.9957  137.3737    0.82200   -0.03097
  8.4583   61.24538  215.19662   34.9817  137.3740    0.84900   -0.02599
  8.4667   61.04534  214.86250   34.9675  137.3744    0.86600   -0.01987
  8.4750   60.84415  214.53304   34.9533  137.3747    0.88900   -0.01168
  8.4833   60.64184  214.20818   34.9391  137.3750    0.92700   -0.01105
  8.4917   60.43842  213.88783   34.9248  137.3752    0.92500   -0.01004
  8.5000   60.23393  213.57195   34.9104  137.3755    0.95700   -0.01690
  8.5083   60.02840  213.26047   34.8960  137.3757    0.97500   -0.01961
  8.5167   59.82184  212.95328   34.8815  137.3759    0.99100   -0.02130
  8.5250   59.61430  212.65036   34.8669  137.3761    1.02800   -0.01848
  8.5333   59.40578  212.35162   34.8523  137.3763    1.06100   -0.01193
  8.5417   59.19632  212.05699   34.8376  137.3764    1.08900   -0.00583
  8.5500   58.98594  211.76640   34.8228  137.3765    1.12400   -0.00305
  8.5583   58.77466  211.47981   34.8080  137.3766    1.14600    0.00762
  8.5667   58.56251  211.19711   34.7931  137.3767    1.20100    0.01699
  8.5750   58.34951  210.91829   34.7781  137.3768    1.23200    0.02730
  8.5833   58.13568  210.64323   34.7631  137.3768    1.25500    0.02998
  8.5917   57.92105  210.37192   34.7480  137.3768    1.28200    0.02761
  8.6000   57.70562  210.10425   34.7328  137.3768    1.29300    0.02049
  8.6083   57.48944  209.84019   34.7176  137.3768    1.29700    0.01414
  8.6167   57.27251  209.57967   34.7023  137.3768    1.32300    0.01230
  8.6250   57.05485  209.32262   34.6869  137.3767    1.34400    0.01829
  8.6333   56.83649  209.06898   34.6714  137.3767    1.37100    0.02483
  8.6417   56.61745  208.81871   34.6559  137.3766    1.39500    0.03130
  8.6500   56.39774  208.57175   34.6403  137.3765    1.41000    0.02743
  8.6583   56.17738  208.32800   34.6246  137.3763    1.39400    0.02345
  8.6667   55.95640  208.08746   34.6089  137.3762    1.41100    0.02206
  8.6750   55.73480  207.85007   34.5930  137.3760    1.43000    0.02350
  8.6833   55.51261  207.61574   34.5771  137.3759    1.41900    0.02445
  8.6917   55.28984  207.38445   34.5611  137.3757    1.42900    0.01824
  8.7000   55.06651  207.15611   34.5450  137.3754    1.41900    0.01945
  8.7083   54.84264  206.93069   34.5289  137.3752    1.43100    0.02060
  8.7167   54.61824  206.70816   34.5126  137.3750    1.43700    0.02099
  8.7250   54.39333  206.48843   34.4963  137.3747    1.42000    0.01719
  8.7333   54.16793  206.27148   34.4799  137.3744    1.41400    0.01404
  8.7417   53.94204  206.05725   34.4634  137.3741    1.42200    0.00992
  8.7500   53.71569  205.84567   34.4468  137.3738    1.40300    0.00056
  8.7583   53.48889  205.63673   34.4302  137.3735    1.37900   -0.01588
  8.7667   53.26165  205.43037   34.4134  137.3732    1.36400   -0.02315
  8.7750   53.03399  205.22655   34.3966  137.3728    1.37900   -0.02888
  8.7833   52.80592  205.02521   34.3797  137.3724    1.36400   -0.03038
  8.7917   52.57746  204.82629   34.3626  137.3721    1.36500   -0.03510
  8.8000   52.34862  204.62979   34.3455  137.3716    1.37000   -0.03528
  8.8083   52.11940  204.43564   34.3283  137.3712    1.37500   -0.03442
  8.8167   51.88984  204.24380   34.3110  137.3708    1.38300   -0.02772
  8.8250   51.65993  204.05424   34.2936  137.3704    1.41500   -0.02314
  8.8333   51.42969  203.86690   34.2761  137.3699    1.41700   -0.00981
  8.8417   51.19913  203.68176   34.2585  137.3694    1.46500   -0.01158
  8.8500   50.96826  203.49876   34.2408  137.3689    1.44800   -0.00848
  8.8583   50.73710  203.31789   34.2230  137.3685    1.47200   -0.01475
  8.8667   50.50566  203.13908   34.2051  137.3680    1.48800   -0.01561
  8.8750   50.27395  202.96233   34.1871  137.3674    1.49200   -0.01180
  8.8833   50.04198  202.78755   34.1690  137.3669    1.53600   -0.01326
  8.8917   49.80975  202.61475   34.1508  137.3663    1.53100   -0.00366
  8.9000   49.57729  202.44386   34.1325  137.3658    1.57800    0.00309
  8.9083   49.34460  202.27489   34.1141  137.3652    1.60900    0.01777
  8.9167   49.11169  202.10777   34.0956  137.3646    1.63400    0.02797
  8.9250   48.87858  201.94247   34.0769  137.3640    1.65800    0.03054
  8.9333   48.64527  201.77898   34.0582  137.3634    1.65600    0.03416
  8.9417   48.41177  201.61723   34.0393  137.3628    1.68000    0.03053
  8.9500   48.17809  201.45723   34.0203  137.3621    1.67300    0.03249
  8.9583   47.94424  201.29892   34.0012  137.3615    1.69100    0.02424
  8.9667   47.71023  201.14227   33.9820  137.3608    1.67100    0.02762
  8.9750   47.47607  200.98724   33.9627  137.3602    1.70800    0.02330
  8.9833   47.24178  200.83385   33.9432  137.3595    1.69200    0.02710
  8.9917   47.00735  200.68201   33.9236  137.3588    1.70200    0.01530
  9.0000   46.77279  200.53172   33.9039  137.3581    1.67400    0.00324
  9.0083   46.53812  200.38297   33.8841  137.3574    1.65300   -0.00919
  9.0167   46.30334  200.23569   33.8641  137.3567    1.65900   -0.01873
  9.0250   46.06847  200.08989   33.8441  137.3560    1.64100   -0.01725
  9.0333   45.83351  199.94551   33.8238  137.3553    1.66500   -0.02343
  9.0417   45.59846  199.80255   33.8035  137.3545    1.64300   -0.02214
  9.0500   45.36334  199.66098   33.7830  137.3537    1.65900   -0.02285
  9.0583   45.12815  199.52077   33.7624  137.3530    1.67800   -0.01819
  9.0667   44.89290  199.38188   33.7417  137.3522    1.68000   -0.01381
  9.0750   44.65760  199.24429   33.7208  137.3515    1.69700   -0.01788
  9.0833   44.42226  199.10802   33.6997  137.3507    1.68800   -0.02512
  9.0917   44.18688  198.97299   33.6786  137.3499    1.68500   -0.02974
  9.1000   43.95147  198.83920   33.6572  137.3491    1.72000   -0.03259
  9.1083   43.71604  198.70663   33.6358  137.3483    1.72400   -0.02398
  9.1167   43.48060  198.57526   33.6142  137.3475    1.77200   -0.02100
  9.1250   43.24514  198.44502   33.5924  137.3466    1.78800   -0.01230
  9.1333   43.00968  198.31596   33.5705  137.3458    1.81800   -0.01650
  9.1417   42.77423  198.18803   33.5484  137.3450    1.81400   -0.01436
  9.1500   42.53879  198.06120   33.5262  137.3442    1.85800   -0.00875
  9.1583   42.30336  197.93546   33.5038  137.3433    1.90600    0.00133
  9.1667   42.06796  197.81078   33.4813  137.3425    1.92900    0.00491
  9.1750   41.83259  197.68713   33.4586  137.3416    1.95600    0.00217
  9.1833   41.59726  197.56451   33.4357  137.3408    1.98400   -0.00115
  9.1917   41.36197  197.44292   33.4127  137.3399    2.00900   -0.00832
  9.2000   41.12672  197.32230   33.3895  137.3391    2.01900   -0.01721
  9.2083   40.89153  197.20264   33.3661  137.3382    2.04100   -0.02818
  9.2167   40.65640  197.08392   33.3426  137.3373    2.05600   -0.03545
  9.2250   40.42134  196.96614   33.3188  137.3364    2.08400   -0.03493
  9.2333   40.18634  196.84927   33.2949  137.3356    2.14100   -0.02104
  9.2417   39.95142  196.73331   33.2709  137.3347    2.21600    0.00262
  9.2500   39.71659  196.61821   33.2466  137.3338    2.28500    0.01563
  9.2583   39.48184  196.50397   33.2222  137.3329    2.29500    0.02199
  9.2667   39.24719  196.39058   33.1975  137.3320    2.33900    0.01835
  9.2750   39.01263  196.27802   33.1727  137.3312    2.36500    0.01877
  9.2833   38.77818  196.16626   33.1477  137.3303    2.39500    0.01425
  9.2917   38.54383  196.05530   33.1225  137.3294    2.42000    0.01012
  9.3000   38.30960  195.94511   33.0971  137.3285    2.45100    0.00688
  9.3083   38.07548  195.83569   33.0715  137.3276    2.48700    0.00812
  9.3167   37.84149  195.72704   33.0457  137.3267    2.53400   -0.00079
  9.3250   37.60763  195.61909   33.0196  137.3258    2.51800   -0.00499
  9.3333   37.37389  195.51189   32.9934  137.3250    2.57100   -0.01762
  9.3417   37.14030  195.40536   32.9670  137.3241    2.57500   -0.01546
  9.3500   36.90685  195.29955   32.9403  137.3232    2.62400   -0.01500
  9.3583   36.67354  195.19440   32.9135  137.3223    2.67100   -0.01124
  9.3667   36.44038  195.08990   32.8864  137.3214    2.69200   -0.00870
  9.3750   36.20738  194.98607   32.8591  137.3206    2.73600   -0.00713
  9.3833   35.97454  194.88286   32.8315  137.3197    2.77700    0.00002
  9.3917   35.74186  194.78027   32.8038  137.3188    2.82400    0.01086
  9.4000   35.50935  194.67830   32.7758  137.3180    2.88400    0.01539
  9.4083   35.27702  194.57692   32.7475  137.3171    2.89600    0.01147
  9.4167   35.04485  194.47612   32.7191  137.3163    2.90200    0.00481
  9.4250   34.81287  194.37590   32.6903  137.3155    2.95200    0.00734
  9.4333   34.58108  194.27623   32.6614  137.3146    3.01000    0.01238
  9.4417   34.34947  194.17709   32.6322  137.3138    3.03300    0.00834
  9.4500   34.11805  194.07851   32.6027  137.3130    3.04300   -0.00361
  9.4583   33.88683  193.98044   32.5730  137.3122    3.06700   -0.01107
  9.4667   33.65581  193.88289   32.5430  137.3114    3.11600   -0.02000
  9.4750   33.42499  193.78583   32.5128  137.3106    3.12300   -0.02926
  9.4833   33.19438  193.68925   32.4822  137.3098    3.14600   -0.04028
  9.4917   32.96398  193.59315   32.4515  137.3090    3.18700   -0.04510
  9.5000   32.73380  193.49754   32.4204  137.3083    3.22700   -0.04312
  9.5083   32.50383  193.40237   32.3891  137.3075    3.28800   -0.03269
  9.5167   32.27409  193.30763   32.3574  137.3068    3.37600   -0.02161
  9.5250   32.04457  193.21333   32.3255  137.3061    3.42100   -0.00905
  9.5333   31.81528  193.11948   32.2934  137.3054    3.49400   -0.00091
  9.5417   31.58622  193.02602   32.2609  137.3047    3.56600    0.01165
  9.5500   31.35740  192.93297   32.2281  137.3040    3.64100    0.01266
  9.5583   31.12881  192.84032   32.1950  137.3033    3.66200    0.00782
  9.5667   30.90047  192.74803   32.1616  137.3026    3.70800   -0.00131
  9.5750   30.67237  192.65614   32.1279  137.3020    3.76500   -0.00703
  9.5833   30.44452  192.56461   32.0938  137.3014    3.80500   -0.00300
  9.5917   30.21693  192.47342   32.0595  137.3008    3.90200   -0.00600
  9.6000   29.98958  192.38258   32.0248  137.3002    3.91800   -0.00603
  9.6083   29.76250  192.29210   31.9898  137.2997    3.97100   -0.00469
  9.6167   29.53567  192.20193   31.9545  137.2991    4.07400    0.00402
  9.6250   29.30911  192.11208   31.9188  137.2986    4.13000    0.01405
  9.6333   29.08282  192.02255   31.8828  137.2981    4.18900    0.01370
  9.6417   28.85679  191.93330   31.8464  137.2976    4.23700    0.01255
  9.6500   28.63104  191.84438   31.8097  137.2972    4.29000    0.00646
  9.6583   28.40556  191.75572   31.7726  137.2967    4.32300    0.00068
  9.6667   28.18036  191.66734   31.7351  137.2963    4.37300   -0.00816
  9.6750   27.95545  191.57922   31.6973  137.2960    4.40700   -0.01291
  9.6833   27.73081  191.49139   31.6591  137.2956    4.46500   -0.01126
  9.6917   27.50646  191.40379   31.6205  137.2953    4.55300   -0.00790
  9.7000   27.28241  191.31645   31.5815  137.2950    4.60100   -0.00649
  9.7083   27.05864  191.22932   31.5422  137.2947    4.65400   -0.00596
  9.7167   26.83517  191.14246   31.5024  137.2945    4.74000   -0.00937
  9.7250   26.61199  191.05579   31.4623  137.2943    4.77000   -0.01656
  9.7333   26.38912  190.96935   31.4217  137.2941    4.80100   -0.02297
  9.7417   26.16654  190.88310   31.3807  137.2940    4.89500   -0.02912
  9.7500   25.94427  190.79707   31.3393  137.2939    4.93200   -0.02932
  9.7583   25.72231  190.71123   31.2975  137.2938    5.00400   -0.02895
  9.7667   25.50066  190.62556   31.2552  137.2938    5.10600   -0.02167
  9.7750   25.27932  190.54010   31.2125  137.2938    5.18500   -0.00326
  9.7833   25.05830  190.45479   31.1693  137.2939    5.32800    0.00626
  9.7917   24.83759  190.36964   31.1257  137.2940    5.37900    0.01120
  9.8000   24.61720  190.28465   31.0816  137.2941    5.43500    0.00057
  9.8083   24.39713  190.19983   31.0371  137.2943    5.48700   -0.00219
  9.8167   24.17739  190.11514   30.9921  137.2945    5.58900    0.00074
  9.8250   23.95797  190.03059   30.9466  137.2948    5.68200    0.00234
  9.8333   23.73888  189.94618   30.9006  137.2951    5.72800    0.00166
  9.8417   23.52012  189.86189   30.8541  137.2954    5.82000   -0.00431
  9.8500   23.30170  189.77773   30.8071  137.2959    5.88300    0.00153
  9.8583   23.08361  189.69366   30.7596  137.2963    6.00300   -0.00239
  9.8667   22.86586  189.60973   30.7116  137.2968    6.03000    0.00235
  9.8750   22.64844  189.52586   30.6631  137.2974    6.14300    0.00210
  9.8833   22.43137  189.44211   30.6140  137.2980    6.22700    0.00064
  9.8917   22.21464  189.35844   30.5644  137.2987    6.24900   -0.00473
  9.9000   21.99826  189.27487   30.5143  137.2995    6.34400   -0.01062
  9.9083   21.78223  189.19138   30.4636  137.3003    6.42700   -0.00468
  9.9167   21.56654  189.10793   30.4123  137.3011    6.52700    0.00022
  9.9250   21.35121  189.02457   30.3605  137.3021    6.61100    0.00463
  9.9333   21.13623  188.94125   30.3080  137.3031    6.69200    0.00578
  9.9417   20.92160  188.85802   30.2550  137.3042    6.77200   -0.00170
  9.9500   20.70734  188.77481   30.2014  137.3053    6.80100   -0.01314
  9.9583   20.49343  188.69167   30.1472  137.3065    6.85400   -0.01675
  9.9667   20.27989  188.60854   30.0924  137.3078    6.98200    0.00032
  9.9750   20.06671  188.52545   30.0369  137.3092    7.14900    0.00937
  9.9833   19.85389  188.44240   29.9809  137.3106    7.15300    0.01386
  9.9917   19.64144  188.35938   29.9241  137.3121    7.25300    0.00007
 10.0000   19.42936  188.27635   29.8668  137.3137    7.29300   -0.00279
 10.0083   19.21766  188.19334   29.8087  137.3154    7.37000    0.00683
 10.0167   19.00632  188.11035   29.7500  137.3172    7.55000    0.00951
 10.0250   18.79536  188.02736   29.6906  137.3190    7.54600    0.01075
 10.0333   18.58478  187.94437   29.6306  137.3210    7.61000   -0.00187
 10.0417   18.37457  187.86136   29.5698  137.3230    7.70400   -0.00839
 10.0500   18.16474  187.77835   29.5083  137.3252    7.73900   -0.00288
 10.0583   17.95530  187.69531   29.4462  137.3274    7.89000   -0.00094
 10.0667   17.74624  187.61227   29.3832  137.3298    7.95100   -0.00061
 10.0750   17.53756  187.52919   29.3196  137.3322    7.98200   -0.00085
 10.0833   17.32927  187.44608   29.2552  137.3348    8.13000   -0.01522
 10.0917   17.12137  187.36293   29.1900  137.3374    8.09400   -0.00528
 10.1000   16.91386  187.27975   29.1241  137.3402    8.29700   -0.02068
 10.1083   16.70674  187.19652   29.0574  137.3431    8.26200   -0.00297
 10.1167   16.50002  187.11324   28.9899  137.3462    8.47900   -0.01850
 10.1250   16.29368  187.02991   28.9217  137.3493    8.44300   -0.00437
 10.1333   16.08775  186.94652   28.8526  137.3526    8.64300   -0.02034
 10.1417   15.88222  186.86307   28.7827  137.3559    8.62800   -0.00157
 10.1500   15.67708  186.77956   28.7119  137.3595    8.85600   -0.01470
 10.1583   15.47235  186.69597   28.6404  137.3631    8.80900   -0.00632
 10.1667   15.26801  186.61230   28.5679  137.3669    8.96200   -0.01705
 10.1750   15.06409  186.52856   28.4946  137.3708    9.05200   -0.01262
 10.1833   14.86057  186.44473   28.4205  137.3749    9.12500    0.00128
 10.1917   14.65745  186.36082   28.3454  137.3791    9.36200    0.00268
 10.2000   14.45475  186.27682   28.2695  137.3835    9.35200    0.02266
 10.2083   14.25246  186.19272   28.1926  137.3880    9.57800    0.00604
 10.2167   14.05058  186.10852   28.1149  137.3927    9.52700    0.00219
 10.2250   13.84911  186.02422   28.0362  137.3976    9.63200   -0.01906
 10.2333   13.64806  185.93980   27.9565  137.4026    9.72300   -0.02020
 10.2417   13.44742  185.85529   27.8759  137.4078    9.84300   -0.02246
 10.2500   13.24720  185.77066   27.7944  137.4132    9.94300   -0.01799
 10.2583   13.04741  185.68591   27.7119  137.4187   10.09900   -0.02181
 10.2667   12.84803  185.60103   27.6284  137.4245   10.16100   -0.02521
 10.2750   12.64908  185.51604   27.5439  137.4304   10.26900   -0.03721
 10.2833   12.45055  185.43089   27.4584  137.4365   10.36500   -0.03499
 10.2917   12.25244  185.34563   27.3719  137.4428   10.55100   -0.03094
 10.3000   12.05476  185.26022   27.2844  137.4493   10.69700   -0.02018
 10.3083   11.85751  185.17468   27.1958  137.4561   10.86600   -0.02812
 10.3167   11.66069  185.08900   27.1062  137.4630   10.92400   -0.03294
 10.3250   11.46430  185.00316   27.0155  137.4702   11.11100   -0.04256
 10.3333   11.26834  184.91718   26.9238  137.4775   11.25900   -0.04129
 10.3417   11.07282  184.83102   26.8310  137.4851   11.41900   -0.04289
 10.3500   10.87773  184.74474   26.7371  137.4930   11.60400   -0.04420
 10.3583   10.68308  184.65826   26.6421  137.5010   11.77600   -0.04148
 10.3667   10.48886  184.57164   26.5460  137.5093   12.00100   -0.04063
 10.3750   10.29508  184.48483   26.4487  137.5179   12.19800   -0.04379
 10.3833   10.10175  184.39787   26.3504  137.5267   12.36500   -0.03871
 10.3917    9.90885  184.31073   26.2509  137.5358   12.69400   -0.04769
 10.4000    9.71640  184.22340   26.1503  137.5451   12.80400   -0.05098
 10.4083    9.52440  184.13589   26.0485  137.5547   13.06200   -0.07509
 10.4167    9.33283  184.04820   25.9455  137.5646   13.25100   -0.08214
 10.4250    9.14172  183.96033   25.8414  137.5748   13.55200   -0.09531
 10.4333    8.95105  183.87225   25.7361  137.5853   13.79800   -0.10198
 10.4417    8.76084  183.78400   25.6296  137.5960   14.08800   -0.10391
 10.4500    8.57107  183.69553   25.5220  137.6071   14.47600   -0.10379
 10.4583    8.38176  183.60687   25.4131  137.6184   14.79800   -0.10039
 10.4667    8.19290  183.51801   25.3030  137.6301   15.19100   -0.08319
 10.4750    8.00449  183.42892   25.1917  137.6421   15.55100   -0.06114
 10.4833    7.81654  183.33965   25.0791  137.6544   15.99400   -0.04119
 10.4917    7.62905  183.25015   24.9654  137.6670   16.46100   -0.03326
 10.5000    7.44202  183.16043   24.8504  137.6800   16.80300   -0.02600
 10.5083    7.25544  183.07050   24.7342  137.6933   17.31700   -0.02610
 10.5167    7.06933  182.98035   24.6167  137.7070   17.79800   -0.02454
 10.5250    6.88368  182.88995   24.4980  137.7211   18.22900   -0.01028
 10.5333    6.69849  182.79935   24.3780  137.7355   19.00100    0.00000

 17.0833    7.37084   50.38301   42.7996  150.2779    4.19100    0.00000
 17.0917    7.34535   50.19471   42.8394  150.2693    3.93900   -0.00346
 17.1000    7.31904   50.00668   42.8794  150.2611    3.77300   -0.01073
 17.1083    7.29191   49.81892   42.9197  150.2533    3.61800   -0.00750
 17.1167    7.26395   49.63144   42.9603  150.2460    3.49800   -0.00446
 17.1250    7.23517   49.44425   43.0011  150.2391    3.34100   -0.00175
 17.1333    7.20556   49.25735   43.0423  150.2327    3.19100   -0.00851
 17.1417    7.17514   49.07074   43.0837  150.2267    3.00100   -0.00548
 17.1500    7.14389   48.88443   43.1255  150.2211    2.91800   -0.00299
 17.1583    7.11183   48.69841   43.1675  150.2160    2.74500   -0.00107
 17.1667    7.07894   48.51271   43.2098  150.2113    2.55700    0.00387
 17.1750    7.04524   48.32731   43.2525  150.2071    2.49900    0.01035
 17.1833    7.01072   48.14223   43.2954  150.2034    2.35700    0.01780
 17.1917    6.97539   47.95747   43.3387  150.2001    2.18800    0.00672
 17.2000    6.93923   47.77304   43.3823  150.1972    1.96300   -0.00792
 17.2083    6.90227   47.58893   43.4262  150.1948    1.79500   -0.02184
 17.2167    6.86449   47.40515   43.4705  150.1929    1.64300   -0.02778
 17.2250    6.82590   47.22171   43.5151  150.1914    1.50600   -0.03389
 17.2333    6.78649   47.03862   43.5600  150.1904    1.34800   -0.03504
 17.2417    6.74628   46.85586   43.6053  150.1899    1.25400   -0.03611
 17.2500    6.70526   46.67346   43.6510  150.1898    1.12800   -0.03628
 17.2583    6.66343   46.49141   43.6970  150.1902    0.99000   -0.04102
 17.2667    6.62080   46.30972   43.7434  150.1910    0.86600   -0.03772
 17.2750    6.57735   46.12839   43.7902  150.1924    0.83100   -0.03583
 17.2833    6.53311   45.94742   43.8373  150.1942    0.70400   -0.03107
 17.2917    6.48806   45.76683   43.8848  150.1965    0.63700   -0.03187
 17.3000    6.44222   45.58661   43.9327  150.1992    0.57600   -0.02906
 17.3083    6.39557   45.40677   43.9810  150.2025    0.50600   -0.03238
 17.3167    6.34813   45.22731   44.0297  150.2062    0.40100   -0.03875
 17.3250    6.29989   45.04824   44.0788  150.2105    0.32900   -0.04183
 17.3333    6.25085   44.86956   44.1283  150.2152    0.30400   -0.03878
 17.3417    6.20103   44.69128   44.1782  150.2204    0.26600   -0.03196
 17.3500    6.15041   44.51339   44.2286  150.2262    0.24200   -0.02498
 17.3583    6.09900   44.33590   44.2794  150.2324    0.23100   -0.01195
 17.3667    6.04681   44.15883   44.3306  150.2391    0.26800   -0.00109
 17.3750    5.99382   43.98216   44.3823  150.2463    0.20600    0.00840
 17.3833    5.94006   43.80590   44.4344  150.2541    0.20400    0.01087
 17.3917    5.88551   43.63007   44.4869  150.2623    0.20900    0.01262
 17.4000    5.83018   43.45465   44.5400  150.2711    0.16100    0.00698
 17.4083    5.77407   43.27966   44.5935  150.2804    0.08600   -0.00441
 17.4167    5.71719   43.10510   44.6474  150.2903    0.01300   -0.00891
 17.4250    5.65953   42.93097   44.7019  150.3006    0.00000   -0.00335
 17.4333    5.60110   42.75728   44.7568  150.3115    0.02400    0.00000

